Date_reported,Country_code,Country,WHO_region,New_cases,Cumulative_cases,New_deaths,Cumulative_deaths
1/5/2020,AF,Afghanistan,EMRO,0,0,0,0
1/12/2020,AF,Afghanistan,EMRO,0,0,0,0
1/19/2020,AF,Afghanistan,EMRO,0,0,0,0
1/26/2020,AF,Afghanistan,EMRO,0,0,0,0
2/2/2020,AF,Afghanistan,EMRO,0,0,0,0
2/9/2020,AF,Afghanistan,EMRO,0,0,0,0
2/16/2020,AF,Afghanistan,EMRO,0,0,0,0
2/23/2020,AF,Afghanistan,EMRO,0,0,0,0
3/1/2020,AF,Afghanistan,EMRO,1,1,0,0
3/8/2020,AF,Afghanistan,EMRO,0,1,0,0
3/15/2020,AF,Afghanistan,EMRO,6,7,0,0
3/22/2020,AF,Afghanistan,EMRO,17,24,0,0
3/29/2020,AF,Afghanistan,EMRO,67,91,2,2
4/5/2020,AF,Afghanistan,EMRO,183,274,3,5
4/12/2020,AF,Afghanistan,EMRO,247,521,10,15
4/19/2020,AF,Afghanistan,EMRO,387,908,15,30
4/26/2020,AF,Afghanistan,EMRO,422,1330,13,43
5/3/2020,AF,Afghanistan,EMRO,841,2171,21,64
5/10/2020,AF,Afghanistan,EMRO,1392,3563,41,105
5/17/2020,AF,Afghanistan,EMRO,2490,6053,48,153
5/24/2020,AF,Afghanistan,EMRO,3813,9866,58,211
5/31/2020,AF,Afghanistan,EMRO,4577,14443,37,248
6/7/2020,AF,Afghanistan,EMRO,5108,19551,79,327
6/14/2020,AF,Afghanistan,EMRO,4551,24102,124,451
6/21/2020,AF,Afghanistan,EMRO,4195,28297,97,548
6/28/2020,AF,Afghanistan,EMRO,2319,30616,155,703
7/5/2020,AF,Afghanistan,EMRO,2056,32672,123,826
7/12/2020,AF,Afghanistan,EMRO,1679,34351,149,975
7/19/2020,AF,Afghanistan,EMRO,938,35289,172,1147
7/26/2020,AF,Afghanistan,EMRO,747,36036,99,1246
8/2/2020,AF,Afghanistan,EMRO,674,36710,37,1283
8/9/2020,AF,Afghanistan,EMRO,305,37015,24,1307
8/16/2020,AF,Afghanistan,EMRO,536,37551,63,1370
8/23/2020,AF,Afghanistan,EMRO,343,37894,15,1385
8/30/2020,AF,Afghanistan,EMRO,249,38143,17,1402
9/6/2020,AF,Afghanistan,EMRO,161,38304,7,1409
9/13/2020,AF,Afghanistan,EMRO,337,38641,11,1420
9/20/2020,AF,Afghanistan,EMRO,278,38919,17,1437
9/27/2020,AF,Afghanistan,EMRO,273,39192,16,1453
10/4/2020,AF,Afghanistan,EMRO,105,39297,9,1462
10/11/2020,AF,Afghanistan,EMRO,406,39703,11,1473
10/18/2020,AF,Afghanistan,EMRO,438,40141,15,1488
10/25/2020,AF,Afghanistan,EMRO,627,40768,23,1511
11/1/2020,AF,Afghanistan,EMRO,657,41425,25,1536
11/8/2020,AF,Afghanistan,EMRO,608,42033,20,1556
11/15/2020,AF,Afghanistan,EMRO,1002,43035,49,1605
11/22/2020,AF,Afghanistan,EMRO,1468,44503,70,1675
11/29/2020,AF,Afghanistan,EMRO,1463,45966,77,1752
12/6/2020,AF,Afghanistan,EMRO,1675,47641,113,1865
12/13/2020,AF,Afghanistan,EMRO,1311,48952,95,1960
12/20/2020,AF,Afghanistan,EMRO,1584,50536,94,2054
12/27/2020,AF,Afghanistan,EMRO,1312,51848,104,2158
1/3/2021,AF,Afghanistan,EMRO,861,52709,63,2221
1/10/2021,AF,Afghanistan,EMRO,780,53489,56,2277
1/17/2021,AF,Afghanistan,EMRO,495,53984,62,2339
1/24/2021,AF,Afghanistan,EMRO,611,54595,39,2378
1/31/2021,AF,Afghanistan,EMRO,428,55023,22,2400
2/7/2021,AF,Afghanistan,EMRO,312,55335,10,2410
2/14/2021,AF,Afghanistan,EMRO,157,55492,17,2427
2/21/2021,AF,Afghanistan,EMRO,112,55604,5,2432
2/28/2021,AF,Afghanistan,EMRO,110,55714,11,2443
3/7/2021,AF,Afghanistan,EMRO,133,55847,6,2449
3/14/2021,AF,Afghanistan,EMRO,138,55985,8,2457
3/21/2021,AF,Afghanistan,EMRO,118,56103,6,2463
3/28/2021,AF,Afghanistan,EMRO,191,56294,7,2470
4/4/2021,AF,Afghanistan,EMRO,382,56676,27,2497
4/11/2021,AF,Afghanistan,EMRO,484,57160,24,2521
4/18/2021,AF,Afghanistan,EMRO,633,57793,18,2539
4/25/2021,AF,Afghanistan,EMRO,1050,58843,43,2582
5/2/2021,AF,Afghanistan,EMRO,1279,60122,55,2637
5/9/2021,AF,Afghanistan,EMRO,1720,61842,49,2686
5/16/2021,AF,Afghanistan,EMRO,1642,63484,56,2742
5/23/2021,AF,Afghanistan,EMRO,2244,65728,60,2802
5/30/2021,AF,Afghanistan,EMRO,5033,70761,117,2919
6/6/2021,AF,Afghanistan,EMRO,8463,79224,226,3145
6/13/2021,AF,Afghanistan,EMRO,10637,89861,382,3527
6/20/2021,AF,Afghanistan,EMRO,12045,101906,595,4122
6/27/2021,AF,Afghanistan,EMRO,12314,114220,528,4650
7/4/2021,AF,Afghanistan,EMRO,10528,124748,549,5199
7/11/2021,AF,Afghanistan,EMRO,8830,133578,525,5724
7/18/2021,AF,Afghanistan,EMRO,7024,140602,423,6147
7/25/2021,AF,Afghanistan,EMRO,3269,143871,278,6425
8/1/2021,AF,Afghanistan,EMRO,3630,147501,312,6737
8/8/2021,AF,Afghanistan,EMRO,2957,150458,171,6908
8/15/2021,AF,Afghanistan,EMRO,1575,152033,113,7021
8/22/2021,AF,Afghanistan,EMRO,478,152511,49,7070
8/29/2021,AF,Afghanistan,EMRO,522,153033,39,7109
9/5/2021,AF,Afghanistan,EMRO,390,153423,23,7132
9/12/2021,AF,Afghanistan,EMRO,567,153990,35,7167
9/19/2021,AF,Afghanistan,EMRO,549,154539,32,7199
9/26/2021,AF,Afghanistan,EMRO,360,154899,0,7199
10/3/2021,AF,Afghanistan,EMRO,242,155141,13,7212
10/10/2021,AF,Afghanistan,EMRO,203,155344,9,7221
10/17/2021,AF,Afghanistan,EMRO,273,155617,17,7238
10/24/2021,AF,Afghanistan,EMRO,201,155818,15,7253
10/31/2021,AF,Afghanistan,EMRO,270,156088,19,7272
11/7/2021,AF,Afghanistan,EMRO,187,156275,12,7284
11/14/2021,AF,Afghanistan,EMRO,237,156512,8,7292
11/21/2021,AF,Afghanistan,EMRO,352,156864,9,7301
11/28/2021,AF,Afghanistan,EMRO,326,157190,7,7308
12/5/2021,AF,Afghanistan,EMRO,241,157431,4,7312
12/12/2021,AF,Afghanistan,EMRO,180,157611,13,7325
12/19/2021,AF,Afghanistan,EMRO,134,157745,8,7333
12/26/2021,AF,Afghanistan,EMRO,157,157902,19,7352
1/2/2022,AF,Afghanistan,EMRO,210,158112,4,7356
1/9/2022,AF,Afghanistan,EMRO,233,158345,13,7369
1/16/2022,AF,Afghanistan,EMRO,333,158678,9,7378
1/23/2022,AF,Afghanistan,EMRO,870,159548,12,7390
1/30/2022,AF,Afghanistan,EMRO,2118,161666,17,7407
2/6/2022,AF,Afghanistan,EMRO,4046,165712,18,7425
2/13/2022,AF,Afghanistan,EMRO,4440,170152,63,7488
2/20/2022,AF,Afghanistan,EMRO,1778,171930,46,7534
2/27/2022,AF,Afghanistan,EMRO,1250,173180,54,7588
3/6/2022,AF,Afghanistan,EMRO,1167,174347,34,7622
3/13/2022,AF,Afghanistan,EMRO,1715,176062,20,7642
3/20/2022,AF,Afghanistan,EMRO,977,177039,10,7652
3/27/2022,AF,Afghanistan,EMRO,435,177474,8,7660
4/3/2022,AF,Afghanistan,EMRO,331,177805,11,7671
4/10/2022,AF,Afghanistan,EMRO,285,178090,4,7675
4/17/2022,AF,Afghanistan,EMRO,297,178387,1,7676
4/24/2022,AF,Afghanistan,EMRO,261,178648,5,7681
5/1/2022,AF,Afghanistan,EMRO,231,178879,2,7683
5/8/2022,AF,Afghanistan,EMRO,44,178923,1,7684
5/15/2022,AF,Afghanistan,EMRO,320,179243,6,7690
5/22/2022,AF,Afghanistan,EMRO,431,179674,7,7697
5/29/2022,AF,Afghanistan,EMRO,449,180123,4,7701
6/5/2022,AF,Afghanistan,EMRO,495,180618,8,7709
6/12/2022,AF,Afghanistan,EMRO,415,181033,0,7709
6/19/2022,AF,Afghanistan,EMRO,541,181574,4,7713
6/26/2022,AF,Afghanistan,EMRO,498,182072,4,7717
7/3/2022,AF,Afghanistan,EMRO,571,182643,7,7724
7/10/2022,AF,Afghanistan,EMRO,576,183219,3,7727
7/17/2022,AF,Afghanistan,EMRO,231,183450,3,7730
7/24/2022,AF,Afghanistan,EMRO,1024,184474,8,7738
7/31/2022,AF,Afghanistan,EMRO,1106,185580,9,7747
8/7/2022,AF,Afghanistan,EMRO,1466,187046,5,7752
8/14/2022,AF,Afghanistan,EMRO,1785,188831,6,7758
8/21/2022,AF,Afghanistan,EMRO,1604,190435,1,7759
8/28/2022,AF,Afghanistan,EMRO,1773,192208,15,7774
9/4/2022,AF,Afghanistan,EMRO,1679,193887,6,7780
9/11/2022,AF,Afghanistan,EMRO,1760,195647,7,7787
9/18/2022,AF,Afghanistan,EMRO,1435,197082,7,7794
9/25/2022,AF,Afghanistan,EMRO,1201,198283,2,7796
10/2/2022,AF,Afghanistan,EMRO,989,199272,3,7799
10/9/2022,AF,Afghanistan,EMRO,927,200199,5,7804
10/16/2022,AF,Afghanistan,EMRO,897,201096,7,7811
10/23/2022,AF,Afghanistan,EMRO,933,202029,7,7818
10/30/2022,AF,Afghanistan,EMRO,805,202834,3,7821
11/6/2022,AF,Afghanistan,EMRO,784,203618,5,7826
11/13/2022,AF,Afghanistan,EMRO,813,204431,3,7829
11/20/2022,AF,Afghanistan,EMRO,581,205012,2,7831
11/27/2022,AF,Afghanistan,EMRO,584,205596,2,7833
12/4/2022,AF,Afghanistan,EMRO,568,206164,1,7834
12/11/2022,AF,Afghanistan,EMRO,381,206545,5,7839
12/18/2022,AF,Afghanistan,EMRO,441,206986,5,7844
12/25/2022,AF,Afghanistan,EMRO,336,207322,1,7845
1/1/2023,AF,Afghanistan,EMRO,257,207579,4,7849
1/8/2023,AF,Afghanistan,EMRO,201,207780,2,7851
1/15/2023,AF,Afghanistan,EMRO,173,207953,4,7855
1/22/2023,AF,Afghanistan,EMRO,144,208097,5,7860
1/29/2023,AF,Afghanistan,EMRO,323,208420,6,7866
2/5/2023,AF,Afghanistan,EMRO,272,208692,8,7874
2/12/2023,AF,Afghanistan,EMRO,164,208856,3,7877
2/19/2023,AF,Afghanistan,EMRO,230,209086,0,7877
2/26/2023,AF,Afghanistan,EMRO,165,209251,1,7878
3/5/2023,AF,Afghanistan,EMRO,118,209369,1,7879
3/12/2023,AF,Afghanistan,EMRO,141,209510,1,7880
3/19/2023,AF,Afghanistan,EMRO,239,209749,1,7881
3/26/2023,AF,Afghanistan,EMRO,331,210080,1,7882
4/2/2023,AF,Afghanistan,EMRO,548,210628,1,7883
4/9/2023,AF,Afghanistan,EMRO,884,211512,1,7884
4/16/2023,AF,Afghanistan,EMRO,1100,212612,1,7885
4/23/2023,AF,Afghanistan,EMRO,1458,214070,2,7887
4/30/2023,AF,Afghanistan,EMRO,810,214880,5,7892
5/7/2023,AF,Afghanistan,EMRO,1876,216756,5,7897
5/14/2023,AF,Afghanistan,EMRO,1983,218739,11,7908
5/21/2023,AF,Afghanistan,EMRO,1428,220167,5,7913
5/28/2023,AF,Afghanistan,EMRO,1050,221217,2,7915
6/4/2023,AF,Afghanistan,EMRO,778,221995,4,7919
6/11/2023,AF,Afghanistan,EMRO,531,222526,1,7920
6/18/2023,AF,Afghanistan,EMRO,433,222959,2,7922
6/25/2023,AF,Afghanistan,EMRO,197,223156,6,7928
7/2/2023,AF,Afghanistan,EMRO,124,223280,0,7928
7/9/2023,AF,Afghanistan,EMRO,326,223606,3,7931
7/16/2023,AF,Afghanistan,EMRO,179,223785,1,7932
7/23/2023,AF,Afghanistan,EMRO,245,224030,2,7934
7/30/2023,AF,Afghanistan,EMRO,194,224224,1,7935
8/6/2023,AF,Afghanistan,EMRO,195,224419,3,7938
8/13/2023,AF,Afghanistan,EMRO,242,224661,2,7940
8/20/2023,AF,Afghanistan,EMRO,209,224870,2,7942
8/27/2023,AF,Afghanistan,EMRO,229,225099,0,7942
9/3/2023,AF,Afghanistan,EMRO,277,225376,2,7944
9/10/2023,AF,Afghanistan,EMRO,216,225592,2,7946
9/17/2023,AF,Afghanistan,EMRO,200,225792,0,7946
9/24/2023,AF,Afghanistan,EMRO,207,225999,1,7947
10/1/2023,AF,Afghanistan,EMRO,248,226247,3,7950
10/8/2023,AF,Afghanistan,EMRO,309,226556,1,7951
10/15/2023,AF,Afghanistan,EMRO,307,226863,1,7952
10/22/2023,AF,Afghanistan,EMRO,293,227156,0,7952
10/29/2023,AF,Afghanistan,EMRO,383,227539,1,7953
11/5/2023,AF,Afghanistan,EMRO,353,227892,3,7956
11/12/2023,AF,Afghanistan,EMRO,371,228263,4,7960
11/19/2023,AF,Afghanistan,EMRO,432,228695,1,7961
11/26/2023,AF,Afghanistan,EMRO,280,228975,2,7963
12/3/2023,AF,Afghanistan,EMRO,288,229263,2,7965
12/10/2023,AF,Afghanistan,EMRO,106,229369,0,7965
12/17/2023,AF,Afghanistan,EMRO,317,229686,1,7966
12/24/2023,AF,Afghanistan,EMRO,304,229990,4,7970
1/5/2020,AL,Albania,EURO,0,0,0,0
1/12/2020,AL,Albania,EURO,0,0,0,0
1/19/2020,AL,Albania,EURO,0,0,0,0
1/26/2020,AL,Albania,EURO,0,0,0,0
2/2/2020,AL,Albania,EURO,0,0,0,0
2/9/2020,AL,Albania,EURO,0,0,0,0
2/16/2020,AL,Albania,EURO,0,0,0,0
2/23/2020,AL,Albania,EURO,0,0,0,0
3/1/2020,AL,Albania,EURO,0,0,0,0
3/8/2020,AL,Albania,EURO,0,0,0,0
3/15/2020,AL,Albania,EURO,33,33,1,1
3/22/2020,AL,Albania,EURO,37,70,1,2
3/29/2020,AL,Albania,EURO,116,186,6,8
4/5/2020,AL,Albania,EURO,118,304,9,17
4/12/2020,AL,Albania,EURO,112,416,6,23
4/19/2020,AL,Albania,EURO,123,539,3,26
4/26/2020,AL,Albania,EURO,139,678,1,27
5/3/2020,AL,Albania,EURO,104,782,4,31
5/10/2020,AL,Albania,EURO,68,850,0,31
5/17/2020,AL,Albania,EURO,66,916,0,31
5/24/2020,AL,Albania,EURO,65,981,0,31
5/31/2020,AL,Albania,EURO,118,1099,2,33
6/7/2020,AL,Albania,EURO,113,1212,0,33
6/14/2020,AL,Albania,EURO,204,1416,3,36
6/21/2020,AL,Albania,EURO,422,1838,6,42
6/28/2020,AL,Albania,EURO,431,2269,9,51
7/5/2020,AL,Albania,EURO,483,2752,21,72
7/12/2020,AL,Albania,EURO,526,3278,13,85
7/19/2020,AL,Albania,EURO,628,3906,22,107
7/26/2020,AL,Albania,EURO,664,4570,21,128
8/2/2020,AL,Albania,EURO,706,5276,29,157
8/9/2020,AL,Albania,EURO,875,6151,32,189
8/16/2020,AL,Albania,EURO,966,7117,30,219
8/23/2020,AL,Albania,EURO,1002,8119,21,240
8/30/2020,AL,Albania,EURO,1076,9195,31,271
9/6/2020,AL,Albania,EURO,772,9967,35,306
9/13/2020,AL,Albania,EURO,1054,11021,21,327
9/20/2020,AL,Albania,EURO,1052,12073,26,353
9/27/2020,AL,Albania,EURO,972,13045,20,373
10/4/2020,AL,Albania,EURO,920,13965,16,389
10/11/2020,AL,Albania,EURO,1101,15066,24,413
10/18/2020,AL,Albania,EURO,1435,16501,30,443
10/25/2020,AL,Albania,EURO,2055,18556,26,469
11/1/2020,AL,Albania,EURO,2078,20634,33,502
11/8/2020,AL,Albania,EURO,2576,23210,47,549
11/15/2020,AL,Albania,EURO,3491,26701,56,605
11/22/2020,AL,Albania,EURO,4758,31459,67,672
11/29/2020,AL,Albania,EURO,4786,36245,99,771
12/6/2020,AL,Albania,EURO,5057,41302,99,870
12/13/2020,AL,Albania,EURO,5561,46863,107,977
12/20/2020,AL,Albania,EURO,5141,52004,89,1066
12/27/2020,AL,Albania,EURO,3376,55380,68,1134
1/3/2021,AL,Albania,EURO,3343,58723,52,1186
1/10/2021,AL,Albania,EURO,3655,62378,44,1230
1/17/2021,AL,Albania,EURO,4257,66635,35,1265
1/24/2021,AL,Albania,EURO,4020,70655,38,1303
1/31/2021,AL,Albania,EURO,5695,76350,55,1358
2/7/2021,AL,Albania,EURO,6732,83082,75,1433
2/14/2021,AL,Albania,EURO,7753,90835,98,1531
2/21/2021,AL,Albania,EURO,7074,97909,105,1636
2/28/2021,AL,Albania,EURO,7320,105229,120,1756
3/7/2021,AL,Albania,EURO,6072,111301,141,1897
3/14/2021,AL,Albania,EURO,4822,116123,121,2018
3/21/2021,AL,Albania,EURO,3899,120022,104,2122
3/28/2021,AL,Albania,EURO,3194,123216,70,2192
4/4/2021,AL,Albania,EURO,2626,125842,55,2247
4/11/2021,AL,Albania,EURO,1953,127795,57,2304
4/18/2021,AL,Albania,EURO,1512,129307,33,2337
4/25/2021,AL,Albania,EURO,963,130270,30,2367
5/2/2021,AL,Albania,EURO,815,131085,27,2394
5/9/2021,AL,Albania,EURO,492,131577,14,2408
5/16/2021,AL,Albania,EURO,362,131939,19,2427
5/23/2021,AL,Albania,EURO,214,132153,14,2441
5/30/2021,AL,Albania,EURO,132,132285,7,2448
6/6/2021,AL,Albania,EURO,87,132372,3,2451
6/13/2021,AL,Albania,EURO,65,132437,2,2453
6/20/2021,AL,Albania,EURO,47,132484,1,2454
6/27/2021,AL,Albania,EURO,22,132506,1,2455
7/4/2021,AL,Albania,EURO,20,132526,1,2456
7/11/2021,AL,Albania,EURO,54,132580,0,2456
7/18/2021,AL,Albania,EURO,67,132647,0,2456
7/25/2021,AL,Albania,EURO,181,132828,0,2456
8/1/2021,AL,Albania,EURO,208,133036,1,2457
8/8/2021,AL,Albania,EURO,555,133591,1,2458
8/15/2021,AL,Albania,EURO,1549,135140,3,2461
8/22/2021,AL,Albania,EURO,2992,138132,14,2475
8/29/2021,AL,Albania,EURO,5042,143174,12,2487
9/5/2021,AL,Albania,EURO,5943,149117,21,2508
9/12/2021,AL,Albania,EURO,6176,155293,27,2535
9/19/2021,AL,Albania,EURO,6031,161324,34,2569
9/26/2021,AL,Albania,EURO,5366,166690,50,2619
10/3/2021,AL,Albania,EURO,4088,170778,86,2705
10/10/2021,AL,Albania,EURO,3390,174168,48,2753
10/17/2021,AL,Albania,EURO,2940,177108,54,2807
10/24/2021,AL,Albania,EURO,3515,180623,56,2863
10/31/2021,AL,Albania,EURO,3717,184340,46,2909
11/7/2021,AL,Albania,EURO,3654,187994,39,2948
11/14/2021,AL,Albania,EURO,4019,192013,35,2983
11/21/2021,AL,Albania,EURO,3510,195523,46,3029
11/28/2021,AL,Albania,EURO,3209,198732,48,3077
12/5/2021,AL,Albania,EURO,2313,201045,31,3108
12/12/2021,AL,Albania,EURO,2170,203215,22,3130
12/19/2021,AL,Albania,EURO,2009,205224,28,3158
12/26/2021,AL,Albania,EURO,1997,207221,29,3187
1/2/2022,AL,Albania,EURO,3003,210224,30,3217
1/9/2022,AL,Albania,EURO,6462,216686,16,3233
1/16/2022,AL,Albania,EURO,12091,228777,29,3262
1/23/2022,AL,Albania,EURO,15405,244182,30,3292
1/30/2022,AL,Albania,EURO,11559,255741,42,3334
2/6/2022,AL,Albania,EURO,7431,263172,37,3371
2/13/2022,AL,Albania,EURO,4379,267551,36,3407
2/20/2022,AL,Albania,EURO,2353,269904,26,3433
2/27/2022,AL,Albania,EURO,1410,271314,27,3460
3/6/2022,AL,Albania,EURO,716,272030,18,3478
3/13/2022,AL,Albania,EURO,522,272552,7,3485
3/20/2022,AL,Albania,EURO,409,272961,2,3487
3/27/2022,AL,Albania,EURO,357,273318,3,3490
4/3/2022,AL,Albania,EURO,441,273759,2,3492
4/10/2022,AL,Albania,EURO,349,274108,0,3492
4/17/2022,AL,Albania,EURO,268,274376,3,3495
4/24/2022,AL,Albania,EURO,309,274685,1,3496
5/1/2022,AL,Albania,EURO,317,275002,0,3496
5/8/2022,AL,Albania,EURO,264,275266,0,3496
5/15/2022,AL,Albania,EURO,219,275485,1,3497
5/22/2022,AL,Albania,EURO,289,275774,0,3497
5/29/2022,AL,Albania,EURO,238,276012,0,3497
6/5/2022,AL,Albania,EURO,262,276274,0,3497
6/12/2022,AL,Albania,EURO,309,276583,0,3497
6/19/2022,AL,Albania,EURO,443,277026,0,3497
6/26/2022,AL,Albania,EURO,1185,278211,0,3497
7/3/2022,AL,Albania,EURO,2640,280851,3,3500
7/10/2022,AL,Albania,EURO,4880,285731,10,3510
7/17/2022,AL,Albania,EURO,6725,292456,7,3517
7/24/2022,AL,Albania,EURO,8938,301394,4,3521
7/31/2022,AL,Albania,EURO,7884,309278,17,3538
8/7/2022,AL,Albania,EURO,6059,315337,16,3554
8/14/2022,AL,Albania,EURO,4749,320086,14,3568
8/21/2022,AL,Albania,EURO,3511,323597,6,3574
8/28/2022,AL,Albania,EURO,3218,326815,6,3580
9/4/2022,AL,Albania,EURO,1901,328716,3,3583
9/11/2022,AL,Albania,EURO,980,329696,1,3584
9/18/2022,AL,Albania,EURO,617,330313,2,3586
9/25/2022,AL,Albania,EURO,449,330762,3,3589
10/2/2022,AL,Albania,EURO,313,331075,0,3589
10/9/2022,AL,Albania,EURO,222,331297,0,3589
10/16/2022,AL,Albania,EURO,155,331452,2,3591
10/23/2022,AL,Albania,EURO,141,331593,1,3592
10/30/2022,AL,Albania,EURO,152,331745,1,3593
11/6/2022,AL,Albania,EURO,155,331900,0,3593
11/13/2022,AL,Albania,EURO,98,331998,1,3594
11/20/2022,AL,Albania,EURO,121,332119,0,3594
11/27/2022,AL,Albania,EURO,83,332202,0,3594
12/4/2022,AL,Albania,EURO,75,332277,0,3594
12/11/2022,AL,Albania,EURO,130,332407,0,3594
12/18/2022,AL,Albania,EURO,131,332538,0,3594
12/25/2022,AL,Albania,EURO,132,332670,2,3596
1/1/2023,AL,Albania,EURO,124,332794,0,3596
1/8/2023,AL,Albania,EURO,113,332907,0,3596
1/15/2023,AL,Albania,EURO,157,333064,0,3596
1/22/2023,AL,Albania,EURO,105,333169,0,3596
1/29/2023,AL,Albania,EURO,50,333219,0,3596
2/5/2023,AL,Albania,EURO,51,333270,0,3596
2/12/2023,AL,Albania,EURO,51,333321,0,3596
2/19/2023,AL,Albania,EURO,69,333390,1,3597
2/26/2023,AL,Albania,EURO,93,333483,1,3598
3/5/2023,AL,Albania,EURO,88,333571,1,3599
3/12/2023,AL,Albania,EURO,80,333651,1,3600
3/19/2023,AL,Albania,EURO,65,333716,1,3601
3/26/2023,AL,Albania,EURO,83,333799,0,3601
4/2/2023,AL,Albania,EURO,84,333883,2,3603
4/9/2023,AL,Albania,EURO,109,333992,1,3604
4/16/2023,AL,Albania,EURO,78,334070,0,3604
4/23/2023,AL,Albania,EURO,20,334090,0,3604
4/30/2023,AL,Albania,EURO,0,334090,0,3604
5/7/2023,AL,Albania,EURO,0,334090,0,3604
5/14/2023,AL,Albania,EURO,0,334090,0,3604
5/21/2023,AL,Albania,EURO,0,334090,0,3604
5/28/2023,AL,Albania,EURO,0,334090,0,3604
6/4/2023,AL,Albania,EURO,0,334090,0,3604
6/11/2023,AL,Albania,EURO,0,334090,0,3604
6/18/2023,AL,Albania,EURO,0,334090,0,3604
6/25/2023,AL,Albania,EURO,0,334090,0,3604
7/2/2023,AL,Albania,EURO,0,334090,0,3604
7/9/2023,AL,Albania,EURO,0,334090,0,3604
7/16/2023,AL,Albania,EURO,0,334090,0,3604
7/23/2023,AL,Albania,EURO,0,334090,0,3604
7/30/2023,AL,Albania,EURO,0,334090,0,3604
8/6/2023,AL,Albania,EURO,0,334090,0,3604
8/13/2023,AL,Albania,EURO,0,334090,0,3604
8/20/2023,AL,Albania,EURO,0,334090,0,3604
8/27/2023,AL,Albania,EURO,0,334090,0,3604
9/3/2023,AL,Albania,EURO,0,334090,0,3604
9/10/2023,AL,Albania,EURO,0,334090,0,3604
9/17/2023,AL,Albania,EURO,0,334090,0,3604
9/24/2023,AL,Albania,EURO,0,334090,0,3604
10/1/2023,AL,Albania,EURO,0,334090,0,3604
10/8/2023,AL,Albania,EURO,0,334090,0,3604
10/15/2023,AL,Albania,EURO,0,334090,0,3604
10/22/2023,AL,Albania,EURO,0,334090,0,3604
10/29/2023,AL,Albania,EURO,0,334090,0,3604
11/5/2023,AL,Albania,EURO,0,334090,0,3604
11/12/2023,AL,Albania,EURO,0,334090,0,3604
11/19/2023,AL,Albania,EURO,0,334090,0,3604
11/26/2023,AL,Albania,EURO,0,334090,0,3604
12/3/2023,AL,Albania,EURO,0,334090,0,3604
12/10/2023,AL,Albania,EURO,0,334090,0,3604
12/17/2023,AL,Albania,EURO,0,334090,0,3604
12/24/2023,AL,Albania,EURO,224,334314,0,3604
1/5/2020,DZ,Algeria,AFRO,0,0,0,0
1/12/2020,DZ,Algeria,AFRO,0,0,0,0
1/19/2020,DZ,Algeria,AFRO,0,0,0,0
1/26/2020,DZ,Algeria,AFRO,0,0,0,0
2/2/2020,DZ,Algeria,AFRO,0,0,0,0
2/9/2020,DZ,Algeria,AFRO,0,0,0,0
2/16/2020,DZ,Algeria,AFRO,0,0,0,0
2/23/2020,DZ,Algeria,AFRO,0,0,0,0
3/1/2020,DZ,Algeria,AFRO,1,1,0,0
3/8/2020,DZ,Algeria,AFRO,18,19,0,0
3/15/2020,DZ,Algeria,AFRO,18,37,0,0
3/22/2020,DZ,Algeria,AFRO,102,139,0,0
3/29/2020,DZ,Algeria,AFRO,315,454,30,30
4/5/2020,DZ,Algeria,AFRO,797,1251,100,130
4/12/2020,DZ,Algeria,AFRO,574,1825,146,276
4/19/2020,DZ,Algeria,AFRO,709,2534,92,368
4/26/2020,DZ,Algeria,AFRO,722,3256,48,416
5/3/2020,DZ,Algeria,AFRO,1039,4295,40,456
5/10/2020,DZ,Algeria,AFRO,1263,5558,35,491
5/17/2020,DZ,Algeria,AFRO,1263,6821,48,539
5/24/2020,DZ,Algeria,AFRO,1292,8113,50,589
5/31/2020,DZ,Algeria,AFRO,1154,9267,54,643
6/7/2020,DZ,Algeria,AFRO,783,10050,52,695
6/14/2020,DZ,Algeria,AFRO,760,10810,53,748
6/21/2020,DZ,Algeria,AFRO,821,11631,77,825
6/28/2020,DZ,Algeria,AFRO,1337,12968,55,880
7/5/2020,DZ,Algeria,AFRO,2532,15500,54,934
7/12/2020,DZ,Algeria,AFRO,3212,18712,58,992
7/19/2020,DZ,Algeria,AFRO,3837,22549,64,1056
7/26/2020,DZ,Algeria,AFRO,4215,26764,78,1134
8/2/2020,DZ,Algeria,AFRO,4186,30950,77,1211
8/9/2020,DZ,Algeria,AFRO,3743,34693,70,1281
8/16/2020,DZ,Algeria,AFRO,3440,38133,67,1348
8/23/2020,DZ,Algeria,AFRO,2935,41068,64,1412
8/30/2020,DZ,Algeria,AFRO,2714,43782,77,1489
9/6/2020,DZ,Algeria,AFRO,2289,46071,58,1547
9/13/2020,DZ,Algeria,AFRO,1936,48007,56,1603
9/20/2020,DZ,Algeria,AFRO,1616,49623,60,1663
9/27/2020,DZ,Algeria,AFRO,1291,50914,46,1709
10/4/2020,DZ,Algeria,AFRO,1081,51995,47,1756
10/11/2020,DZ,Algeria,AFRO,945,52940,39,1795
10/18/2020,DZ,Algeria,AFRO,1263,54203,51,1846
10/25/2020,DZ,Algeria,AFRO,1427,55630,51,1897
11/1/2020,DZ,Algeria,AFRO,2312,57942,67,1964
11/8/2020,DZ,Algeria,AFRO,3439,61381,72,2036
11/15/2020,DZ,Algeria,AFRO,5438,66819,103,2139
11/22/2020,DZ,Algeria,AFRO,6955,73774,119,2258
11/29/2020,DZ,Algeria,AFRO,7438,81212,135,2393
12/6/2020,DZ,Algeria,AFRO,6290,87502,108,2501
12/13/2020,DZ,Algeria,AFRO,4136,91638,83,2584
12/20/2020,DZ,Algeria,AFRO,3143,94781,75,2659
12/27/2020,DZ,Algeria,AFRO,3076,97857,63,2722
1/3/2021,DZ,Algeria,AFRO,2302,100159,47,2769
1/10/2021,DZ,Algeria,AFRO,1754,101913,34,2803
1/17/2021,DZ,Algeria,AFRO,1698,103611,28,2831
1/24/2021,DZ,Algeria,AFRO,1758,105369,30,2861
1/31/2021,DZ,Algeria,AFRO,1753,107122,27,2888
2/7/2021,DZ,Algeria,AFRO,1730,108852,23,2911
2/14/2021,DZ,Algeria,AFRO,1661,110513,24,2935
2/21/2021,DZ,Algeria,AFRO,1251,111764,23,2958
2/28/2021,DZ,Algeria,AFRO,1196,112960,21,2979
3/7/2021,DZ,Algeria,AFRO,1144,114104,31,3010
3/14/2021,DZ,Algeria,AFRO,1039,115143,24,3034
3/21/2021,DZ,Algeria,AFRO,923,116066,21,3055
3/28/2021,DZ,Algeria,AFRO,684,116750,22,3077
4/4/2021,DZ,Algeria,AFRO,774,117524,25,3102
4/11/2021,DZ,Algeria,AFRO,854,118378,24,3126
4/18/2021,DZ,Algeria,AFRO,1108,119486,26,3152
4/25/2021,DZ,Algeria,AFRO,1250,120736,46,3198
5/2/2021,DZ,Algeria,AFRO,1575,122311,63,3261
5/9/2021,DZ,Algeria,AFRO,1589,123900,60,3321
5/16/2021,DZ,Algeria,AFRO,1294,125194,45,3366
5/23/2021,DZ,Algeria,AFRO,1457,126651,45,3411
5/30/2021,DZ,Algeria,AFRO,1805,128456,49,3460
6/6/2021,DZ,Algeria,AFRO,2225,130681,50,3510
6/13/2021,DZ,Algeria,AFRO,2389,133070,55,3565
6/20/2021,DZ,Algeria,AFRO,2516,135586,59,3624
6/27/2021,DZ,Algeria,AFRO,2527,138113,61,3685
7/4/2021,DZ,Algeria,AFRO,2894,141007,60,3745
7/11/2021,DZ,Algeria,AFRO,4289,145296,79,3824
7/18/2021,DZ,Algeria,AFRO,6914,152210,98,3922
7/25/2021,DZ,Algeria,AFRO,8658,160868,120,4042
8/1/2021,DZ,Algeria,AFRO,10524,171392,212,4254
8/8/2021,DZ,Algeria,AFRO,8964,180356,266,4520
8/15/2021,DZ,Algeria,AFRO,6299,186655,246,4766
8/22/2021,DZ,Algeria,AFRO,4516,191171,218,4984
8/29/2021,DZ,Algeria,AFRO,3500,194671,195,5179
9/5/2021,DZ,Algeria,AFRO,2988,197659,220,5399
9/12/2021,DZ,Algeria,AFRO,2163,199822,159,5558
9/19/2021,DZ,Algeria,AFRO,1402,201224,112,5670
9/26/2021,DZ,Algeria,AFRO,1350,202574,97,5767
10/3/2021,DZ,Algeria,AFRO,1083,203657,52,5819
10/10/2021,DZ,Algeria,AFRO,833,204490,31,5850
10/17/2021,DZ,Algeria,AFRO,709,205199,20,5870
10/24/2021,DZ,Algeria,AFRO,551,205750,16,5886
10/31/2021,DZ,Algeria,AFRO,608,206358,32,5918
11/7/2021,DZ,Algeria,AFRO,721,207079,23,5941
11/14/2021,DZ,Algeria,AFRO,794,207873,36,5977
11/21/2021,DZ,Algeria,AFRO,966,208839,40,6017
11/28/2021,DZ,Algeria,AFRO,1141,209980,35,6052
12/5/2021,DZ,Algeria,AFRO,1317,211297,44,6096
12/12/2021,DZ,Algeria,AFRO,1355,212652,41,6137
12/19/2021,DZ,Algeria,AFRO,1678,214330,43,6180
12/26/2021,DZ,Algeria,AFRO,2046,216376,49,6229
1/2/2022,DZ,Algeria,AFRO,2442,218818,55,6284
1/9/2022,DZ,Algeria,AFRO,2924,221742,46,6330
1/16/2022,DZ,Algeria,AFRO,3742,225484,74,6404
1/23/2022,DZ,Algeria,AFRO,9052,234536,77,6481
1/30/2022,DZ,Algeria,AFRO,14774,249310,74,6555
2/6/2022,DZ,Algeria,AFRO,8288,257598,85,6640
2/13/2022,DZ,Algeria,AFRO,3628,261226,75,6715
2/20/2022,DZ,Algeria,AFRO,2710,263936,72,6787
2/27/2022,DZ,Algeria,AFRO,842,264778,41,6828
3/6/2022,DZ,Algeria,AFRO,449,265227,25,6853
3/13/2022,DZ,Algeria,AFRO,183,265410,9,6862
3/20/2022,DZ,Algeria,AFRO,129,265539,9,6871
3/27/2022,DZ,Algeria,AFRO,82,265621,2,6873
4/3/2022,DZ,Algeria,AFRO,63,265684,1,6874
4/10/2022,DZ,Algeria,AFRO,36,265720,0,6874
4/17/2022,DZ,Algeria,AFRO,19,265739,0,6874
4/24/2022,DZ,Algeria,AFRO,22,265761,0,6874
5/1/2022,DZ,Algeria,AFRO,19,265780,1,6875
5/8/2022,DZ,Algeria,AFRO,14,265794,0,6875
5/15/2022,DZ,Algeria,AFRO,22,265816,0,6875
5/22/2022,DZ,Algeria,AFRO,35,265851,0,6875
5/29/2022,DZ,Algeria,AFRO,22,265873,0,6875
6/5/2022,DZ,Algeria,AFRO,23,265896,0,6875
6/12/2022,DZ,Algeria,AFRO,29,265925,0,6875
6/19/2022,DZ,Algeria,AFRO,46,265971,0,6875
6/26/2022,DZ,Algeria,AFRO,59,266030,0,6875
7/3/2022,DZ,Algeria,AFRO,85,266115,0,6875
7/10/2022,DZ,Algeria,AFRO,131,266246,0,6875
7/17/2022,DZ,Algeria,AFRO,178,266424,0,6875
7/24/2022,DZ,Algeria,AFRO,348,266772,1,6876
7/31/2022,DZ,Algeria,AFRO,602,267374,0,6876
8/7/2022,DZ,Algeria,AFRO,767,268141,2,6878
8/14/2022,DZ,Algeria,AFRO,867,269008,0,6878
8/21/2022,DZ,Algeria,AFRO,723,269731,0,6878
8/28/2022,DZ,Algeria,AFRO,444,270175,0,6878
9/4/2022,DZ,Algeria,AFRO,251,270426,0,6878
9/11/2022,DZ,Algeria,AFRO,106,270532,1,6879
9/18/2022,DZ,Algeria,AFRO,74,270606,0,6879
9/25/2022,DZ,Algeria,AFRO,37,270643,0,6879
10/2/2022,DZ,Algeria,AFRO,39,270682,0,6879
10/9/2022,DZ,Algeria,AFRO,25,270707,2,6881
10/16/2022,DZ,Algeria,AFRO,29,270736,0,6881
10/23/2022,DZ,Algeria,AFRO,41,270777,0,6881
10/30/2022,DZ,Algeria,AFRO,59,270836,0,6881
11/6/2022,DZ,Algeria,AFRO,11,270847,0,6881
11/13/2022,DZ,Algeria,AFRO,34,270881,0,6881
11/20/2022,DZ,Algeria,AFRO,71,270952,0,6881
11/27/2022,DZ,Algeria,AFRO,109,271061,0,6881
12/4/2022,DZ,Algeria,AFRO,41,271102,0,6881
12/11/2022,DZ,Algeria,AFRO,44,271146,0,6881
12/18/2022,DZ,Algeria,AFRO,22,271168,0,6881
12/25/2022,DZ,Algeria,AFRO,26,271194,0,6881
1/1/2023,DZ,Algeria,AFRO,23,271217,0,6881
1/8/2023,DZ,Algeria,AFRO,37,271254,0,6881
1/15/2023,DZ,Algeria,AFRO,33,271287,0,6881
1/22/2023,DZ,Algeria,AFRO,41,271328,0,6881
1/29/2023,DZ,Algeria,AFRO,41,271369,0,6881
2/5/2023,DZ,Algeria,AFRO,25,271394,0,6881
2/12/2023,DZ,Algeria,AFRO,15,271409,0,6881
2/19/2023,DZ,Algeria,AFRO,16,271425,0,6881
2/26/2023,DZ,Algeria,AFRO,14,271439,0,6881
3/5/2023,DZ,Algeria,AFRO,30,271469,0,6881
3/12/2023,DZ,Algeria,AFRO,34,271503,0,6881
3/19/2023,DZ,Algeria,AFRO,45,271548,0,6881
3/26/2023,DZ,Algeria,AFRO,20,271568,0,6881
4/2/2023,DZ,Algeria,AFRO,24,271592,0,6881
4/9/2023,DZ,Algeria,AFRO,21,271613,0,6881
4/16/2023,DZ,Algeria,AFRO,29,271642,0,6881
4/23/2023,DZ,Algeria,AFRO,29,271671,0,6881
4/30/2023,DZ,Algeria,AFRO,41,271712,0,6881
5/7/2023,DZ,Algeria,AFRO,53,271765,0,6881
5/14/2023,DZ,Algeria,AFRO,48,271813,0,6881
5/21/2023,DZ,Algeria,AFRO,9,271822,0,6881
5/28/2023,DZ,Algeria,AFRO,13,271835,0,6881
6/4/2023,DZ,Algeria,AFRO,6,271841,0,6881
6/11/2023,DZ,Algeria,AFRO,0,271841,0,6881
6/18/2023,DZ,Algeria,AFRO,6,271847,0,6881
6/25/2023,DZ,Algeria,AFRO,0,271847,0,6881
7/2/2023,DZ,Algeria,AFRO,5,271852,0,6881
7/9/2023,DZ,Algeria,AFRO,0,271852,0,6881
7/16/2023,DZ,Algeria,AFRO,0,271852,0,6881
7/23/2023,DZ,Algeria,AFRO,0,271852,0,6881
7/30/2023,DZ,Algeria,AFRO,0,271852,0,6881
8/6/2023,DZ,Algeria,AFRO,0,271852,0,6881
8/13/2023,DZ,Algeria,AFRO,17,271869,0,6881
8/20/2023,DZ,Algeria,AFRO,0,271869,0,6881
8/27/2023,DZ,Algeria,AFRO,2,271871,0,6881
9/3/2023,DZ,Algeria,AFRO,2,271873,0,6881
9/10/2023,DZ,Algeria,AFRO,4,271877,0,6881
9/17/2023,DZ,Algeria,AFRO,10,271887,0,6881
9/24/2023,DZ,Algeria,AFRO,8,271895,0,6881
10/1/2023,DZ,Algeria,AFRO,15,271910,0,6881
10/8/2023,DZ,Algeria,AFRO,9,271919,0,6881
10/15/2023,DZ,Algeria,AFRO,7,271926,0,6881
10/22/2023,DZ,Algeria,AFRO,8,271934,0,6881
10/29/2023,DZ,Algeria,AFRO,6,271940,0,6881
11/5/2023,DZ,Algeria,AFRO,20,271960,0,6881
11/12/2023,DZ,Algeria,AFRO,6,271966,0,6881
11/19/2023,DZ,Algeria,AFRO,12,271978,0,6881
11/26/2023,DZ,Algeria,AFRO,13,271991,0,6881
12/3/2023,DZ,Algeria,AFRO,19,272010,0,6881
12/10/2023,DZ,Algeria,AFRO,0,272010,0,6881
12/17/2023,DZ,Algeria,AFRO,0,272010,0,6881
12/24/2023,DZ,Algeria,AFRO,0,272010,0,6881
1/5/2020,AS,American Samoa,WPRO,0,0,0,0
1/12/2020,AS,American Samoa,WPRO,0,0,0,0
1/19/2020,AS,American Samoa,WPRO,0,0,0,0
1/26/2020,AS,American Samoa,WPRO,0,0,0,0
2/2/2020,AS,American Samoa,WPRO,0,0,0,0
2/9/2020,AS,American Samoa,WPRO,0,0,0,0
2/16/2020,AS,American Samoa,WPRO,0,0,0,0
2/23/2020,AS,American Samoa,WPRO,0,0,0,0
3/1/2020,AS,American Samoa,WPRO,0,0,0,0
3/8/2020,AS,American Samoa,WPRO,0,0,0,0
3/15/2020,AS,American Samoa,WPRO,0,0,0,0
3/22/2020,AS,American Samoa,WPRO,0,0,0,0
3/29/2020,AS,American Samoa,WPRO,0,0,0,0
4/5/2020,AS,American Samoa,WPRO,0,0,0,0
4/12/2020,AS,American Samoa,WPRO,0,0,0,0
4/19/2020,AS,American Samoa,WPRO,0,0,0,0
4/26/2020,AS,American Samoa,WPRO,0,0,0,0
5/3/2020,AS,American Samoa,WPRO,0,0,0,0
5/10/2020,AS,American Samoa,WPRO,0,0,0,0
5/17/2020,AS,American Samoa,WPRO,0,0,0,0
5/24/2020,AS,American Samoa,WPRO,0,0,0,0
5/31/2020,AS,American Samoa,WPRO,0,0,0,0
6/7/2020,AS,American Samoa,WPRO,0,0,0,0
6/14/2020,AS,American Samoa,WPRO,0,0,0,0
6/21/2020,AS,American Samoa,WPRO,0,0,0,0
6/28/2020,AS,American Samoa,WPRO,0,0,0,0
7/5/2020,AS,American Samoa,WPRO,0,0,0,0
7/12/2020,AS,American Samoa,WPRO,0,0,0,0
7/19/2020,AS,American Samoa,WPRO,0,0,0,0
7/26/2020,AS,American Samoa,WPRO,0,0,0,0
8/2/2020,AS,American Samoa,WPRO,0,0,0,0
8/9/2020,AS,American Samoa,WPRO,0,0,0,0
8/16/2020,AS,American Samoa,WPRO,0,0,0,0
8/23/2020,AS,American Samoa,WPRO,0,0,0,0
8/30/2020,AS,American Samoa,WPRO,0,0,0,0
9/6/2020,AS,American Samoa,WPRO,0,0,0,0
9/13/2020,AS,American Samoa,WPRO,0,0,0,0
9/20/2020,AS,American Samoa,WPRO,0,0,0,0
9/27/2020,AS,American Samoa,WPRO,0,0,0,0
10/4/2020,AS,American Samoa,WPRO,0,0,0,0
10/11/2020,AS,American Samoa,WPRO,0,0,0,0
10/18/2020,AS,American Samoa,WPRO,0,0,0,0
10/25/2020,AS,American Samoa,WPRO,0,0,0,0
11/1/2020,AS,American Samoa,WPRO,0,0,0,0
11/8/2020,AS,American Samoa,WPRO,0,0,0,0
11/15/2020,AS,American Samoa,WPRO,0,0,0,0
11/22/2020,AS,American Samoa,WPRO,0,0,0,0
11/29/2020,AS,American Samoa,WPRO,0,0,0,0
12/6/2020,AS,American Samoa,WPRO,0,0,0,0
12/13/2020,AS,American Samoa,WPRO,0,0,0,0
12/20/2020,AS,American Samoa,WPRO,0,0,0,0
12/27/2020,AS,American Samoa,WPRO,0,0,0,0
1/3/2021,AS,American Samoa,WPRO,0,0,0,0
1/10/2021,AS,American Samoa,WPRO,0,0,0,0
1/17/2021,AS,American Samoa,WPRO,0,0,0,0
1/24/2021,AS,American Samoa,WPRO,0,0,0,0
1/31/2021,AS,American Samoa,WPRO,0,0,0,0
2/7/2021,AS,American Samoa,WPRO,0,0,0,0
2/14/2021,AS,American Samoa,WPRO,0,0,0,0
2/21/2021,AS,American Samoa,WPRO,0,0,0,0
2/28/2021,AS,American Samoa,WPRO,0,0,0,0
3/7/2021,AS,American Samoa,WPRO,0,0,0,0
3/14/2021,AS,American Samoa,WPRO,0,0,0,0
3/21/2021,AS,American Samoa,WPRO,0,0,0,0
3/28/2021,AS,American Samoa,WPRO,0,0,0,0
4/4/2021,AS,American Samoa,WPRO,0,0,0,0
4/11/2021,AS,American Samoa,WPRO,0,0,0,0
4/18/2021,AS,American Samoa,WPRO,0,0,0,0
4/25/2021,AS,American Samoa,WPRO,0,0,0,0
5/2/2021,AS,American Samoa,WPRO,0,0,0,0
5/9/2021,AS,American Samoa,WPRO,0,0,0,0
5/16/2021,AS,American Samoa,WPRO,0,0,0,0
5/23/2021,AS,American Samoa,WPRO,0,0,0,0
5/30/2021,AS,American Samoa,WPRO,0,0,0,0
6/6/2021,AS,American Samoa,WPRO,0,0,0,0
6/13/2021,AS,American Samoa,WPRO,0,0,0,0
6/20/2021,AS,American Samoa,WPRO,0,0,0,0
6/27/2021,AS,American Samoa,WPRO,0,0,0,0
7/4/2021,AS,American Samoa,WPRO,0,0,0,0
7/11/2021,AS,American Samoa,WPRO,0,0,0,0
7/18/2021,AS,American Samoa,WPRO,0,0,0,0
7/25/2021,AS,American Samoa,WPRO,0,0,0,0
8/1/2021,AS,American Samoa,WPRO,0,0,0,0
8/8/2021,AS,American Samoa,WPRO,0,0,0,0
8/15/2021,AS,American Samoa,WPRO,0,0,0,0
8/22/2021,AS,American Samoa,WPRO,0,0,0,0
8/29/2021,AS,American Samoa,WPRO,0,0,0,0
9/5/2021,AS,American Samoa,WPRO,0,0,0,0
9/12/2021,AS,American Samoa,WPRO,0,0,0,0
9/19/2021,AS,American Samoa,WPRO,1,1,0,0
9/26/2021,AS,American Samoa,WPRO,0,1,0,0
10/3/2021,AS,American Samoa,WPRO,0,1,0,0
10/10/2021,AS,American Samoa,WPRO,2,3,0,0
10/17/2021,AS,American Samoa,WPRO,0,3,0,0
10/24/2021,AS,American Samoa,WPRO,1,4,0,0
10/31/2021,AS,American Samoa,WPRO,0,4,0,0
11/7/2021,AS,American Samoa,WPRO,0,4,0,0
11/14/2021,AS,American Samoa,WPRO,1,5,0,0
11/21/2021,AS,American Samoa,WPRO,0,5,0,0
11/28/2021,AS,American Samoa,WPRO,0,5,0,0
12/5/2021,AS,American Samoa,WPRO,5,10,0,0
12/12/2021,AS,American Samoa,WPRO,1,11,0,0
12/19/2021,AS,American Samoa,WPRO,0,11,0,0
12/26/2021,AS,American Samoa,WPRO,0,11,0,0
1/2/2022,AS,American Samoa,WPRO,0,11,0,0
1/9/2022,AS,American Samoa,WPRO,7,18,0,0
1/16/2022,AS,American Samoa,WPRO,0,18,0,0
1/23/2022,AS,American Samoa,WPRO,0,18,0,0
1/30/2022,AS,American Samoa,WPRO,0,18,0,0
2/6/2022,AS,American Samoa,WPRO,31,49,0,0
2/13/2022,AS,American Samoa,WPRO,8,57,0,0
2/20/2022,AS,American Samoa,WPRO,0,57,0,0
2/27/2022,AS,American Samoa,WPRO,27,84,0,0
3/6/2022,AS,American Samoa,WPRO,208,292,0,0
3/13/2022,AS,American Samoa,WPRO,263,555,0,0
3/20/2022,AS,American Samoa,WPRO,842,1397,0,0
3/27/2022,AS,American Samoa,WPRO,1881,3278,2,2
4/3/2022,AS,American Samoa,WPRO,1378,4656,5,7
4/10/2022,AS,American Samoa,WPRO,746,5402,4,11
4/17/2022,AS,American Samoa,WPRO,133,5535,7,18
4/24/2022,AS,American Samoa,WPRO,230,5765,5,23
5/1/2022,AS,American Samoa,WPRO,92,5857,3,26
5/8/2022,AS,American Samoa,WPRO,98,5955,3,29
5/15/2022,AS,American Samoa,WPRO,63,6018,1,30
5/22/2022,AS,American Samoa,WPRO,65,6083,0,30
5/29/2022,AS,American Samoa,WPRO,62,6145,1,31
6/5/2022,AS,American Samoa,WPRO,124,6269,0,31
6/12/2022,AS,American Samoa,WPRO,73,6342,0,31
6/19/2022,AS,American Samoa,WPRO,72,6414,0,31
6/26/2022,AS,American Samoa,WPRO,91,6505,0,31
7/3/2022,AS,American Samoa,WPRO,0,6505,0,31
7/10/2022,AS,American Samoa,WPRO,0,6505,0,31
7/17/2022,AS,American Samoa,WPRO,963,7468,2,33
7/24/2022,AS,American Samoa,WPRO,0,7468,0,33
7/31/2022,AS,American Samoa,WPRO,298,7766,0,33
8/7/2022,AS,American Samoa,WPRO,186,7952,0,33
8/14/2022,AS,American Samoa,WPRO,90,8042,0,33
8/21/2022,AS,American Samoa,WPRO,0,8042,0,33
8/28/2022,AS,American Samoa,WPRO,126,8168,1,34
9/4/2022,AS,American Samoa,WPRO,0,8168,0,34
9/11/2022,AS,American Samoa,WPRO,49,8217,0,34
9/18/2022,AS,American Samoa,WPRO,18,8235,0,34
9/25/2022,AS,American Samoa,WPRO,12,8247,0,34
10/2/2022,AS,American Samoa,WPRO,3,8250,0,34
10/9/2022,AS,American Samoa,WPRO,0,8250,0,34
10/16/2022,AS,American Samoa,WPRO,1,8251,0,34
10/23/2022,AS,American Samoa,WPRO,2,8253,0,34
10/30/2022,AS,American Samoa,WPRO,4,8257,0,34
11/6/2022,AS,American Samoa,WPRO,0,8257,0,34
11/13/2022,AS,American Samoa,WPRO,5,8262,0,34
11/20/2022,AS,American Samoa,WPRO,1,8263,0,34
11/27/2022,AS,American Samoa,WPRO,1,8264,0,34
12/4/2022,AS,American Samoa,WPRO,0,8264,0,34
12/11/2022,AS,American Samoa,WPRO,1,8265,0,34
12/18/2022,AS,American Samoa,WPRO,1,8266,0,34
12/25/2022,AS,American Samoa,WPRO,0,8266,0,34
1/1/2023,AS,American Samoa,WPRO,19,8285,0,34
1/8/2023,AS,American Samoa,WPRO,17,8302,0,34
1/15/2023,AS,American Samoa,WPRO,7,8309,0,34
1/22/2023,AS,American Samoa,WPRO,8,8317,0,34
1/29/2023,AS,American Samoa,WPRO,3,8320,0,34
2/5/2023,AS,American Samoa,WPRO,0,8320,0,34
2/12/2023,AS,American Samoa,WPRO,0,8320,0,34
2/19/2023,AS,American Samoa,WPRO,0,8320,0,34
2/26/2023,AS,American Samoa,WPRO,0,8320,0,34
3/5/2023,AS,American Samoa,WPRO,0,8320,0,34
3/12/2023,AS,American Samoa,WPRO,0,8320,0,34
3/19/2023,AS,American Samoa,WPRO,1,8321,0,34
3/26/2023,AS,American Samoa,WPRO,3,8324,0,34
4/2/2023,AS,American Samoa,WPRO,2,8326,0,34
4/9/2023,AS,American Samoa,WPRO,1,8327,0,34
4/16/2023,AS,American Samoa,WPRO,2,8329,0,34
4/23/2023,AS,American Samoa,WPRO,0,8329,0,34
4/30/2023,AS,American Samoa,WPRO,0,8329,0,34
5/7/2023,AS,American Samoa,WPRO,2,8331,0,34
5/14/2023,AS,American Samoa,WPRO,0,8331,0,34
5/21/2023,AS,American Samoa,WPRO,0,8331,0,34
5/28/2023,AS,American Samoa,WPRO,0,8331,0,34
6/4/2023,AS,American Samoa,WPRO,1,8332,0,34
6/11/2023,AS,American Samoa,WPRO,0,8332,0,34
6/18/2023,AS,American Samoa,WPRO,0,8332,0,34
6/25/2023,AS,American Samoa,WPRO,0,8332,0,34
7/2/2023,AS,American Samoa,WPRO,0,8332,0,34
7/9/2023,AS,American Samoa,WPRO,9,8341,0,34
7/16/2023,AS,American Samoa,WPRO,0,8341,0,34
7/23/2023,AS,American Samoa,WPRO,0,8341,0,34
7/30/2023,AS,American Samoa,WPRO,0,8341,0,34
8/6/2023,AS,American Samoa,WPRO,0,8341,0,34
8/13/2023,AS,American Samoa,WPRO,0,8341,0,34
8/20/2023,AS,American Samoa,WPRO,0,8341,0,34
8/27/2023,AS,American Samoa,WPRO,0,8341,0,34
9/3/2023,AS,American Samoa,WPRO,0,8341,0,34
9/10/2023,AS,American Samoa,WPRO,0,8341,0,34
9/17/2023,AS,American Samoa,WPRO,18,8359,0,34
9/24/2023,AS,American Samoa,WPRO,0,8359,0,34
10/1/2023,AS,American Samoa,WPRO,0,8359,0,34
10/8/2023,AS,American Samoa,WPRO,0,8359,0,34
10/15/2023,AS,American Samoa,WPRO,0,8359,0,34
10/22/2023,AS,American Samoa,WPRO,0,8359,0,34
10/29/2023,AS,American Samoa,WPRO,0,8359,0,34
11/5/2023,AS,American Samoa,WPRO,0,8359,0,34
11/12/2023,AS,American Samoa,WPRO,0,8359,0,34
11/19/2023,AS,American Samoa,WPRO,0,8359,0,34
11/26/2023,AS,American Samoa,WPRO,0,8359,0,34
12/3/2023,AS,American Samoa,WPRO,0,8359,0,34
12/10/2023,AS,American Samoa,WPRO,0,8359,0,34
12/17/2023,AS,American Samoa,WPRO,0,8359,0,34
12/24/2023,AS,American Samoa,WPRO,0,8359,0,34
1/5/2020,AD,Andorra,EURO,0,0,0,0
1/12/2020,AD,Andorra,EURO,0,0,0,0
1/19/2020,AD,Andorra,EURO,0,0,0,0
1/26/2020,AD,Andorra,EURO,0,0,0,0
2/2/2020,AD,Andorra,EURO,0,0,0,0
2/9/2020,AD,Andorra,EURO,0,0,0,0
2/16/2020,AD,Andorra,EURO,0,0,0,0
2/23/2020,AD,Andorra,EURO,0,0,0,0
3/1/2020,AD,Andorra,EURO,0,0,0,0
3/8/2020,AD,Andorra,EURO,1,1,0,0
3/15/2020,AD,Andorra,EURO,1,2,0,0
3/22/2020,AD,Andorra,EURO,131,133,1,1
3/29/2020,AD,Andorra,EURO,208,341,5,6
4/5/2020,AD,Andorra,EURO,125,466,11,17
4/12/2020,AD,Andorra,EURO,156,622,11,28
4/19/2020,AD,Andorra,EURO,82,704,7,35
4/26/2020,AD,Andorra,EURO,34,738,5,40
5/3/2020,AD,Andorra,EURO,9,747,4,44
5/10/2020,AD,Andorra,EURO,7,754,4,48
5/17/2020,AD,Andorra,EURO,7,761,3,51
5/24/2020,AD,Andorra,EURO,2,763,0,51
5/31/2020,AD,Andorra,EURO,1,764,0,51
6/7/2020,AD,Andorra,EURO,88,852,0,51
6/14/2020,AD,Andorra,EURO,1,853,0,51
6/21/2020,AD,Andorra,EURO,2,855,1,52
6/28/2020,AD,Andorra,EURO,0,855,0,52
7/5/2020,AD,Andorra,EURO,0,855,0,52
7/12/2020,AD,Andorra,EURO,0,855,0,52
7/19/2020,AD,Andorra,EURO,25,880,0,52
7/26/2020,AD,Andorra,EURO,17,897,0,52
8/2/2020,AD,Andorra,EURO,33,930,0,52
8/9/2020,AD,Andorra,EURO,26,956,0,52
8/16/2020,AD,Andorra,EURO,41,997,1,53
8/23/2020,AD,Andorra,EURO,50,1047,0,53
8/30/2020,AD,Andorra,EURO,77,1124,0,53
9/6/2020,AD,Andorra,EURO,91,1215,0,53
9/13/2020,AD,Andorra,EURO,129,1344,0,53
9/20/2020,AD,Andorra,EURO,220,1564,0,53
9/27/2020,AD,Andorra,EURO,272,1836,0,53
10/4/2020,AD,Andorra,EURO,274,2110,0,53
10/11/2020,AD,Andorra,EURO,586,2696,2,55
10/18/2020,AD,Andorra,EURO,681,3377,4,59
10/25/2020,AD,Andorra,EURO,661,4038,10,69
11/1/2020,AD,Andorra,EURO,718,4756,6,75
11/8/2020,AD,Andorra,EURO,563,5319,0,75
11/15/2020,AD,Andorra,EURO,406,5725,0,75
11/22/2020,AD,Andorra,EURO,482,6207,1,76
11/29/2020,AD,Andorra,EURO,403,6610,0,76
12/6/2020,AD,Andorra,EURO,395,7005,2,78
12/13/2020,AD,Andorra,EURO,283,7288,0,78
12/20/2020,AD,Andorra,EURO,272,7560,2,80
12/27/2020,AD,Andorra,EURO,246,7806,3,83
1/3/2021,AD,Andorra,EURO,360,8166,1,84
1/10/2021,AD,Andorra,EURO,420,8586,1,85
1/17/2021,AD,Andorra,EURO,452,9038,6,91
1/24/2021,AD,Andorra,EURO,461,9499,5,96
1/31/2021,AD,Andorra,EURO,386,9885,5,101
2/7/2021,AD,Andorra,EURO,321,10206,4,105
2/14/2021,AD,Andorra,EURO,257,10463,2,107
2/21/2021,AD,Andorra,EURO,209,10672,0,107
2/28/2021,AD,Andorra,EURO,177,10849,3,110
3/7/2021,AD,Andorra,EURO,170,11019,2,112
3/14/2021,AD,Andorra,EURO,209,11228,0,112
3/21/2021,AD,Andorra,EURO,253,11481,1,113
3/28/2021,AD,Andorra,EURO,328,11809,2,115
4/4/2021,AD,Andorra,EURO,365,12174,2,117
4/11/2021,AD,Andorra,EURO,323,12497,3,120
4/18/2021,AD,Andorra,EURO,274,12771,3,123
4/25/2021,AD,Andorra,EURO,253,13024,1,124
5/2/2021,AD,Andorra,EURO,208,13232,1,125
5/9/2021,AD,Andorra,EURO,174,13406,2,127
5/16/2021,AD,Andorra,EURO,104,13510,0,127
5/23/2021,AD,Andorra,EURO,99,13609,0,127
5/30/2021,AD,Andorra,EURO,84,13693,0,127
6/6/2021,AD,Andorra,EURO,65,13758,0,127
6/13/2021,AD,Andorra,EURO,55,13813,0,127
6/20/2021,AD,Andorra,EURO,29,13842,0,127
6/27/2021,AD,Andorra,EURO,40,13882,0,127
7/4/2021,AD,Andorra,EURO,36,13918,0,127
7/11/2021,AD,Andorra,EURO,157,14075,0,127
7/18/2021,AD,Andorra,EURO,198,14273,0,127
7/25/2021,AD,Andorra,EURO,225,14498,0,127
8/1/2021,AD,Andorra,EURO,180,14678,1,128
8/8/2021,AD,Andorra,EURO,158,14836,0,128
8/15/2021,AD,Andorra,EURO,88,14924,1,129
8/22/2021,AD,Andorra,EURO,64,14988,0,129
8/29/2021,AD,Andorra,EURO,37,15025,1,130
9/5/2021,AD,Andorra,EURO,30,15055,0,130
9/12/2021,AD,Andorra,EURO,28,15083,0,130
9/19/2021,AD,Andorra,EURO,41,15124,0,130
9/26/2021,AD,Andorra,EURO,43,15167,0,130
10/3/2021,AD,Andorra,EURO,55,15222,0,130
10/10/2021,AD,Andorra,EURO,69,15291,0,130
10/17/2021,AD,Andorra,EURO,47,15338,0,130
10/24/2021,AD,Andorra,EURO,66,15404,0,130
10/31/2021,AD,Andorra,EURO,112,15516,0,130
11/7/2021,AD,Andorra,EURO,102,15618,0,130
11/14/2021,AD,Andorra,EURO,201,15819,0,130
11/21/2021,AD,Andorra,EURO,267,16086,0,130
11/28/2021,AD,Andorra,EURO,626,16712,1,131
12/5/2021,AD,Andorra,EURO,1298,18010,1,132
12/12/2021,AD,Andorra,EURO,1430,19440,1,133
12/19/2021,AD,Andorra,EURO,1109,20549,1,134
12/26/2021,AD,Andorra,EURO,1181,21730,5,139
1/2/2022,AD,Andorra,EURO,2010,23740,1,140
1/9/2022,AD,Andorra,EURO,2668,26408,1,141
1/16/2022,AD,Andorra,EURO,3480,29888,1,142
1/23/2022,AD,Andorra,EURO,3137,33025,2,144
1/30/2022,AD,Andorra,EURO,2531,35556,1,145
2/6/2022,AD,Andorra,EURO,1043,36599,2,147
2/13/2022,AD,Andorra,EURO,541,37140,1,148
2/20/2022,AD,Andorra,EURO,449,37589,2,150
2/27/2022,AD,Andorra,EURO,410,37999,1,151
3/6/2022,AD,Andorra,EURO,435,38434,0,151
3/13/2022,AD,Andorra,EURO,360,38794,1,152
3/20/2022,AD,Andorra,EURO,440,39234,1,153
3/27/2022,AD,Andorra,EURO,479,39713,0,153
4/3/2022,AD,Andorra,EURO,311,40024,0,153
4/10/2022,AD,Andorra,EURO,304,40328,0,153
4/17/2022,AD,Andorra,EURO,381,40709,0,153
4/24/2022,AD,Andorra,EURO,304,41013,0,153
5/1/2022,AD,Andorra,EURO,336,41349,0,153
5/8/2022,AD,Andorra,EURO,368,41717,0,153
5/15/2022,AD,Andorra,EURO,439,42156,0,153
5/22/2022,AD,Andorra,EURO,416,42572,0,153
5/29/2022,AD,Andorra,EURO,322,42894,0,153
6/5/2022,AD,Andorra,EURO,173,43067,0,153
6/12/2022,AD,Andorra,EURO,157,43224,0,153
6/19/2022,AD,Andorra,EURO,225,43449,0,153
6/26/2022,AD,Andorra,EURO,325,43774,0,153
7/3/2022,AD,Andorra,EURO,403,44177,0,153
7/10/2022,AD,Andorra,EURO,494,44671,0,153
7/17/2022,AD,Andorra,EURO,390,45061,0,153
7/24/2022,AD,Andorra,EURO,265,45326,0,153
7/31/2022,AD,Andorra,EURO,182,45508,0,153
8/7/2022,AD,Andorra,EURO,285,45793,1,154
8/14/2022,AD,Andorra,EURO,106,45899,0,154
8/21/2022,AD,Andorra,EURO,76,45975,0,154
8/28/2022,AD,Andorra,EURO,52,46027,0,154
9/4/2022,AD,Andorra,EURO,0,46027,0,154
9/11/2022,AD,Andorra,EURO,86,46113,1,155
9/18/2022,AD,Andorra,EURO,34,46147,0,155
9/25/2022,AD,Andorra,EURO,0,46147,0,155
10/2/2022,AD,Andorra,EURO,80,46227,0,155
10/9/2022,AD,Andorra,EURO,48,46275,0,155
10/16/2022,AD,Andorra,EURO,91,46366,0,155
10/23/2022,AD,Andorra,EURO,83,46449,0,155
10/30/2022,AD,Andorra,EURO,86,46535,0,155
11/6/2022,AD,Andorra,EURO,53,46588,0,155
11/13/2022,AD,Andorra,EURO,76,46664,0,155
11/20/2022,AD,Andorra,EURO,160,46824,1,156
11/27/2022,AD,Andorra,EURO,0,46824,0,156
12/4/2022,AD,Andorra,EURO,395,47219,1,157
12/11/2022,AD,Andorra,EURO,227,47446,1,158
12/18/2022,AD,Andorra,EURO,160,47606,0,158
12/25/2022,AD,Andorra,EURO,80,47686,0,158
1/1/2023,AD,Andorra,EURO,65,47751,0,158
1/8/2023,AD,Andorra,EURO,30,47781,1,159
1/15/2023,AD,Andorra,EURO,0,47781,0,159
1/22/2023,AD,Andorra,EURO,39,47820,0,159
1/29/2023,AD,Andorra,EURO,19,47839,0,159
2/5/2023,AD,Andorra,EURO,11,47850,0,159
2/12/2023,AD,Andorra,EURO,10,47860,0,159
2/19/2023,AD,Andorra,EURO,6,47866,0,159
2/26/2023,AD,Andorra,EURO,9,47875,0,159
3/5/2023,AD,Andorra,EURO,15,47890,0,159
3/12/2023,AD,Andorra,EURO,8,47898,0,159
3/19/2023,AD,Andorra,EURO,10,47908,0,159
3/26/2023,AD,Andorra,EURO,9,47917,0,159
4/2/2023,AD,Andorra,EURO,13,47930,0,159
4/9/2023,AD,Andorra,EURO,9,47939,0,159
4/16/2023,AD,Andorra,EURO,6,47945,0,159
4/23/2023,AD,Andorra,EURO,0,47945,0,159
4/30/2023,AD,Andorra,EURO,29,47974,0,159
5/7/2023,AD,Andorra,EURO,41,48015,0,159
5/14/2023,AD,Andorra,EURO,0,48015,0,159
5/21/2023,AD,Andorra,EURO,0,48015,0,159
5/28/2023,AD,Andorra,EURO,0,48015,0,159
6/4/2023,AD,Andorra,EURO,0,48015,0,159
6/11/2023,AD,Andorra,EURO,0,48015,0,159
6/18/2023,AD,Andorra,EURO,0,48015,0,159
6/25/2023,AD,Andorra,EURO,0,48015,0,159
7/2/2023,AD,Andorra,EURO,0,48015,0,159
7/9/2023,AD,Andorra,EURO,0,48015,0,159
7/16/2023,AD,Andorra,EURO,0,48015,0,159
7/23/2023,AD,Andorra,EURO,0,48015,0,159
7/30/2023,AD,Andorra,EURO,0,48015,0,159
8/6/2023,AD,Andorra,EURO,0,48015,0,159
8/13/2023,AD,Andorra,EURO,0,48015,0,159
8/20/2023,AD,Andorra,EURO,0,48015,0,159
8/27/2023,AD,Andorra,EURO,0,48015,0,159
9/3/2023,AD,Andorra,EURO,0,48015,0,159
9/10/2023,AD,Andorra,EURO,0,48015,0,159
9/17/2023,AD,Andorra,EURO,0,48015,0,159
9/24/2023,AD,Andorra,EURO,0,48015,0,159
10/1/2023,AD,Andorra,EURO,0,48015,0,159
10/8/2023,AD,Andorra,EURO,0,48015,0,159
10/15/2023,AD,Andorra,EURO,0,48015,0,159
10/22/2023,AD,Andorra,EURO,0,48015,0,159
10/29/2023,AD,Andorra,EURO,0,48015,0,159
11/5/2023,AD,Andorra,EURO,0,48015,0,159
11/12/2023,AD,Andorra,EURO,0,48015,0,159
11/19/2023,AD,Andorra,EURO,0,48015,0,159
11/26/2023,AD,Andorra,EURO,0,48015,0,159
12/3/2023,AD,Andorra,EURO,0,48015,0,159
12/10/2023,AD,Andorra,EURO,0,48015,0,159
12/17/2023,AD,Andorra,EURO,0,48015,0,159
12/24/2023,AD,Andorra,EURO,0,48015,0,159
1/5/2020,AO,Angola,AFRO,0,0,0,0
1/12/2020,AO,Angola,AFRO,0,0,0,0
1/19/2020,AO,Angola,AFRO,0,0,0,0
1/26/2020,AO,Angola,AFRO,0,0,0,0
2/2/2020,AO,Angola,AFRO,0,0,0,0
2/9/2020,AO,Angola,AFRO,0,0,0,0
2/16/2020,AO,Angola,AFRO,0,0,0,0
2/23/2020,AO,Angola,AFRO,0,0,0,0
3/1/2020,AO,Angola,AFRO,0,0,0,0
3/8/2020,AO,Angola,AFRO,0,0,0,0
3/15/2020,AO,Angola,AFRO,0,0,0,0
3/22/2020,AO,Angola,AFRO,0,0,0,0
3/29/2020,AO,Angola,AFRO,0,0,0,0
4/5/2020,AO,Angola,AFRO,10,10,0,0
4/12/2020,AO,Angola,AFRO,9,19,0,0
4/19/2020,AO,Angola,AFRO,5,24,0,0
4/26/2020,AO,Angola,AFRO,1,25,0,0
5/3/2020,AO,Angola,AFRO,10,35,0,0
5/10/2020,AO,Angola,AFRO,8,43,0,0
5/17/2020,AO,Angola,AFRO,5,48,0,0
5/24/2020,AO,Angola,AFRO,13,61,3,3
5/31/2020,AO,Angola,AFRO,23,84,1,4
6/7/2020,AO,Angola,AFRO,4,88,0,4
6/14/2020,AO,Angola,AFRO,50,138,2,6
6/21/2020,AO,Angola,AFRO,34,172,2,8
6/28/2020,AO,Angola,AFRO,87,259,2,10
7/5/2020,AO,Angola,AFRO,87,346,9,19
7/12/2020,AO,Angola,AFRO,137,483,6,25
7/19/2020,AO,Angola,AFRO,204,687,4,29
7/26/2020,AO,Angola,AFRO,229,916,10,39
8/2/2020,AO,Angola,AFRO,248,1164,15,54
8/9/2020,AO,Angola,AFRO,408,1572,16,70
8/16/2020,AO,Angola,AFRO,307,1879,16,86
8/23/2020,AO,Angola,AFRO,255,2134,8,94
8/30/2020,AO,Angola,AFRO,417,2551,13,107
9/6/2020,AO,Angola,AFRO,384,2935,10,117
9/13/2020,AO,Angola,AFRO,400,3335,15,132
9/20/2020,AO,Angola,AFRO,566,3901,15,147
9/27/2020,AO,Angola,AFRO,771,4672,22,169
10/4/2020,AO,Angola,AFRO,698,5370,19,188
10/11/2020,AO,Angola,AFRO,876,6246,33,221
10/18/2020,AO,Angola,AFRO,1216,7462,23,244
10/25/2020,AO,Angola,AFRO,1564,9026,26,270
11/1/2020,AO,Angola,AFRO,1779,10805,17,287
11/8/2020,AO,Angola,AFRO,1530,12335,16,303
11/15/2020,AO,Angola,AFRO,1039,13374,19,322
11/22/2020,AO,Angola,AFRO,1039,14413,14,336
11/29/2020,AO,Angola,AFRO,674,15087,9,345
12/6/2020,AO,Angola,AFRO,449,15536,9,354
12/13/2020,AO,Angola,AFRO,625,16161,12,366
12/20/2020,AO,Angola,AFRO,465,16626,20,386
12/27/2020,AO,Angola,AFRO,523,17149,14,400
1/3/2021,AO,Angola,AFRO,459,17608,7,407
1/10/2021,AO,Angola,AFRO,548,18156,9,416
1/17/2021,AO,Angola,AFRO,609,18765,15,431
1/24/2021,AO,Angola,AFRO,602,19367,26,457
1/31/2021,AO,Angola,AFRO,415,19782,7,464
2/7/2021,AO,Angola,AFRO,280,20062,11,475
2/14/2021,AO,Angola,AFRO,267,20329,16,491
2/21/2021,AO,Angola,AFRO,170,20499,7,498
2/28/2021,AO,Angola,AFRO,283,20782,8,506
3/7/2021,AO,Angola,AFRO,273,21055,6,512
3/14/2021,AO,Angola,AFRO,268,21323,8,520
3/21/2021,AO,Angola,AFRO,373,21696,6,526
3/28/2021,AO,Angola,AFRO,335,22031,7,533
4/4/2021,AO,Angola,AFRO,548,22579,7,540
4/11/2021,AO,Angola,AFRO,752,23331,10,550
4/18/2021,AO,Angola,AFRO,969,24300,11,561
4/25/2021,AO,Angola,AFRO,1192,25492,16,577
5/2/2021,AO,Angola,AFRO,1323,26815,23,600
5/9/2021,AO,Angola,AFRO,1662,28477,30,630
5/16/2021,AO,Angola,AFRO,1877,30354,25,655
5/23/2021,AO,Angola,AFRO,1795,32149,60,715
5/30/2021,AO,Angola,AFRO,2031,34180,42,757
6/6/2021,AO,Angola,AFRO,1414,35594,37,794
6/13/2021,AO,Angola,AFRO,1006,36600,31,825
6/20/2021,AO,Angola,AFRO,1004,37604,31,856
6/27/2021,AO,Angola,AFRO,924,38528,31,887
7/4/2021,AO,Angola,AFRO,644,39172,23,910
7/11/2021,AO,Angola,AFRO,709,39881,19,929
7/18/2021,AO,Angola,AFRO,826,40707,25,954
7/25/2021,AO,Angola,AFRO,1029,41736,28,982
8/1/2021,AO,Angola,AFRO,1041,42777,29,1011
8/8/2021,AO,Angola,AFRO,815,43592,33,1044
8/15/2021,AO,Angola,AFRO,941,44533,42,1086
8/22/2021,AO,Angola,AFRO,1284,45817,54,1140
8/29/2021,AO,Angola,AFRO,1262,47079,52,1192
9/5/2021,AO,Angola,AFRO,1396,48475,66,1258
9/12/2021,AO,Angola,AFRO,1873,50348,69,1327
9/19/2021,AO,Angola,AFRO,1959,52307,61,1388
9/26/2021,AO,Angola,AFRO,2488,54795,99,1487
10/3/2021,AO,Angola,AFRO,3808,58603,87,1574
10/10/2021,AO,Angola,AFRO,2642,61245,44,1618
10/17/2021,AO,Angola,AFRO,1544,62789,44,1662
10/24/2021,AO,Angola,AFRO,986,63775,33,1695
10/31/2021,AO,Angola,AFRO,599,64374,13,1708
11/7/2021,AO,Angola,AFRO,280,64654,11,1719
11/14/2021,AO,Angola,AFRO,245,64899,8,1727
11/21/2021,AO,Angola,AFRO,112,65011,3,1730
11/28/2021,AO,Angola,AFRO,128,65139,3,1733
12/5/2021,AO,Angola,AFRO,105,65244,2,1735
12/12/2021,AO,Angola,AFRO,153,65397,2,1737
12/19/2021,AO,Angola,AFRO,471,65868,1,1738
12/26/2021,AO,Angola,AFRO,5274,71142,8,1746
1/2/2022,AO,Angola,AFRO,11256,82398,26,1772
1/9/2022,AO,Angola,AFRO,6377,88775,37,1809
1/16/2022,AO,Angola,AFRO,4749,93524,48,1857
1/23/2022,AO,Angola,AFRO,2378,95902,29,1886
1/30/2022,AO,Angola,AFRO,2155,98057,8,1894
2/6/2022,AO,Angola,AFRO,294,98351,2,1896
2/13/2022,AO,Angola,AFRO,163,98514,2,1898
2/20/2022,AO,Angola,AFRO,103,98617,1,1899
2/27/2022,AO,Angola,AFRO,84,98701,0,1899
3/6/2022,AO,Angola,AFRO,101,98802,1,1900
3/13/2022,AO,Angola,AFRO,107,98909,0,1900
3/20/2022,AO,Angola,AFRO,101,99010,0,1900
3/27/2022,AO,Angola,AFRO,96,99106,0,1900
4/3/2022,AO,Angola,AFRO,88,99194,0,1900
4/10/2022,AO,Angola,AFRO,0,99194,0,1900
4/17/2022,AO,Angola,AFRO,93,99287,0,1900
4/24/2022,AO,Angola,AFRO,31,99318,0,1900
5/1/2022,AO,Angola,AFRO,5,99323,0,1900
5/8/2022,AO,Angola,AFRO,90,99413,0,1900
5/15/2022,AO,Angola,AFRO,68,99481,0,1900
5/22/2022,AO,Angola,AFRO,46,99527,0,1900
5/29/2022,AO,Angola,AFRO,234,99761,0,1900
6/5/2022,AO,Angola,AFRO,78,99839,0,1900
6/12/2022,AO,Angola,AFRO,0,99839,0,1900
6/19/2022,AO,Angola,AFRO,987,100826,0,1900
6/26/2022,AO,Angola,AFRO,431,101257,0,1900
7/3/2022,AO,Angola,AFRO,343,101600,0,1900
7/10/2022,AO,Angola,AFRO,383,101983,9,1909
7/17/2022,AO,Angola,AFRO,226,102209,3,1912
7/24/2022,AO,Angola,AFRO,92,102301,0,1912
7/31/2022,AO,Angola,AFRO,174,102475,4,1916
8/7/2022,AO,Angola,AFRO,161,102636,1,1917
8/14/2022,AO,Angola,AFRO,107,102743,0,1917
8/21/2022,AO,Angola,AFRO,182,102925,0,1917
8/28/2022,AO,Angola,AFRO,97,103022,0,1917
9/4/2022,AO,Angola,AFRO,107,103129,0,1917
9/11/2022,AO,Angola,AFRO,2,103131,0,1917
9/18/2022,AO,Angola,AFRO,0,103131,0,1917
9/25/2022,AO,Angola,AFRO,0,103131,0,1917
10/2/2022,AO,Angola,AFRO,99,103230,0,1917
10/9/2022,AO,Angola,AFRO,27,103257,0,1917
10/16/2022,AO,Angola,AFRO,42,103299,0,1917
10/23/2022,AO,Angola,AFRO,115,103414,0,1917
10/30/2022,AO,Angola,AFRO,184,103598,0,1917
11/6/2022,AO,Angola,AFRO,350,103948,1,1918
11/13/2022,AO,Angola,AFRO,279,104227,3,1921
11/20/2022,AO,Angola,AFRO,259,104486,2,1923
11/27/2022,AO,Angola,AFRO,173,104659,1,1924
12/4/2022,AO,Angola,AFRO,149,104808,1,1925
12/11/2022,AO,Angola,AFRO,138,104946,3,1928
12/18/2022,AO,Angola,AFRO,88,105034,0,1928
12/25/2022,AO,Angola,AFRO,36,105070,1,1929
1/1/2023,AO,Angola,AFRO,25,105095,1,1930
1/8/2023,AO,Angola,AFRO,45,105140,1,1931
1/15/2023,AO,Angola,AFRO,21,105161,0,1931
1/22/2023,AO,Angola,AFRO,22,105183,0,1931
1/29/2023,AO,Angola,AFRO,1,105184,0,1931
2/5/2023,AO,Angola,AFRO,21,105205,0,1931
2/12/2023,AO,Angola,AFRO,19,105224,1,1932
2/19/2023,AO,Angola,AFRO,19,105243,0,1932
2/26/2023,AO,Angola,AFRO,12,105255,1,1933
3/5/2023,AO,Angola,AFRO,22,105277,0,1933
3/12/2023,AO,Angola,AFRO,11,105288,0,1933
3/19/2023,AO,Angola,AFRO,10,105298,0,1933
3/26/2023,AO,Angola,AFRO,18,105316,0,1933
4/2/2023,AO,Angola,AFRO,15,105331,1,1934
4/9/2023,AO,Angola,AFRO,13,105344,0,1934
4/16/2023,AO,Angola,AFRO,9,105353,0,1934
4/23/2023,AO,Angola,AFRO,31,105384,0,1934
4/30/2023,AO,Angola,AFRO,0,105384,0,1934
5/7/2023,AO,Angola,AFRO,177,105561,2,1936
5/14/2023,AO,Angola,AFRO,120,105681,0,1936
5/21/2023,AO,Angola,AFRO,89,105770,0,1936
5/28/2023,AO,Angola,AFRO,49,105819,0,1936
6/4/2023,AO,Angola,AFRO,32,105851,0,1936
6/11/2023,AO,Angola,AFRO,33,105884,0,1936
6/18/2023,AO,Angola,AFRO,13,105897,0,1936
6/25/2023,AO,Angola,AFRO,7,105904,0,1936
7/2/2023,AO,Angola,AFRO,2,105906,0,1936
7/9/2023,AO,Angola,AFRO,15,105921,0,1936
7/16/2023,AO,Angola,AFRO,4,105925,0,1936
7/23/2023,AO,Angola,AFRO,1,105926,0,1936
7/30/2023,AO,Angola,AFRO,5,105931,0,1936
8/6/2023,AO,Angola,AFRO,2,105933,0,1936
8/13/2023,AO,Angola,AFRO,1,105934,0,1936
8/20/2023,AO,Angola,AFRO,0,105934,0,1936
8/27/2023,AO,Angola,AFRO,3,105937,0,1936
9/3/2023,AO,Angola,AFRO,7,105944,0,1936
9/10/2023,AO,Angola,AFRO,8,105952,0,1936
9/17/2023,AO,Angola,AFRO,8,105960,0,1936
9/24/2023,AO,Angola,AFRO,2,105962,0,1936
10/1/2023,AO,Angola,AFRO,6,105968,0,1936
10/8/2023,AO,Angola,AFRO,4,105972,0,1936
10/15/2023,AO,Angola,AFRO,3,105975,0,1936
10/22/2023,AO,Angola,AFRO,1,105976,0,1936
10/29/2023,AO,Angola,AFRO,0,105976,0,1936
11/5/2023,AO,Angola,AFRO,2,105978,0,1936
11/12/2023,AO,Angola,AFRO,9,105987,0,1936
11/19/2023,AO,Angola,AFRO,15,106002,0,1936
11/26/2023,AO,Angola,AFRO,122,106124,0,1936
12/3/2023,AO,Angola,AFRO,92,106216,1,1937
12/10/2023,AO,Angola,AFRO,87,106303,0,1937
12/17/2023,AO,Angola,AFRO,0,106303,0,1937
12/24/2023,AO,Angola,AFRO,0,106303,0,1937
1/5/2020,AI,Anguilla,AMRO,0,0,0,0
1/12/2020,AI,Anguilla,AMRO,0,0,0,0
1/19/2020,AI,Anguilla,AMRO,0,0,0,0
1/26/2020,AI,Anguilla,AMRO,0,0,0,0
2/2/2020,AI,Anguilla,AMRO,0,0,0,0
2/9/2020,AI,Anguilla,AMRO,0,0,0,0
2/16/2020,AI,Anguilla,AMRO,0,0,0,0
2/23/2020,AI,Anguilla,AMRO,0,0,0,0
3/1/2020,AI,Anguilla,AMRO,0,0,0,0
3/8/2020,AI,Anguilla,AMRO,0,0,0,0
3/15/2020,AI,Anguilla,AMRO,0,0,0,0
3/22/2020,AI,Anguilla,AMRO,0,0,0,0
3/29/2020,AI,Anguilla,AMRO,2,2,0,0
4/5/2020,AI,Anguilla,AMRO,1,3,0,0
4/12/2020,AI,Anguilla,AMRO,0,3,0,0
4/19/2020,AI,Anguilla,AMRO,0,3,0,0
4/26/2020,AI,Anguilla,AMRO,0,3,0,0
5/3/2020,AI,Anguilla,AMRO,0,3,0,0
5/10/2020,AI,Anguilla,AMRO,0,3,0,0
5/17/2020,AI,Anguilla,AMRO,0,3,0,0
5/24/2020,AI,Anguilla,AMRO,0,3,0,0
5/31/2020,AI,Anguilla,AMRO,0,3,0,0
6/7/2020,AI,Anguilla,AMRO,0,3,0,0
6/14/2020,AI,Anguilla,AMRO,0,3,0,0
6/21/2020,AI,Anguilla,AMRO,0,3,0,0
6/28/2020,AI,Anguilla,AMRO,0,3,0,0
7/5/2020,AI,Anguilla,AMRO,0,3,0,0
7/12/2020,AI,Anguilla,AMRO,0,3,0,0
7/19/2020,AI,Anguilla,AMRO,0,3,0,0
7/26/2020,AI,Anguilla,AMRO,0,3,0,0
8/2/2020,AI,Anguilla,AMRO,0,3,0,0
8/9/2020,AI,Anguilla,AMRO,0,3,0,0
8/16/2020,AI,Anguilla,AMRO,0,3,0,0
8/23/2020,AI,Anguilla,AMRO,0,3,0,0
8/30/2020,AI,Anguilla,AMRO,0,3,0,0
9/6/2020,AI,Anguilla,AMRO,0,3,0,0
9/13/2020,AI,Anguilla,AMRO,0,3,0,0
9/20/2020,AI,Anguilla,AMRO,0,3,0,0
9/27/2020,AI,Anguilla,AMRO,0,3,0,0
10/4/2020,AI,Anguilla,AMRO,0,3,0,0
10/11/2020,AI,Anguilla,AMRO,0,3,0,0
10/18/2020,AI,Anguilla,AMRO,0,3,0,0
10/25/2020,AI,Anguilla,AMRO,0,3,0,0
11/1/2020,AI,Anguilla,AMRO,0,3,0,0
11/8/2020,AI,Anguilla,AMRO,0,3,0,0
11/15/2020,AI,Anguilla,AMRO,0,3,0,0
11/22/2020,AI,Anguilla,AMRO,0,3,0,0
11/29/2020,AI,Anguilla,AMRO,1,4,0,0
12/6/2020,AI,Anguilla,AMRO,3,7,0,0
12/13/2020,AI,Anguilla,AMRO,3,10,0,0
12/20/2020,AI,Anguilla,AMRO,0,10,0,0
12/27/2020,AI,Anguilla,AMRO,2,12,0,0
1/3/2021,AI,Anguilla,AMRO,3,15,0,0
1/10/2021,AI,Anguilla,AMRO,0,15,0,0
1/17/2021,AI,Anguilla,AMRO,0,15,0,0
1/24/2021,AI,Anguilla,AMRO,0,15,0,0
1/31/2021,AI,Anguilla,AMRO,2,17,0,0
2/7/2021,AI,Anguilla,AMRO,0,17,0,0
2/14/2021,AI,Anguilla,AMRO,1,18,0,0
2/21/2021,AI,Anguilla,AMRO,0,18,0,0
2/28/2021,AI,Anguilla,AMRO,0,18,0,0
3/7/2021,AI,Anguilla,AMRO,0,18,0,0
3/14/2021,AI,Anguilla,AMRO,3,21,0,0
3/21/2021,AI,Anguilla,AMRO,1,22,0,0
3/28/2021,AI,Anguilla,AMRO,1,23,0,0
4/4/2021,AI,Anguilla,AMRO,2,25,0,0
4/11/2021,AI,Anguilla,AMRO,4,29,0,0
4/18/2021,AI,Anguilla,AMRO,0,29,0,0
4/25/2021,AI,Anguilla,AMRO,29,58,0,0
5/2/2021,AI,Anguilla,AMRO,35,93,0,0
5/9/2021,AI,Anguilla,AMRO,6,99,0,0
5/16/2021,AI,Anguilla,AMRO,10,109,0,0
5/23/2021,AI,Anguilla,AMRO,0,109,0,0
5/30/2021,AI,Anguilla,AMRO,0,109,0,0
6/6/2021,AI,Anguilla,AMRO,0,109,0,0
6/13/2021,AI,Anguilla,AMRO,0,109,0,0
6/20/2021,AI,Anguilla,AMRO,0,109,0,0
6/27/2021,AI,Anguilla,AMRO,0,109,0,0
7/4/2021,AI,Anguilla,AMRO,2,111,0,0
7/11/2021,AI,Anguilla,AMRO,0,111,0,0
7/18/2021,AI,Anguilla,AMRO,1,112,0,0
7/25/2021,AI,Anguilla,AMRO,1,113,0,0
8/1/2021,AI,Anguilla,AMRO,1,114,0,0
8/8/2021,AI,Anguilla,AMRO,0,114,0,0
8/15/2021,AI,Anguilla,AMRO,13,127,0,0
8/22/2021,AI,Anguilla,AMRO,27,154,0,0
8/29/2021,AI,Anguilla,AMRO,40,194,0,0
9/5/2021,AI,Anguilla,AMRO,85,279,0,0
9/12/2021,AI,Anguilla,AMRO,33,312,0,0
9/19/2021,AI,Anguilla,AMRO,19,331,0,0
9/26/2021,AI,Anguilla,AMRO,33,364,1,1
10/3/2021,AI,Anguilla,AMRO,61,425,0,1
10/10/2021,AI,Anguilla,AMRO,119,544,0,1
10/17/2021,AI,Anguilla,AMRO,124,668,0,1
10/24/2021,AI,Anguilla,AMRO,125,793,0,1
10/31/2021,AI,Anguilla,AMRO,99,892,0,1
11/7/2021,AI,Anguilla,AMRO,147,1039,0,1
11/14/2021,AI,Anguilla,AMRO,70,1109,2,3
11/21/2021,AI,Anguilla,AMRO,159,1268,0,3
11/28/2021,AI,Anguilla,AMRO,66,1334,0,3
12/5/2021,AI,Anguilla,AMRO,80,1414,0,3
12/12/2021,AI,Anguilla,AMRO,109,1523,1,4
12/19/2021,AI,Anguilla,AMRO,69,1592,0,4
12/26/2021,AI,Anguilla,AMRO,54,1646,1,5
1/2/2022,AI,Anguilla,AMRO,28,1674,0,5
1/9/2022,AI,Anguilla,AMRO,103,1777,1,6
1/16/2022,AI,Anguilla,AMRO,263,2040,0,6
1/23/2022,AI,Anguilla,AMRO,147,2187,1,7
1/30/2022,AI,Anguilla,AMRO,137,2324,1,8
2/6/2022,AI,Anguilla,AMRO,60,2384,0,8
2/13/2022,AI,Anguilla,AMRO,74,2458,1,9
2/20/2022,AI,Anguilla,AMRO,48,2506,0,9
2/27/2022,AI,Anguilla,AMRO,22,2528,0,9
3/6/2022,AI,Anguilla,AMRO,27,2555,0,9
3/13/2022,AI,Anguilla,AMRO,19,2574,0,9
3/20/2022,AI,Anguilla,AMRO,20,2594,0,9
3/27/2022,AI,Anguilla,AMRO,39,2633,0,9
4/3/2022,AI,Anguilla,AMRO,67,2700,0,9
4/10/2022,AI,Anguilla,AMRO,17,2717,0,9
4/17/2022,AI,Anguilla,AMRO,14,2731,0,9
4/24/2022,AI,Anguilla,AMRO,0,2731,0,9
5/1/2022,AI,Anguilla,AMRO,57,2788,0,9
5/8/2022,AI,Anguilla,AMRO,0,2788,0,9
5/15/2022,AI,Anguilla,AMRO,196,2984,0,9
5/22/2022,AI,Anguilla,AMRO,132,3116,0,9
5/29/2022,AI,Anguilla,AMRO,87,3203,0,9
6/5/2022,AI,Anguilla,AMRO,91,3294,0,9
6/12/2022,AI,Anguilla,AMRO,48,3342,0,9
6/19/2022,AI,Anguilla,AMRO,32,3374,0,9
6/26/2022,AI,Anguilla,AMRO,37,3411,0,9
7/3/2022,AI,Anguilla,AMRO,45,3456,0,9
7/10/2022,AI,Anguilla,AMRO,20,3476,0,9
7/17/2022,AI,Anguilla,AMRO,20,3496,0,9
7/24/2022,AI,Anguilla,AMRO,39,3535,0,9
7/31/2022,AI,Anguilla,AMRO,45,3580,1,10
8/7/2022,AI,Anguilla,AMRO,40,3620,0,10
8/14/2022,AI,Anguilla,AMRO,0,3620,0,10
8/21/2022,AI,Anguilla,AMRO,126,3746,0,10
8/28/2022,AI,Anguilla,AMRO,59,3805,0,10
9/4/2022,AI,Anguilla,AMRO,32,3837,1,11
9/11/2022,AI,Anguilla,AMRO,14,3851,1,12
9/18/2022,AI,Anguilla,AMRO,5,3856,0,12
9/25/2022,AI,Anguilla,AMRO,2,3858,0,12
10/2/2022,AI,Anguilla,AMRO,7,3865,0,12
10/9/2022,AI,Anguilla,AMRO,1,3866,0,12
10/16/2022,AI,Anguilla,AMRO,0,3866,0,12
10/23/2022,AI,Anguilla,AMRO,0,3866,0,12
10/30/2022,AI,Anguilla,AMRO,0,3866,0,12
11/6/2022,AI,Anguilla,AMRO,0,3866,0,12
11/13/2022,AI,Anguilla,AMRO,0,3866,0,12
11/20/2022,AI,Anguilla,AMRO,0,3866,0,12
11/27/2022,AI,Anguilla,AMRO,0,3866,0,12
12/4/2022,AI,Anguilla,AMRO,38,3904,0,12
12/11/2022,AI,Anguilla,AMRO,0,3904,0,12
12/18/2022,AI,Anguilla,AMRO,0,3904,0,12
12/25/2022,AI,Anguilla,AMRO,0,3904,0,12
1/1/2023,AI,Anguilla,AMRO,0,3904,0,12
1/8/2023,AI,Anguilla,AMRO,0,3904,0,12
1/15/2023,AI,Anguilla,AMRO,0,3904,0,12
1/22/2023,AI,Anguilla,AMRO,0,3904,0,12
1/29/2023,AI,Anguilla,AMRO,0,3904,0,12
2/5/2023,AI,Anguilla,AMRO,0,3904,0,12
2/12/2023,AI,Anguilla,AMRO,0,3904,0,12
2/19/2023,AI,Anguilla,AMRO,0,3904,0,12
2/26/2023,AI,Anguilla,AMRO,0,3904,0,12
3/5/2023,AI,Anguilla,AMRO,0,3904,0,12
3/12/2023,AI,Anguilla,AMRO,0,3904,0,12
3/19/2023,AI,Anguilla,AMRO,0,3904,0,12
3/26/2023,AI,Anguilla,AMRO,0,3904,0,12
4/2/2023,AI,Anguilla,AMRO,0,3904,0,12
4/9/2023,AI,Anguilla,AMRO,0,3904,0,12
4/16/2023,AI,Anguilla,AMRO,0,3904,0,12
4/23/2023,AI,Anguilla,AMRO,0,3904,0,12
4/30/2023,AI,Anguilla,AMRO,0,3904,0,12
5/7/2023,AI,Anguilla,AMRO,0,3904,0,12
5/14/2023,AI,Anguilla,AMRO,0,3904,0,12
5/21/2023,AI,Anguilla,AMRO,0,3904,0,12
5/28/2023,AI,Anguilla,AMRO,0,3904,0,12
6/4/2023,AI,Anguilla,AMRO,0,3904,0,12
6/11/2023,AI,Anguilla,AMRO,0,3904,0,12
6/18/2023,AI,Anguilla,AMRO,0,3904,0,12
6/25/2023,AI,Anguilla,AMRO,0,3904,0,12
7/2/2023,AI,Anguilla,AMRO,0,3904,0,12
7/9/2023,AI,Anguilla,AMRO,0,3904,0,12
7/16/2023,AI,Anguilla,AMRO,0,3904,0,12
7/23/2023,AI,Anguilla,AMRO,0,3904,0,12
7/30/2023,AI,Anguilla,AMRO,0,3904,0,12
8/6/2023,AI,Anguilla,AMRO,0,3904,0,12
8/13/2023,AI,Anguilla,AMRO,0,3904,0,12
8/20/2023,AI,Anguilla,AMRO,0,3904,0,12
8/27/2023,AI,Anguilla,AMRO,0,3904,0,12
9/3/2023,AI,Anguilla,AMRO,0,3904,0,12
9/10/2023,AI,Anguilla,AMRO,0,3904,0,12
9/17/2023,AI,Anguilla,AMRO,0,3904,0,12
9/24/2023,AI,Anguilla,AMRO,0,3904,0,12
10/1/2023,AI,Anguilla,AMRO,0,3904,0,12
10/8/2023,AI,Anguilla,AMRO,0,3904,0,12
10/15/2023,AI,Anguilla,AMRO,0,3904,0,12
10/22/2023,AI,Anguilla,AMRO,0,3904,0,12
10/29/2023,AI,Anguilla,AMRO,0,3904,0,12
11/5/2023,AI,Anguilla,AMRO,0,3904,0,12
11/12/2023,AI,Anguilla,AMRO,0,3904,0,12
11/19/2023,AI,Anguilla,AMRO,0,3904,0,12
11/26/2023,AI,Anguilla,AMRO,0,3904,0,12
12/3/2023,AI,Anguilla,AMRO,0,3904,0,12
12/10/2023,AI,Anguilla,AMRO,0,3904,0,12
12/17/2023,AI,Anguilla,AMRO,0,3904,0,12
12/24/2023,AI,Anguilla,AMRO,0,3904,0,12
1/5/2020,AG,Antigua and Barbuda,AMRO,0,0,0,0
1/12/2020,AG,Antigua and Barbuda,AMRO,0,0,0,0
1/19/2020,AG,Antigua and Barbuda,AMRO,0,0,0,0
1/26/2020,AG,Antigua and Barbuda,AMRO,0,0,0,0
2/2/2020,AG,Antigua and Barbuda,AMRO,0,0,0,0
2/9/2020,AG,Antigua and Barbuda,AMRO,0,0,0,0
2/16/2020,AG,Antigua and Barbuda,AMRO,0,0,0,0
2/23/2020,AG,Antigua and Barbuda,AMRO,0,0,0,0
3/1/2020,AG,Antigua and Barbuda,AMRO,0,0,0,0
3/8/2020,AG,Antigua and Barbuda,AMRO,0,0,0,0
3/15/2020,AG,Antigua and Barbuda,AMRO,1,1,0,0
3/22/2020,AG,Antigua and Barbuda,AMRO,0,1,0,0
3/29/2020,AG,Antigua and Barbuda,AMRO,6,7,0,0
4/5/2020,AG,Antigua and Barbuda,AMRO,0,7,0,0
4/12/2020,AG,Antigua and Barbuda,AMRO,14,21,2,2
4/19/2020,AG,Antigua and Barbuda,AMRO,2,23,0,2
4/26/2020,AG,Antigua and Barbuda,AMRO,1,24,1,3
5/3/2020,AG,Antigua and Barbuda,AMRO,0,24,0,3
5/10/2020,AG,Antigua and Barbuda,AMRO,1,25,0,3
5/17/2020,AG,Antigua and Barbuda,AMRO,0,25,0,3
5/24/2020,AG,Antigua and Barbuda,AMRO,0,25,0,3
5/31/2020,AG,Antigua and Barbuda,AMRO,0,25,0,3
6/7/2020,AG,Antigua and Barbuda,AMRO,0,25,0,3
6/14/2020,AG,Antigua and Barbuda,AMRO,1,26,0,3
6/21/2020,AG,Antigua and Barbuda,AMRO,0,26,0,3
6/28/2020,AG,Antigua and Barbuda,AMRO,39,65,0,3
7/5/2020,AG,Antigua and Barbuda,AMRO,3,68,0,3
7/12/2020,AG,Antigua and Barbuda,AMRO,6,74,0,3
7/19/2020,AG,Antigua and Barbuda,AMRO,2,76,0,3
7/26/2020,AG,Antigua and Barbuda,AMRO,6,82,0,3
8/2/2020,AG,Antigua and Barbuda,AMRO,9,91,0,3
8/9/2020,AG,Antigua and Barbuda,AMRO,1,92,0,3
8/16/2020,AG,Antigua and Barbuda,AMRO,1,93,0,3
8/23/2020,AG,Antigua and Barbuda,AMRO,1,94,0,3
8/30/2020,AG,Antigua and Barbuda,AMRO,0,94,0,3
9/6/2020,AG,Antigua and Barbuda,AMRO,1,95,0,3
9/13/2020,AG,Antigua and Barbuda,AMRO,0,95,0,3
9/20/2020,AG,Antigua and Barbuda,AMRO,0,95,0,3
9/27/2020,AG,Antigua and Barbuda,AMRO,3,98,0,3
10/4/2020,AG,Antigua and Barbuda,AMRO,8,106,0,3
10/11/2020,AG,Antigua and Barbuda,AMRO,5,111,0,3
10/18/2020,AG,Antigua and Barbuda,AMRO,2,113,0,3
10/25/2020,AG,Antigua and Barbuda,AMRO,9,122,0,3
11/1/2020,AG,Antigua and Barbuda,AMRO,5,127,0,3
11/8/2020,AG,Antigua and Barbuda,AMRO,3,130,0,3
11/15/2020,AG,Antigua and Barbuda,AMRO,3,133,1,4
11/22/2020,AG,Antigua and Barbuda,AMRO,6,139,0,4
11/29/2020,AG,Antigua and Barbuda,AMRO,2,141,0,4
12/6/2020,AG,Antigua and Barbuda,AMRO,3,144,0,4
12/13/2020,AG,Antigua and Barbuda,AMRO,3,147,0,4
12/20/2020,AG,Antigua and Barbuda,AMRO,5,152,1,5
12/27/2020,AG,Antigua and Barbuda,AMRO,3,155,0,5
1/3/2021,AG,Antigua and Barbuda,AMRO,4,159,0,5
1/10/2021,AG,Antigua and Barbuda,AMRO,10,169,0,5
1/17/2021,AG,Antigua and Barbuda,AMRO,18,187,1,6
1/24/2021,AG,Antigua and Barbuda,AMRO,8,195,0,6
1/31/2021,AG,Antigua and Barbuda,AMRO,23,218,1,7
2/7/2021,AG,Antigua and Barbuda,AMRO,59,277,0,7
2/14/2021,AG,Antigua and Barbuda,AMRO,150,427,2,9
2/21/2021,AG,Antigua and Barbuda,AMRO,171,598,2,11
2/28/2021,AG,Antigua and Barbuda,AMRO,128,726,3,14
3/7/2021,AG,Antigua and Barbuda,AMRO,87,813,7,21
3/14/2021,AG,Antigua and Barbuda,AMRO,149,962,6,27
3/21/2021,AG,Antigua and Barbuda,AMRO,71,1033,1,28
3/28/2021,AG,Antigua and Barbuda,AMRO,89,1122,0,28
4/4/2021,AG,Antigua and Barbuda,AMRO,48,1170,0,28
4/11/2021,AG,Antigua and Barbuda,AMRO,12,1182,2,30
4/18/2021,AG,Antigua and Barbuda,AMRO,31,1213,1,31
4/25/2021,AG,Antigua and Barbuda,AMRO,14,1227,0,31
5/2/2021,AG,Antigua and Barbuda,AMRO,2,1229,1,32
5/9/2021,AG,Antigua and Barbuda,AMRO,8,1237,0,32
5/16/2021,AG,Antigua and Barbuda,AMRO,14,1251,10,42
5/23/2021,AG,Antigua and Barbuda,AMRO,4,1255,0,42
5/30/2021,AG,Antigua and Barbuda,AMRO,4,1259,0,42
6/6/2021,AG,Antigua and Barbuda,AMRO,4,1263,0,42
6/13/2021,AG,Antigua and Barbuda,AMRO,0,1263,0,42
6/20/2021,AG,Antigua and Barbuda,AMRO,0,1263,0,42
6/27/2021,AG,Antigua and Barbuda,AMRO,0,1263,0,42
7/4/2021,AG,Antigua and Barbuda,AMRO,1,1264,0,42
7/11/2021,AG,Antigua and Barbuda,AMRO,2,1266,0,42
7/18/2021,AG,Antigua and Barbuda,AMRO,2,1268,0,42
7/25/2021,AG,Antigua and Barbuda,AMRO,12,1280,1,43
8/1/2021,AG,Antigua and Barbuda,AMRO,23,1303,0,43
8/8/2021,AG,Antigua and Barbuda,AMRO,25,1328,0,43
8/15/2021,AG,Antigua and Barbuda,AMRO,44,1372,0,43
8/22/2021,AG,Antigua and Barbuda,AMRO,118,1490,0,43
8/29/2021,AG,Antigua and Barbuda,AMRO,148,1638,0,43
9/5/2021,AG,Antigua and Barbuda,AMRO,121,1759,3,46
9/12/2021,AG,Antigua and Barbuda,AMRO,394,2153,2,48
9/19/2021,AG,Antigua and Barbuda,AMRO,450,2603,7,55
9/26/2021,AG,Antigua and Barbuda,AMRO,299,2902,9,64
10/3/2021,AG,Antigua and Barbuda,AMRO,501,3403,20,84
10/10/2021,AG,Antigua and Barbuda,AMRO,335,3738,7,91
10/17/2021,AG,Antigua and Barbuda,AMRO,150,3888,4,95
10/24/2021,AG,Antigua and Barbuda,AMRO,122,4010,4,99
10/31/2021,AG,Antigua and Barbuda,AMRO,30,4040,3,102
11/7/2021,AG,Antigua and Barbuda,AMRO,38,4078,2,104
11/14/2021,AG,Antigua and Barbuda,AMRO,40,4118,3,107
11/21/2021,AG,Antigua and Barbuda,AMRO,15,4133,1,108
11/28/2021,AG,Antigua and Barbuda,AMRO,8,4141,9,117
12/5/2021,AG,Antigua and Barbuda,AMRO,6,4147,0,117
12/12/2021,AG,Antigua and Barbuda,AMRO,12,4159,0,117
12/19/2021,AG,Antigua and Barbuda,AMRO,39,4198,0,117
12/26/2021,AG,Antigua and Barbuda,AMRO,31,4229,1,118
1/2/2022,AG,Antigua and Barbuda,AMRO,182,4411,1,119
1/9/2022,AG,Antigua and Barbuda,AMRO,433,4844,0,119
1/16/2022,AG,Antigua and Barbuda,AMRO,477,5321,1,120
1/23/2022,AG,Antigua and Barbuda,AMRO,610,5931,2,122
1/30/2022,AG,Antigua and Barbuda,AMRO,627,6558,5,127
2/6/2022,AG,Antigua and Barbuda,AMRO,174,6732,0,127
2/13/2022,AG,Antigua and Barbuda,AMRO,599,7331,7,134
2/20/2022,AG,Antigua and Barbuda,AMRO,77,7408,1,135
2/27/2022,AG,Antigua and Barbuda,AMRO,29,7437,0,135
3/6/2022,AG,Antigua and Barbuda,AMRO,18,7455,0,135
3/13/2022,AG,Antigua and Barbuda,AMRO,11,7466,0,135
3/20/2022,AG,Antigua and Barbuda,AMRO,4,7470,0,135
3/27/2022,AG,Antigua and Barbuda,AMRO,12,7482,0,135
4/3/2022,AG,Antigua and Barbuda,AMRO,11,7493,0,135
4/10/2022,AG,Antigua and Barbuda,AMRO,18,7511,0,135
4/17/2022,AG,Antigua and Barbuda,AMRO,24,7535,0,135
4/24/2022,AG,Antigua and Barbuda,AMRO,36,7571,0,135
5/1/2022,AG,Antigua and Barbuda,AMRO,55,7626,1,136
5/8/2022,AG,Antigua and Barbuda,AMRO,37,7663,1,137
5/15/2022,AG,Antigua and Barbuda,AMRO,58,7721,0,137
5/22/2022,AG,Antigua and Barbuda,AMRO,221,7942,1,138
5/29/2022,AG,Antigua and Barbuda,AMRO,177,8119,0,138
6/5/2022,AG,Antigua and Barbuda,AMRO,213,8332,0,138
6/12/2022,AG,Antigua and Barbuda,AMRO,160,8492,2,140
6/19/2022,AG,Antigua and Barbuda,AMRO,89,8581,0,140
6/26/2022,AG,Antigua and Barbuda,AMRO,44,8625,1,141
7/3/2022,AG,Antigua and Barbuda,AMRO,31,8656,0,141
7/10/2022,AG,Antigua and Barbuda,AMRO,30,8686,2,143
7/17/2022,AG,Antigua and Barbuda,AMRO,18,8704,0,143
7/24/2022,AG,Antigua and Barbuda,AMRO,32,8736,1,144
7/31/2022,AG,Antigua and Barbuda,AMRO,37,8773,0,144
8/7/2022,AG,Antigua and Barbuda,AMRO,14,8787,0,144
8/14/2022,AG,Antigua and Barbuda,AMRO,33,8820,0,144
8/21/2022,AG,Antigua and Barbuda,AMRO,75,8895,0,144
8/28/2022,AG,Antigua and Barbuda,AMRO,54,8949,1,145
9/4/2022,AG,Antigua and Barbuda,AMRO,25,8974,0,145
9/11/2022,AG,Antigua and Barbuda,AMRO,0,8974,0,145
9/18/2022,AG,Antigua and Barbuda,AMRO,34,9008,0,145
9/25/2022,AG,Antigua and Barbuda,AMRO,81,9089,1,146
10/2/2022,AG,Antigua and Barbuda,AMRO,9,9098,0,146
10/9/2022,AG,Antigua and Barbuda,AMRO,8,9106,0,146
10/16/2022,AG,Antigua and Barbuda,AMRO,0,9106,0,146
10/23/2022,AG,Antigua and Barbuda,AMRO,0,9106,0,146
10/30/2022,AG,Antigua and Barbuda,AMRO,0,9106,0,146
11/6/2022,AG,Antigua and Barbuda,AMRO,0,9106,0,146
11/13/2022,AG,Antigua and Barbuda,AMRO,0,9106,0,146
11/20/2022,AG,Antigua and Barbuda,AMRO,0,9106,0,146
11/27/2022,AG,Antigua and Barbuda,AMRO,0,9106,0,146
12/4/2022,AG,Antigua and Barbuda,AMRO,0,9106,0,146
12/11/2022,AG,Antigua and Barbuda,AMRO,0,9106,0,146
12/18/2022,AG,Antigua and Barbuda,AMRO,0,9106,0,146
12/25/2022,AG,Antigua and Barbuda,AMRO,0,9106,0,146
1/1/2023,AG,Antigua and Barbuda,AMRO,0,9106,0,146
1/8/2023,AG,Antigua and Barbuda,AMRO,0,9106,0,146
1/15/2023,AG,Antigua and Barbuda,AMRO,0,9106,0,146
1/22/2023,AG,Antigua and Barbuda,AMRO,0,9106,0,146
1/29/2023,AG,Antigua and Barbuda,AMRO,0,9106,0,146
2/5/2023,AG,Antigua and Barbuda,AMRO,0,9106,0,146
2/12/2023,AG,Antigua and Barbuda,AMRO,0,9106,0,146
2/19/2023,AG,Antigua and Barbuda,AMRO,0,9106,0,146
2/26/2023,AG,Antigua and Barbuda,AMRO,0,9106,0,146
3/5/2023,AG,Antigua and Barbuda,AMRO,0,9106,0,146
3/12/2023,AG,Antigua and Barbuda,AMRO,0,9106,0,146
3/19/2023,AG,Antigua and Barbuda,AMRO,0,9106,0,146
3/26/2023,AG,Antigua and Barbuda,AMRO,0,9106,0,146
4/2/2023,AG,Antigua and Barbuda,AMRO,0,9106,0,146
4/9/2023,AG,Antigua and Barbuda,AMRO,0,9106,0,146
4/16/2023,AG,Antigua and Barbuda,AMRO,0,9106,0,146
4/23/2023,AG,Antigua and Barbuda,AMRO,0,9106,0,146
4/30/2023,AG,Antigua and Barbuda,AMRO,0,9106,0,146
5/7/2023,AG,Antigua and Barbuda,AMRO,0,9106,0,146
5/14/2023,AG,Antigua and Barbuda,AMRO,0,9106,0,146
5/21/2023,AG,Antigua and Barbuda,AMRO,0,9106,0,146
5/28/2023,AG,Antigua and Barbuda,AMRO,0,9106,0,146
6/4/2023,AG,Antigua and Barbuda,AMRO,0,9106,0,146
6/11/2023,AG,Antigua and Barbuda,AMRO,0,9106,0,146
6/18/2023,AG,Antigua and Barbuda,AMRO,0,9106,0,146
6/25/2023,AG,Antigua and Barbuda,AMRO,0,9106,0,146
7/2/2023,AG,Antigua and Barbuda,AMRO,0,9106,0,146
7/9/2023,AG,Antigua and Barbuda,AMRO,0,9106,0,146
7/16/2023,AG,Antigua and Barbuda,AMRO,0,9106,0,146
7/23/2023,AG,Antigua and Barbuda,AMRO,0,9106,0,146
7/30/2023,AG,Antigua and Barbuda,AMRO,0,9106,0,146
8/6/2023,AG,Antigua and Barbuda,AMRO,0,9106,0,146
8/13/2023,AG,Antigua and Barbuda,AMRO,0,9106,0,146
8/20/2023,AG,Antigua and Barbuda,AMRO,0,9106,0,146
8/27/2023,AG,Antigua and Barbuda,AMRO,0,9106,0,146
9/3/2023,AG,Antigua and Barbuda,AMRO,0,9106,0,146
9/10/2023,AG,Antigua and Barbuda,AMRO,0,9106,0,146
9/17/2023,AG,Antigua and Barbuda,AMRO,0,9106,0,146
9/24/2023,AG,Antigua and Barbuda,AMRO,0,9106,0,146
10/1/2023,AG,Antigua and Barbuda,AMRO,0,9106,0,146
10/8/2023,AG,Antigua and Barbuda,AMRO,0,9106,0,146
10/15/2023,AG,Antigua and Barbuda,AMRO,0,9106,0,146
10/22/2023,AG,Antigua and Barbuda,AMRO,0,9106,0,146
10/29/2023,AG,Antigua and Barbuda,AMRO,0,9106,0,146
11/5/2023,AG,Antigua and Barbuda,AMRO,0,9106,0,146
11/12/2023,AG,Antigua and Barbuda,AMRO,0,9106,0,146
11/19/2023,AG,Antigua and Barbuda,AMRO,0,9106,0,146
11/26/2023,AG,Antigua and Barbuda,AMRO,0,9106,0,146
12/3/2023,AG,Antigua and Barbuda,AMRO,0,9106,0,146
12/10/2023,AG,Antigua and Barbuda,AMRO,0,9106,0,146
12/17/2023,AG,Antigua and Barbuda,AMRO,0,9106,0,146
12/24/2023,AG,Antigua and Barbuda,AMRO,0,9106,0,146
1/5/2020,AR,Argentina,AMRO,0,0,0,0
1/12/2020,AR,Argentina,AMRO,0,0,0,0
1/19/2020,AR,Argentina,AMRO,0,0,0,0
1/26/2020,AR,Argentina,AMRO,0,0,0,0
2/2/2020,AR,Argentina,AMRO,0,0,0,0
2/9/2020,AR,Argentina,AMRO,0,0,0,0
2/16/2020,AR,Argentina,AMRO,0,0,0,0
2/23/2020,AR,Argentina,AMRO,0,0,0,0
3/1/2020,AR,Argentina,AMRO,0,0,0,0
3/8/2020,AR,Argentina,AMRO,22,22,1,1
3/15/2020,AR,Argentina,AMRO,109,131,8,9
3/22/2020,AR,Argentina,AMRO,405,536,11,20
3/29/2020,AR,Argentina,AMRO,746,1282,50,70
4/5/2020,AR,Argentina,AMRO,791,2073,61,131
4/12/2020,AR,Argentina,AMRO,917,2990,74,205
4/19/2020,AR,Argentina,AMRO,1076,4066,74,279
4/26/2020,AR,Argentina,AMRO,1398,5464,132,411
5/3/2020,AR,Argentina,AMRO,1289,6753,115,526
5/10/2020,AR,Argentina,AMRO,1897,8650,120,646
5/17/2020,AR,Argentina,AMRO,2910,11560,144,790
5/24/2020,AR,Argentina,AMRO,5061,16621,219,1009
5/31/2020,AR,Argentina,AMRO,5785,22406,297,1306
6/7/2020,AR,Argentina,AMRO,7297,29703,358,1664
6/14/2020,AR,Argentina,AMRO,10685,40388,458,2122
6/21/2020,AR,Argentina,AMRO,14050,54438,602,2724
6/28/2020,AR,Argentina,AMRO,19007,73445,776,3500
7/5/2020,AR,Argentina,AMRO,20195,93640,903,4403
7/12/2020,AR,Argentina,AMRO,24971,118611,1153,5556
7/19/2020,AR,Argentina,AMRO,31572,150183,1374,6930
7/26/2020,AR,Argentina,AMRO,39247,189430,1544,8474
8/2/2020,AR,Argentina,AMRO,41965,231395,1456,9930
8/9/2020,AR,Argentina,AMRO,51641,283036,1762,11692
8/16/2020,AR,Argentina,AMRO,48677,331713,1662,13354
8/23/2020,AR,Argentina,AMRO,51183,382896,1877,15231
8/30/2020,AR,Argentina,AMRO,68979,451875,2260,17491
9/6/2020,AR,Argentina,AMRO,72320,524195,2324,19815
9/13/2020,AR,Argentina,AMRO,78158,602353,2446,22261
9/20/2020,AR,Argentina,AMRO,75330,677683,2340,24601
9/27/2020,AR,Argentina,AMRO,81712,759395,2456,27057
10/4/2020,AR,Argentina,AMRO,87054,846449,2523,29580
10/11/2020,AR,Argentina,AMRO,96217,942666,2602,32182
10/18/2020,AR,Argentina,AMRO,95982,1038648,2449,34631
10/25/2020,AR,Argentina,AMRO,97588,1136236,2348,36979
11/1/2020,AR,Argentina,AMRO,81504,1217740,1854,38833
11/8/2020,AR,Argentina,AMRO,70725,1288465,1683,40516
11/15/2020,AR,Argentina,AMRO,67129,1355594,1452,41968
11/22/2020,AR,Argentina,AMRO,57887,1413481,1170,43138
11/29/2020,AR,Argentina,AMRO,48034,1461515,943,44081
12/6/2020,AR,Argentina,AMRO,42762,1504277,862,44943
12/13/2020,AR,Argentina,AMRO,35314,1539591,795,45738
12/20/2020,AR,Argentina,AMRO,45454,1585045,910,46648
12/27/2020,AR,Argentina,AMRO,44863,1629908,859,47507
1/3/2021,AR,Argentina,AMRO,60464,1690372,1103,48610
1/10/2021,AR,Argentina,AMRO,84733,1775105,1415,50025
1/17/2021,AR,Argentina,AMRO,77946,1853051,1300,51325
1/24/2021,AR,Argentina,AMRO,79316,1932367,1260,52585
1/31/2021,AR,Argentina,AMRO,61185,1993552,1131,53716
2/7/2021,AR,Argentina,AMRO,51269,2044821,948,54664
2/14/2021,AR,Argentina,AMRO,50744,2095565,935,55599
2/21/2021,AR,Argentina,AMRO,42687,2138252,797,56396
2/28/2021,AR,Argentina,AMRO,44701,2182953,831,57227
3/7/2021,AR,Argentina,AMRO,43723,2226676,884,58111
3/14/2021,AR,Argentina,AMRO,50279,2276955,977,59088
3/21/2021,AR,Argentina,AMRO,51631,2328586,994,60082
3/28/2021,AR,Argentina,AMRO,71481,2400067,1259,61341
4/4/2021,AR,Argentina,AMRO,93977,2494044,1654,62995
4/11/2021,AR,Argentina,AMRO,153369,2647413,2619,65614
4/18/2021,AR,Argentina,AMRO,164523,2811936,3293,68907
4/25/2021,AR,Argentina,AMRO,165754,2977690,3470,72377
5/2/2021,AR,Argentina,AMRO,141493,3119183,3115,75492
5/9/2021,AR,Argentina,AMRO,144708,3263891,3189,78681
5/16/2021,AR,Argentina,AMRO,165989,3429880,3641,82322
5/23/2021,AR,Argentina,AMRO,234660,3664540,4516,86838
5/30/2021,AR,Argentina,AMRO,208332,3872872,4339,91177
6/6/2021,AR,Argentina,AMRO,195205,4068077,3978,95155
6/13/2021,AR,Argentina,AMRO,162769,4230846,3317,98472
6/20/2021,AR,Argentina,AMRO,137636,4368482,2694,101166
6/27/2021,AR,Argentina,AMRO,133147,4501629,2532,103698
7/4/2021,AR,Argentina,AMRO,125444,4627073,2169,105867
7/11/2021,AR,Argentina,AMRO,108881,4735954,1889,107756
7/18/2021,AR,Argentina,AMRO,105110,4841064,1782,109538
7/25/2021,AR,Argentina,AMRO,88348,4929412,1367,110905
8/1/2021,AR,Argentina,AMRO,87225,5016637,1205,112110
8/8/2021,AR,Argentina,AMRO,80437,5097074,1157,113267
8/15/2021,AR,Argentina,AMRO,62306,5159380,893,114160
8/22/2021,AR,Argentina,AMRO,47254,5206634,684,114844
8/29/2021,AR,Argentina,AMRO,38265,5244899,537,115381
9/5/2021,AR,Argentina,AMRO,28531,5273430,418,115799
9/12/2021,AR,Argentina,AMRO,19860,5293290,290,116089
9/19/2021,AR,Argentina,AMRO,14221,5307511,218,116307
9/26/2021,AR,Argentina,AMRO,10997,5318508,127,116434
10/3/2021,AR,Argentina,AMRO,9250,5327758,87,116521
10/10/2021,AR,Argentina,AMRO,6633,5334391,84,116605
10/17/2021,AR,Argentina,AMRO,7214,5341605,86,116691
10/24/2021,AR,Argentina,AMRO,8597,5350202,70,116761
10/31/2021,AR,Argentina,AMRO,9024,5359226,62,116823
11/7/2021,AR,Argentina,AMRO,8642,5367868,64,116887
11/14/2021,AR,Argentina,AMRO,9415,5377283,82,116969
11/21/2021,AR,Argentina,AMRO,10247,5387530,99,117068
11/28/2021,AR,Argentina,AMRO,11855,5399385,114,117182
12/5/2021,AR,Argentina,AMRO,15763,5415148,117,117299
12/12/2021,AR,Argentina,AMRO,20177,5435325,135,117434
12/19/2021,AR,Argentina,AMRO,37801,5473126,163,117597
12/26/2021,AR,Argentina,AMRO,86790,5559916,233,117830
1/2/2022,AR,Argentina,AMRO,262012,5821928,421,118251
1/9/2022,AR,Argentina,AMRO,647721,6469649,1003,119254
1/16/2022,AR,Argentina,AMRO,770687,7240336,1808,121062
1/23/2022,AR,Argentina,AMRO,727782,7968118,2464,123526
1/30/2022,AR,Argentina,AMRO,432304,8400422,1988,125514
2/6/2022,AR,Argentina,AMRO,226829,8627251,1212,126726
2/13/2022,AR,Argentina,AMRO,124665,8751916,628,127354
2/20/2022,AR,Argentina,AMRO,83236,8835152,454,127808
2/27/2022,AR,Argentina,AMRO,64211,8899363,223,128031
3/6/2022,AR,Argentina,AMRO,36613,8935976,113,128144
3/13/2022,AR,Argentina,AMRO,31940,8967916,71,128215
3/20/2022,AR,Argentina,AMRO,34029,9001945,51,128266
3/27/2022,AR,Argentina,AMRO,15927,9017872,33,128299
4/3/2022,AR,Argentina,AMRO,12994,9030866,31,128330
4/10/2022,AR,Argentina,AMRO,9837,9040703,11,128341
4/17/2022,AR,Argentina,AMRO,6695,9047398,3,128344
4/24/2022,AR,Argentina,AMRO,24832,9072230,198,128542
5/1/2022,AR,Argentina,AMRO,11443,9083673,111,128653
5/8/2022,AR,Argentina,AMRO,17646,9101319,76,128729
5/15/2022,AR,Argentina,AMRO,33989,9135308,47,128776
5/22/2022,AR,Argentina,AMRO,43487,9178795,49,128825
5/29/2022,AR,Argentina,AMRO,51778,9230573,64,128889
6/5/2022,AR,Argentina,AMRO,46045,9276618,84,128973
6/12/2022,AR,Argentina,AMRO,36835,9313453,21,128994
6/19/2022,AR,Argentina,AMRO,28039,9341492,22,129016
6/26/2022,AR,Argentina,AMRO,25680,9367172,54,129070
7/3/2022,AR,Argentina,AMRO,27154,9394326,39,129109
7/10/2022,AR,Argentina,AMRO,31845,9426171,36,129145
7/17/2022,AR,Argentina,AMRO,39656,9465827,57,129202
7/24/2022,AR,Argentina,AMRO,41735,9507562,76,129278
7/31/2022,AR,Argentina,AMRO,52745,9560307,91,129369
8/7/2022,AR,Argentina,AMRO,42227,9602534,71,129440
8/14/2022,AR,Argentina,AMRO,31198,9633732,126,129566
8/21/2022,AR,Argentina,AMRO,24659,9658391,80,129646
8/28/2022,AR,Argentina,AMRO,19834,9678225,65,129711
9/4/2022,AR,Argentina,AMRO,11636,9689861,58,129769
9/11/2022,AR,Argentina,AMRO,7902,9697763,61,129830
9/18/2022,AR,Argentina,AMRO,6175,9703938,25,129855
9/25/2022,AR,Argentina,AMRO,4482,9708420,42,129897
10/2/2022,AR,Argentina,AMRO,2935,9711355,40,129937
10/9/2022,AR,Argentina,AMRO,2239,9713594,21,129958
10/16/2022,AR,Argentina,AMRO,1870,9715464,12,129970
10/23/2022,AR,Argentina,AMRO,2082,9717546,9,129979
10/30/2022,AR,Argentina,AMRO,1329,9718875,12,129991
11/6/2022,AR,Argentina,AMRO,1357,9720232,12,130003
11/13/2022,AR,Argentina,AMRO,1486,9721718,8,130011
11/20/2022,AR,Argentina,AMRO,2206,9723924,6,130017
11/27/2022,AR,Argentina,AMRO,3323,9727247,8,130025
12/4/2022,AR,Argentina,AMRO,12609,9739856,9,130034
12/11/2022,AR,Argentina,AMRO,27119,9766975,7,130041
12/18/2022,AR,Argentina,AMRO,62261,9829236,39,130080
12/25/2022,AR,Argentina,AMRO,61903,9891139,44,130124
1/1/2023,AR,Argentina,AMRO,72558,9963697,47,130171
1/8/2023,AR,Argentina,AMRO,40982,10004679,78,130249
1/15/2023,AR,Argentina,AMRO,19416,10024095,89,130338
1/22/2023,AR,Argentina,AMRO,8614,10032709,56,130394
1/29/2023,AR,Argentina,AMRO,4426,10037135,27,130421
2/5/2023,AR,Argentina,AMRO,3194,10040329,16,130437
2/12/2023,AR,Argentina,AMRO,1807,10042136,11,130448
2/19/2023,AR,Argentina,AMRO,1172,10043308,10,130458
2/26/2023,AR,Argentina,AMRO,817,10044125,5,130463
3/5/2023,AR,Argentina,AMRO,832,10044957,9,130472
3/12/2023,AR,Argentina,AMRO,0,10044957,0,130472
3/19/2023,AR,Argentina,AMRO,0,10044957,0,130472
3/26/2023,AR,Argentina,AMRO,0,10044957,0,130472
4/2/2023,AR,Argentina,AMRO,0,10044957,0,130472
4/9/2023,AR,Argentina,AMRO,0,10044957,0,130472
4/16/2023,AR,Argentina,AMRO,0,10044957,0,130472
4/23/2023,AR,Argentina,AMRO,0,10044957,0,130472
4/30/2023,AR,Argentina,AMRO,0,10044957,0,130472
5/7/2023,AR,Argentina,AMRO,0,10044957,0,130472
5/14/2023,AR,Argentina,AMRO,0,10044957,0,130472
5/21/2023,AR,Argentina,AMRO,0,10044957,0,130472
5/28/2023,AR,Argentina,AMRO,420,10045377,2,130474
6/4/2023,AR,Argentina,AMRO,448,10045825,2,130476
6/11/2023,AR,Argentina,AMRO,528,10046353,5,130481
6/18/2023,AR,Argentina,AMRO,502,10046855,3,130484
6/25/2023,AR,Argentina,AMRO,580,10047435,5,130489
7/2/2023,AR,Argentina,AMRO,705,10048140,6,130495
7/9/2023,AR,Argentina,AMRO,788,10048928,7,130502
7/16/2023,AR,Argentina,AMRO,593,10049521,10,130512
7/23/2023,AR,Argentina,AMRO,589,10050110,6,130518
7/30/2023,AR,Argentina,AMRO,758,10050868,8,130526
8/6/2023,AR,Argentina,AMRO,942,10051810,6,130532
8/13/2023,AR,Argentina,AMRO,1119,10052929,8,130540
8/20/2023,AR,Argentina,AMRO,1676,10054605,6,130546
8/27/2023,AR,Argentina,AMRO,2165,10056770,10,130556
9/3/2023,AR,Argentina,AMRO,3090,10059860,15,130571
9/10/2023,AR,Argentina,AMRO,2674,10062534,17,130588
9/17/2023,AR,Argentina,AMRO,2192,10064726,21,130609
9/24/2023,AR,Argentina,AMRO,1869,10066595,16,130625
10/1/2023,AR,Argentina,AMRO,1305,10067900,9,130634
10/8/2023,AR,Argentina,AMRO,1228,10069128,9,130643
10/15/2023,AR,Argentina,AMRO,852,10069980,7,130650
10/22/2023,AR,Argentina,AMRO,844,10070824,6,130656
10/29/2023,AR,Argentina,AMRO,655,10071479,3,130659
11/5/2023,AR,Argentina,AMRO,443,10071922,4,130663
11/12/2023,AR,Argentina,AMRO,445,10072367,7,130670
11/19/2023,AR,Argentina,AMRO,482,10072849,7,130677
11/26/2023,AR,Argentina,AMRO,489,10073338,3,130680
12/3/2023,AR,Argentina,AMRO,589,10073927,1,130681
12/10/2023,AR,Argentina,AMRO,411,10074338,2,130683
12/17/2023,AR,Argentina,AMRO,415,10074753,2,130685
12/24/2023,AR,Argentina,AMRO,0,10074753,0,130685
1/5/2020,AM,Armenia,EURO,0,0,0,0
1/12/2020,AM,Armenia,EURO,0,0,0,0
1/19/2020,AM,Armenia,EURO,0,0,0,0
1/26/2020,AM,Armenia,EURO,0,0,0,0
2/2/2020,AM,Armenia,EURO,0,0,0,0
2/9/2020,AM,Armenia,EURO,0,0,0,0
2/16/2020,AM,Armenia,EURO,0,0,0,0
2/23/2020,AM,Armenia,EURO,0,0,0,0
3/1/2020,AM,Armenia,EURO,0,0,0,0
3/8/2020,AM,Armenia,EURO,1,1,0,0
3/15/2020,AM,Armenia,EURO,19,20,0,0
3/22/2020,AM,Armenia,EURO,170,190,0,0
3/29/2020,AM,Armenia,EURO,234,424,1,1
4/5/2020,AM,Armenia,EURO,398,822,6,7
4/12/2020,AM,Armenia,EURO,191,1013,6,13
4/19/2020,AM,Armenia,EURO,278,1291,7,20
4/26/2020,AM,Armenia,EURO,455,1746,8,28
5/3/2020,AM,Armenia,EURO,640,2386,7,35
5/10/2020,AM,Armenia,EURO,927,3313,10,45
5/17/2020,AM,Armenia,EURO,1159,4472,15,60
5/24/2020,AM,Armenia,EURO,2189,6661,21,81
5/31/2020,AM,Armenia,EURO,2621,9282,50,131
6/7/2020,AM,Armenia,EURO,3848,13130,69,200
6/14/2020,AM,Armenia,EURO,3537,16667,69,269
6/21/2020,AM,Armenia,EURO,3601,20268,81,350
6/28/2020,AM,Armenia,EURO,4377,24645,76,426
7/5/2020,AM,Armenia,EURO,3961,28606,58,484
7/12/2020,AM,Armenia,EURO,3363,31969,81,565
7/19/2020,AM,Armenia,EURO,2908,34877,76,641
7/26/2020,AM,Armenia,EURO,2440,37317,64,705
8/2/2020,AM,Armenia,EURO,1733,39050,49,754
8/9/2020,AM,Armenia,EURO,1360,40410,37,791
8/16/2020,AM,Armenia,EURO,1253,41663,27,818
8/23/2020,AM,Armenia,EURO,1129,42792,34,852
8/30/2020,AM,Armenia,EURO,958,43750,25,877
9/6/2020,AM,Armenia,EURO,1033,44783,20,897
9/13/2020,AM,Armenia,EURO,1079,45862,19,916
9/20/2020,AM,Armenia,EURO,1569,47431,14,930
9/27/2020,AM,Armenia,EURO,1969,49400,21,951
10/4/2020,AM,Armenia,EURO,3096,52496,26,977
10/11/2020,AM,Armenia,EURO,3955,56451,43,1020
10/18/2020,AM,Armenia,EURO,8243,64694,61,1081
10/25/2020,AM,Armenia,EURO,13143,77837,99,1180
11/1/2020,AM,Armenia,EURO,14417,92254,183,1363
11/8/2020,AM,Armenia,EURO,14170,106424,196,1559
11/15/2020,AM,Armenia,EURO,10913,117337,204,1763
11/22/2020,AM,Armenia,EURO,8887,126224,189,1952
11/29/2020,AM,Armenia,EURO,8544,134768,190,2142
12/6/2020,AM,Armenia,EURO,7169,141937,184,2326
12/13/2020,AM,Armenia,EURO,6388,148325,160,2486
12/20/2020,AM,Armenia,EURO,5500,153825,144,2630
12/27/2020,AM,Armenia,EURO,4009,157834,138,2768
1/3/2021,AM,Armenia,EURO,2193,160027,82,2850
1/10/2021,AM,Armenia,EURO,2104,162131,79,2929
1/17/2021,AM,Armenia,EURO,2455,164586,63,2992
1/24/2021,AM,Armenia,EURO,1450,166036,47,3039
1/31/2021,AM,Armenia,EURO,990,167026,41,3080
2/7/2021,AM,Armenia,EURO,1062,168088,37,3117
2/14/2021,AM,Armenia,EURO,1079,169167,24,3141
2/21/2021,AM,Armenia,EURO,1235,170402,23,3164
2/28/2021,AM,Armenia,EURO,1656,172058,28,3192
3/7/2021,AM,Armenia,EURO,2621,174679,29,3221
3/14/2021,AM,Armenia,EURO,3706,178385,34,3255
3/21/2021,AM,Armenia,EURO,5328,183713,93,3348
3/28/2021,AM,Armenia,EURO,6604,190317,116,3464
4/4/2021,AM,Armenia,EURO,6317,196634,128,3592
4/11/2021,AM,Armenia,EURO,6183,202817,143,3735
4/18/2021,AM,Armenia,EURO,5703,208520,143,3878
4/25/2021,AM,Armenia,EURO,4768,213288,140,4018
5/2/2021,AM,Armenia,EURO,3575,216863,121,4139
5/9/2021,AM,Armenia,EURO,2407,219270,95,4234
5/16/2021,AM,Armenia,EURO,1590,220860,89,4323
5/23/2021,AM,Armenia,EURO,1088,221948,69,4392
5/30/2021,AM,Armenia,EURO,688,222636,40,4432
6/6/2021,AM,Armenia,EURO,544,223180,26,4458
6/13/2021,AM,Armenia,EURO,502,223682,26,4484
6/20/2021,AM,Armenia,EURO,545,224227,14,4498
6/27/2021,AM,Armenia,EURO,570,224797,10,4508
7/4/2021,AM,Armenia,EURO,756,225553,18,4526
7/11/2021,AM,Armenia,EURO,835,226388,18,4544
7/18/2021,AM,Armenia,EURO,1042,227430,22,4566
7/25/2021,AM,Armenia,EURO,1368,228798,21,4587
8/1/2021,AM,Armenia,EURO,1541,230339,32,4619
8/8/2021,AM,Armenia,EURO,1818,232157,31,4650
8/15/2021,AM,Armenia,EURO,2401,234558,45,4695
8/22/2021,AM,Armenia,EURO,3076,237634,57,4752
8/29/2021,AM,Armenia,EURO,3702,241336,71,4823
9/5/2021,AM,Armenia,EURO,3689,245025,88,4911
9/12/2021,AM,Armenia,EURO,3825,248850,91,5002
9/19/2021,AM,Armenia,EURO,4750,253600,129,5131
9/26/2021,AM,Armenia,EURO,4945,258545,120,5251
10/3/2021,AM,Armenia,EURO,6145,264690,121,5372
10/10/2021,AM,Armenia,EURO,7666,272356,177,5549
10/17/2021,AM,Armenia,EURO,9635,281991,229,5778
10/24/2021,AM,Armenia,EURO,13377,295368,235,6013
10/31/2021,AM,Armenia,EURO,12958,308326,315,6328
11/7/2021,AM,Armenia,EURO,12107,320433,342,6670
11/14/2021,AM,Armenia,EURO,8530,328963,346,7016
11/21/2021,AM,Armenia,EURO,5112,334075,262,7278
11/28/2021,AM,Armenia,EURO,3856,337931,236,7514
12/5/2021,AM,Armenia,EURO,2792,340723,169,7683
12/12/2021,AM,Armenia,EURO,1815,342538,119,7802
12/19/2021,AM,Armenia,EURO,1098,343636,97,7899
12/26/2021,AM,Armenia,EURO,845,344481,44,7943
1/2/2022,AM,Armenia,EURO,526,345007,34,7977
1/9/2022,AM,Armenia,EURO,848,345855,24,8001
1/16/2022,AM,Armenia,EURO,1762,347617,18,8019
1/23/2022,AM,Armenia,EURO,4094,351711,9,8028
1/30/2022,AM,Armenia,EURO,14722,366433,18,8046
2/6/2022,AM,Armenia,EURO,23524,389957,40,8086
2/13/2022,AM,Armenia,EURO,16422,406379,81,8167
2/20/2022,AM,Armenia,EURO,9085,415464,155,8322
2/27/2022,AM,Armenia,EURO,4229,419693,127,8449
3/6/2022,AM,Armenia,EURO,1648,421341,87,8536
3/13/2022,AM,Armenia,EURO,663,422004,36,8572
3/20/2022,AM,Armenia,EURO,303,422307,23,8595
3/27/2022,AM,Armenia,EURO,151,422458,15,8610
4/3/2022,AM,Armenia,EURO,116,422574,7,8617
4/10/2022,AM,Armenia,EURO,103,422677,3,8620
4/17/2022,AM,Armenia,EURO,85,422762,1,8621
4/24/2022,AM,Armenia,EURO,63,422825,1,8622
5/1/2022,AM,Armenia,EURO,46,422871,0,8622
5/8/2022,AM,Armenia,EURO,21,422892,1,8623
5/15/2022,AM,Armenia,EURO,25,422917,0,8623
5/22/2022,AM,Armenia,EURO,18,422935,1,8624
5/29/2022,AM,Armenia,EURO,25,422960,1,8625
6/5/2022,AM,Armenia,EURO,3,422963,0,8625
6/12/2022,AM,Armenia,EURO,43,423006,0,8625
6/19/2022,AM,Armenia,EURO,38,423044,0,8625
6/26/2022,AM,Armenia,EURO,60,423104,0,8625
7/3/2022,AM,Armenia,EURO,139,423243,1,8626
7/10/2022,AM,Armenia,EURO,174,423417,0,8626
7/17/2022,AM,Armenia,EURO,354,423771,0,8626
7/24/2022,AM,Armenia,EURO,629,424400,0,8626
7/31/2022,AM,Armenia,EURO,965,425365,7,8633
8/7/2022,AM,Armenia,EURO,1434,426799,2,8635
8/14/2022,AM,Armenia,EURO,1849,428648,2,8637
8/21/2022,AM,Armenia,EURO,1713,430361,6,8643
8/28/2022,AM,Armenia,EURO,1913,432274,5,8648
9/4/2022,AM,Armenia,EURO,2124,434398,7,8655
9/11/2022,AM,Armenia,EURO,2329,436727,7,8662
9/18/2022,AM,Armenia,EURO,2086,438813,7,8669
9/25/2022,AM,Armenia,EURO,2142,440955,4,8673
10/2/2022,AM,Armenia,EURO,1431,442386,4,8677
10/9/2022,AM,Armenia,EURO,910,443296,8,8685
10/16/2022,AM,Armenia,EURO,697,443993,9,8694
10/23/2022,AM,Armenia,EURO,387,444380,6,8700
10/30/2022,AM,Armenia,EURO,231,444611,0,8700
11/6/2022,AM,Armenia,EURO,172,444783,3,8703
11/13/2022,AM,Armenia,EURO,185,444968,0,8703
11/20/2022,AM,Armenia,EURO,146,445114,0,8703
11/27/2022,AM,Armenia,EURO,148,445262,0,8703
12/4/2022,AM,Armenia,EURO,119,445381,1,8704
12/11/2022,AM,Armenia,EURO,91,445472,2,8706
12/18/2022,AM,Armenia,EURO,53,445525,0,8706
12/25/2022,AM,Armenia,EURO,58,445583,2,8708
1/1/2023,AM,Armenia,EURO,37,445620,2,8710
1/8/2023,AM,Armenia,EURO,32,445652,1,8711
1/15/2023,AM,Armenia,EURO,39,445691,2,8713
1/22/2023,AM,Armenia,EURO,69,445760,0,8713
1/29/2023,AM,Armenia,EURO,88,445848,0,8713
2/5/2023,AM,Armenia,EURO,105,445953,0,8713
2/12/2023,AM,Armenia,EURO,110,446063,2,8715
2/19/2023,AM,Armenia,EURO,170,446233,1,8716
2/26/2023,AM,Armenia,EURO,230,446463,2,8718
3/5/2023,AM,Armenia,EURO,356,446819,3,8721
3/12/2023,AM,Armenia,EURO,470,447289,6,8727
3/19/2023,AM,Armenia,EURO,441,447730,5,8732
3/26/2023,AM,Armenia,EURO,421,448151,7,8739
4/2/2023,AM,Armenia,EURO,307,448458,4,8743
4/9/2023,AM,Armenia,EURO,249,448707,0,8743
4/16/2023,AM,Armenia,EURO,139,448846,2,8745
4/23/2023,AM,Armenia,EURO,134,448980,1,8746
4/30/2023,AM,Armenia,EURO,82,449062,1,8747
5/7/2023,AM,Armenia,EURO,51,449113,2,8749
5/14/2023,AM,Armenia,EURO,35,449148,0,8749
5/21/2023,AM,Armenia,EURO,21,449169,1,8750
5/28/2023,AM,Armenia,EURO,34,449203,0,8750
6/4/2023,AM,Armenia,EURO,10,449213,0,8750
6/11/2023,AM,Armenia,EURO,9,449222,0,8750
6/18/2023,AM,Armenia,EURO,9,449231,0,8750
6/25/2023,AM,Armenia,EURO,2,449233,1,8751
7/2/2023,AM,Armenia,EURO,22,449255,0,8751
7/9/2023,AM,Armenia,EURO,5,449260,0,8751
7/16/2023,AM,Armenia,EURO,3,449263,0,8751
7/23/2023,AM,Armenia,EURO,10,449273,0,8751
7/30/2023,AM,Armenia,EURO,9,449282,0,8751
8/6/2023,AM,Armenia,EURO,11,449293,0,8751
8/13/2023,AM,Armenia,EURO,6,449299,0,8751
8/20/2023,AM,Armenia,EURO,21,449320,0,8751
8/27/2023,AM,Armenia,EURO,37,449357,0,8751
9/3/2023,AM,Armenia,EURO,31,449388,0,8751
9/10/2023,AM,Armenia,EURO,77,449465,0,8751
9/17/2023,AM,Armenia,EURO,63,449528,0,8751
9/24/2023,AM,Armenia,EURO,122,449650,0,8751
10/1/2023,AM,Armenia,EURO,217,449867,2,8753
10/8/2023,AM,Armenia,EURO,233,450100,3,8756
10/15/2023,AM,Armenia,EURO,234,450334,6,8762
10/22/2023,AM,Armenia,EURO,236,450570,3,8765
10/29/2023,AM,Armenia,EURO,162,450732,2,8767
11/5/2023,AM,Armenia,EURO,141,450873,2,8769
11/12/2023,AM,Armenia,EURO,119,450992,5,8774
11/19/2023,AM,Armenia,EURO,115,451107,0,8774
11/26/2023,AM,Armenia,EURO,0,451107,0,8774
12/3/2023,AM,Armenia,EURO,0,451107,0,8774
12/10/2023,AM,Armenia,EURO,0,451107,0,8774
12/17/2023,AM,Armenia,EURO,165,451272,1,8775
12/24/2023,AM,Armenia,EURO,81,451353,1,8776
1/5/2020,AW,Aruba,AMRO,0,0,0,0
1/12/2020,AW,Aruba,AMRO,0,0,0,0
1/19/2020,AW,Aruba,AMRO,0,0,0,0
1/26/2020,AW,Aruba,AMRO,0,0,0,0
2/2/2020,AW,Aruba,AMRO,0,0,0,0
2/9/2020,AW,Aruba,AMRO,0,0,0,0
2/16/2020,AW,Aruba,AMRO,0,0,0,0
2/23/2020,AW,Aruba,AMRO,0,0,0,0
3/1/2020,AW,Aruba,AMRO,0,0,0,0
3/8/2020,AW,Aruba,AMRO,0,0,0,0
3/15/2020,AW,Aruba,AMRO,0,0,0,0
3/22/2020,AW,Aruba,AMRO,5,5,0,0
3/29/2020,AW,Aruba,AMRO,41,46,0,0
4/5/2020,AW,Aruba,AMRO,18,64,0,0
4/12/2020,AW,Aruba,AMRO,28,92,0,0
4/19/2020,AW,Aruba,AMRO,4,96,2,2
4/26/2020,AW,Aruba,AMRO,4,100,0,2
5/3/2020,AW,Aruba,AMRO,0,100,0,2
5/10/2020,AW,Aruba,AMRO,1,101,1,3
5/17/2020,AW,Aruba,AMRO,0,101,0,3
5/24/2020,AW,Aruba,AMRO,0,101,0,3
5/31/2020,AW,Aruba,AMRO,0,101,0,3
6/7/2020,AW,Aruba,AMRO,0,101,0,3
6/14/2020,AW,Aruba,AMRO,0,101,0,3
6/21/2020,AW,Aruba,AMRO,0,101,0,3
6/28/2020,AW,Aruba,AMRO,0,101,0,3
7/5/2020,AW,Aruba,AMRO,3,104,0,3
7/12/2020,AW,Aruba,AMRO,1,105,0,3
7/19/2020,AW,Aruba,AMRO,3,108,0,3
7/26/2020,AW,Aruba,AMRO,9,117,0,3
8/2/2020,AW,Aruba,AMRO,3,120,0,3
8/9/2020,AW,Aruba,AMRO,143,263,0,3
8/16/2020,AW,Aruba,AMRO,631,894,1,4
8/23/2020,AW,Aruba,AMRO,493,1387,2,6
8/30/2020,AW,Aruba,AMRO,461,1848,2,8
9/6/2020,AW,Aruba,AMRO,444,2292,5,13
9/13/2020,AW,Aruba,AMRO,527,2819,3,16
9/20/2020,AW,Aruba,AMRO,563,3382,7,23
9/27/2020,AW,Aruba,AMRO,374,3756,2,25
10/4/2020,AW,Aruba,AMRO,242,3998,2,27
10/11/2020,AW,Aruba,AMRO,152,4150,4,31
10/18/2020,AW,Aruba,AMRO,135,4285,1,32
10/25/2020,AW,Aruba,AMRO,104,4389,4,36
11/1/2020,AW,Aruba,AMRO,83,4472,1,37
11/8/2020,AW,Aruba,AMRO,92,4564,2,39
11/15/2020,AW,Aruba,AMRO,75,4639,4,43
11/22/2020,AW,Aruba,AMRO,54,4693,2,45
11/29/2020,AW,Aruba,AMRO,98,4791,0,45
12/6/2020,AW,Aruba,AMRO,132,4923,0,45
12/13/2020,AW,Aruba,AMRO,88,5011,1,46
12/20/2020,AW,Aruba,AMRO,113,5124,1,47
12/27/2020,AW,Aruba,AMRO,104,5228,0,47
1/3/2021,AW,Aruba,AMRO,214,5442,2,49
1/10/2021,AW,Aruba,AMRO,441,5883,1,50
1/17/2021,AW,Aruba,AMRO,413,6296,2,52
1/24/2021,AW,Aruba,AMRO,327,6623,0,52
1/31/2021,AW,Aruba,AMRO,235,6858,6,58
2/7/2021,AW,Aruba,AMRO,276,7134,3,61
2/14/2021,AW,Aruba,AMRO,204,7338,7,68
2/21/2021,AW,Aruba,AMRO,215,7553,2,70
2/28/2021,AW,Aruba,AMRO,251,7804,1,71
3/7/2021,AW,Aruba,AMRO,205,8009,4,75
3/14/2021,AW,Aruba,AMRO,263,8272,2,77
3/21/2021,AW,Aruba,AMRO,352,8624,4,81
3/28/2021,AW,Aruba,AMRO,449,9073,1,82
4/4/2021,AW,Aruba,AMRO,430,9503,4,86
4/11/2021,AW,Aruba,AMRO,393,9896,6,92
4/18/2021,AW,Aruba,AMRO,323,10219,0,92
4/25/2021,AW,Aruba,AMRO,250,10469,3,95
5/2/2021,AW,Aruba,AMRO,139,10608,3,98
5/9/2021,AW,Aruba,AMRO,129,10737,2,100
5/16/2021,AW,Aruba,AMRO,89,10826,4,104
5/23/2021,AW,Aruba,AMRO,66,10892,2,106
5/30/2021,AW,Aruba,AMRO,65,10957,1,107
6/6/2021,AW,Aruba,AMRO,61,11018,0,107
6/13/2021,AW,Aruba,AMRO,51,11069,0,107
6/20/2021,AW,Aruba,AMRO,30,11099,0,107
6/27/2021,AW,Aruba,AMRO,26,11125,0,107
7/4/2021,AW,Aruba,AMRO,15,11140,0,107
7/11/2021,AW,Aruba,AMRO,21,11161,0,107
7/18/2021,AW,Aruba,AMRO,37,11198,1,108
7/25/2021,AW,Aruba,AMRO,94,11292,1,109
8/1/2021,AW,Aruba,AMRO,292,11584,0,109
8/8/2021,AW,Aruba,AMRO,544,12128,2,111
8/15/2021,AW,Aruba,AMRO,801,12929,4,115
8/22/2021,AW,Aruba,AMRO,790,13719,9,124
8/29/2021,AW,Aruba,AMRO,599,14318,9,133
9/5/2021,AW,Aruba,AMRO,401,14719,15,148
9/12/2021,AW,Aruba,AMRO,272,14991,6,154
9/19/2021,AW,Aruba,AMRO,186,15177,2,156
9/26/2021,AW,Aruba,AMRO,174,15351,4,160
10/3/2021,AW,Aruba,AMRO,149,15500,6,166
10/10/2021,AW,Aruba,AMRO,87,15587,3,169
10/17/2021,AW,Aruba,AMRO,105,15692,1,170
10/24/2021,AW,Aruba,AMRO,87,15779,1,171
10/31/2021,AW,Aruba,AMRO,103,15882,0,171
11/7/2021,AW,Aruba,AMRO,67,15949,0,171
11/14/2021,AW,Aruba,AMRO,108,16057,1,172
11/21/2021,AW,Aruba,AMRO,92,16149,1,173
11/28/2021,AW,Aruba,AMRO,114,16263,1,174
12/5/2021,AW,Aruba,AMRO,129,16392,0,174
12/12/2021,AW,Aruba,AMRO,139,16531,2,176
12/19/2021,AW,Aruba,AMRO,185,16716,2,178
12/26/2021,AW,Aruba,AMRO,449,17165,3,181
1/2/2022,AW,Aruba,AMRO,2554,19719,0,181
1/9/2022,AW,Aruba,AMRO,5535,25254,0,181
1/16/2022,AW,Aruba,AMRO,4440,29694,3,184
1/23/2022,AW,Aruba,AMRO,2141,31835,3,187
1/30/2022,AW,Aruba,AMRO,883,32718,6,193
2/6/2022,AW,Aruba,AMRO,482,33200,1,194
2/13/2022,AW,Aruba,AMRO,236,33436,2,196
2/20/2022,AW,Aruba,AMRO,132,33568,2,198
2/27/2022,AW,Aruba,AMRO,87,33655,13,211
3/6/2022,AW,Aruba,AMRO,29,33684,0,211
3/13/2022,AW,Aruba,AMRO,48,33732,1,212
3/20/2022,AW,Aruba,AMRO,85,33817,0,212
3/27/2022,AW,Aruba,AMRO,26,33843,0,212
4/3/2022,AW,Aruba,AMRO,123,33966,0,212
4/10/2022,AW,Aruba,AMRO,123,34089,0,212
4/17/2022,AW,Aruba,AMRO,175,34264,0,212
4/24/2022,AW,Aruba,AMRO,182,34446,0,212
5/1/2022,AW,Aruba,AMRO,247,34693,0,212
5/8/2022,AW,Aruba,AMRO,272,34965,0,212
5/15/2022,AW,Aruba,AMRO,369,35334,0,212
5/22/2022,AW,Aruba,AMRO,586,35920,1,213
5/29/2022,AW,Aruba,AMRO,644,36564,0,213
6/5/2022,AW,Aruba,AMRO,788,37352,0,213
6/12/2022,AW,Aruba,AMRO,949,38301,3,216
6/19/2022,AW,Aruba,AMRO,1038,39339,3,219
6/26/2022,AW,Aruba,AMRO,840,40179,2,221
7/3/2022,AW,Aruba,AMRO,539,40718,0,221
7/10/2022,AW,Aruba,AMRO,282,41000,1,222
7/17/2022,AW,Aruba,AMRO,445,41445,2,224
7/24/2022,AW,Aruba,AMRO,342,41787,0,224
7/31/2022,AW,Aruba,AMRO,293,42080,0,224
8/7/2022,AW,Aruba,AMRO,206,42286,2,226
8/14/2022,AW,Aruba,AMRO,192,42478,0,226
8/21/2022,AW,Aruba,AMRO,160,42638,1,227
8/28/2022,AW,Aruba,AMRO,112,42750,0,227
9/4/2022,AW,Aruba,AMRO,98,42848,0,227
9/11/2022,AW,Aruba,AMRO,122,42970,1,228
9/18/2022,AW,Aruba,AMRO,0,42970,0,228
9/25/2022,AW,Aruba,AMRO,0,42970,0,228
10/2/2022,AW,Aruba,AMRO,175,43145,2,230
10/9/2022,AW,Aruba,AMRO,66,43211,1,231
10/16/2022,AW,Aruba,AMRO,40,43251,1,232
10/23/2022,AW,Aruba,AMRO,40,43291,0,232
10/30/2022,AW,Aruba,AMRO,43,43334,0,232
11/6/2022,AW,Aruba,AMRO,45,43379,1,233
11/13/2022,AW,Aruba,AMRO,44,43423,1,234
11/20/2022,AW,Aruba,AMRO,71,43494,1,235
11/27/2022,AW,Aruba,AMRO,74,43568,1,236
12/4/2022,AW,Aruba,AMRO,73,43641,0,236
12/11/2022,AW,Aruba,AMRO,52,43693,44,280
12/18/2022,AW,Aruba,AMRO,0,43693,0,280
12/25/2022,AW,Aruba,AMRO,59,43752,0,280
1/1/2023,AW,Aruba,AMRO,108,43860,0,280
1/8/2023,AW,Aruba,AMRO,0,43860,0,280
1/15/2023,AW,Aruba,AMRO,76,43936,1,281
1/22/2023,AW,Aruba,AMRO,29,43965,0,281
1/29/2023,AW,Aruba,AMRO,28,43993,0,281
2/5/2023,AW,Aruba,AMRO,0,43993,0,281
2/12/2023,AW,Aruba,AMRO,33,44026,1,282
2/19/2023,AW,Aruba,AMRO,0,44026,0,282
2/26/2023,AW,Aruba,AMRO,18,44044,0,282
3/5/2023,AW,Aruba,AMRO,22,44066,4,286
3/12/2023,AW,Aruba,AMRO,16,44082,0,286
3/19/2023,AW,Aruba,AMRO,9,44091,1,287
3/26/2023,AW,Aruba,AMRO,8,44099,0,287
4/2/2023,AW,Aruba,AMRO,15,44114,0,287
4/9/2023,AW,Aruba,AMRO,0,44114,0,287
4/16/2023,AW,Aruba,AMRO,0,44114,0,287
4/23/2023,AW,Aruba,AMRO,0,44114,0,287
4/30/2023,AW,Aruba,AMRO,0,44114,0,287
5/7/2023,AW,Aruba,AMRO,66,44180,1,288
5/14/2023,AW,Aruba,AMRO,0,44180,0,288
5/21/2023,AW,Aruba,AMRO,0,44180,0,288
5/28/2023,AW,Aruba,AMRO,0,44180,0,288
6/4/2023,AW,Aruba,AMRO,20,44200,2,290
6/11/2023,AW,Aruba,AMRO,0,44200,0,290
6/18/2023,AW,Aruba,AMRO,0,44200,0,290
6/25/2023,AW,Aruba,AMRO,0,44200,0,290
7/2/2023,AW,Aruba,AMRO,24,44224,2,292
7/9/2023,AW,Aruba,AMRO,0,44224,0,292
7/16/2023,AW,Aruba,AMRO,0,44224,0,292
7/23/2023,AW,Aruba,AMRO,0,44224,0,292
7/30/2023,AW,Aruba,AMRO,0,44224,0,292
8/6/2023,AW,Aruba,AMRO,0,44224,0,292
8/13/2023,AW,Aruba,AMRO,0,44224,0,292
8/20/2023,AW,Aruba,AMRO,0,44224,0,292
8/27/2023,AW,Aruba,AMRO,0,44224,0,292
9/3/2023,AW,Aruba,AMRO,0,44224,0,292
9/10/2023,AW,Aruba,AMRO,0,44224,0,292
9/17/2023,AW,Aruba,AMRO,0,44224,0,292
9/24/2023,AW,Aruba,AMRO,0,44224,0,292
10/1/2023,AW,Aruba,AMRO,0,44224,0,292
10/8/2023,AW,Aruba,AMRO,0,44224,0,292
10/15/2023,AW,Aruba,AMRO,0,44224,0,292
10/22/2023,AW,Aruba,AMRO,0,44224,0,292
10/29/2023,AW,Aruba,AMRO,0,44224,0,292
11/5/2023,AW,Aruba,AMRO,0,44224,0,292
11/12/2023,AW,Aruba,AMRO,0,44224,0,292
11/19/2023,AW,Aruba,AMRO,0,44224,0,292
11/26/2023,AW,Aruba,AMRO,0,44224,0,292
12/3/2023,AW,Aruba,AMRO,0,44224,0,292
12/10/2023,AW,Aruba,AMRO,0,44224,0,292
12/17/2023,AW,Aruba,AMRO,0,44224,0,292
12/24/2023,AW,Aruba,AMRO,0,44224,0,292
1/5/2020,AU,Australia,WPRO,0,0,0,0
1/12/2020,AU,Australia,WPRO,0,0,0,0
1/19/2020,AU,Australia,WPRO,0,0,0,0
1/26/2020,AU,Australia,WPRO,4,4,0,0
2/2/2020,AU,Australia,WPRO,8,12,0,0
2/9/2020,AU,Australia,WPRO,3,15,0,0
2/16/2020,AU,Australia,WPRO,0,15,0,0
2/23/2020,AU,Australia,WPRO,7,22,0,0
3/1/2020,AU,Australia,WPRO,3,25,0,0
3/8/2020,AU,Australia,WPRO,45,70,4,4
3/15/2020,AU,Australia,WPRO,179,249,3,7
3/22/2020,AU,Australia,WPRO,832,1081,2,9
3/29/2020,AU,Australia,WPRO,2728,3809,7,16
4/5/2020,AU,Australia,WPRO,1826,5635,20,36
4/12/2020,AU,Australia,WPRO,654,6289,25,61
4/19/2020,AU,Australia,WPRO,297,6586,12,73
4/26/2020,AU,Australia,WPRO,117,6703,12,85
5/3/2020,AU,Australia,WPRO,80,6783,14,99
5/10/2020,AU,Australia,WPRO,146,6929,2,101
5/17/2020,AU,Australia,WPRO,107,7036,2,103
5/24/2020,AU,Australia,WPRO,70,7106,4,107
5/31/2020,AU,Australia,WPRO,79,7185,0,107
6/7/2020,AU,Australia,WPRO,70,7255,0,107
6/14/2020,AU,Australia,WPRO,47,7302,0,107
6/21/2020,AU,Australia,WPRO,134,7436,0,107
6/28/2020,AU,Australia,WPRO,205,7641,1,108
7/5/2020,AU,Australia,WPRO,721,8362,1,109
7/12/2020,AU,Australia,WPRO,1191,9553,4,113
7/19/2020,AU,Australia,WPRO,1888,11441,16,129
7/26/2020,AU,Australia,WPRO,2509,13950,45,174
8/2/2020,AU,Australia,WPRO,3332,17282,95,269
8/9/2020,AU,Australia,WPRO,3416,20698,106,375
8/16/2020,AU,Australia,WPRO,2337,23035,138,513
8/23/2020,AU,Australia,WPRO,1567,24602,114,627
8/30/2020,AU,Australia,WPRO,945,25547,97,724
9/6/2020,AU,Australia,WPRO,660,26207,58,782
9/13/2020,AU,Australia,WPRO,400,26607,46,828
9/20/2020,AU,Australia,WPRO,278,26885,36,864
9/27/2020,AU,Australia,WPRO,131,27016,23,887
10/4/2020,AU,Australia,WPRO,105,27121,19,906
10/11/2020,AU,Australia,WPRO,123,27244,5,911
10/18/2020,AU,Australia,WPRO,139,27383,1,912
10/25/2020,AU,Australia,WPRO,116,27499,2,914
11/1/2020,AU,Australia,WPRO,91,27590,0,914
11/8/2020,AU,Australia,WPRO,62,27652,0,914
11/15/2020,AU,Australia,WPRO,59,27711,3,917
11/22/2020,AU,Australia,WPRO,96,27807,0,917
11/29/2020,AU,Australia,WPRO,78,27885,1,918
12/6/2020,AU,Australia,WPRO,71,27956,1,919
12/13/2020,AU,Australia,WPRO,69,28025,0,919
12/20/2020,AU,Australia,WPRO,103,28128,0,919
12/27/2020,AU,Australia,WPRO,168,28296,1,920
1/3/2021,AU,Australia,WPRO,187,28483,2,922
1/10/2021,AU,Australia,WPRO,112,28595,0,922
1/17/2021,AU,Australia,WPRO,113,28708,1,923
1/24/2021,AU,Australia,WPRO,58,28766,0,923
1/31/2021,AU,Australia,WPRO,45,28811,0,923
2/7/2021,AU,Australia,WPRO,39,28850,0,923
2/14/2021,AU,Australia,WPRO,48,28898,0,923
2/21/2021,AU,Australia,WPRO,28,28926,1,924
2/28/2021,AU,Australia,WPRO,44,28970,0,924
3/7/2021,AU,Australia,WPRO,67,29037,0,924
3/14/2021,AU,Australia,WPRO,80,29117,1,925
3/21/2021,AU,Australia,WPRO,79,29196,0,925
3/28/2021,AU,Australia,WPRO,64,29260,0,925
4/4/2021,AU,Australia,WPRO,88,29348,1,926
4/11/2021,AU,Australia,WPRO,57,29405,0,926
4/18/2021,AU,Australia,WPRO,114,29519,2,928
4/25/2021,AU,Australia,WPRO,147,29666,0,928
5/2/2021,AU,Australia,WPRO,160,29826,0,928
5/9/2021,AU,Australia,WPRO,97,29923,0,928
5/16/2021,AU,Australia,WPRO,52,29975,0,928
5/23/2021,AU,Australia,WPRO,36,30011,0,928
5/30/2021,AU,Australia,WPRO,87,30098,0,928
6/6/2021,AU,Australia,WPRO,357,30455,0,928
6/13/2021,AU,Australia,WPRO,58,30513,0,928
6/20/2021,AU,Australia,WPRO,87,30600,0,928
6/27/2021,AU,Australia,WPRO,235,30835,0,928
7/4/2021,AU,Australia,WPRO,276,31111,0,928
7/11/2021,AU,Australia,WPRO,549,31660,2,930
7/18/2021,AU,Australia,WPRO,875,32535,5,935
7/25/2021,AU,Australia,WPRO,1260,33795,5,940
8/1/2021,AU,Australia,WPRO,1667,35462,7,947
8/8/2021,AU,Australia,WPRO,2313,37775,16,963
8/15/2021,AU,Australia,WPRO,3613,41388,27,990
8/22/2021,AU,Australia,WPRO,6133,47521,22,1012
8/29/2021,AU,Australia,WPRO,8140,55661,20,1032
9/5/2021,AU,Australia,WPRO,11094,66755,52,1084
9/12/2021,AU,Australia,WPRO,12596,79351,56,1140
9/19/2021,AU,Australia,WPRO,12301,91652,77,1217
9/26/2021,AU,Australia,WPRO,12498,104150,95,1312
10/3/2021,AU,Australia,WPRO,15401,119551,110,1422
10/10/2021,AU,Australia,WPRO,15281,134832,119,1541
10/17/2021,AU,Australia,WPRO,15347,150179,105,1646
10/24/2021,AU,Australia,WPRO,13759,163938,108,1754
10/31/2021,AU,Australia,WPRO,10046,173984,112,1866
11/7/2021,AU,Australia,WPRO,9666,183650,97,1963
11/14/2021,AU,Australia,WPRO,8701,192351,66,2029
11/21/2021,AU,Australia,WPRO,9330,201681,81,2110
11/28/2021,AU,Australia,WPRO,9744,211425,56,2166
12/5/2021,AU,Australia,WPRO,10526,221951,52,2218
12/12/2021,AU,Australia,WPRO,13403,235354,36,2254
12/19/2021,AU,Australia,WPRO,31489,266843,54,2308
12/26/2021,AU,Australia,WPRO,99764,366607,69,2377
1/2/2022,AU,Australia,WPRO,289614,656221,103,2480
1/9/2022,AU,Australia,WPRO,588813,1245034,219,2699
1/16/2022,AU,Australia,WPRO,462325,1707359,440,3139
1/23/2022,AU,Australia,WPRO,347960,2055319,660,3799
1/30/2022,AU,Australia,WPRO,267817,2323136,670,4469
2/6/2022,AU,Australia,WPRO,201112,2524248,581,5050
2/13/2022,AU,Australia,WPRO,171754,2696002,436,5486
2/20/2022,AU,Australia,WPRO,160429,2856431,324,5810
2/27/2022,AU,Australia,WPRO,160402,3016833,242,6052
3/6/2022,AU,Australia,WPRO,195717,3212550,151,6203
3/13/2022,AU,Australia,WPRO,241848,3454398,140,6343
3/20/2022,AU,Australia,WPRO,327240,3781638,139,6482
3/27/2022,AU,Australia,WPRO,385762,4167400,149,6631
4/3/2022,AU,Australia,WPRO,395982,4563382,200,6831
4/10/2022,AU,Australia,WPRO,359765,4923147,198,7029
4/17/2022,AU,Australia,WPRO,306184,5229331,250,7279
4/24/2022,AU,Australia,WPRO,289282,5518613,315,7594
5/1/2022,AU,Australia,WPRO,272054,5790667,295,7889
5/8/2022,AU,Australia,WPRO,304061,6094728,315,8204
5/15/2022,AU,Australia,WPRO,350375,6445103,339,8543
5/22/2022,AU,Australia,WPRO,311716,6756819,317,8860
5/29/2022,AU,Australia,WPRO,240429,6997248,344,9204
6/5/2022,AU,Australia,WPRO,199964,7197212,375,9579
6/12/2022,AU,Australia,WPRO,184472,7381684,331,9910
6/19/2022,AU,Australia,WPRO,191043,7572727,344,10254
6/26/2022,AU,Australia,WPRO,204308,7777035,324,10578
7/3/2022,AU,Australia,WPRO,0,7777035,344,10922
7/10/2022,AU,Australia,WPRO,243697,8020732,400,11322
7/17/2022,AU,Australia,WPRO,271605,8292337,451,11773
7/24/2022,AU,Australia,WPRO,303029,8595366,607,12380
7/31/2022,AU,Australia,WPRO,319779,8915145,618,12998
8/7/2022,AU,Australia,WPRO,259334,9174479,603,13601
8/14/2022,AU,Australia,WPRO,200397,9374876,526,14127
8/21/2022,AU,Australia,WPRO,139178,9514054,375,14502
8/28/2022,AU,Australia,WPRO,103184,9617238,329,14831
9/4/2022,AU,Australia,WPRO,79985,9697223,240,15071
9/11/2022,AU,Australia,WPRO,63392,9760615,214,15285
9/18/2022,AU,Australia,WPRO,51273,9811888,184,15469
9/25/2022,AU,Australia,WPRO,43401,9855289,147,15616
10/2/2022,AU,Australia,WPRO,37578,9892867,113,15729
10/9/2022,AU,Australia,WPRO,38674,9931541,102,15831
10/16/2022,AU,Australia,WPRO,31327,9962868,74,15905
10/23/2022,AU,Australia,WPRO,29620,9992488,103,16008
10/30/2022,AU,Australia,WPRO,30363,10022851,85,16093
11/6/2022,AU,Australia,WPRO,35763,10058614,111,16204
11/13/2022,AU,Australia,WPRO,52310,10110924,116,16320
11/20/2022,AU,Australia,WPRO,73573,10184497,154,16474
11/27/2022,AU,Australia,WPRO,83407,10267904,178,16652
12/4/2022,AU,Australia,WPRO,97897,10365801,259,16911
12/11/2022,AU,Australia,WPRO,107902,10473703,272,17183
12/18/2022,AU,Australia,WPRO,112016,10585719,299,17482
12/25/2022,AU,Australia,WPRO,108322,10694041,334,17816
1/1/2023,AU,Australia,WPRO,91518,10785559,1094,18910
1/8/2023,AU,Australia,WPRO,86989,10872548,0,18910
1/15/2023,AU,Australia,WPRO,46003,10918551,0,18910
1/22/2023,AU,Australia,WPRO,30909,10949460,0,18910
1/29/2023,AU,Australia,WPRO,22041,10971501,0,18910
2/5/2023,AU,Australia,WPRO,18922,10990423,1161,20071
2/12/2023,AU,Australia,WPRO,17067,11007490,96,20167
2/19/2023,AU,Australia,WPRO,17927,11025417,89,20256
2/26/2023,AU,Australia,WPRO,17814,11043231,90,20346
3/5/2023,AU,Australia,WPRO,18262,11061493,78,20424
3/12/2023,AU,Australia,WPRO,19780,11081273,78,20502
3/19/2023,AU,Australia,WPRO,21681,11102954,88,20590
3/26/2023,AU,Australia,WPRO,23014,11125968,93,20683
4/2/2023,AU,Australia,WPRO,25521,11151489,103,20786
4/9/2023,AU,Australia,WPRO,27650,11179139,123,20909
4/16/2023,AU,Australia,WPRO,27055,11206194,131,21040
4/23/2023,AU,Australia,WPRO,29966,11236160,146,21186
4/30/2023,AU,Australia,WPRO,29431,11265591,155,21341
5/7/2023,AU,Australia,WPRO,29663,11295254,173,21514
5/14/2023,AU,Australia,WPRO,31859,11327113,173,21687
5/21/2023,AU,Australia,WPRO,37720,11364833,170,21857
5/28/2023,AU,Australia,WPRO,41012,11405845,213,22070
6/4/2023,AU,Australia,WPRO,39051,11444896,232,22302
6/11/2023,AU,Australia,WPRO,33125,11478021,226,22528
6/18/2023,AU,Australia,WPRO,22769,11500790,183,22711
6/25/2023,AU,Australia,WPRO,16822,11517612,59,22770
7/2/2023,AU,Australia,WPRO,13551,11531163,0,22770
7/9/2023,AU,Australia,WPRO,10511,11541674,0,22770
7/16/2023,AU,Australia,WPRO,7826,11549500,-76,22694
7/23/2023,AU,Australia,WPRO,6495,11555995,85,22779
7/30/2023,AU,Australia,WPRO,5525,11561520,60,22839
8/6/2023,AU,Australia,WPRO,5410,11566930,67,22906
8/13/2023,AU,Australia,WPRO,5116,11572046,0,22906
8/20/2023,AU,Australia,WPRO,5194,11577240,56,22962
8/27/2023,AU,Australia,WPRO,5176,11582416,53,23015
9/3/2023,AU,Australia,WPRO,5491,11587907,39,23054
9/10/2023,AU,Australia,WPRO,5033,11592940,40,23094
9/17/2023,AU,Australia,WPRO,5017,11597957,38,23132
9/24/2023,AU,Australia,WPRO,5189,11603146,37,23169
10/1/2023,AU,Australia,WPRO,5393,11608539,33,23202
10/8/2023,AU,Australia,WPRO,5561,11614100,78,23280
10/15/2023,AU,Australia,WPRO,4691,11618791,45,23325
10/22/2023,AU,Australia,WPRO,5358,11624149,52,23377
10/29/2023,AU,Australia,WPRO,6347,11630496,72,23449
11/5/2023,AU,Australia,WPRO,7687,11638183,51,23500
11/12/2023,AU,Australia,WPRO,0,11638183,0,23500
11/19/2023,AU,Australia,WPRO,21092,11659275,204,23704
11/26/2023,AU,Australia,WPRO,10282,11669557,89,23793
12/3/2023,AU,Australia,WPRO,9377,11678934,59,23852
12/10/2023,AU,Australia,WPRO,9784,11688718,35,23887
12/17/2023,AU,Australia,WPRO,10062,11698780,28,23915
12/24/2023,AU,Australia,WPRO,0,11698780,0,23915
1/5/2020,AT,Austria,EURO,0,0,0,0
1/12/2020,AT,Austria,EURO,0,0,0,0
1/19/2020,AT,Austria,EURO,0,0,0,0
1/26/2020,AT,Austria,EURO,0,0,0,0
2/2/2020,AT,Austria,EURO,0,0,0,0
2/9/2020,AT,Austria,EURO,0,0,0,0
2/16/2020,AT,Austria,EURO,0,0,0,0
2/23/2020,AT,Austria,EURO,0,0,0,0
3/1/2020,AT,Austria,EURO,7,7,0,0
3/8/2020,AT,Austria,EURO,68,75,0,0
3/15/2020,AT,Austria,EURO,513,588,1,1
3/22/2020,AT,Austria,EURO,544,1132,14,15
3/29/2020,AT,Austria,EURO,3814,4946,51,66
4/5/2020,AT,Austria,EURO,3753,8699,103,169
4/12/2020,AT,Austria,EURO,1942,10641,151,320
4/19/2020,AT,Austria,EURO,889,11530,111,431
4/26/2020,AT,Austria,EURO,450,11980,85,516
5/3/2020,AT,Austria,EURO,366,12346,60,576
5/10/2020,AT,Austria,EURO,259,12605,33,609
5/17/2020,AT,Austria,EURO,329,12934,20,629
5/24/2020,AT,Austria,EURO,249,13183,17,646
5/31/2020,AT,Austria,EURO,213,13396,12,658
6/7/2020,AT,Austria,EURO,208,13604,16,674
6/14/2020,AT,Austria,EURO,188,13792,12,686
6/21/2020,AT,Austria,EURO,227,14019,17,703
6/28/2020,AT,Austria,EURO,288,14307,16,719
7/5/2020,AT,Austria,EURO,565,14872,11,730
7/12/2020,AT,Austria,EURO,636,15508,5,735
7/19/2020,AT,Austria,EURO,758,16266,9,744
7/26/2020,AT,Austria,EURO,827,17093,10,754
8/2/2020,AT,Austria,EURO,876,17969,13,767
8/9/2020,AT,Austria,EURO,676,18645,13,780
8/16/2020,AT,Austria,EURO,1310,19955,11,791
8/23/2020,AT,Austria,EURO,1812,21767,11,802
8/30/2020,AT,Austria,EURO,1904,23671,10,812
9/6/2020,AT,Austria,EURO,2141,25812,13,825
9/13/2020,AT,Austria,EURO,3750,29562,13,838
9/20/2020,AT,Austria,EURO,4906,34468,20,858
9/27/2020,AT,Austria,EURO,4661,39129,31,889
10/4/2020,AT,Austria,EURO,5291,44420,36,925
10/11/2020,AT,Austria,EURO,7102,51522,63,988
10/18/2020,AT,Austria,EURO,9059,60581,62,1050
10/25/2020,AT,Austria,EURO,15533,76114,112,1162
11/1/2020,AT,Austria,EURO,27818,103932,214,1376
11/8/2020,AT,Austria,EURO,42962,146894,353,1729
11/15/2020,AT,Austria,EURO,49191,196085,571,2300
11/22/2020,AT,Austria,EURO,42797,238882,727,3027
11/29/2020,AT,Austria,EURO,32574,271456,822,3849
12/6/2020,AT,Austria,EURO,24249,295705,957,4806
12/13/2020,AT,Austria,EURO,18476,314181,871,5677
12/20/2020,AT,Austria,EURO,17130,331311,729,6406
12/27/2020,AT,Austria,EURO,13421,344732,643,7049
1/3/2021,AT,Austria,EURO,14212,358944,550,7599
1/10/2021,AT,Austria,EURO,15104,374048,453,8052
1/17/2021,AT,Austria,EURO,11470,385518,438,8490
1/24/2021,AT,Austria,EURO,10528,396046,401,8891
1/31/2021,AT,Austria,EURO,9512,405558,387,9278
2/7/2021,AT,Austria,EURO,9181,414739,321,9599
2/14/2021,AT,Austria,EURO,9273,424012,268,9867
2/21/2021,AT,Austria,EURO,11105,435117,217,10084
2/28/2021,AT,Austria,EURO,13481,448598,225,10309
3/7/2021,AT,Austria,EURO,15679,464277,196,10505
3/14/2021,AT,Austria,EURO,17980,482257,208,10713
3/21/2021,AT,Austria,EURO,20380,502637,243,10956
3/28/2021,AT,Austria,EURO,21544,524181,219,11175
4/4/2021,AT,Austria,EURO,21501,545682,249,11424
4/11/2021,AT,Austria,EURO,18730,564412,264,11688
4/18/2021,AT,Austria,EURO,16783,581195,250,11938
4/25/2021,AT,Austria,EURO,15655,596850,221,12159
5/2/2021,AT,Austria,EURO,13512,610362,178,12337
5/9/2021,AT,Austria,EURO,9651,620013,180,12517
5/16/2021,AT,Austria,EURO,6321,626334,117,12634
5/23/2021,AT,Austria,EURO,4502,630836,80,12714
5/30/2021,AT,Austria,EURO,3299,634135,75,12789
6/6/2021,AT,Austria,EURO,2499,636634,55,12844
6/13/2021,AT,Austria,EURO,2011,638645,39,12883
6/20/2021,AT,Austria,EURO,1088,639733,31,12914
6/27/2021,AT,Austria,EURO,765,640498,26,12940
7/4/2021,AT,Austria,EURO,630,641128,22,12962
7/11/2021,AT,Austria,EURO,895,642023,16,12978
7/18/2021,AT,Austria,EURO,1940,643963,14,12992
7/25/2021,AT,Austria,EURO,2481,646444,13,13005
8/1/2021,AT,Austria,EURO,3134,649578,13,13018
8/8/2021,AT,Austria,EURO,3433,653011,23,13041
8/15/2021,AT,Austria,EURO,5269,658280,13,13054
8/22/2021,AT,Austria,EURO,7609,665889,14,13068
8/29/2021,AT,Austria,EURO,9095,674984,27,13095
9/5/2021,AT,Austria,EURO,10736,685720,38,13133
9/12/2021,AT,Austria,EURO,13822,699542,59,13192
9/19/2021,AT,Austria,EURO,14233,713775,68,13260
9/26/2021,AT,Austria,EURO,11737,725512,78,13338
10/3/2021,AT,Austria,EURO,12441,737953,77,13415
10/10/2021,AT,Austria,EURO,12820,750773,77,13492
10/17/2021,AT,Austria,EURO,14078,764851,88,13580
10/24/2021,AT,Austria,EURO,21646,786497,111,13691
10/31/2021,AT,Austria,EURO,30465,816962,137,13828
11/7/2021,AT,Austria,EURO,50720,867682,192,14020
11/14/2021,AT,Austria,EURO,72220,939902,287,14307
11/21/2021,AT,Austria,EURO,93928,1033830,386,14693
11/28/2021,AT,Austria,EURO,90679,1124509,467,15160
12/5/2021,AT,Austria,EURO,58797,1183306,483,15643
12/12/2021,AT,Austria,EURO,32187,1215493,443,16086
12/19/2021,AT,Austria,EURO,21481,1236974,303,16389
12/26/2021,AT,Austria,EURO,15114,1252088,198,16587
1/2/2022,AT,Austria,EURO,19925,1272013,154,16741
1/9/2022,AT,Austria,EURO,47142,1319155,89,16830
1/16/2022,AT,Austria,EURO,101269,1420424,72,16902
1/23/2022,AT,Austria,EURO,158635,1579059,71,16973
1/30/2022,AT,Austria,EURO,220484,1799543,106,17079
2/6/2022,AT,Austria,EURO,231714,2031257,127,17206
2/13/2022,AT,Austria,EURO,223088,2254345,170,17376
2/20/2022,AT,Austria,EURO,200933,2455278,201,17577
2/27/2022,AT,Austria,EURO,185138,2640416,213,17790
3/6/2022,AT,Austria,EURO,206248,2846664,228,18018
3/13/2022,AT,Austria,EURO,281597,3128261,192,18210
3/20/2022,AT,Austria,EURO,319108,3447369,226,18436
3/27/2022,AT,Austria,EURO,270232,3717601,288,18724
4/3/2022,AT,Austria,EURO,172589,3890190,289,19013
4/10/2022,AT,Austria,EURO,103990,3994180,226,19239
4/17/2022,AT,Austria,EURO,68173,4062353,179,19418
4/24/2022,AT,Austria,EURO,52197,4114550,138,19556
5/1/2022,AT,Austria,EURO,41690,4156240,100,19656
5/8/2022,AT,Austria,EURO,37988,4194228,76,19732
5/15/2022,AT,Austria,EURO,31290,4225518,61,19793
5/22/2022,AT,Austria,EURO,22565,4248083,34,19827
5/29/2022,AT,Austria,EURO,15151,4263234,39,19866
6/5/2022,AT,Austria,EURO,18678,4281912,21,19887
6/12/2022,AT,Austria,EURO,23968,4305880,22,19909
6/19/2022,AT,Austria,EURO,35416,4341296,28,19937
6/26/2022,AT,Austria,EURO,58037,4399333,33,19970
7/3/2022,AT,Austria,EURO,68562,4467895,53,20023
7/10/2022,AT,Austria,EURO,74223,4542118,58,20081
7/17/2022,AT,Austria,EURO,80557,4622675,57,20138
7/24/2022,AT,Austria,EURO,82554,4705229,89,20227
7/31/2022,AT,Austria,EURO,60380,4765609,104,20331
8/7/2022,AT,Austria,EURO,44332,4809941,76,20407
8/14/2022,AT,Austria,EURO,39284,4849225,83,20490
8/21/2022,AT,Austria,EURO,37611,4886836,57,20547
8/28/2022,AT,Austria,EURO,34819,4921655,55,20602
9/4/2022,AT,Austria,EURO,30154,4951809,32,20634
9/11/2022,AT,Austria,EURO,28946,4980755,52,20686
9/18/2022,AT,Austria,EURO,33920,5014675,34,20720
9/25/2022,AT,Austria,EURO,47759,5062434,33,20753
10/2/2022,AT,Austria,EURO,77655,5140089,51,20804
10/9/2022,AT,Austria,EURO,96821,5236910,86,20890
10/16/2022,AT,Austria,EURO,90835,5327745,93,20983
10/23/2022,AT,Austria,EURO,64550,5392295,69,21052
10/30/2022,AT,Austria,EURO,39248,5431543,91,21143
11/6/2022,AT,Austria,EURO,30833,5462376,57,21200
11/13/2022,AT,Austria,EURO,25591,5487967,49,21249
11/20/2022,AT,Austria,EURO,26519,5514486,61,21310
11/27/2022,AT,Austria,EURO,29327,5543813,41,21351
12/4/2022,AT,Austria,EURO,33020,5576833,50,21401
12/11/2022,AT,Austria,EURO,31822,5608655,43,21444
12/18/2022,AT,Austria,EURO,36251,5644906,52,21496
12/25/2022,AT,Austria,EURO,33439,5678345,75,21571
1/1/2023,AT,Austria,EURO,26728,5705073,73,21644
1/8/2023,AT,Austria,EURO,19106,5724179,64,21708
1/15/2023,AT,Austria,EURO,16350,5740529,66,21774
1/22/2023,AT,Austria,EURO,13499,5754028,42,21816
1/29/2023,AT,Austria,EURO,18243,5772271,42,21858
2/5/2023,AT,Austria,EURO,26105,5798376,54,21912
2/12/2023,AT,Austria,EURO,27763,5826139,37,21949
2/19/2023,AT,Austria,EURO,33324,5859463,34,21983
2/26/2023,AT,Austria,EURO,37763,5897226,60,22043
3/5/2023,AT,Austria,EURO,39473,5936699,54,22097
3/12/2023,AT,Austria,EURO,34418,5971117,72,22169
3/19/2023,AT,Austria,EURO,28347,5999464,47,22216
3/26/2023,AT,Austria,EURO,22317,6021781,58,22274
4/2/2023,AT,Austria,EURO,14310,6036091,41,22315
4/9/2023,AT,Austria,EURO,9089,6045180,38,22353
4/16/2023,AT,Austria,EURO,7508,6052688,36,22389
4/23/2023,AT,Austria,EURO,6676,6059364,29,22418
4/30/2023,AT,Austria,EURO,5463,6064827,33,22451
5/7/2023,AT,Austria,EURO,4026,6068853,20,22471
5/14/2023,AT,Austria,EURO,3061,6071914,13,22484
5/21/2023,AT,Austria,EURO,2145,6074059,12,22496
5/28/2023,AT,Austria,EURO,2345,6076404,12,22508
6/4/2023,AT,Austria,EURO,1468,6077872,12,22520
6/11/2023,AT,Austria,EURO,1018,6078890,5,22525
6/18/2023,AT,Austria,EURO,1057,6079947,7,22532
6/25/2023,AT,Austria,EURO,828,6080775,2,22534
7/2/2023,AT,Austria,EURO,512,6081287,0,22534
7/9/2023,AT,Austria,EURO,0,6081287,0,22534
7/16/2023,AT,Austria,EURO,0,6081287,0,22534
7/23/2023,AT,Austria,EURO,0,6081287,0,22534
7/30/2023,AT,Austria,EURO,0,6081287,0,22534
8/6/2023,AT,Austria,EURO,0,6081287,0,22534
8/13/2023,AT,Austria,EURO,0,6081287,0,22534
8/20/2023,AT,Austria,EURO,0,6081287,0,22534
8/27/2023,AT,Austria,EURO,0,6081287,0,22534
9/3/2023,AT,Austria,EURO,0,6081287,0,22534
9/10/2023,AT,Austria,EURO,0,6081287,0,22534
9/17/2023,AT,Austria,EURO,0,6081287,0,22534
9/24/2023,AT,Austria,EURO,0,6081287,0,22534
10/1/2023,AT,Austria,EURO,0,6081287,0,22534
10/8/2023,AT,Austria,EURO,0,6081287,0,22534
10/15/2023,AT,Austria,EURO,0,6081287,0,22534
10/22/2023,AT,Austria,EURO,0,6081287,0,22534
10/29/2023,AT,Austria,EURO,0,6081287,0,22534
11/5/2023,AT,Austria,EURO,0,6081287,0,22534
11/12/2023,AT,Austria,EURO,0,6081287,0,22534
11/19/2023,AT,Austria,EURO,0,6081287,0,22534
11/26/2023,AT,Austria,EURO,0,6081287,0,22534
12/3/2023,AT,Austria,EURO,0,6081287,0,22534
12/10/2023,AT,Austria,EURO,0,6081287,0,22534
12/17/2023,AT,Austria,EURO,0,6081287,0,22534
12/24/2023,AT,Austria,EURO,0,6081287,0,22534
1/5/2020,AZ,Azerbaijan,EURO,0,0,0,0
1/12/2020,AZ,Azerbaijan,EURO,0,0,0,0
1/19/2020,AZ,Azerbaijan,EURO,0,0,0,0
1/26/2020,AZ,Azerbaijan,EURO,0,0,0,0
2/2/2020,AZ,Azerbaijan,EURO,0,0,0,0
2/9/2020,AZ,Azerbaijan,EURO,0,0,0,0
2/16/2020,AZ,Azerbaijan,EURO,0,0,0,0
2/23/2020,AZ,Azerbaijan,EURO,0,0,0,0
3/1/2020,AZ,Azerbaijan,EURO,3,3,0,0
3/8/2020,AZ,Azerbaijan,EURO,6,9,0,0
3/15/2020,AZ,Azerbaijan,EURO,2,11,0,0
3/22/2020,AZ,Azerbaijan,EURO,42,53,1,1
3/29/2020,AZ,Azerbaijan,EURO,94,147,2,3
4/5/2020,AZ,Azerbaijan,EURO,296,443,2,5
4/12/2020,AZ,Azerbaijan,EURO,548,991,5,10
4/19/2020,AZ,Azerbaijan,EURO,349,1340,5,15
4/26/2020,AZ,Azerbaijan,EURO,252,1592,6,21
5/3/2020,AZ,Azerbaijan,EURO,262,1854,4,25
5/10/2020,AZ,Azerbaijan,EURO,425,2279,3,28
5/17/2020,AZ,Azerbaijan,EURO,701,2980,8,36
5/24/2020,AZ,Azerbaijan,EURO,875,3855,10,46
5/31/2020,AZ,Azerbaijan,EURO,1134,4989,12,58
6/7/2020,AZ,Azerbaijan,EURO,1871,6860,24,82
6/14/2020,AZ,Azerbaijan,EURO,2358,9218,31,113
6/21/2020,AZ,Azerbaijan,EURO,2549,11767,30,143
6/28/2020,AZ,Azerbaijan,EURO,3602,15369,44,187
7/5/2020,AZ,Azerbaijan,EURO,3898,19267,48,235
7/12/2020,AZ,Azerbaijan,EURO,3723,22990,57,292
7/19/2020,AZ,Azerbaijan,EURO,3646,26636,49,341
7/26/2020,AZ,Azerbaijan,EURO,2676,29312,59,400
8/2/2020,AZ,Azerbaijan,EURO,2566,31878,48,448
8/9/2020,AZ,Azerbaijan,EURO,1498,33376,35,483
8/16/2020,AZ,Azerbaijan,EURO,642,34018,21,504
8/23/2020,AZ,Azerbaijan,EURO,903,34921,8,512
8/30/2020,AZ,Azerbaijan,EURO,1065,35986,15,527
9/6/2020,AZ,Azerbaijan,EURO,1045,37031,16,543
9/13/2020,AZ,Azerbaijan,EURO,1006,38037,14,557
9/20/2020,AZ,Azerbaijan,EURO,857,38894,15,572
9/27/2020,AZ,Azerbaijan,EURO,893,39787,11,583
10/4/2020,AZ,Azerbaijan,EURO,666,40453,11,594
10/11/2020,AZ,Azerbaijan,EURO,1066,41519,11,605
10/18/2020,AZ,Azerbaijan,EURO,2270,43789,16,621
10/25/2020,AZ,Azerbaijan,EURO,4432,48221,35,656
11/1/2020,AZ,Azerbaijan,EURO,5953,54174,62,718
11/8/2020,AZ,Azerbaijan,EURO,8164,62338,93,811
11/15/2020,AZ,Azerbaijan,EURO,9242,71580,116,927
11/22/2020,AZ,Azerbaijan,EURO,15583,87163,152,1079
11/29/2020,AZ,Azerbaijan,EURO,22650,109813,212,1291
12/6/2020,AZ,Azerbaijan,EURO,28187,138000,260,1551
12/13/2020,AZ,Azerbaijan,EURO,29155,167155,289,1840
12/20/2020,AZ,Azerbaijan,EURO,28267,195422,293,2133
12/27/2020,AZ,Azerbaijan,EURO,16342,211764,283,2416
1/3/2021,AZ,Azerbaijan,EURO,7277,219041,254,2670
1/10/2021,AZ,Azerbaijan,EURO,4376,223417,199,2869
1/17/2021,AZ,Azerbaijan,EURO,3132,226549,114,2983
1/24/2021,AZ,Azerbaijan,EURO,1977,228526,81,3064
1/31/2021,AZ,Azerbaijan,EURO,1409,229935,55,3119
2/7/2021,AZ,Azerbaijan,EURO,972,230907,34,3153
2/14/2021,AZ,Azerbaijan,EURO,933,231840,20,3173
2/21/2021,AZ,Azerbaijan,EURO,989,232829,20,3193
2/28/2021,AZ,Azerbaijan,EURO,1160,233989,20,3213
3/7/2021,AZ,Azerbaijan,EURO,2376,236365,25,3238
3/14/2021,AZ,Azerbaijan,EURO,3327,239692,38,3276
3/21/2021,AZ,Azerbaijan,EURO,5798,245490,63,3339
3/28/2021,AZ,Azerbaijan,EURO,8880,254370,125,3464
4/4/2021,AZ,Azerbaijan,EURO,14344,268714,184,3648
4/11/2021,AZ,Azerbaijan,EURO,14865,283579,231,3879
4/18/2021,AZ,Azerbaijan,EURO,14943,298522,228,4107
4/25/2021,AZ,Azerbaijan,EURO,12943,311465,235,4342
5/2/2021,AZ,Azerbaijan,EURO,8857,320322,196,4538
5/9/2021,AZ,Azerbaijan,EURO,5734,326056,128,4666
5/16/2021,AZ,Azerbaijan,EURO,3315,329371,102,4768
5/23/2021,AZ,Azerbaijan,EURO,2864,332235,83,4851
5/30/2021,AZ,Azerbaijan,EURO,1488,333723,52,4903
6/6/2021,AZ,Azerbaijan,EURO,924,334647,33,4936
6/13/2021,AZ,Azerbaijan,EURO,479,335126,17,4953
6/20/2021,AZ,Azerbaijan,EURO,311,335437,8,4961
6/27/2021,AZ,Azerbaijan,EURO,359,335796,6,4967
7/4/2021,AZ,Azerbaijan,EURO,522,336318,10,4977
7/11/2021,AZ,Azerbaijan,EURO,780,337098,7,4984
7/18/2021,AZ,Azerbaijan,EURO,1085,338183,7,4991
7/25/2021,AZ,Azerbaijan,EURO,1874,340057,11,5002
8/1/2021,AZ,Azerbaijan,EURO,3792,343849,21,5023
8/8/2021,AZ,Azerbaijan,EURO,6756,350605,33,5056
8/15/2021,AZ,Azerbaijan,EURO,14404,365009,82,5138
8/22/2021,AZ,Azerbaijan,EURO,23428,388437,141,5279
8/29/2021,AZ,Azerbaijan,EURO,25549,413986,233,5512
9/5/2021,AZ,Azerbaijan,EURO,25576,439562,288,5800
9/12/2021,AZ,Azerbaijan,EURO,15482,455044,231,6031
9/19/2021,AZ,Azerbaijan,EURO,15941,470985,249,6280
9/26/2021,AZ,Azerbaijan,EURO,8829,479814,153,6433
10/3/2021,AZ,Azerbaijan,EURO,5461,485275,126,6559
10/10/2021,AZ,Azerbaijan,EURO,5872,491147,95,6654
10/17/2021,AZ,Azerbaijan,EURO,9164,500311,92,6746
10/24/2021,AZ,Azerbaijan,EURO,13978,514289,123,6869
10/31/2021,AZ,Azerbaijan,EURO,14820,529109,180,7049
11/7/2021,AZ,Azerbaijan,EURO,15541,544650,192,7241
11/14/2021,AZ,Azerbaijan,EURO,13781,558431,175,7416
11/21/2021,AZ,Azerbaijan,EURO,13654,572085,183,7599
11/28/2021,AZ,Azerbaijan,EURO,12036,584121,190,7789
12/5/2021,AZ,Azerbaijan,EURO,10873,594994,158,7947
12/12/2021,AZ,Azerbaijan,EURO,8369,603363,123,8070
12/19/2021,AZ,Azerbaijan,EURO,6034,609397,112,8182
12/26/2021,AZ,Azerbaijan,EURO,4722,614119,102,8284
1/2/2022,AZ,Azerbaijan,EURO,3192,617311,81,8365
1/9/2022,AZ,Azerbaijan,EURO,3368,620679,72,8437
1/16/2022,AZ,Azerbaijan,EURO,4239,624918,73,8510
1/23/2022,AZ,Azerbaijan,EURO,7116,632034,87,8597
1/30/2022,AZ,Azerbaijan,EURO,19307,651341,103,8700
2/6/2022,AZ,Azerbaijan,EURO,39839,691180,146,8846
2/13/2022,AZ,Azerbaijan,EURO,47148,738328,181,9027
2/20/2022,AZ,Azerbaijan,EURO,33381,771709,184,9211
2/27/2022,AZ,Azerbaijan,EURO,12551,784260,167,9378
3/6/2022,AZ,Azerbaijan,EURO,4698,788958,122,9500
3/13/2022,AZ,Azerbaijan,EURO,1617,790575,99,9599
3/20/2022,AZ,Azerbaijan,EURO,829,791404,52,9651
3/27/2022,AZ,Azerbaijan,EURO,291,791695,28,9679
4/3/2022,AZ,Azerbaijan,EURO,324,792019,18,9697
4/10/2022,AZ,Azerbaijan,EURO,197,792216,6,9703
4/17/2022,AZ,Azerbaijan,EURO,133,792349,2,9705
4/24/2022,AZ,Azerbaijan,EURO,127,792476,2,9707
5/1/2022,AZ,Azerbaijan,EURO,86,792562,2,9709
5/8/2022,AZ,Azerbaijan,EURO,56,792618,0,9709
5/15/2022,AZ,Azerbaijan,EURO,50,792668,0,9709
5/22/2022,AZ,Azerbaijan,EURO,40,792708,1,9710
5/29/2022,AZ,Azerbaijan,EURO,49,792757,2,9712
6/5/2022,AZ,Azerbaijan,EURO,47,792804,1,9713
6/12/2022,AZ,Azerbaijan,EURO,66,792870,2,9715
6/19/2022,AZ,Azerbaijan,EURO,115,792985,1,9716
6/26/2022,AZ,Azerbaijan,EURO,155,793140,1,9717
7/3/2022,AZ,Azerbaijan,EURO,195,793335,0,9717
7/10/2022,AZ,Azerbaijan,EURO,360,793695,2,9719
7/17/2022,AZ,Azerbaijan,EURO,703,794398,4,9723
7/24/2022,AZ,Azerbaijan,EURO,1743,796141,12,9735
7/31/2022,AZ,Azerbaijan,EURO,2263,798404,12,9747
8/7/2022,AZ,Azerbaijan,EURO,3066,801470,13,9760
8/14/2022,AZ,Azerbaijan,EURO,3115,804585,13,9773
8/21/2022,AZ,Azerbaijan,EURO,3399,807984,11,9784
8/28/2022,AZ,Azerbaijan,EURO,3575,811559,21,9805
9/4/2022,AZ,Azerbaijan,EURO,3488,815047,17,9822
9/11/2022,AZ,Azerbaijan,EURO,2549,817596,30,9852
9/18/2022,AZ,Azerbaijan,EURO,1742,819338,32,9884
9/25/2022,AZ,Azerbaijan,EURO,1324,820662,19,9903
10/2/2022,AZ,Azerbaijan,EURO,870,821532,16,9919
10/9/2022,AZ,Azerbaijan,EURO,572,822104,8,9927
10/16/2022,AZ,Azerbaijan,EURO,434,822538,4,9931
10/23/2022,AZ,Azerbaijan,EURO,370,822908,6,9937
10/30/2022,AZ,Azerbaijan,EURO,294,823202,7,9944
11/6/2022,AZ,Azerbaijan,EURO,294,823496,11,9955
11/13/2022,AZ,Azerbaijan,EURO,192,823688,6,9961
11/20/2022,AZ,Azerbaijan,EURO,235,823923,11,9972
11/27/2022,AZ,Azerbaijan,EURO,270,824193,4,9976
12/4/2022,AZ,Azerbaijan,EURO,259,824452,7,9983
12/11/2022,AZ,Azerbaijan,EURO,350,824802,3,9986
12/18/2022,AZ,Azerbaijan,EURO,535,825337,7,9993
12/25/2022,AZ,Azerbaijan,EURO,556,825893,13,10006
1/1/2023,AZ,Azerbaijan,EURO,508,826401,2,10008
1/8/2023,AZ,Azerbaijan,EURO,402,826803,9,10017
1/15/2023,AZ,Azerbaijan,EURO,497,827300,28,10045
1/22/2023,AZ,Azerbaijan,EURO,338,827638,23,10068
1/29/2023,AZ,Azerbaijan,EURO,242,827880,13,10081
2/5/2023,AZ,Azerbaijan,EURO,184,828064,14,10095
2/12/2023,AZ,Azerbaijan,EURO,146,828210,3,10098
2/19/2023,AZ,Azerbaijan,EURO,128,828338,5,10103
2/26/2023,AZ,Azerbaijan,EURO,154,828492,13,10116
3/5/2023,AZ,Azerbaijan,EURO,190,828682,11,10127
3/12/2023,AZ,Azerbaijan,EURO,224,828906,16,10143
3/19/2023,AZ,Azerbaijan,EURO,311,829217,10,10153
3/26/2023,AZ,Azerbaijan,EURO,128,829345,7,10160
4/2/2023,AZ,Azerbaijan,EURO,454,829799,24,10184
4/9/2023,AZ,Azerbaijan,EURO,502,830301,13,10197
4/16/2023,AZ,Azerbaijan,EURO,479,830780,15,10212
4/23/2023,AZ,Azerbaijan,EURO,315,831095,10,10222
4/30/2023,AZ,Azerbaijan,EURO,259,831354,19,10241
5/7/2023,AZ,Azerbaijan,EURO,186,831540,16,10257
5/14/2023,AZ,Azerbaijan,EURO,108,831648,11,10268
5/21/2023,AZ,Azerbaijan,EURO,79,831727,4,10272
5/28/2023,AZ,Azerbaijan,EURO,85,831812,1,10273
6/4/2023,AZ,Azerbaijan,EURO,47,831859,4,10277
6/11/2023,AZ,Azerbaijan,EURO,19,831878,3,10280
6/18/2023,AZ,Azerbaijan,EURO,12,831890,1,10281
6/25/2023,AZ,Azerbaijan,EURO,6,831896,0,10281
7/2/2023,AZ,Azerbaijan,EURO,42,831938,1,10282
7/9/2023,AZ,Azerbaijan,EURO,12,831950,1,10283
7/16/2023,AZ,Azerbaijan,EURO,12,831962,2,10285
7/23/2023,AZ,Azerbaijan,EURO,21,831983,3,10288
7/30/2023,AZ,Azerbaijan,EURO,21,832004,1,10289
8/6/2023,AZ,Azerbaijan,EURO,17,832021,1,10290
8/13/2023,AZ,Azerbaijan,EURO,15,832036,3,10293
8/20/2023,AZ,Azerbaijan,EURO,8,832044,2,10295
8/27/2023,AZ,Azerbaijan,EURO,27,832071,0,10295
9/3/2023,AZ,Azerbaijan,EURO,241,832312,7,10302
9/10/2023,AZ,Azerbaijan,EURO,126,832438,0,10302
9/17/2023,AZ,Azerbaijan,EURO,142,832580,0,10302
9/24/2023,AZ,Azerbaijan,EURO,229,832809,19,10321
10/1/2023,AZ,Azerbaijan,EURO,380,833189,11,10332
10/8/2023,AZ,Azerbaijan,EURO,361,833550,5,10337
10/15/2023,AZ,Azerbaijan,EURO,249,833799,10,10347
10/22/2023,AZ,Azerbaijan,EURO,156,833955,6,10353
10/29/2023,AZ,Azerbaijan,EURO,0,833955,0,10353
11/5/2023,AZ,Azerbaijan,EURO,95,834050,3,10356
11/12/2023,AZ,Azerbaijan,EURO,45,834095,2,10358
11/19/2023,AZ,Azerbaijan,EURO,19,834114,3,10361
11/26/2023,AZ,Azerbaijan,EURO,21,834135,6,10367
12/3/2023,AZ,Azerbaijan,EURO,0,834135,0,10367
12/10/2023,AZ,Azerbaijan,EURO,11,834146,-6,10361
12/17/2023,AZ,Azerbaijan,EURO,95,834241,0,10361
12/24/2023,AZ,Azerbaijan,EURO,18,834259,0,10361
1/5/2020,BS,Bahamas,AMRO,0,0,0,0
1/12/2020,BS,Bahamas,AMRO,0,0,0,0
1/19/2020,BS,Bahamas,AMRO,0,0,0,0
1/26/2020,BS,Bahamas,AMRO,0,0,0,0
2/2/2020,BS,Bahamas,AMRO,0,0,0,0
2/9/2020,BS,Bahamas,AMRO,0,0,0,0
2/16/2020,BS,Bahamas,AMRO,0,0,0,0
2/23/2020,BS,Bahamas,AMRO,0,0,0,0
3/1/2020,BS,Bahamas,AMRO,0,0,0,0
3/8/2020,BS,Bahamas,AMRO,0,0,0,0
3/15/2020,BS,Bahamas,AMRO,0,0,0,0
3/22/2020,BS,Bahamas,AMRO,4,4,0,0
3/29/2020,BS,Bahamas,AMRO,5,9,0,0
4/5/2020,BS,Bahamas,AMRO,15,24,3,3
4/12/2020,BS,Bahamas,AMRO,18,42,5,8
4/19/2020,BS,Bahamas,AMRO,12,54,1,9
4/26/2020,BS,Bahamas,AMRO,18,72,2,11
5/3/2020,BS,Bahamas,AMRO,10,82,0,11
5/10/2020,BS,Bahamas,AMRO,10,92,0,11
5/17/2020,BS,Bahamas,AMRO,4,96,0,11
5/24/2020,BS,Bahamas,AMRO,1,97,0,11
5/31/2020,BS,Bahamas,AMRO,4,101,0,11
6/7/2020,BS,Bahamas,AMRO,2,103,0,11
6/14/2020,BS,Bahamas,AMRO,0,103,0,11
6/21/2020,BS,Bahamas,AMRO,1,104,0,11
6/28/2020,BS,Bahamas,AMRO,0,104,0,11
7/5/2020,BS,Bahamas,AMRO,0,104,0,11
7/12/2020,BS,Bahamas,AMRO,4,108,0,11
7/19/2020,BS,Bahamas,AMRO,21,129,0,11
7/26/2020,BS,Bahamas,AMRO,187,316,0,11
8/2/2020,BS,Bahamas,AMRO,192,508,3,14
8/9/2020,BS,Bahamas,AMRO,322,830,0,14
8/16/2020,BS,Bahamas,AMRO,289,1119,3,17
8/23/2020,BS,Bahamas,AMRO,584,1703,10,27
8/30/2020,BS,Bahamas,AMRO,354,2057,13,40
9/6/2020,BS,Bahamas,AMRO,419,2476,15,55
9/13/2020,BS,Bahamas,AMRO,398,2874,12,67
9/20/2020,BS,Bahamas,AMRO,303,3177,2,69
9/27/2020,BS,Bahamas,AMRO,613,3790,20,89
10/4/2020,BS,Bahamas,AMRO,542,4332,7,96
10/11/2020,BS,Bahamas,AMRO,623,4955,10,106
10/18/2020,BS,Bahamas,AMRO,673,5628,10,116
10/25/2020,BS,Bahamas,AMRO,724,6352,16,132
11/1/2020,BS,Bahamas,AMRO,362,6714,12,144
11/8/2020,BS,Bahamas,AMRO,233,6947,8,152
11/15/2020,BS,Bahamas,AMRO,216,7163,3,155
11/22/2020,BS,Bahamas,AMRO,232,7395,8,163
11/29/2020,BS,Bahamas,AMRO,101,7496,0,163
12/6/2020,BS,Bahamas,AMRO,74,7570,0,163
12/13/2020,BS,Bahamas,AMRO,89,7659,0,163
12/20/2020,BS,Bahamas,AMRO,74,7733,1,164
12/27/2020,BS,Bahamas,AMRO,55,7788,5,169
1/3/2021,BS,Bahamas,AMRO,111,7899,2,171
1/10/2021,BS,Bahamas,AMRO,78,7977,4,175
1/17/2021,BS,Bahamas,AMRO,62,8039,0,175
1/24/2021,BS,Bahamas,AMRO,71,8110,0,175
1/31/2021,BS,Bahamas,AMRO,73,8183,1,176
2/7/2021,BS,Bahamas,AMRO,87,8270,0,176
2/14/2021,BS,Bahamas,AMRO,89,8359,3,179
2/21/2021,BS,Bahamas,AMRO,94,8453,0,179
2/28/2021,BS,Bahamas,AMRO,89,8542,1,180
3/7/2021,BS,Bahamas,AMRO,74,8616,2,182
3/14/2021,BS,Bahamas,AMRO,106,8722,3,185
3/21/2021,BS,Bahamas,AMRO,162,8884,1,186
3/28/2021,BS,Bahamas,AMRO,150,9034,2,188
4/4/2021,BS,Bahamas,AMRO,200,9234,1,189
4/11/2021,BS,Bahamas,AMRO,183,9417,0,189
4/18/2021,BS,Bahamas,AMRO,279,9696,5,194
4/25/2021,BS,Bahamas,AMRO,354,10050,2,196
5/2/2021,BS,Bahamas,AMRO,469,10519,3,199
5/9/2021,BS,Bahamas,AMRO,311,10830,13,212
5/16/2021,BS,Bahamas,AMRO,304,11134,6,218
5/23/2021,BS,Bahamas,AMRO,365,11499,7,225
5/30/2021,BS,Bahamas,AMRO,261,11760,5,230
6/6/2021,BS,Bahamas,AMRO,227,11987,2,232
6/13/2021,BS,Bahamas,AMRO,172,12159,5,237
6/20/2021,BS,Bahamas,AMRO,168,12327,6,243
6/27/2021,BS,Bahamas,AMRO,177,12504,2,245
7/4/2021,BS,Bahamas,AMRO,337,12841,5,250
7/11/2021,BS,Bahamas,AMRO,273,13114,4,254
7/18/2021,BS,Bahamas,AMRO,352,13466,19,273
7/25/2021,BS,Bahamas,AMRO,591,14057,9,282
8/1/2021,BS,Bahamas,AMRO,783,14840,5,287
8/8/2021,BS,Bahamas,AMRO,697,15537,17,304
8/15/2021,BS,Bahamas,AMRO,893,16430,9,313
8/22/2021,BS,Bahamas,AMRO,848,17278,20,333
8/29/2021,BS,Bahamas,AMRO,753,18031,21,354
9/5/2021,BS,Bahamas,AMRO,735,18766,70,424
9/12/2021,BS,Bahamas,AMRO,674,19440,30,454
9/19/2021,BS,Bahamas,AMRO,675,20115,52,506
9/26/2021,BS,Bahamas,AMRO,590,20705,16,522
10/3/2021,BS,Bahamas,AMRO,560,21265,33,555
10/10/2021,BS,Bahamas,AMRO,361,21626,39,594
10/17/2021,BS,Bahamas,AMRO,328,21954,32,626
10/24/2021,BS,Bahamas,AMRO,273,22227,16,642
10/31/2021,BS,Bahamas,AMRO,169,22396,1,643
11/7/2021,BS,Bahamas,AMRO,117,22513,18,661
11/14/2021,BS,Bahamas,AMRO,59,22572,4,665
11/21/2021,BS,Bahamas,AMRO,86,22658,6,671
11/28/2021,BS,Bahamas,AMRO,93,22751,0,671
12/5/2021,BS,Bahamas,AMRO,76,22827,30,701
12/12/2021,BS,Bahamas,AMRO,69,22896,7,708
12/19/2021,BS,Bahamas,AMRO,175,23071,5,713
12/26/2021,BS,Bahamas,AMRO,559,23630,0,713
1/2/2022,BS,Bahamas,AMRO,1655,25285,4,717
1/9/2022,BS,Bahamas,AMRO,1837,27122,0,717
1/16/2022,BS,Bahamas,AMRO,3132,30254,2,719
1/23/2022,BS,Bahamas,AMRO,1661,31915,7,726
1/30/2022,BS,Bahamas,AMRO,571,32486,19,745
2/6/2022,BS,Bahamas,AMRO,194,32680,3,748
2/13/2022,BS,Bahamas,AMRO,245,32925,9,757
2/20/2022,BS,Bahamas,AMRO,116,33041,13,770
2/27/2022,BS,Bahamas,AMRO,80,33121,1,771
3/6/2022,BS,Bahamas,AMRO,50,33171,0,771
3/13/2022,BS,Bahamas,AMRO,23,33194,0,771
3/20/2022,BS,Bahamas,AMRO,25,33219,16,787
3/27/2022,BS,Bahamas,AMRO,35,33254,1,788
4/3/2022,BS,Bahamas,AMRO,41,33295,0,788
4/10/2022,BS,Bahamas,AMRO,51,33346,1,789
4/17/2022,BS,Bahamas,AMRO,45,33391,0,789
4/24/2022,BS,Bahamas,AMRO,72,33463,0,789
5/1/2022,BS,Bahamas,AMRO,95,33558,9,798
5/8/2022,BS,Bahamas,AMRO,137,33695,0,798
5/15/2022,BS,Bahamas,AMRO,176,33871,3,801
5/22/2022,BS,Bahamas,AMRO,341,34212,9,810
5/29/2022,BS,Bahamas,AMRO,414,34626,0,810
6/5/2022,BS,Bahamas,AMRO,384,35010,0,810
6/12/2022,BS,Bahamas,AMRO,276,35286,2,812
6/19/2022,BS,Bahamas,AMRO,317,35603,3,815
6/26/2022,BS,Bahamas,AMRO,211,35814,1,816
7/3/2022,BS,Bahamas,AMRO,215,36029,2,818
7/10/2022,BS,Bahamas,AMRO,216,36245,4,822
7/17/2022,BS,Bahamas,AMRO,181,36426,0,822
7/24/2022,BS,Bahamas,AMRO,142,36568,0,822
7/31/2022,BS,Bahamas,AMRO,148,36716,0,822
8/7/2022,BS,Bahamas,AMRO,96,36812,0,822
8/14/2022,BS,Bahamas,AMRO,93,36905,1,823
8/21/2022,BS,Bahamas,AMRO,78,36983,0,823
8/28/2022,BS,Bahamas,AMRO,69,37052,0,823
9/4/2022,BS,Bahamas,AMRO,46,37098,0,823
9/11/2022,BS,Bahamas,AMRO,48,37146,7,830
9/18/2022,BS,Bahamas,AMRO,57,37203,3,833
9/25/2022,BS,Bahamas,AMRO,64,37267,0,833
10/2/2022,BS,Bahamas,AMRO,42,37309,0,833
10/9/2022,BS,Bahamas,AMRO,9,37318,0,833
10/16/2022,BS,Bahamas,AMRO,16,37334,0,833
10/23/2022,BS,Bahamas,AMRO,30,37364,0,833
10/30/2022,BS,Bahamas,AMRO,22,37386,0,833
11/6/2022,BS,Bahamas,AMRO,33,37419,0,833
11/13/2022,BS,Bahamas,AMRO,16,37435,0,833
11/20/2022,BS,Bahamas,AMRO,18,37453,0,833
11/27/2022,BS,Bahamas,AMRO,23,37476,0,833
12/4/2022,BS,Bahamas,AMRO,15,37491,0,833
12/11/2022,BS,Bahamas,AMRO,0,37491,0,833
12/18/2022,BS,Bahamas,AMRO,0,37491,0,833
12/25/2022,BS,Bahamas,AMRO,0,37491,0,833
1/1/2023,BS,Bahamas,AMRO,0,37491,0,833
1/8/2023,BS,Bahamas,AMRO,0,37491,0,833
1/15/2023,BS,Bahamas,AMRO,0,37491,0,833
1/22/2023,BS,Bahamas,AMRO,0,37491,0,833
1/29/2023,BS,Bahamas,AMRO,0,37491,0,833
2/5/2023,BS,Bahamas,AMRO,0,37491,0,833
2/12/2023,BS,Bahamas,AMRO,0,37491,0,833
2/19/2023,BS,Bahamas,AMRO,0,37491,0,833
2/26/2023,BS,Bahamas,AMRO,0,37491,0,833
3/5/2023,BS,Bahamas,AMRO,0,37491,0,833
3/12/2023,BS,Bahamas,AMRO,0,37491,0,833
3/19/2023,BS,Bahamas,AMRO,0,37491,0,833
3/26/2023,BS,Bahamas,AMRO,0,37491,0,833
4/2/2023,BS,Bahamas,AMRO,0,37491,0,833
4/9/2023,BS,Bahamas,AMRO,0,37491,0,833
4/16/2023,BS,Bahamas,AMRO,512,38003,11,844
4/23/2023,BS,Bahamas,AMRO,81,38084,0,844
4/30/2023,BS,Bahamas,AMRO,0,38084,0,844
5/7/2023,BS,Bahamas,AMRO,0,38084,0,844
5/14/2023,BS,Bahamas,AMRO,0,38084,0,844
5/21/2023,BS,Bahamas,AMRO,0,38084,0,844
5/28/2023,BS,Bahamas,AMRO,0,38084,0,844
6/4/2023,BS,Bahamas,AMRO,0,38084,0,844
6/11/2023,BS,Bahamas,AMRO,0,38084,0,844
6/18/2023,BS,Bahamas,AMRO,0,38084,0,844
6/25/2023,BS,Bahamas,AMRO,0,38084,0,844
7/2/2023,BS,Bahamas,AMRO,0,38084,0,844
7/9/2023,BS,Bahamas,AMRO,0,38084,0,844
7/16/2023,BS,Bahamas,AMRO,0,38084,0,844
7/23/2023,BS,Bahamas,AMRO,0,38084,0,844
7/30/2023,BS,Bahamas,AMRO,0,38084,0,844
8/6/2023,BS,Bahamas,AMRO,0,38084,0,844
8/13/2023,BS,Bahamas,AMRO,0,38084,0,844
8/20/2023,BS,Bahamas,AMRO,0,38084,0,844
8/27/2023,BS,Bahamas,AMRO,0,38084,0,844
9/3/2023,BS,Bahamas,AMRO,0,38084,0,844
9/10/2023,BS,Bahamas,AMRO,0,38084,0,844
9/17/2023,BS,Bahamas,AMRO,0,38084,0,844
9/24/2023,BS,Bahamas,AMRO,0,38084,0,844
10/1/2023,BS,Bahamas,AMRO,0,38084,0,844
10/8/2023,BS,Bahamas,AMRO,0,38084,0,844
10/15/2023,BS,Bahamas,AMRO,0,38084,0,844
10/22/2023,BS,Bahamas,AMRO,0,38084,0,844
10/29/2023,BS,Bahamas,AMRO,0,38084,0,844
11/5/2023,BS,Bahamas,AMRO,0,38084,0,844
11/12/2023,BS,Bahamas,AMRO,0,38084,0,844
11/19/2023,BS,Bahamas,AMRO,0,38084,0,844
11/26/2023,BS,Bahamas,AMRO,0,38084,0,844
12/3/2023,BS,Bahamas,AMRO,0,38084,0,844
12/10/2023,BS,Bahamas,AMRO,0,38084,0,844
12/17/2023,BS,Bahamas,AMRO,0,38084,0,844
12/24/2023,BS,Bahamas,AMRO,0,38084,0,844
1/5/2020,BH,Bahrain,EMRO,0,0,0,0
1/12/2020,BH,Bahrain,EMRO,0,0,0,0
1/19/2020,BH,Bahrain,EMRO,0,0,0,0
1/26/2020,BH,Bahrain,EMRO,0,0,0,0
2/2/2020,BH,Bahrain,EMRO,0,0,0,0
2/9/2020,BH,Bahrain,EMRO,0,0,0,0
2/16/2020,BH,Bahrain,EMRO,0,0,0,0
2/23/2020,BH,Bahrain,EMRO,0,0,0,0
3/1/2020,BH,Bahrain,EMRO,41,41,0,0
3/8/2020,BH,Bahrain,EMRO,22,63,0,0
3/15/2020,BH,Bahrain,EMRO,148,211,0,0
3/22/2020,BH,Bahrain,EMRO,100,311,1,1
3/29/2020,BH,Bahrain,EMRO,165,476,3,4
4/5/2020,BH,Bahrain,EMRO,212,688,0,4
4/12/2020,BH,Bahrain,EMRO,352,1040,2,6
4/19/2020,BH,Bahrain,EMRO,733,1773,1,7
4/26/2020,BH,Bahrain,EMRO,816,2589,1,8
5/3/2020,BH,Bahrain,EMRO,695,3284,0,8
5/10/2020,BH,Bahrain,EMRO,1490,4774,0,8
5/17/2020,BH,Bahrain,EMRO,1973,6747,4,12
5/24/2020,BH,Bahrain,EMRO,2055,8802,1,13
5/31/2020,BH,Bahrain,EMRO,1991,10793,4,17
6/7/2020,BH,Bahrain,EMRO,3590,14383,7,24
6/14/2020,BH,Bahrain,EMRO,3844,18227,15,39
6/21/2020,BH,Bahrain,EMRO,3104,21331,21,60
6/28/2020,BH,Bahrain,EMRO,3936,25267,18,78
7/5/2020,BH,Bahrain,EMRO,3590,28857,18,96
7/12/2020,BH,Bahrain,EMRO,3613,32470,8,104
7/19/2020,BH,Bahrain,EMRO,3534,36004,20,124
7/26/2020,BH,Bahrain,EMRO,2743,38747,13,137
8/2/2020,BH,Bahrain,EMRO,2443,41190,10,147
8/9/2020,BH,Bahrain,EMRO,2439,43629,14,161
8/16/2020,BH,Bahrain,EMRO,2801,46430,9,170
8/23/2020,BH,Bahrain,EMRO,2608,49038,13,183
8/30/2020,BH,Bahrain,EMRO,2353,51391,6,189
9/6/2020,BH,Bahrain,EMRO,3380,54771,7,196
9/13/2020,BH,Bahrain,EMRO,4815,59586,16,212
9/20/2020,BH,Bahrain,EMRO,4913,64499,9,221
9/27/2020,BH,Bahrain,EMRO,4276,68775,18,239
10/4/2020,BH,Bahrain,EMRO,3535,72310,19,258
10/11/2020,BH,Bahrain,EMRO,2977,75287,15,273
10/18/2020,BH,Bahrain,EMRO,2284,77571,20,293
10/25/2020,BH,Bahrain,EMRO,2404,79975,19,312
11/1/2020,BH,Bahrain,EMRO,1670,81645,9,321
11/8/2020,BH,Bahrain,EMRO,1619,83264,8,329
11/15/2020,BH,Bahrain,EMRO,1259,84523,4,333
11/22/2020,BH,Bahrain,EMRO,1068,85591,5,338
11/29/2020,BH,Bahrain,EMRO,1054,86645,3,341
12/6/2020,BH,Bahrain,EMRO,1087,87732,0,341
12/13/2020,BH,Bahrain,EMRO,1233,88965,7,348
12/20/2020,BH,Bahrain,EMRO,1097,90062,1,349
12/27/2020,BH,Bahrain,EMRO,1456,91518,2,351
1/3/2021,BH,Bahrain,EMRO,1666,93184,1,352
1/10/2021,BH,Bahrain,EMRO,2133,95317,3,355
1/17/2021,BH,Bahrain,EMRO,1951,97268,3,358
1/24/2021,BH,Bahrain,EMRO,2188,99456,9,367
1/31/2021,BH,Bahrain,EMRO,3170,102626,5,372
2/7/2021,BH,Bahrain,EMRO,4087,106713,7,379
2/14/2021,BH,Bahrain,EMRO,5389,112102,19,398
2/21/2021,BH,Bahrain,EMRO,5132,117234,22,420
2/28/2021,BH,Bahrain,EMRO,4544,121778,24,444
3/7/2021,BH,Bahrain,EMRO,4348,126126,25,469
3/14/2021,BH,Bahrain,EMRO,4278,130404,12,481
3/21/2021,BH,Bahrain,EMRO,4922,135326,17,498
3/28/2021,BH,Bahrain,EMRO,5492,140818,15,513
4/4/2021,BH,Bahrain,EMRO,6952,147770,18,531
4/11/2021,BH,Bahrain,EMRO,7632,155402,23,554
4/18/2021,BH,Bahrain,EMRO,7711,163113,34,588
4/25/2021,BH,Bahrain,EMRO,7222,170335,32,620
5/2/2021,BH,Bahrain,EMRO,7662,177997,28,648
5/9/2021,BH,Bahrain,EMRO,9908,187905,30,678
5/16/2021,BH,Bahrain,EMRO,11188,199093,59,737
5/23/2021,BH,Bahrain,EMRO,15777,214870,72,809
5/30/2021,BH,Bahrain,EMRO,20829,235699,130,939
6/6/2021,BH,Bahrain,EMRO,13883,249582,152,1091
6/13/2021,BH,Bahrain,EMRO,8270,257852,115,1206
6/20/2021,BH,Bahrain,EMRO,4575,262427,91,1297
6/27/2021,BH,Bahrain,EMRO,2568,264995,44,1341
7/4/2021,BH,Bahrain,EMRO,1291,266286,17,1358
7/11/2021,BH,Bahrain,EMRO,826,267112,18,1376
7/18/2021,BH,Bahrain,EMRO,684,267796,4,1380
7/25/2021,BH,Bahrain,EMRO,617,268413,2,1382
8/1/2021,BH,Bahrain,EMRO,773,269186,2,1384
8/8/2021,BH,Bahrain,EMRO,763,269949,0,1384
8/15/2021,BH,Bahrain,EMRO,867,270816,0,1384
8/22/2021,BH,Bahrain,EMRO,718,271534,2,1386
8/29/2021,BH,Bahrain,EMRO,712,272246,2,1388
9/5/2021,BH,Bahrain,EMRO,670,272916,0,1388
9/12/2021,BH,Bahrain,EMRO,706,273622,0,1388
9/19/2021,BH,Bahrain,EMRO,557,274179,0,1388
9/26/2021,BH,Bahrain,EMRO,566,274745,1,1389
10/3/2021,BH,Bahrain,EMRO,430,275175,0,1389
10/10/2021,BH,Bahrain,EMRO,422,275597,1,1390
10/17/2021,BH,Bahrain,EMRO,433,276030,1,1391
10/24/2021,BH,Bahrain,EMRO,496,276526,2,1393
10/31/2021,BH,Bahrain,EMRO,268,276794,0,1393
11/7/2021,BH,Bahrain,EMRO,247,277041,0,1393
11/14/2021,BH,Bahrain,EMRO,160,277201,0,1393
11/21/2021,BH,Bahrain,EMRO,147,277348,1,1394
11/28/2021,BH,Bahrain,EMRO,204,277552,0,1394
12/5/2021,BH,Bahrain,EMRO,251,277803,0,1394
12/12/2021,BH,Bahrain,EMRO,234,278037,0,1394
12/19/2021,BH,Bahrain,EMRO,373,278410,0,1394
12/26/2021,BH,Bahrain,EMRO,1108,279518,0,1394
1/2/2022,BH,Bahrain,EMRO,3159,282677,0,1394
1/9/2022,BH,Bahrain,EMRO,8201,290878,3,1397
1/16/2022,BH,Bahrain,EMRO,14536,305414,1,1398
1/23/2022,BH,Bahrain,EMRO,22052,327466,1,1399
1/30/2022,BH,Bahrain,EMRO,34556,362022,5,1404
2/6/2022,BH,Bahrain,EMRO,51350,413372,7,1411
2/13/2022,BH,Bahrain,EMRO,45167,458539,14,1425
2/20/2022,BH,Bahrain,EMRO,29884,488423,12,1437
2/27/2022,BH,Bahrain,EMRO,20967,509390,13,1450
3/6/2022,BH,Bahrain,EMRO,15781,525171,8,1458
3/13/2022,BH,Bahrain,EMRO,11070,536241,4,1462
3/20/2022,BH,Bahrain,EMRO,7594,543835,3,1465
3/27/2022,BH,Bahrain,EMRO,6527,550362,3,1468
4/3/2022,BH,Bahrain,EMRO,5198,555560,3,1471
4/10/2022,BH,Bahrain,EMRO,3871,559431,1,1472
4/17/2022,BH,Bahrain,EMRO,3328,562759,1,1473
4/24/2022,BH,Bahrain,EMRO,3071,565830,2,1475
5/1/2022,BH,Bahrain,EMRO,2876,568706,0,1475
5/8/2022,BH,Bahrain,EMRO,3376,572082,2,1477
5/15/2022,BH,Bahrain,EMRO,4915,576997,2,1479
5/22/2022,BH,Bahrain,EMRO,3800,580797,1,1480
5/29/2022,BH,Bahrain,EMRO,3187,583984,7,1487
6/5/2022,BH,Bahrain,EMRO,4086,588070,1,1488
6/12/2022,BH,Bahrain,EMRO,6551,594621,1,1489
6/19/2022,BH,Bahrain,EMRO,9227,603848,2,1491
6/26/2022,BH,Bahrain,EMRO,12740,616588,1,1492
7/3/2022,BH,Bahrain,EMRO,12155,628743,2,1494
7/10/2022,BH,Bahrain,EMRO,9732,638475,4,1498
7/17/2022,BH,Bahrain,EMRO,9460,647935,7,1505
7/24/2022,BH,Bahrain,EMRO,6938,654873,1,1506
7/31/2022,BH,Bahrain,EMRO,4351,659224,3,1509
8/7/2022,BH,Bahrain,EMRO,3182,662406,2,1511
8/14/2022,BH,Bahrain,EMRO,3967,666373,1,1512
8/21/2022,BH,Bahrain,EMRO,3019,669392,1,1513
8/28/2022,BH,Bahrain,EMRO,1462,670854,0,1513
9/4/2022,BH,Bahrain,EMRO,1391,672245,2,1515
9/11/2022,BH,Bahrain,EMRO,1448,673693,3,1518
9/18/2022,BH,Bahrain,EMRO,2048,675741,2,1520
9/25/2022,BH,Bahrain,EMRO,2539,678280,0,1520
10/2/2022,BH,Bahrain,EMRO,2525,680805,0,1520
10/9/2022,BH,Bahrain,EMRO,2437,683242,0,1520
10/16/2022,BH,Bahrain,EMRO,2027,685269,1,1521
10/23/2022,BH,Bahrain,EMRO,2084,687353,3,1524
10/30/2022,BH,Bahrain,EMRO,2127,689480,3,1527
11/6/2022,BH,Bahrain,EMRO,2029,691509,2,1529
11/13/2022,BH,Bahrain,EMRO,1752,693261,2,1531
11/20/2022,BH,Bahrain,EMRO,1479,694740,2,1533
11/27/2022,BH,Bahrain,EMRO,1026,695766,3,1536
12/4/2022,BH,Bahrain,EMRO,848,696614,0,1536
12/11/2022,BH,Bahrain,EMRO,0,696614,0,1536
12/18/2022,BH,Bahrain,EMRO,0,696614,0,1536
12/25/2022,BH,Bahrain,EMRO,0,696614,0,1536
1/1/2023,BH,Bahrain,EMRO,0,696614,0,1536
1/8/2023,BH,Bahrain,EMRO,0,696614,0,1536
1/15/2023,BH,Bahrain,EMRO,0,696614,0,1536
1/22/2023,BH,Bahrain,EMRO,0,696614,0,1536
1/29/2023,BH,Bahrain,EMRO,0,696614,0,1536
2/5/2023,BH,Bahrain,EMRO,0,696614,0,1536
2/12/2023,BH,Bahrain,EMRO,0,696614,0,1536
2/19/2023,BH,Bahrain,EMRO,0,696614,0,1536
2/26/2023,BH,Bahrain,EMRO,0,696614,0,1536
3/5/2023,BH,Bahrain,EMRO,0,696614,0,1536
3/12/2023,BH,Bahrain,EMRO,0,696614,0,1536
3/19/2023,BH,Bahrain,EMRO,0,696614,0,1536
3/26/2023,BH,Bahrain,EMRO,0,696614,0,1536
4/2/2023,BH,Bahrain,EMRO,0,696614,0,1536
4/9/2023,BH,Bahrain,EMRO,0,696614,0,1536
4/16/2023,BH,Bahrain,EMRO,0,696614,0,1536
4/23/2023,BH,Bahrain,EMRO,0,696614,0,1536
4/30/2023,BH,Bahrain,EMRO,0,696614,0,1536
5/7/2023,BH,Bahrain,EMRO,0,696614,0,1536
5/14/2023,BH,Bahrain,EMRO,0,696614,0,1536
5/21/2023,BH,Bahrain,EMRO,0,696614,0,1536
5/28/2023,BH,Bahrain,EMRO,0,696614,0,1536
6/4/2023,BH,Bahrain,EMRO,0,696614,0,1536
6/11/2023,BH,Bahrain,EMRO,0,696614,0,1536
6/18/2023,BH,Bahrain,EMRO,0,696614,0,1536
6/25/2023,BH,Bahrain,EMRO,0,696614,0,1536
7/2/2023,BH,Bahrain,EMRO,0,696614,0,1536
7/9/2023,BH,Bahrain,EMRO,0,696614,0,1536
7/16/2023,BH,Bahrain,EMRO,0,696614,0,1536
7/23/2023,BH,Bahrain,EMRO,0,696614,0,1536
7/30/2023,BH,Bahrain,EMRO,0,696614,0,1536
8/6/2023,BH,Bahrain,EMRO,0,696614,0,1536
8/13/2023,BH,Bahrain,EMRO,0,696614,0,1536
8/20/2023,BH,Bahrain,EMRO,0,696614,0,1536
8/27/2023,BH,Bahrain,EMRO,0,696614,0,1536
9/3/2023,BH,Bahrain,EMRO,0,696614,0,1536
9/10/2023,BH,Bahrain,EMRO,0,696614,0,1536
9/17/2023,BH,Bahrain,EMRO,0,696614,0,1536
9/24/2023,BH,Bahrain,EMRO,0,696614,0,1536
10/1/2023,BH,Bahrain,EMRO,0,696614,0,1536
10/8/2023,BH,Bahrain,EMRO,0,696614,0,1536
10/15/2023,BH,Bahrain,EMRO,0,696614,0,1536
10/22/2023,BH,Bahrain,EMRO,0,696614,0,1536
10/29/2023,BH,Bahrain,EMRO,0,696614,0,1536
11/5/2023,BH,Bahrain,EMRO,0,696614,0,1536
11/12/2023,BH,Bahrain,EMRO,0,696614,0,1536
11/19/2023,BH,Bahrain,EMRO,0,696614,0,1536
11/26/2023,BH,Bahrain,EMRO,0,696614,0,1536
12/3/2023,BH,Bahrain,EMRO,0,696614,0,1536
12/10/2023,BH,Bahrain,EMRO,0,696614,0,1536
12/17/2023,BH,Bahrain,EMRO,0,696614,0,1536
12/24/2023,BH,Bahrain,EMRO,0,696614,0,1536
1/5/2020,BD,Bangladesh,SEARO,0,0,0,0
1/12/2020,BD,Bangladesh,SEARO,0,0,0,0
1/19/2020,BD,Bangladesh,SEARO,0,0,0,0
1/26/2020,BD,Bangladesh,SEARO,0,0,0,0
2/2/2020,BD,Bangladesh,SEARO,0,0,0,0
2/9/2020,BD,Bangladesh,SEARO,0,0,0,0
2/16/2020,BD,Bangladesh,SEARO,0,0,0,0
2/23/2020,BD,Bangladesh,SEARO,0,0,0,0
3/1/2020,BD,Bangladesh,SEARO,0,0,0,0
3/8/2020,BD,Bangladesh,SEARO,3,3,0,0
3/15/2020,BD,Bangladesh,SEARO,4,7,0,0
3/22/2020,BD,Bangladesh,SEARO,17,24,2,2
3/29/2020,BD,Bangladesh,SEARO,24,48,3,5
4/5/2020,BD,Bangladesh,SEARO,40,88,3,8
4/12/2020,BD,Bangladesh,SEARO,533,621,26,34
4/19/2020,BD,Bangladesh,SEARO,1835,2456,57,91
4/26/2020,BD,Bangladesh,SEARO,2960,5416,54,145
5/3/2020,BD,Bangladesh,SEARO,4039,9455,32,177
5/10/2020,BD,Bangladesh,SEARO,5202,14657,51,228
5/17/2020,BD,Bangladesh,SEARO,7611,22268,100,328
5/24/2020,BD,Bangladesh,SEARO,11342,33610,152,480
5/31/2020,BD,Bangladesh,SEARO,13543,47153,170,650
6/7/2020,BD,Bangladesh,SEARO,18616,65769,238,888
6/14/2020,BD,Bangladesh,SEARO,21751,87520,283,1171
6/21/2020,BD,Bangladesh,SEARO,24786,112306,293,1464
6/28/2020,BD,Bangladesh,SEARO,25481,137787,274,1738
7/5/2020,BD,Bangladesh,SEARO,24630,162417,314,2052
7/12/2020,BD,Bangladesh,SEARO,21378,183795,300,2352
7/19/2020,BD,Bangladesh,SEARO,20730,204525,266,2618
7/26/2020,BD,Bangladesh,SEARO,18928,223453,310,2928
8/2/2020,BD,Bangladesh,SEARO,17293,240746,226,3154
8/9/2020,BD,Bangladesh,SEARO,16854,257600,245,3399
8/16/2020,BD,Bangladesh,SEARO,18949,276549,258,3657
8/23/2020,BD,Bangladesh,SEARO,18049,294598,284,3941
8/30/2020,BD,Bangladesh,SEARO,16224,310822,307,4248
9/6/2020,BD,Bangladesh,SEARO,14335,325157,231,4479
9/13/2020,BD,Bangladesh,SEARO,12363,337520,254,4733
9/20/2020,BD,Bangladesh,SEARO,11396,348916,206,4939
9/27/2020,BD,Bangladesh,SEARO,10232,359148,222,5161
10/4/2020,BD,Bangladesh,SEARO,9542,368690,187,5348
10/11/2020,BD,Bangladesh,SEARO,9576,378266,176,5524
10/18/2020,BD,Bangladesh,SEARO,10303,388569,136,5660
10/25/2020,BD,Bangladesh,SEARO,10246,398815,143,5803
11/1/2020,BD,Bangladesh,SEARO,10437,409252,138,5941
11/8/2020,BD,Bangladesh,SEARO,10986,420238,126,6067
11/15/2020,BD,Bangladesh,SEARO,12095,432333,127,6194
11/22/2020,BD,Bangladesh,SEARO,15008,447341,194,6388
11/29/2020,BD,Bangladesh,SEARO,15066,462407,221,6609
12/6/2020,BD,Bangladesh,SEARO,15138,477545,229,6838
12/13/2020,BD,Bangladesh,SEARO,12988,490533,214,7052
12/20/2020,BD,Bangladesh,SEARO,10180,500713,228,7280
12/27/2020,BD,Bangladesh,SEARO,8435,509148,172,7452
1/3/2021,BD,Bangladesh,SEARO,6871,516019,174,7626
1/10/2021,BD,Bangladesh,SEARO,6434,522453,155,7781
1/17/2021,BD,Bangladesh,SEARO,5179,527632,125,7906
1/24/2021,BD,Bangladesh,SEARO,4167,531799,117,8023
1/31/2021,BD,Bangladesh,SEARO,3340,535139,104,8127
2/7/2021,BD,Bangladesh,SEARO,2923,538062,78,8205
2/14/2021,BD,Bangladesh,SEARO,2530,540592,69,8274
2/21/2021,BD,Bangladesh,SEARO,2759,543351,75,8349
2/28/2021,BD,Bangladesh,SEARO,2865,546216,59,8408
3/7/2021,BD,Bangladesh,SEARO,4114,550330,54,8462
3/14/2021,BD,Bangladesh,SEARO,7065,557395,83,8545
3/21/2021,BD,Bangladesh,SEARO,13483,570878,145,8690
3/28/2021,BD,Bangladesh,SEARO,24836,595714,214,8904
4/4/2021,BD,Bangladesh,SEARO,41650,637364,362,9266
4/11/2021,BD,Bangladesh,SEARO,47392,684756,473,9739
4/18/2021,BD,Bangladesh,SEARO,34194,718950,646,10385
4/25/2021,BD,Bangladesh,SEARO,26372,745322,668,11053
5/2/2021,BD,Bangladesh,SEARO,16621,761943,526,11579
5/9/2021,BD,Bangladesh,SEARO,11570,773513,355,11934
5/16/2021,BD,Bangladesh,SEARO,6646,780159,215,12149
5/23/2021,BD,Bangladesh,SEARO,8921,789080,227,12376
5/30/2021,BD,Bangladesh,SEARO,9750,798830,207,12583
6/6/2021,BD,Bangladesh,SEARO,12160,810990,256,12839
6/13/2021,BD,Bangladesh,SEARO,15932,826922,279,13118
6/20/2021,BD,Bangladesh,SEARO,24746,851668,430,13548
6/27/2021,BD,Bangladesh,SEARO,36738,888406,624,14172
7/4/2021,BD,Bangladesh,SEARO,56511,944917,893,15065
7/11/2021,BD,Bangladesh,SEARO,76272,1021189,1354,16419
7/18/2021,BD,Bangladesh,SEARO,82800,1103989,1475,17894
7/25/2021,BD,Bangladesh,SEARO,60646,1164635,1380,19274
8/1/2021,BD,Bangladesh,SEARO,99693,1264328,1642,20916
8/8/2021,BD,Bangladesh,SEARO,89367,1353695,1736,22652
8/15/2021,BD,Bangladesh,SEARO,65207,1418902,1523,24175
8/22/2021,BD,Bangladesh,SEARO,43096,1461998,1107,25282
8/29/2021,BD,Bangladesh,SEARO,31539,1493537,733,26015
9/5/2021,BD,Bangladesh,SEARO,20919,1514456,548,26563
9/12/2021,BD,Bangladesh,SEARO,15957,1530413,368,26931
9/19/2021,BD,Bangladesh,SEARO,12270,1542683,294,27225
9/26/2021,BD,Bangladesh,SEARO,8668,1551351,189,27414
10/3/2021,BD,Bangladesh,SEARO,6613,1557964,159,27573
10/10/2021,BD,Bangladesh,SEARO,4395,1562359,115,27688
10/17/2021,BD,Bangladesh,SEARO,3129,1565488,80,27768
10/24/2021,BD,Bangladesh,SEARO,2204,1567692,55,27823
10/31/2021,BD,Bangladesh,SEARO,1847,1569539,45,27868
11/7/2021,BD,Bangladesh,SEARO,1474,1571013,27,27895
11/14/2021,BD,Bangladesh,SEARO,1488,1572501,27,27922
11/21/2021,BD,Bangladesh,SEARO,1587,1574088,31,27953
11/28/2021,BD,Bangladesh,SEARO,1696,1575784,25,27978
12/5/2021,BD,Bangladesh,SEARO,1659,1577443,23,28001
12/12/2021,BD,Bangladesh,SEARO,1882,1579325,27,28028
12/19/2021,BD,Bangladesh,SEARO,1758,1581083,20,28048
12/26/2021,BD,Bangladesh,SEARO,2170,1583253,12,28060
1/2/2022,BD,Bangladesh,SEARO,3213,1586466,17,28077
1/9/2022,BD,Bangladesh,SEARO,7234,1593700,25,28102
1/16/2022,BD,Bangladesh,SEARO,24011,1617711,42,28144
1/23/2022,BD,Bangladesh,SEARO,67425,1685136,79,28223
1/30/2022,BD,Bangladesh,SEARO,100196,1785332,140,28363
2/6/2022,BD,Bangladesh,SEARO,76200,1861532,226,28589
2/13/2022,BD,Bangladesh,SEARO,48132,1909664,230,28819
2/20/2022,BD,Bangladesh,SEARO,23627,1933291,146,28965
2/27/2022,BD,Bangladesh,SEARO,9389,1942680,68,29033
3/6/2022,BD,Bangladesh,SEARO,4586,1947266,52,29085
3/13/2022,BD,Bangladesh,SEARO,2220,1949486,26,29111
3/20/2022,BD,Bangladesh,SEARO,1123,1950609,6,29117
3/27/2022,BD,Bangladesh,SEARO,673,1951282,1,29118
4/3/2022,BD,Bangladesh,SEARO,488,1951770,4,29122
4/10/2022,BD,Bangladesh,SEARO,295,1952065,1,29123
4/17/2022,BD,Bangladesh,SEARO,261,1952326,1,29124
4/24/2022,BD,Bangladesh,SEARO,230,1952556,3,29127
5/1/2022,BD,Bangladesh,SEARO,160,1952716,0,29127
5/8/2022,BD,Bangladesh,SEARO,83,1952799,0,29127
5/15/2022,BD,Bangladesh,SEARO,213,1953012,0,29127
5/22/2022,BD,Bangladesh,SEARO,192,1953204,1,29128
5/29/2022,BD,Bangladesh,SEARO,203,1953407,2,29130
6/5/2022,BD,Bangladesh,SEARO,216,1953623,1,29131
6/12/2022,BD,Bangladesh,SEARO,492,1954115,0,29131
6/19/2022,BD,Bangladesh,SEARO,2212,1956327,0,29131
6/26/2022,BD,Bangladesh,SEARO,8846,1965173,9,29140
7/3/2022,BD,Bangladesh,SEARO,13516,1978689,22,29162
7/10/2022,BD,Bangladesh,SEARO,11165,1989854,38,29200
7/17/2022,BD,Bangladesh,SEARO,6486,1996340,34,29234
7/24/2022,BD,Bangladesh,SEARO,5435,2001775,32,29266
7/31/2022,BD,Bangladesh,SEARO,3482,2005257,25,29291
8/7/2022,BD,Bangladesh,SEARO,2078,2007335,13,29304
8/14/2022,BD,Bangladesh,SEARO,1535,2008870,9,29313
8/21/2022,BD,Bangladesh,SEARO,1100,2009970,2,29315
8/28/2022,BD,Bangladesh,SEARO,1347,2011317,8,29323
9/4/2022,BD,Bangladesh,SEARO,1444,2012761,5,29328
9/11/2022,BD,Bangladesh,SEARO,2126,2014887,6,29334
9/18/2022,BD,Bangladesh,SEARO,2727,2017614,5,29339
9/25/2022,BD,Bangladesh,SEARO,4076,2021690,14,29353
10/2/2022,BD,Bangladesh,SEARO,4522,2026212,16,29369
10/9/2022,BD,Bangladesh,SEARO,3511,2029723,12,29381
10/16/2022,BD,Bangladesh,SEARO,2720,2032443,20,29401
10/23/2022,BD,Bangladesh,SEARO,1698,2034141,12,29413
10/30/2022,BD,Bangladesh,SEARO,1011,2035152,10,29423
11/6/2022,BD,Bangladesh,SEARO,676,2035828,3,29426
11/13/2022,BD,Bangladesh,SEARO,338,2036166,1,29427
11/20/2022,BD,Bangladesh,SEARO,201,2036367,3,29430
11/27/2022,BD,Bangladesh,SEARO,160,2036527,1,29431
12/4/2022,BD,Bangladesh,SEARO,110,2036637,3,29434
12/11/2022,BD,Bangladesh,SEARO,169,2036806,2,29436
12/18/2022,BD,Bangladesh,SEARO,122,2036928,2,29438
12/25/2022,BD,Bangladesh,SEARO,96,2037024,1,29439
1/1/2023,BD,Bangladesh,SEARO,118,2037142,1,29440
1/8/2023,BD,Bangladesh,SEARO,125,2037267,0,29440
1/15/2023,BD,Bangladesh,SEARO,101,2037368,1,29441
1/22/2023,BD,Bangladesh,SEARO,76,2037444,0,29441
1/29/2023,BD,Bangladesh,SEARO,88,2037532,1,29442
2/5/2023,BD,Bangladesh,SEARO,77,2037609,1,29443
2/12/2023,BD,Bangladesh,SEARO,70,2037679,1,29444
2/19/2023,BD,Bangladesh,SEARO,71,2037750,1,29445
2/26/2023,BD,Bangladesh,SEARO,58,2037808,0,29445
3/5/2023,BD,Bangladesh,SEARO,57,2037865,0,29445
3/12/2023,BD,Bangladesh,SEARO,57,2037922,0,29445
3/19/2023,BD,Bangladesh,SEARO,47,2037969,0,29445
3/26/2023,BD,Bangladesh,SEARO,32,2038001,0,29445
4/2/2023,BD,Bangladesh,SEARO,37,2038038,1,29446
4/9/2023,BD,Bangladesh,SEARO,40,2038078,0,29446
4/16/2023,BD,Bangladesh,SEARO,38,2038116,0,29446
4/23/2023,BD,Bangladesh,SEARO,38,2038154,0,29446
4/30/2023,BD,Bangladesh,SEARO,78,2038232,0,29446
5/7/2023,BD,Bangladesh,SEARO,106,2038338,0,29446
5/14/2023,BD,Bangladesh,SEARO,140,2038478,0,29446
5/21/2023,BD,Bangladesh,SEARO,148,2038626,0,29446
5/28/2023,BD,Bangladesh,SEARO,345,2038971,0,29446
6/4/2023,BD,Bangladesh,SEARO,668,2039639,2,29448
6/11/2023,BD,Bangladesh,SEARO,831,2040470,3,29451
6/18/2023,BD,Bangladesh,SEARO,1000,2041470,6,29457
6/25/2023,BD,Bangladesh,SEARO,782,2042252,4,29461
7/2/2023,BD,Bangladesh,SEARO,450,2042702,1,29462
7/9/2023,BD,Bangladesh,SEARO,459,2043161,0,29462
7/16/2023,BD,Bangladesh,SEARO,416,2043577,2,29464
7/23/2023,BD,Bangladesh,SEARO,394,2043971,4,29468
7/30/2023,BD,Bangladesh,SEARO,439,2044410,4,29472
8/6/2023,BD,Bangladesh,SEARO,369,2044779,2,29474
8/13/2023,BD,Bangladesh,SEARO,218,2044997,2,29476
8/20/2023,BD,Bangladesh,SEARO,162,2045159,0,29476
8/27/2023,BD,Bangladesh,SEARO,127,2045286,0,29476
9/3/2023,BD,Bangladesh,SEARO,122,2045408,1,29477
9/10/2023,BD,Bangladesh,SEARO,109,2045517,0,29477
9/17/2023,BD,Bangladesh,SEARO,85,2045602,0,29477
9/24/2023,BD,Bangladesh,SEARO,69,2045671,0,29477
10/1/2023,BD,Bangladesh,SEARO,63,2045734,0,29477
10/8/2023,BD,Bangladesh,SEARO,55,2045789,0,29477
10/15/2023,BD,Bangladesh,SEARO,54,2045843,0,29477
10/22/2023,BD,Bangladesh,SEARO,49,2045892,0,29477
10/29/2023,BD,Bangladesh,SEARO,31,2045923,0,29477
11/5/2023,BD,Bangladesh,SEARO,35,2045958,0,29477
11/12/2023,BD,Bangladesh,SEARO,34,2045992,0,29477
11/19/2023,BD,Bangladesh,SEARO,34,2046026,0,29477
11/26/2023,BD,Bangladesh,SEARO,34,2046060,0,29477
12/3/2023,BD,Bangladesh,SEARO,30,2046090,0,29477
12/10/2023,BD,Bangladesh,SEARO,43,2046133,0,29477
12/17/2023,BD,Bangladesh,SEARO,32,2046165,0,29477
12/24/2023,BD,Bangladesh,SEARO,42,2046207,0,29477
1/5/2020,BB,Barbados,AMRO,0,0,0,0
1/12/2020,BB,Barbados,AMRO,0,0,0,0
1/19/2020,BB,Barbados,AMRO,0,0,0,0
1/26/2020,BB,Barbados,AMRO,0,0,0,0
2/2/2020,BB,Barbados,AMRO,0,0,0,0
2/9/2020,BB,Barbados,AMRO,0,0,0,0
2/16/2020,BB,Barbados,AMRO,0,0,0,0
2/23/2020,BB,Barbados,AMRO,0,0,0,0
3/1/2020,BB,Barbados,AMRO,0,0,0,0
3/8/2020,BB,Barbados,AMRO,0,0,0,0
3/15/2020,BB,Barbados,AMRO,0,0,0,0
3/22/2020,BB,Barbados,AMRO,5,5,0,0
3/29/2020,BB,Barbados,AMRO,19,24,0,0
4/5/2020,BB,Barbados,AMRO,27,51,0,0
4/12/2020,BB,Barbados,AMRO,16,67,4,4
4/19/2020,BB,Barbados,AMRO,8,75,1,5
4/26/2020,BB,Barbados,AMRO,2,77,1,6
5/3/2020,BB,Barbados,AMRO,4,81,1,7
5/10/2020,BB,Barbados,AMRO,1,82,0,7
5/17/2020,BB,Barbados,AMRO,3,85,0,7
5/24/2020,BB,Barbados,AMRO,5,90,0,7
5/31/2020,BB,Barbados,AMRO,2,92,0,7
6/7/2020,BB,Barbados,AMRO,0,92,0,7
6/14/2020,BB,Barbados,AMRO,4,96,0,7
6/21/2020,BB,Barbados,AMRO,1,97,0,7
6/28/2020,BB,Barbados,AMRO,0,97,0,7
7/5/2020,BB,Barbados,AMRO,0,97,0,7
7/12/2020,BB,Barbados,AMRO,1,98,0,7
7/19/2020,BB,Barbados,AMRO,6,104,0,7
7/26/2020,BB,Barbados,AMRO,4,108,0,7
8/2/2020,BB,Barbados,AMRO,2,110,0,7
8/9/2020,BB,Barbados,AMRO,28,138,0,7
8/16/2020,BB,Barbados,AMRO,10,148,0,7
8/23/2020,BB,Barbados,AMRO,9,157,0,7
8/30/2020,BB,Barbados,AMRO,9,166,0,7
9/6/2020,BB,Barbados,AMRO,12,178,0,7
9/13/2020,BB,Barbados,AMRO,2,180,0,7
9/20/2020,BB,Barbados,AMRO,5,185,0,7
9/27/2020,BB,Barbados,AMRO,5,190,0,7
10/4/2020,BB,Barbados,AMRO,6,196,0,7
10/11/2020,BB,Barbados,AMRO,9,205,0,7
10/18/2020,BB,Barbados,AMRO,14,219,0,7
10/25/2020,BB,Barbados,AMRO,8,227,0,7
11/1/2020,BB,Barbados,AMRO,9,236,0,7
11/8/2020,BB,Barbados,AMRO,6,242,0,7
11/15/2020,BB,Barbados,AMRO,7,249,0,7
11/22/2020,BB,Barbados,AMRO,4,253,0,7
11/29/2020,BB,Barbados,AMRO,17,270,0,7
12/6/2020,BB,Barbados,AMRO,15,285,0,7
12/13/2020,BB,Barbados,AMRO,7,292,0,7
12/20/2020,BB,Barbados,AMRO,15,307,0,7
12/27/2020,BB,Barbados,AMRO,40,347,0,7
1/3/2021,BB,Barbados,AMRO,48,395,0,7
1/10/2021,BB,Barbados,AMRO,413,808,0,7
1/17/2021,BB,Barbados,AMRO,228,1036,0,7
1/24/2021,BB,Barbados,AMRO,305,1341,2,9
1/31/2021,BB,Barbados,AMRO,157,1498,3,12
2/7/2021,BB,Barbados,AMRO,178,1676,6,18
2/14/2021,BB,Barbados,AMRO,271,1947,5,23
2/21/2021,BB,Barbados,AMRO,730,2677,7,30
2/28/2021,BB,Barbados,AMRO,317,2994,3,33
3/7/2021,BB,Barbados,AMRO,223,3217,4,37
3/14/2021,BB,Barbados,AMRO,174,3391,0,37
3/21/2021,BB,Barbados,AMRO,121,3512,2,39
3/28/2021,BB,Barbados,AMRO,91,3603,2,41
4/4/2021,BB,Barbados,AMRO,62,3665,1,42
4/11/2021,BB,Barbados,AMRO,43,3708,2,44
4/18/2021,BB,Barbados,AMRO,65,3773,0,44
4/25/2021,BB,Barbados,AMRO,47,3820,0,44
5/2/2021,BB,Barbados,AMRO,43,3863,0,44
5/9/2021,BB,Barbados,AMRO,68,3931,1,45
5/16/2021,BB,Barbados,AMRO,30,3961,1,46
5/23/2021,BB,Barbados,AMRO,24,3985,1,47
5/30/2021,BB,Barbados,AMRO,24,4009,0,47
6/6/2021,BB,Barbados,AMRO,20,4029,0,47
6/13/2021,BB,Barbados,AMRO,4,4033,0,47
6/20/2021,BB,Barbados,AMRO,7,4040,0,47
6/27/2021,BB,Barbados,AMRO,26,4066,0,47
7/4/2021,BB,Barbados,AMRO,16,4082,0,47
7/11/2021,BB,Barbados,AMRO,54,4136,0,47
7/18/2021,BB,Barbados,AMRO,105,4241,1,48
7/25/2021,BB,Barbados,AMRO,89,4330,0,48
8/1/2021,BB,Barbados,AMRO,49,4379,0,48
8/8/2021,BB,Barbados,AMRO,76,4455,0,48
8/15/2021,BB,Barbados,AMRO,60,4515,0,48
8/22/2021,BB,Barbados,AMRO,113,4628,0,48
8/29/2021,BB,Barbados,AMRO,161,4789,0,48
9/5/2021,BB,Barbados,AMRO,394,5183,3,51
9/12/2021,BB,Barbados,AMRO,576,5759,0,51
9/19/2021,BB,Barbados,AMRO,599,6358,6,57
9/26/2021,BB,Barbados,AMRO,1043,7401,6,63
10/3/2021,BB,Barbados,AMRO,1208,8609,15,78
10/10/2021,BB,Barbados,AMRO,1774,10383,10,88
10/17/2021,BB,Barbados,AMRO,1722,12105,20,108
10/24/2021,BB,Barbados,AMRO,2648,14753,16,124
10/31/2021,BB,Barbados,AMRO,2712,17465,28,152
11/7/2021,BB,Barbados,AMRO,2051,19516,18,170
11/14/2021,BB,Barbados,AMRO,2361,21877,21,191
11/21/2021,BB,Barbados,AMRO,1549,23426,15,206
11/28/2021,BB,Barbados,AMRO,1497,24923,17,223
12/5/2021,BB,Barbados,AMRO,1041,25964,11,234
12/12/2021,BB,Barbados,AMRO,776,26740,17,251
12/19/2021,BB,Barbados,AMRO,429,27169,5,256
12/26/2021,BB,Barbados,AMRO,460,27629,4,260
1/2/2022,BB,Barbados,AMRO,1181,28810,2,262
1/9/2022,BB,Barbados,AMRO,2194,31004,3,265
1/16/2022,BB,Barbados,AMRO,3687,34691,4,269
1/23/2022,BB,Barbados,AMRO,3895,38586,5,274
1/30/2022,BB,Barbados,AMRO,4265,42851,3,277
2/6/2022,BB,Barbados,AMRO,4273,47124,9,286
2/13/2022,BB,Barbados,AMRO,3756,50880,5,291
2/20/2022,BB,Barbados,AMRO,2628,53508,17,308
2/27/2022,BB,Barbados,AMRO,1394,54902,5,313
3/6/2022,BB,Barbados,AMRO,961,55863,3,316
3/13/2022,BB,Barbados,AMRO,942,56805,7,323
3/20/2022,BB,Barbados,AMRO,743,57548,3,326
3/27/2022,BB,Barbados,AMRO,722,58270,4,330
4/3/2022,BB,Barbados,AMRO,1225,59495,45,375
4/10/2022,BB,Barbados,AMRO,1772,61267,4,379
4/17/2022,BB,Barbados,AMRO,2910,64177,2,381
4/24/2022,BB,Barbados,AMRO,2633,66810,7,388
5/1/2022,BB,Barbados,AMRO,2752,69562,4,392
5/8/2022,BB,Barbados,AMRO,3181,72743,11,403
5/15/2022,BB,Barbados,AMRO,3102,75845,29,432
5/22/2022,BB,Barbados,AMRO,2603,78448,4,436
5/29/2022,BB,Barbados,AMRO,1590,80038,8,444
6/5/2022,BB,Barbados,AMRO,1136,81174,18,462
6/12/2022,BB,Barbados,AMRO,897,82071,5,467
6/19/2022,BB,Barbados,AMRO,659,82730,4,471
6/26/2022,BB,Barbados,AMRO,794,83524,2,473
7/3/2022,BB,Barbados,AMRO,1038,84562,4,477
7/10/2022,BB,Barbados,AMRO,1117,85679,1,478
7/17/2022,BB,Barbados,AMRO,1784,87463,1,479
7/24/2022,BB,Barbados,AMRO,1876,89339,3,482
7/31/2022,BB,Barbados,AMRO,2254,91593,10,492
8/7/2022,BB,Barbados,AMRO,2500,94093,6,498
8/14/2022,BB,Barbados,AMRO,3011,97104,17,515
8/21/2022,BB,Barbados,AMRO,2100,99204,14,529
8/28/2022,BB,Barbados,AMRO,1322,100526,8,537
9/4/2022,BB,Barbados,AMRO,689,101215,7,544
9/11/2022,BB,Barbados,AMRO,594,101809,12,556
9/18/2022,BB,Barbados,AMRO,351,102160,3,559
9/25/2022,BB,Barbados,AMRO,223,102383,0,559
10/2/2022,BB,Barbados,AMRO,226,102609,1,560
10/9/2022,BB,Barbados,AMRO,0,102609,0,560
10/16/2022,BB,Barbados,AMRO,405,103014,0,560
10/23/2022,BB,Barbados,AMRO,0,103014,0,560
10/30/2022,BB,Barbados,AMRO,410,103424,0,560
11/6/2022,BB,Barbados,AMRO,0,103424,0,560
11/13/2022,BB,Barbados,AMRO,121,103545,4,564
11/20/2022,BB,Barbados,AMRO,0,103545,0,564
11/27/2022,BB,Barbados,AMRO,871,104416,3,567
12/4/2022,BB,Barbados,AMRO,0,104416,0,567
12/11/2022,BB,Barbados,AMRO,528,104944,1,568
12/18/2022,BB,Barbados,AMRO,0,104944,0,568
12/25/2022,BB,Barbados,AMRO,571,105515,0,568
1/1/2023,BB,Barbados,AMRO,0,105515,0,568
1/8/2023,BB,Barbados,AMRO,390,105905,1,569
1/15/2023,BB,Barbados,AMRO,0,105905,0,569
1/22/2023,BB,Barbados,AMRO,252,106157,2,571
1/29/2023,BB,Barbados,AMRO,0,106157,0,571
2/5/2023,BB,Barbados,AMRO,277,106434,2,573
2/12/2023,BB,Barbados,AMRO,0,106434,0,573
2/19/2023,BB,Barbados,AMRO,211,106645,2,575
2/26/2023,BB,Barbados,AMRO,0,106645,0,575
3/5/2023,BB,Barbados,AMRO,153,106798,4,579
3/12/2023,BB,Barbados,AMRO,0,106798,0,579
3/19/2023,BB,Barbados,AMRO,0,106798,0,579
3/26/2023,BB,Barbados,AMRO,0,106798,0,579
4/2/2023,BB,Barbados,AMRO,534,107332,3,582
4/9/2023,BB,Barbados,AMRO,0,107332,0,582
4/16/2023,BB,Barbados,AMRO,0,107332,0,582
4/23/2023,BB,Barbados,AMRO,134,107466,6,588
4/30/2023,BB,Barbados,AMRO,0,107466,0,588
5/7/2023,BB,Barbados,AMRO,100,107566,1,589
5/14/2023,BB,Barbados,AMRO,228,107794,4,593
5/21/2023,BB,Barbados,AMRO,0,107794,0,593
5/28/2023,BB,Barbados,AMRO,144,107938,0,593
6/4/2023,BB,Barbados,AMRO,138,108076,0,593
6/11/2023,BB,Barbados,AMRO,263,108339,0,593
6/18/2023,BB,Barbados,AMRO,249,108588,0,593
6/25/2023,BB,Barbados,AMRO,197,108785,0,593
7/2/2023,BB,Barbados,AMRO,199,108984,0,593
7/9/2023,BB,Barbados,AMRO,166,109150,0,593
7/16/2023,BB,Barbados,AMRO,125,109275,0,593
7/23/2023,BB,Barbados,AMRO,96,109371,0,593
7/30/2023,BB,Barbados,AMRO,81,109452,0,593
8/6/2023,BB,Barbados,AMRO,83,109535,0,593
8/13/2023,BB,Barbados,AMRO,123,109658,0,593
8/20/2023,BB,Barbados,AMRO,151,109809,0,593
8/27/2023,BB,Barbados,AMRO,65,109874,0,593
9/3/2023,BB,Barbados,AMRO,69,109943,0,593
9/10/2023,BB,Barbados,AMRO,83,110026,0,593
9/17/2023,BB,Barbados,AMRO,29,110055,0,593
9/24/2023,BB,Barbados,AMRO,19,110074,0,593
10/1/2023,BB,Barbados,AMRO,17,110091,0,593
10/8/2023,BB,Barbados,AMRO,15,110106,0,593
10/15/2023,BB,Barbados,AMRO,8,110114,0,593
10/22/2023,BB,Barbados,AMRO,9,110123,0,593
10/29/2023,BB,Barbados,AMRO,1,110124,0,593
11/5/2023,BB,Barbados,AMRO,1,110125,0,593
11/12/2023,BB,Barbados,AMRO,2,110127,0,593
11/19/2023,BB,Barbados,AMRO,1,110128,0,593
11/26/2023,BB,Barbados,AMRO,4,110132,0,593
12/3/2023,BB,Barbados,AMRO,4,110136,0,593
12/10/2023,BB,Barbados,AMRO,5,110141,0,593
12/17/2023,BB,Barbados,AMRO,0,110141,0,593
12/24/2023,BB,Barbados,AMRO,0,110141,0,593
1/5/2020,BY,Belarus,EURO,0,0,0,0
1/12/2020,BY,Belarus,EURO,0,0,0,0
1/19/2020,BY,Belarus,EURO,0,0,0,0
1/26/2020,BY,Belarus,EURO,0,0,0,0
2/2/2020,BY,Belarus,EURO,0,0,0,0
2/9/2020,BY,Belarus,EURO,0,0,0,0
2/16/2020,BY,Belarus,EURO,0,0,0,0
2/23/2020,BY,Belarus,EURO,0,0,0,0
3/1/2020,BY,Belarus,EURO,1,1,0,0
3/8/2020,BY,Belarus,EURO,5,6,0,0
3/15/2020,BY,Belarus,EURO,15,21,0,0
3/22/2020,BY,Belarus,EURO,55,76,0,0
3/29/2020,BY,Belarus,EURO,18,94,0,0
4/5/2020,BY,Belarus,EURO,346,440,4,4
4/12/2020,BY,Belarus,EURO,1786,2226,19,23
4/19/2020,BY,Belarus,EURO,3063,5289,22,45
4/26/2020,BY,Belarus,EURO,4301,9590,22,67
5/3/2020,BY,Belarus,EURO,6238,15828,30,97
5/10/2020,BY,Belarus,EURO,7145,22973,34,131
5/17/2020,BY,Belarus,EURO,5708,28681,29,160
5/24/2020,BY,Belarus,EURO,6563,35244,34,194
5/31/2020,BY,Belarus,EURO,6414,41658,35,229
6/7/2020,BY,Belarus,EURO,5210,46868,30,259
6/14/2020,BY,Belarus,EURO,6373,53241,44,303
6/21/2020,BY,Belarus,EURO,4695,57936,40,343
6/28/2020,BY,Belarus,EURO,3159,61095,34,377
7/5/2020,BY,Belarus,EURO,2175,63270,41,418
7/12/2020,BY,Belarus,EURO,1494,64764,41,459
7/19/2020,BY,Belarus,EURO,1189,65953,36,495
7/26/2020,BY,Belarus,EURO,1049,67002,35,530
8/2/2020,BY,Belarus,EURO,944,67946,33,563
8/9/2020,BY,Belarus,EURO,792,68738,22,585
8/16/2020,BY,Belarus,EURO,686,69424,22,607
8/23/2020,BY,Belarus,EURO,861,70285,30,637
8/30/2020,BY,Belarus,EURO,1238,71523,34,671
9/6/2020,BY,Belarus,EURO,1140,72663,34,705
9/13/2020,BY,Belarus,EURO,1312,73975,39,744
9/20/2020,BY,Belarus,EURO,1486,75461,32,776
9/27/2020,BY,Belarus,EURO,1828,77289,37,813
10/4/2020,BY,Belarus,EURO,2563,79852,38,851
10/11/2020,BY,Belarus,EURO,3171,83023,40,891
10/18/2020,BY,Belarus,EURO,4040,87063,34,925
10/25/2020,BY,Belarus,EURO,4104,91167,20,945
11/1/2020,BY,Belarus,EURO,8292,99459,40,985
11/8/2020,BY,Belarus,EURO,5824,105283,19,1004
11/15/2020,BY,Belarus,EURO,7587,112870,35,1039
11/22/2020,BY,Belarus,EURO,9565,122435,50,1089
11/29/2020,BY,Belarus,EURO,10889,133324,54,1143
12/6/2020,BY,Belarus,EURO,11955,145279,55,1198
12/13/2020,BY,Belarus,EURO,13055,158334,56,1254
12/20/2020,BY,Belarus,EURO,13245,171579,62,1316
12/27/2020,BY,Belarus,EURO,13343,184922,60,1376
1/3/2021,BY,Belarus,EURO,13203,198125,66,1442
1/10/2021,BY,Belarus,EURO,12243,210368,65,1507
1/17/2021,BY,Belarus,EURO,13169,223537,66,1573
1/24/2021,BY,Belarus,EURO,12322,235859,66,1639
1/31/2021,BY,Belarus,EURO,10711,246570,69,1708
2/7/2021,BY,Belarus,EURO,10389,256959,65,1773
2/14/2021,BY,Belarus,EURO,10070,267029,67,1840
2/21/2021,BY,Belarus,EURO,9961,276990,63,1903
2/28/2021,BY,Belarus,EURO,8969,285959,63,1966
3/7/2021,BY,Belarus,EURO,8473,294432,63,2029
3/14/2021,BY,Belarus,EURO,6896,301328,58,2087
3/21/2021,BY,Belarus,EURO,7965,309293,61,2148
3/28/2021,BY,Belarus,EURO,8338,317631,63,2211
4/4/2021,BY,Belarus,EURO,8434,326065,65,2276
4/11/2021,BY,Belarus,EURO,8798,334863,68,2344
4/18/2021,BY,Belarus,EURO,8060,342923,69,2413
4/25/2021,BY,Belarus,EURO,8751,351674,70,2483
5/2/2021,BY,Belarus,EURO,8308,359982,69,2552
5/9/2021,BY,Belarus,EURO,7692,367674,70,2622
5/16/2021,BY,Belarus,EURO,7040,374714,69,2691
5/23/2021,BY,Belarus,EURO,10059,384773,70,2761
5/30/2021,BY,Belarus,EURO,6864,391637,60,2821
6/6/2021,BY,Belarus,EURO,7272,398909,79,2900
6/13/2021,BY,Belarus,EURO,5831,404740,69,2969
6/20/2021,BY,Belarus,EURO,5356,410096,66,3035
6/27/2021,BY,Belarus,EURO,4634,414730,68,3103
7/4/2021,BY,Belarus,EURO,5676,420406,72,3175
7/11/2021,BY,Belarus,EURO,6480,426886,72,3247
7/18/2021,BY,Belarus,EURO,6523,433409,69,3316
7/25/2021,BY,Belarus,EURO,6419,439828,69,3385
8/1/2021,BY,Belarus,EURO,6212,446040,69,3454
8/8/2021,BY,Belarus,EURO,6913,452953,69,3523
8/15/2021,BY,Belarus,EURO,7045,459998,70,3593
8/22/2021,BY,Belarus,EURO,8417,468415,77,3670
8/29/2021,BY,Belarus,EURO,9486,477901,75,3745
9/5/2021,BY,Belarus,EURO,11062,488963,81,3826
9/12/2021,BY,Belarus,EURO,12203,501166,79,3905
9/19/2021,BY,Belarus,EURO,13280,514446,86,3991
9/26/2021,BY,Belarus,EURO,13783,528229,90,4081
10/3/2021,BY,Belarus,EURO,13749,541978,92,4173
10/10/2021,BY,Belarus,EURO,13815,555793,102,4275
10/17/2021,BY,Belarus,EURO,14213,570006,111,4386
10/24/2021,BY,Belarus,EURO,14184,584190,113,4499
10/31/2021,BY,Belarus,EURO,13942,598132,115,4614
11/7/2021,BY,Belarus,EURO,13883,612015,116,4730
11/14/2021,BY,Belarus,EURO,13577,625592,104,4834
11/21/2021,BY,Belarus,EURO,12810,638402,98,4932
11/28/2021,BY,Belarus,EURO,11766,650168,109,5041
12/5/2021,BY,Belarus,EURO,11888,662056,106,5147
12/12/2021,BY,Belarus,EURO,11213,673269,114,5261
12/19/2021,BY,Belarus,EURO,9903,683172,110,5371
12/26/2021,BY,Belarus,EURO,9429,692601,113,5484
1/2/2022,BY,Belarus,EURO,7820,700421,110,5594
1/9/2022,BY,Belarus,EURO,7293,707714,105,5699
1/16/2022,BY,Belarus,EURO,6581,714295,109,5808
1/23/2022,BY,Belarus,EURO,10608,724903,108,5916
1/30/2022,BY,Belarus,EURO,13698,738601,108,6024
2/6/2022,BY,Belarus,EURO,30475,769076,108,6132
2/13/2022,BY,Belarus,EURO,53969,823045,105,6237
2/20/2022,BY,Belarus,EURO,52889,875934,111,6348
2/27/2022,BY,Belarus,EURO,37399,913333,106,6454
3/6/2022,BY,Belarus,EURO,16007,929340,96,6550
3/13/2022,BY,Belarus,EURO,10174,939514,97,6647
3/20/2022,BY,Belarus,EURO,10480,949994,69,6716
3/27/2022,BY,Belarus,EURO,8498,958492,52,6768
4/3/2022,BY,Belarus,EURO,6185,964677,68,6836
4/10/2022,BY,Belarus,EURO,4939,969616,36,6872
4/17/2022,BY,Belarus,EURO,4430,974046,27,6899
4/24/2022,BY,Belarus,EURO,3388,977434,23,6922
5/1/2022,BY,Belarus,EURO,2911,980345,25,6947
5/8/2022,BY,Belarus,EURO,1986,982331,22,6969
5/15/2022,BY,Belarus,EURO,536,982867,9,6978
5/22/2022,BY,Belarus,EURO,0,982867,0,6978
5/29/2022,BY,Belarus,EURO,0,982867,0,6978
6/5/2022,BY,Belarus,EURO,0,982867,0,6978
6/12/2022,BY,Belarus,EURO,0,982867,0,6978
6/19/2022,BY,Belarus,EURO,0,982867,0,6978
6/26/2022,BY,Belarus,EURO,0,982867,0,6978
7/3/2022,BY,Belarus,EURO,11170,994037,140,7118
7/10/2022,BY,Belarus,EURO,0,994037,0,7118
7/17/2022,BY,Belarus,EURO,0,994037,0,7118
7/24/2022,BY,Belarus,EURO,0,994037,0,7118
7/31/2022,BY,Belarus,EURO,0,994037,0,7118
8/7/2022,BY,Belarus,EURO,0,994037,0,7118
8/14/2022,BY,Belarus,EURO,0,994037,0,7118
8/21/2022,BY,Belarus,EURO,0,994037,0,7118
8/28/2022,BY,Belarus,EURO,0,994037,0,7118
9/4/2022,BY,Belarus,EURO,0,994037,0,7118
9/11/2022,BY,Belarus,EURO,0,994037,0,7118
9/18/2022,BY,Belarus,EURO,0,994037,0,7118
9/25/2022,BY,Belarus,EURO,0,994037,0,7118
10/2/2022,BY,Belarus,EURO,0,994037,0,7118
10/9/2022,BY,Belarus,EURO,0,994037,0,7118
10/16/2022,BY,Belarus,EURO,0,994037,0,7118
10/23/2022,BY,Belarus,EURO,0,994037,0,7118
10/30/2022,BY,Belarus,EURO,0,994037,0,7118
11/6/2022,BY,Belarus,EURO,0,994037,0,7118
11/13/2022,BY,Belarus,EURO,0,994037,0,7118
11/20/2022,BY,Belarus,EURO,0,994037,0,7118
11/27/2022,BY,Belarus,EURO,0,994037,0,7118
12/4/2022,BY,Belarus,EURO,0,994037,0,7118
12/11/2022,BY,Belarus,EURO,0,994037,0,7118
12/18/2022,BY,Belarus,EURO,0,994037,0,7118
12/25/2022,BY,Belarus,EURO,0,994037,0,7118
1/1/2023,BY,Belarus,EURO,0,994037,0,7118
1/8/2023,BY,Belarus,EURO,0,994037,0,7118
1/15/2023,BY,Belarus,EURO,0,994037,0,7118
1/22/2023,BY,Belarus,EURO,0,994037,0,7118
1/29/2023,BY,Belarus,EURO,0,994037,0,7118
2/5/2023,BY,Belarus,EURO,0,994037,0,7118
2/12/2023,BY,Belarus,EURO,0,994037,0,7118
2/19/2023,BY,Belarus,EURO,0,994037,0,7118
2/26/2023,BY,Belarus,EURO,0,994037,0,7118
3/5/2023,BY,Belarus,EURO,0,994037,0,7118
3/12/2023,BY,Belarus,EURO,0,994037,0,7118
3/19/2023,BY,Belarus,EURO,0,994037,0,7118
3/26/2023,BY,Belarus,EURO,0,994037,0,7118
4/2/2023,BY,Belarus,EURO,0,994037,0,7118
4/9/2023,BY,Belarus,EURO,0,994037,0,7118
4/16/2023,BY,Belarus,EURO,0,994037,0,7118
4/23/2023,BY,Belarus,EURO,0,994037,0,7118
4/30/2023,BY,Belarus,EURO,0,994037,0,7118
5/7/2023,BY,Belarus,EURO,0,994037,0,7118
5/14/2023,BY,Belarus,EURO,0,994037,0,7118
5/21/2023,BY,Belarus,EURO,0,994037,0,7118
5/28/2023,BY,Belarus,EURO,0,994037,0,7118
6/4/2023,BY,Belarus,EURO,0,994037,0,7118
6/11/2023,BY,Belarus,EURO,0,994037,0,7118
6/18/2023,BY,Belarus,EURO,0,994037,0,7118
6/25/2023,BY,Belarus,EURO,0,994037,0,7118
7/2/2023,BY,Belarus,EURO,0,994037,0,7118
7/9/2023,BY,Belarus,EURO,0,994037,0,7118
7/16/2023,BY,Belarus,EURO,0,994037,0,7118
7/23/2023,BY,Belarus,EURO,0,994037,0,7118
7/30/2023,BY,Belarus,EURO,0,994037,0,7118
8/6/2023,BY,Belarus,EURO,0,994037,0,7118
8/13/2023,BY,Belarus,EURO,0,994037,0,7118
8/20/2023,BY,Belarus,EURO,0,994037,0,7118
8/27/2023,BY,Belarus,EURO,0,994037,0,7118
9/3/2023,BY,Belarus,EURO,0,994037,0,7118
9/10/2023,BY,Belarus,EURO,0,994037,0,7118
9/17/2023,BY,Belarus,EURO,0,994037,0,7118
9/24/2023,BY,Belarus,EURO,0,994037,0,7118
10/1/2023,BY,Belarus,EURO,0,994037,0,7118
10/8/2023,BY,Belarus,EURO,0,994037,0,7118
10/15/2023,BY,Belarus,EURO,0,994037,0,7118
10/22/2023,BY,Belarus,EURO,0,994037,0,7118
10/29/2023,BY,Belarus,EURO,0,994037,0,7118
11/5/2023,BY,Belarus,EURO,0,994037,0,7118
11/12/2023,BY,Belarus,EURO,0,994037,0,7118
11/19/2023,BY,Belarus,EURO,0,994037,0,7118
11/26/2023,BY,Belarus,EURO,0,994037,0,7118
12/3/2023,BY,Belarus,EURO,0,994037,0,7118
12/10/2023,BY,Belarus,EURO,0,994037,0,7118
12/17/2023,BY,Belarus,EURO,0,994037,0,7118
12/24/2023,BY,Belarus,EURO,0,994037,0,7118
1/5/2020,BE,Belgium,EURO,0,0,0,0
1/12/2020,BE,Belgium,EURO,0,0,0,0
1/19/2020,BE,Belgium,EURO,0,0,0,0
1/26/2020,BE,Belgium,EURO,0,0,0,0
2/2/2020,BE,Belgium,EURO,0,0,0,0
2/9/2020,BE,Belgium,EURO,1,1,0,0
2/16/2020,BE,Belgium,EURO,0,1,0,0
2/23/2020,BE,Belgium,EURO,0,1,0,0
3/1/2020,BE,Belgium,EURO,0,1,0,0
3/8/2020,BE,Belgium,EURO,315,316,0,0
3/15/2020,BE,Belgium,EURO,1046,1362,9,9
3/22/2020,BE,Belgium,EURO,3111,4473,140,149
3/29/2020,BE,Belgium,EURO,7558,12031,602,751
4/5/2020,BE,Belgium,EURO,9634,21665,1357,2108
4/12/2020,BE,Belgium,EURO,11209,32874,1938,4046
4/19/2020,BE,Belgium,EURO,8351,41225,1820,5866
4/26/2020,BE,Belgium,EURO,6275,47500,1285,7151
5/3/2020,BE,Belgium,EURO,3262,50762,830,7981
5/10/2020,BE,Belgium,EURO,3119,53881,571,8552
5/17/2020,BE,Belgium,EURO,2201,56082,414,8966
5/24/2020,BE,Belgium,EURO,1540,57622,246,9212
5/31/2020,BE,Belgium,EURO,1232,58854,181,9393
6/7/2020,BE,Belgium,EURO,835,59689,141,9534
6/14/2020,BE,Belgium,EURO,722,60411,79,9613
6/21/2020,BE,Belgium,EURO,669,61080,44,9657
6/28/2020,BE,Belgium,EURO,612,61692,40,9697
7/5/2020,BE,Belgium,EURO,614,62306,33,9730
7/12/2020,BE,Belgium,EURO,687,62993,13,9743
7/19/2020,BE,Belgium,EURO,1296,64289,22,9765
7/26/2020,BE,Belgium,EURO,2270,66559,17,9782
8/2/2020,BE,Belgium,EURO,3715,70274,20,9802
8/9/2020,BE,Belgium,EURO,4371,74645,34,9836
8/16/2020,BE,Belgium,EURO,3882,78527,67,9903
8/23/2020,BE,Belgium,EURO,3430,81957,53,9956
8/30/2020,BE,Belgium,EURO,3127,85084,31,9987
9/6/2020,BE,Belgium,EURO,3490,88574,22,10009
9/13/2020,BE,Belgium,EURO,5717,94291,21,10030
9/20/2020,BE,Belgium,EURO,9672,103963,20,10050
9/27/2020,BE,Belgium,EURO,11145,115108,33,10083
10/4/2020,BE,Belgium,EURO,17885,132993,76,10159
10/11/2020,BE,Belgium,EURO,35324,168317,125,10284
10/18/2020,BE,Belgium,EURO,67672,235989,237,10521
10/25/2020,BE,Belgium,EURO,101847,337836,366,10887
11/1/2020,BE,Belgium,EURO,106752,444588,915,11802
11/8/2020,BE,Belgium,EURO,58229,502817,1354,13156
11/15/2020,BE,Belgium,EURO,34794,537611,1381,14537
11/22/2020,BE,Belgium,EURO,23781,561392,1224,15761
11/29/2020,BE,Belgium,EURO,16348,577740,924,16685
12/6/2020,BE,Belgium,EURO,14990,592730,773,17458
12/13/2020,BE,Belgium,EURO,15997,608727,663,18121
12/20/2020,BE,Belgium,EURO,17504,626231,655,18776
12/27/2020,BE,Belgium,EURO,12529,638760,598,19374
1/3/2021,BE,Belgium,EURO,10587,649347,478,19852
1/10/2021,BE,Belgium,EURO,13335,662682,387,20239
1/17/2021,BE,Belgium,EURO,13362,676044,364,20603
1/24/2021,BE,Belgium,EURO,14307,690351,360,20963
1/31/2021,BE,Belgium,EURO,16127,706478,345,21308
2/7/2021,BE,Belgium,EURO,15414,721892,287,21595
2/14/2021,BE,Belgium,EURO,12643,734535,279,21874
2/21/2021,BE,Belgium,EURO,14680,749215,252,22126
2/28/2021,BE,Belgium,EURO,16796,766011,165,22291
3/7/2021,BE,Belgium,EURO,16333,782344,192,22483
3/14/2021,BE,Belgium,EURO,20001,802345,174,22657
3/21/2021,BE,Belgium,EURO,28468,830813,180,22837
3/28/2021,BE,Belgium,EURO,33670,864483,187,23024
4/4/2021,BE,Belgium,EURO,30410,894893,232,23256
4/11/2021,BE,Belgium,EURO,24742,919635,301,23557
4/18/2021,BE,Belgium,EURO,24408,944043,275,23832
4/25/2021,BE,Belgium,EURO,25035,969078,272,24104
5/2/2021,BE,Belgium,EURO,21346,990424,273,24377
5/9/2021,BE,Belgium,EURO,20880,1011304,247,24624
5/16/2021,BE,Belgium,EURO,15229,1026533,179,24803
5/23/2021,BE,Belgium,EURO,16785,1043318,140,24943
5/30/2021,BE,Belgium,EURO,12669,1055987,95,25038
6/6/2021,BE,Belgium,EURO,9742,1065729,99,25137
6/13/2021,BE,Belgium,EURO,5708,1071437,60,25197
6/20/2021,BE,Belgium,EURO,3192,1074629,44,25241
6/27/2021,BE,Belgium,EURO,2393,1077022,32,25273
7/4/2021,BE,Belgium,EURO,3624,1080646,22,25295
7/11/2021,BE,Belgium,EURO,6617,1087263,13,25308
7/18/2021,BE,Belgium,EURO,9384,1096647,12,25320
7/25/2021,BE,Belgium,EURO,10389,1107036,11,25331
8/1/2021,BE,Belgium,EURO,10985,1118021,24,25355
8/8/2021,BE,Belgium,EURO,12286,1130307,24,25379
8/15/2021,BE,Belgium,EURO,13436,1143743,23,25402
8/22/2021,BE,Belgium,EURO,13713,1157456,36,25438
8/29/2021,BE,Belgium,EURO,14154,1171610,40,25478
9/5/2021,BE,Belgium,EURO,13996,1185606,37,25515
9/12/2021,BE,Belgium,EURO,13755,1199361,56,25571
9/19/2021,BE,Belgium,EURO,14553,1213914,42,25613
9/26/2021,BE,Belgium,EURO,13625,1227539,56,25669
10/3/2021,BE,Belgium,EURO,13444,1240983,58,25727
10/10/2021,BE,Belgium,EURO,14524,1255507,66,25793
10/17/2021,BE,Belgium,EURO,21273,1276780,82,25875
10/24/2021,BE,Belgium,EURO,37375,1314155,98,25973
10/31/2021,BE,Belgium,EURO,53380,1367535,154,26127
11/7/2021,BE,Belgium,EURO,55358,1422893,146,26273
11/14/2021,BE,Belgium,EURO,70372,1493265,197,26470
11/21/2021,BE,Belgium,EURO,109038,1602303,240,26710
11/28/2021,BE,Belgium,EURO,125241,1727544,281,26991
12/5/2021,BE,Belgium,EURO,120571,1848115,346,27337
12/12/2021,BE,Belgium,EURO,93713,1941828,328,27665
12/19/2021,BE,Belgium,EURO,60686,2002514,273,27938
12/26/2021,BE,Belgium,EURO,45596,2048110,254,28192
1/2/2022,BE,Belgium,EURO,76996,2125106,170,28362
1/9/2022,BE,Belgium,EURO,142541,2267647,131,28493
1/16/2022,BE,Belgium,EURO,189412,2457059,150,28643
1/23/2022,BE,Belgium,EURO,334758,2791817,171,28814
1/30/2022,BE,Belgium,EURO,336348,3128165,210,29024
2/6/2022,BE,Belgium,EURO,202844,3331009,287,29311
2/13/2022,BE,Belgium,EURO,110136,3441145,325,29636
2/20/2022,BE,Belgium,EURO,67474,3508619,292,29928
2/27/2022,BE,Belgium,EURO,46661,3555280,174,30102
3/6/2022,BE,Belgium,EURO,42733,3598013,139,30241
3/13/2022,BE,Belgium,EURO,56086,3654099,142,30383
3/20/2022,BE,Belgium,EURO,71510,3725609,130,30513
3/27/2022,BE,Belgium,EURO,79185,3804794,152,30665
4/3/2022,BE,Belgium,EURO,73163,3877957,169,30834
4/10/2022,BE,Belgium,EURO,64176,3942133,176,31010
4/17/2022,BE,Belgium,EURO,53684,3995817,164,31174
4/24/2022,BE,Belgium,EURO,42050,4037867,138,31312
5/1/2022,BE,Belgium,EURO,33693,4071560,111,31423
5/8/2022,BE,Belgium,EURO,31079,4102639,107,31530
5/15/2022,BE,Belgium,EURO,26107,4128746,64,31594
5/22/2022,BE,Belgium,EURO,16893,4145639,58,31652
5/29/2022,BE,Belgium,EURO,9459,4155098,48,31700
6/5/2022,BE,Belgium,EURO,11121,4166219,43,31743
6/12/2022,BE,Belgium,EURO,13293,4179512,44,31787
6/19/2022,BE,Belgium,EURO,19471,4198983,38,31825
6/26/2022,BE,Belgium,EURO,27121,4226104,33,31858
7/3/2022,BE,Belgium,EURO,39113,4265217,57,31915
7/10/2022,BE,Belgium,EURO,54259,4319476,54,31969
7/17/2022,BE,Belgium,EURO,50068,4369544,79,32048
7/24/2022,BE,Belgium,EURO,30244,4399788,77,32125
7/31/2022,BE,Belgium,EURO,28023,4427811,99,32224
8/7/2022,BE,Belgium,EURO,20468,4448279,71,32295
8/14/2022,BE,Belgium,EURO,15148,4463427,69,32364
8/21/2022,BE,Belgium,EURO,12031,4475458,65,32429
8/28/2022,BE,Belgium,EURO,10917,4486375,50,32479
9/4/2022,BE,Belgium,EURO,10473,4496848,40,32519
9/11/2022,BE,Belgium,EURO,11341,4508189,35,32554
9/18/2022,BE,Belgium,EURO,13019,4521208,46,32600
9/25/2022,BE,Belgium,EURO,15764,4536972,20,32620
10/2/2022,BE,Belgium,EURO,20014,4556986,27,32647
10/9/2022,BE,Belgium,EURO,22321,4579307,50,32697
10/16/2022,BE,Belgium,EURO,19437,4598744,69,32766
10/23/2022,BE,Belgium,EURO,13434,4612178,65,32831
10/30/2022,BE,Belgium,EURO,8326,4620504,50,32881
11/6/2022,BE,Belgium,EURO,4596,4625100,40,32921
11/13/2022,BE,Belgium,EURO,4600,4629700,33,32954
11/20/2022,BE,Belgium,EURO,5268,4634968,38,32992
11/27/2022,BE,Belgium,EURO,6650,4641618,27,33019
12/4/2022,BE,Belgium,EURO,8170,4649788,21,33040
12/11/2022,BE,Belgium,EURO,9710,4659498,45,33085
12/18/2022,BE,Belgium,EURO,10121,4669619,70,33155
12/25/2022,BE,Belgium,EURO,9853,4679472,85,33240
1/1/2023,BE,Belgium,EURO,6375,4685847,96,33336
1/8/2023,BE,Belgium,EURO,4684,4690531,72,33408
1/15/2023,BE,Belgium,EURO,3088,4693619,62,33470
1/22/2023,BE,Belgium,EURO,2442,4696061,36,33506
1/29/2023,BE,Belgium,EURO,3167,4699228,31,33537
2/5/2023,BE,Belgium,EURO,4830,4704058,21,33558
2/12/2023,BE,Belgium,EURO,6208,4710266,48,33606
2/19/2023,BE,Belgium,EURO,8813,4719079,48,33654
2/26/2023,BE,Belgium,EURO,9732,4728811,59,33713
3/5/2023,BE,Belgium,EURO,10777,4739588,57,33770
3/12/2023,BE,Belgium,EURO,12484,4752072,57,33827
3/19/2023,BE,Belgium,EURO,11577,4763649,77,33904
3/26/2023,BE,Belgium,EURO,9908,4773557,84,33988
4/2/2023,BE,Belgium,EURO,7120,4780677,69,34057
4/9/2023,BE,Belgium,EURO,5044,4785721,52,34109
4/16/2023,BE,Belgium,EURO,3691,4789412,35,34144
4/23/2023,BE,Belgium,EURO,3194,4792606,30,34174
4/30/2023,BE,Belgium,EURO,2492,4795098,43,34217
5/7/2023,BE,Belgium,EURO,1717,4796815,31,34248
5/14/2023,BE,Belgium,EURO,1361,4798176,19,34267
5/21/2023,BE,Belgium,EURO,956,4799132,23,34290
5/28/2023,BE,Belgium,EURO,873,4800005,17,34307
6/4/2023,BE,Belgium,EURO,547,4800552,10,34317
6/11/2023,BE,Belgium,EURO,532,4801084,7,34324
6/18/2023,BE,Belgium,EURO,332,4801416,8,34332
6/25/2023,BE,Belgium,EURO,236,4801652,6,34338
7/2/2023,BE,Belgium,EURO,180,4801832,1,34339
7/9/2023,BE,Belgium,EURO,160,4801992,0,34339
7/16/2023,BE,Belgium,EURO,225,4802217,0,34339
7/23/2023,BE,Belgium,EURO,193,4802410,0,34339
7/30/2023,BE,Belgium,EURO,330,4802740,0,34339
8/6/2023,BE,Belgium,EURO,513,4803253,0,34339
8/13/2023,BE,Belgium,EURO,820,4804073,0,34339
8/20/2023,BE,Belgium,EURO,1232,4805305,0,34339
8/27/2023,BE,Belgium,EURO,1622,4806927,0,34339
9/3/2023,BE,Belgium,EURO,2006,4808933,0,34339
9/10/2023,BE,Belgium,EURO,2729,4811662,0,34339
9/17/2023,BE,Belgium,EURO,2546,4814208,0,34339
9/24/2023,BE,Belgium,EURO,2348,4816556,0,34339
10/1/2023,BE,Belgium,EURO,2373,4818929,0,34339
10/8/2023,BE,Belgium,EURO,2220,4821149,0,34339
10/15/2023,BE,Belgium,EURO,2045,4823194,0,34339
10/22/2023,BE,Belgium,EURO,1780,4824974,0,34339
10/29/2023,BE,Belgium,EURO,1756,4826730,0,34339
11/5/2023,BE,Belgium,EURO,1362,4828092,0,34339
11/12/2023,BE,Belgium,EURO,1412,4829504,0,34339
11/19/2023,BE,Belgium,EURO,417,4829921,0,34339
11/26/2023,BE,Belgium,EURO,0,4829921,0,34339
12/3/2023,BE,Belgium,EURO,0,4829921,0,34339
12/10/2023,BE,Belgium,EURO,3778,4833699,0,34339
12/17/2023,BE,Belgium,EURO,3187,4836886,0,34339
12/24/2023,BE,Belgium,EURO,4037,4840923,0,34339
1/5/2020,BZ,Belize,AMRO,0,0,0,0
1/12/2020,BZ,Belize,AMRO,0,0,0,0
1/19/2020,BZ,Belize,AMRO,0,0,0,0
1/26/2020,BZ,Belize,AMRO,0,0,0,0
2/2/2020,BZ,Belize,AMRO,0,0,0,0
2/9/2020,BZ,Belize,AMRO,0,0,0,0
2/16/2020,BZ,Belize,AMRO,0,0,0,0
2/23/2020,BZ,Belize,AMRO,0,0,0,0
3/1/2020,BZ,Belize,AMRO,0,0,0,0
3/8/2020,BZ,Belize,AMRO,0,0,0,0
3/15/2020,BZ,Belize,AMRO,0,0,0,0
3/22/2020,BZ,Belize,AMRO,0,0,0,0
3/29/2020,BZ,Belize,AMRO,2,2,0,0
4/5/2020,BZ,Belize,AMRO,2,4,0,0
4/12/2020,BZ,Belize,AMRO,6,10,2,2
4/19/2020,BZ,Belize,AMRO,8,18,0,2
4/26/2020,BZ,Belize,AMRO,0,18,0,2
5/3/2020,BZ,Belize,AMRO,0,18,0,2
5/10/2020,BZ,Belize,AMRO,0,18,0,2
5/17/2020,BZ,Belize,AMRO,0,18,0,2
5/24/2020,BZ,Belize,AMRO,0,18,0,2
5/31/2020,BZ,Belize,AMRO,0,18,0,2
6/7/2020,BZ,Belize,AMRO,1,19,0,2
6/14/2020,BZ,Belize,AMRO,1,20,0,2
6/21/2020,BZ,Belize,AMRO,2,22,0,2
6/28/2020,BZ,Belize,AMRO,2,24,0,2
7/5/2020,BZ,Belize,AMRO,6,30,0,2
7/12/2020,BZ,Belize,AMRO,7,37,0,2
7/19/2020,BZ,Belize,AMRO,3,40,0,2
7/26/2020,BZ,Belize,AMRO,8,48,0,2
8/2/2020,BZ,Belize,AMRO,0,48,0,2
8/9/2020,BZ,Belize,AMRO,98,146,0,2
8/16/2020,BZ,Belize,AMRO,242,388,1,3
8/23/2020,BZ,Belize,AMRO,260,648,2,5
8/30/2020,BZ,Belize,AMRO,222,870,7,12
9/6/2020,BZ,Belize,AMRO,282,1152,3,15
9/13/2020,BZ,Belize,AMRO,283,1435,4,19
9/20/2020,BZ,Belize,AMRO,155,1590,1,20
9/27/2020,BZ,Belize,AMRO,218,1808,3,23
10/4/2020,BZ,Belize,AMRO,272,2080,5,28
10/11/2020,BZ,Belize,AMRO,347,2427,7,35
10/18/2020,BZ,Belize,AMRO,301,2728,8,43
10/25/2020,BZ,Belize,AMRO,322,3050,4,47
11/1/2020,BZ,Belize,AMRO,412,3462,11,58
11/8/2020,BZ,Belize,AMRO,554,4016,9,67
11/15/2020,BZ,Belize,AMRO,699,4715,18,85
11/22/2020,BZ,Belize,AMRO,341,5056,22,107
11/29/2020,BZ,Belize,AMRO,531,5587,34,141
12/6/2020,BZ,Belize,AMRO,1796,7383,29,170
12/13/2020,BZ,Belize,AMRO,1582,8965,15,185
12/20/2020,BZ,Belize,AMRO,964,9929,30,215
12/27/2020,BZ,Belize,AMRO,561,10490,13,228
1/3/2021,BZ,Belize,AMRO,317,10807,21,249
1/10/2021,BZ,Belize,AMRO,395,11202,22,271
1/17/2021,BZ,Belize,AMRO,327,11529,10,281
1/24/2021,BZ,Belize,AMRO,171,11700,9,290
1/31/2021,BZ,Belize,AMRO,177,11877,11,301
2/7/2021,BZ,Belize,AMRO,136,12013,5,306
2/14/2021,BZ,Belize,AMRO,121,12134,7,313
2/21/2021,BZ,Belize,AMRO,93,12227,1,314
2/28/2021,BZ,Belize,AMRO,66,12293,0,314
3/7/2021,BZ,Belize,AMRO,42,12335,1,315
3/14/2021,BZ,Belize,AMRO,35,12370,1,316
3/21/2021,BZ,Belize,AMRO,30,12400,0,316
3/28/2021,BZ,Belize,AMRO,15,12415,1,317
4/4/2021,BZ,Belize,AMRO,41,12456,0,317
4/11/2021,BZ,Belize,AMRO,31,12487,1,318
4/18/2021,BZ,Belize,AMRO,51,12538,0,318
4/25/2021,BZ,Belize,AMRO,61,12599,3,321
5/2/2021,BZ,Belize,AMRO,69,12668,2,323
5/9/2021,BZ,Belize,AMRO,18,12686,0,323
5/16/2021,BZ,Belize,AMRO,28,12714,0,323
5/23/2021,BZ,Belize,AMRO,50,12764,0,323
5/30/2021,BZ,Belize,AMRO,27,12791,1,324
6/6/2021,BZ,Belize,AMRO,70,12861,1,325
6/13/2021,BZ,Belize,AMRO,77,12938,0,325
6/20/2021,BZ,Belize,AMRO,66,13004,3,328
6/27/2021,BZ,Belize,AMRO,133,13137,1,329
7/4/2021,BZ,Belize,AMRO,206,13343,1,330
7/11/2021,BZ,Belize,AMRO,175,13518,0,330
7/18/2021,BZ,Belize,AMRO,165,13683,2,332
7/25/2021,BZ,Belize,AMRO,234,13917,0,332
8/1/2021,BZ,Belize,AMRO,246,14163,5,337
8/8/2021,BZ,Belize,AMRO,275,14438,2,339
8/15/2021,BZ,Belize,AMRO,409,14847,5,344
8/22/2021,BZ,Belize,AMRO,568,15415,7,351
8/29/2021,BZ,Belize,AMRO,597,16012,5,356
9/5/2021,BZ,Belize,AMRO,738,16750,7,363
9/12/2021,BZ,Belize,AMRO,655,17405,10,373
9/19/2021,BZ,Belize,AMRO,1127,18532,16,389
9/26/2021,BZ,Belize,AMRO,1068,19600,13,402
10/3/2021,BZ,Belize,AMRO,1403,21003,16,418
10/10/2021,BZ,Belize,AMRO,1184,22187,13,431
10/17/2021,BZ,Belize,AMRO,1803,23990,30,461
10/24/2021,BZ,Belize,AMRO,1455,25445,12,473
10/31/2021,BZ,Belize,AMRO,1353,26798,18,491
11/7/2021,BZ,Belize,AMRO,1096,27894,18,509
11/14/2021,BZ,Belize,AMRO,1005,28899,25,534
11/21/2021,BZ,Belize,AMRO,602,29501,24,558
11/28/2021,BZ,Belize,AMRO,664,30165,12,570
12/5/2021,BZ,Belize,AMRO,515,30680,9,579
12/12/2021,BZ,Belize,AMRO,353,31033,7,586
12/19/2021,BZ,Belize,AMRO,213,31246,3,589
12/26/2021,BZ,Belize,AMRO,257,31503,3,592
1/2/2022,BZ,Belize,AMRO,1337,32840,10,602
1/9/2022,BZ,Belize,AMRO,2962,35802,3,605
1/16/2022,BZ,Belize,AMRO,4810,40612,3,608
1/23/2022,BZ,Belize,AMRO,5141,45753,8,616
1/30/2022,BZ,Belize,AMRO,4734,50487,9,625
2/6/2022,BZ,Belize,AMRO,3057,53544,4,629
2/13/2022,BZ,Belize,AMRO,1639,55183,2,631
2/20/2022,BZ,Belize,AMRO,896,56079,10,641
2/27/2022,BZ,Belize,AMRO,518,56597,9,650
3/6/2022,BZ,Belize,AMRO,279,56876,1,651
3/13/2022,BZ,Belize,AMRO,158,57034,1,652
3/20/2022,BZ,Belize,AMRO,109,57143,2,654
3/27/2022,BZ,Belize,AMRO,88,57231,0,654
4/3/2022,BZ,Belize,AMRO,58,57289,2,656
4/10/2022,BZ,Belize,AMRO,-2,57287,8,664
4/17/2022,BZ,Belize,AMRO,44,57331,8,672
4/24/2022,BZ,Belize,AMRO,88,57419,4,676
5/1/2022,BZ,Belize,AMRO,72,57491,0,676
5/8/2022,BZ,Belize,AMRO,121,57612,0,676
5/15/2022,BZ,Belize,AMRO,284,57896,0,676
5/22/2022,BZ,Belize,AMRO,523,58419,1,677
5/29/2022,BZ,Belize,AMRO,630,59049,0,677
6/5/2022,BZ,Belize,AMRO,739,59788,1,678
6/12/2022,BZ,Belize,AMRO,1075,60863,0,678
6/19/2022,BZ,Belize,AMRO,1055,61918,0,678
6/26/2022,BZ,Belize,AMRO,1119,63037,1,679
7/3/2022,BZ,Belize,AMRO,1101,64138,1,680
7/10/2022,BZ,Belize,AMRO,810,64948,0,680
7/17/2022,BZ,Belize,AMRO,1046,65994,0,680
7/24/2022,BZ,Belize,AMRO,627,66621,0,680
7/31/2022,BZ,Belize,AMRO,490,67111,0,680
8/7/2022,BZ,Belize,AMRO,313,67424,0,680
8/14/2022,BZ,Belize,AMRO,206,67630,0,680
8/21/2022,BZ,Belize,AMRO,261,67891,0,680
8/28/2022,BZ,Belize,AMRO,296,68187,0,680
9/4/2022,BZ,Belize,AMRO,163,68350,0,680
9/11/2022,BZ,Belize,AMRO,123,68473,0,680
9/18/2022,BZ,Belize,AMRO,231,68704,0,680
9/25/2022,BZ,Belize,AMRO,80,68784,3,683
10/2/2022,BZ,Belize,AMRO,70,68854,3,686
10/9/2022,BZ,Belize,AMRO,30,68884,0,686
10/16/2022,BZ,Belize,AMRO,25,68909,0,686
10/23/2022,BZ,Belize,AMRO,17,68926,1,687
10/30/2022,BZ,Belize,AMRO,17,68943,0,687
11/6/2022,BZ,Belize,AMRO,14,68957,0,687
11/13/2022,BZ,Belize,AMRO,15,68972,0,687
11/20/2022,BZ,Belize,AMRO,16,68988,0,687
11/27/2022,BZ,Belize,AMRO,24,69012,1,688
12/4/2022,BZ,Belize,AMRO,36,69048,0,688
12/11/2022,BZ,Belize,AMRO,69,69117,0,688
12/18/2022,BZ,Belize,AMRO,259,69376,0,688
12/25/2022,BZ,Belize,AMRO,299,69675,0,688
1/1/2023,BZ,Belize,AMRO,271,69946,0,688
1/8/2023,BZ,Belize,AMRO,228,70174,0,688
1/15/2023,BZ,Belize,AMRO,223,70397,0,688
1/22/2023,BZ,Belize,AMRO,158,70555,0,688
1/29/2023,BZ,Belize,AMRO,55,70610,0,688
2/5/2023,BZ,Belize,AMRO,50,70660,0,688
2/12/2023,BZ,Belize,AMRO,37,70697,0,688
2/19/2023,BZ,Belize,AMRO,24,70721,0,688
2/26/2023,BZ,Belize,AMRO,19,70740,0,688
3/5/2023,BZ,Belize,AMRO,17,70757,0,688
3/12/2023,BZ,Belize,AMRO,25,70782,0,688
3/19/2023,BZ,Belize,AMRO,0,70782,0,688
3/26/2023,BZ,Belize,AMRO,0,70782,0,688
4/2/2023,BZ,Belize,AMRO,0,70782,0,688
4/9/2023,BZ,Belize,AMRO,0,70782,0,688
4/16/2023,BZ,Belize,AMRO,0,70782,0,688
4/23/2023,BZ,Belize,AMRO,0,70782,0,688
4/30/2023,BZ,Belize,AMRO,0,70782,0,688
5/7/2023,BZ,Belize,AMRO,0,70782,0,688
5/14/2023,BZ,Belize,AMRO,0,70782,0,688
5/21/2023,BZ,Belize,AMRO,0,70782,0,688
5/28/2023,BZ,Belize,AMRO,11,70793,0,688
6/4/2023,BZ,Belize,AMRO,7,70800,0,688
6/11/2023,BZ,Belize,AMRO,28,70828,0,688
6/18/2023,BZ,Belize,AMRO,28,70856,0,688
6/25/2023,BZ,Belize,AMRO,29,70885,0,688
7/2/2023,BZ,Belize,AMRO,33,70918,0,688
7/9/2023,BZ,Belize,AMRO,20,70938,0,688
7/16/2023,BZ,Belize,AMRO,41,70979,0,688
7/23/2023,BZ,Belize,AMRO,21,71000,0,688
7/30/2023,BZ,Belize,AMRO,42,71042,0,688
8/6/2023,BZ,Belize,AMRO,53,71095,0,688
8/13/2023,BZ,Belize,AMRO,59,71154,0,688
8/20/2023,BZ,Belize,AMRO,88,71242,0,688
8/27/2023,BZ,Belize,AMRO,20,71262,0,688
9/3/2023,BZ,Belize,AMRO,52,71314,0,688
9/10/2023,BZ,Belize,AMRO,29,71343,0,688
9/17/2023,BZ,Belize,AMRO,18,71361,0,688
9/24/2023,BZ,Belize,AMRO,12,71373,0,688
10/1/2023,BZ,Belize,AMRO,0,71373,0,688
10/8/2023,BZ,Belize,AMRO,0,71373,0,688
10/15/2023,BZ,Belize,AMRO,0,71373,0,688
10/22/2023,BZ,Belize,AMRO,0,71373,0,688
10/29/2023,BZ,Belize,AMRO,0,71373,0,688
11/5/2023,BZ,Belize,AMRO,0,71373,0,688
11/12/2023,BZ,Belize,AMRO,0,71373,0,688
11/19/2023,BZ,Belize,AMRO,0,71373,0,688
11/26/2023,BZ,Belize,AMRO,0,71373,0,688
12/3/2023,BZ,Belize,AMRO,0,71373,0,688
12/10/2023,BZ,Belize,AMRO,0,71373,0,688
12/17/2023,BZ,Belize,AMRO,0,71373,0,688
12/24/2023,BZ,Belize,AMRO,0,71373,0,688
1/5/2020,BJ,Benin,AFRO,0,0,0,0
1/12/2020,BJ,Benin,AFRO,0,0,0,0
1/19/2020,BJ,Benin,AFRO,0,0,0,0
1/26/2020,BJ,Benin,AFRO,0,0,0,0
2/2/2020,BJ,Benin,AFRO,0,0,0,0
2/9/2020,BJ,Benin,AFRO,0,0,0,0
2/16/2020,BJ,Benin,AFRO,0,0,0,0
2/23/2020,BJ,Benin,AFRO,0,0,0,0
3/1/2020,BJ,Benin,AFRO,0,0,0,0
3/8/2020,BJ,Benin,AFRO,0,0,0,0
3/15/2020,BJ,Benin,AFRO,0,0,0,0
3/22/2020,BJ,Benin,AFRO,2,2,0,0
3/29/2020,BJ,Benin,AFRO,1,3,0,0
4/5/2020,BJ,Benin,AFRO,10,13,0,0
4/12/2020,BJ,Benin,AFRO,22,35,0,0
4/19/2020,BJ,Benin,AFRO,19,54,0,0
4/26/2020,BJ,Benin,AFRO,6,60,0,0
5/3/2020,BJ,Benin,AFRO,30,90,2,2
5/10/2020,BJ,Benin,AFRO,21,111,0,2
5/17/2020,BJ,Benin,AFRO,20,131,0,2
5/24/2020,BJ,Benin,AFRO,6,137,1,3
5/31/2020,BJ,Benin,AFRO,102,239,0,3
6/7/2020,BJ,Benin,AFRO,29,268,1,4
6/14/2020,BJ,Benin,AFRO,202,470,2,6
6/21/2020,BJ,Benin,AFRO,295,765,7,13
6/28/2020,BJ,Benin,AFRO,384,1149,3,16
7/5/2020,BJ,Benin,AFRO,50,1199,5,21
7/12/2020,BJ,Benin,AFRO,179,1378,5,26
7/19/2020,BJ,Benin,AFRO,224,1602,5,31
7/26/2020,BJ,Benin,AFRO,168,1770,4,35
8/2/2020,BJ,Benin,AFRO,139,1909,3,38
8/9/2020,BJ,Benin,AFRO,27,1936,0,38
8/16/2020,BJ,Benin,AFRO,127,2063,1,39
8/23/2020,BJ,Benin,AFRO,52,2115,0,39
8/30/2020,BJ,Benin,AFRO,30,2145,1,40
9/6/2020,BJ,Benin,AFRO,68,2213,0,40
9/13/2020,BJ,Benin,AFRO,29,2242,0,40
9/20/2020,BJ,Benin,AFRO,38,2280,0,40
9/27/2020,BJ,Benin,AFRO,45,2325,0,40
10/4/2020,BJ,Benin,AFRO,32,2357,1,41
10/11/2020,BJ,Benin,AFRO,54,2411,0,41
10/18/2020,BJ,Benin,AFRO,85,2496,0,41
10/25/2020,BJ,Benin,AFRO,61,2557,0,41
11/1/2020,BJ,Benin,AFRO,86,2643,0,41
11/8/2020,BJ,Benin,AFRO,102,2745,2,43
11/15/2020,BJ,Benin,AFRO,99,2844,0,43
11/22/2020,BJ,Benin,AFRO,72,2916,0,43
11/29/2020,BJ,Benin,AFRO,58,2974,0,43
12/6/2020,BJ,Benin,AFRO,81,3055,1,44
12/13/2020,BJ,Benin,AFRO,35,3090,0,44
12/20/2020,BJ,Benin,AFRO,62,3152,0,44
12/27/2020,BJ,Benin,AFRO,53,3205,0,44
1/3/2021,BJ,Benin,AFRO,46,3251,0,44
1/10/2021,BJ,Benin,AFRO,53,3304,0,44
1/17/2021,BJ,Benin,AFRO,109,3413,2,46
1/24/2021,BJ,Benin,AFRO,230,3643,2,48
1/31/2021,BJ,Benin,AFRO,143,3786,0,48
2/7/2021,BJ,Benin,AFRO,407,4193,7,55
2/14/2021,BJ,Benin,AFRO,367,4560,1,56
2/21/2021,BJ,Benin,AFRO,583,5143,9,65
2/28/2021,BJ,Benin,AFRO,491,5634,5,70
3/7/2021,BJ,Benin,AFRO,437,6071,5,75
3/14/2021,BJ,Benin,AFRO,430,6501,6,81
3/21/2021,BJ,Benin,AFRO,317,6818,9,90
3/28/2021,BJ,Benin,AFRO,282,7100,0,90
4/4/2021,BJ,Benin,AFRO,213,7313,3,93
4/11/2021,BJ,Benin,AFRO,202,7515,0,93
4/18/2021,BJ,Benin,AFRO,96,7611,3,96
4/25/2021,BJ,Benin,AFRO,109,7720,1,97
5/2/2021,BJ,Benin,AFRO,101,7821,2,99
5/9/2021,BJ,Benin,AFRO,74,7895,1,100
5/16/2021,BJ,Benin,AFRO,89,7984,1,101
5/23/2021,BJ,Benin,AFRO,41,8025,0,101
5/30/2021,BJ,Benin,AFRO,33,8058,0,101
6/6/2021,BJ,Benin,AFRO,24,8082,1,102
6/13/2021,BJ,Benin,AFRO,27,8109,0,102
6/20/2021,BJ,Benin,AFRO,31,8140,1,103
6/27/2021,BJ,Benin,AFRO,30,8170,1,104
7/4/2021,BJ,Benin,AFRO,29,8199,0,104
7/11/2021,BJ,Benin,AFRO,28,8227,1,105
7/18/2021,BJ,Benin,AFRO,17,8244,2,107
7/25/2021,BJ,Benin,AFRO,80,8324,0,107
8/1/2021,BJ,Benin,AFRO,70,8394,1,108
8/8/2021,BJ,Benin,AFRO,214,8608,2,110
8/15/2021,BJ,Benin,AFRO,457,9065,3,113
8/22/2021,BJ,Benin,AFRO,1118,10183,6,119
8/29/2021,BJ,Benin,AFRO,2309,12492,8,127
9/5/2021,BJ,Benin,AFRO,4454,16946,8,135
9/12/2021,BJ,Benin,AFRO,2344,19290,6,141
9/19/2021,BJ,Benin,AFRO,2160,21450,5,146
9/26/2021,BJ,Benin,AFRO,1508,22958,8,154
10/3/2021,BJ,Benin,AFRO,932,23890,5,159
10/10/2021,BJ,Benin,AFRO,445,24335,0,159
10/17/2021,BJ,Benin,AFRO,225,24560,2,161
10/24/2021,BJ,Benin,AFRO,118,24678,0,161
10/31/2021,BJ,Benin,AFRO,71,24749,0,161
11/7/2021,BJ,Benin,AFRO,55,24804,0,161
11/14/2021,BJ,Benin,AFRO,23,24827,0,161
11/21/2021,BJ,Benin,AFRO,19,24846,0,161
11/28/2021,BJ,Benin,AFRO,4,24850,0,161
12/5/2021,BJ,Benin,AFRO,13,24863,0,161
12/12/2021,BJ,Benin,AFRO,34,24897,0,161
12/19/2021,BJ,Benin,AFRO,10,24907,0,161
12/26/2021,BJ,Benin,AFRO,28,24935,0,161
1/2/2022,BJ,Benin,AFRO,109,25044,0,161
1/9/2022,BJ,Benin,AFRO,478,25522,0,161
1/16/2022,BJ,Benin,AFRO,514,26036,1,162
1/23/2022,BJ,Benin,AFRO,273,26309,1,163
1/30/2022,BJ,Benin,AFRO,141,26450,0,163
2/6/2022,BJ,Benin,AFRO,48,26498,0,163
2/13/2022,BJ,Benin,AFRO,54,26552,0,163
2/20/2022,BJ,Benin,AFRO,15,26567,0,163
2/27/2022,BJ,Benin,AFRO,0,26567,0,163
3/6/2022,BJ,Benin,AFRO,8,26575,0,163
3/13/2022,BJ,Benin,AFRO,0,26575,0,163
3/20/2022,BJ,Benin,AFRO,18,26593,0,163
3/27/2022,BJ,Benin,AFRO,0,26593,0,163
4/3/2022,BJ,Benin,AFRO,2,26595,0,163
4/10/2022,BJ,Benin,AFRO,0,26595,0,163
4/17/2022,BJ,Benin,AFRO,10,26605,0,163
4/24/2022,BJ,Benin,AFRO,0,26605,0,163
5/1/2022,BJ,Benin,AFRO,0,26605,0,163
5/8/2022,BJ,Benin,AFRO,5,26610,0,163
5/15/2022,BJ,Benin,AFRO,0,26610,0,163
5/22/2022,BJ,Benin,AFRO,60,26670,0,163
5/29/2022,BJ,Benin,AFRO,119,26789,0,163
6/5/2022,BJ,Benin,AFRO,125,26914,0,163
6/12/2022,BJ,Benin,AFRO,128,27042,0,163
6/19/2022,BJ,Benin,AFRO,80,27122,0,163
6/26/2022,BJ,Benin,AFRO,38,27160,0,163
7/3/2022,BJ,Benin,AFRO,56,27216,0,163
7/10/2022,BJ,Benin,AFRO,30,27246,0,163
7/17/2022,BJ,Benin,AFRO,25,27271,0,163
7/24/2022,BJ,Benin,AFRO,24,27295,0,163
7/31/2022,BJ,Benin,AFRO,21,27316,0,163
8/7/2022,BJ,Benin,AFRO,0,27316,0,163
8/14/2022,BJ,Benin,AFRO,0,27316,0,163
8/21/2022,BJ,Benin,AFRO,0,27316,0,163
8/28/2022,BJ,Benin,AFRO,174,27490,0,163
9/4/2022,BJ,Benin,AFRO,45,27535,0,163
9/11/2022,BJ,Benin,AFRO,103,27638,0,163
9/18/2022,BJ,Benin,AFRO,89,27727,0,163
9/25/2022,BJ,Benin,AFRO,55,27782,0,163
10/2/2022,BJ,Benin,AFRO,0,27782,0,163
10/9/2022,BJ,Benin,AFRO,0,27782,0,163
10/16/2022,BJ,Benin,AFRO,0,27782,0,163
10/23/2022,BJ,Benin,AFRO,0,27782,0,163
10/30/2022,BJ,Benin,AFRO,130,27912,0,163
11/6/2022,BJ,Benin,AFRO,3,27915,0,163
11/13/2022,BJ,Benin,AFRO,7,27922,0,163
11/20/2022,BJ,Benin,AFRO,53,27975,0,163
11/27/2022,BJ,Benin,AFRO,5,27980,0,163
12/4/2022,BJ,Benin,AFRO,1,27981,0,163
12/11/2022,BJ,Benin,AFRO,1,27982,0,163
12/18/2022,BJ,Benin,AFRO,0,27982,0,163
12/25/2022,BJ,Benin,AFRO,3,27985,0,163
1/1/2023,BJ,Benin,AFRO,1,27986,0,163
1/8/2023,BJ,Benin,AFRO,0,27986,0,163
1/15/2023,BJ,Benin,AFRO,3,27989,0,163
1/22/2023,BJ,Benin,AFRO,1,27990,0,163
1/29/2023,BJ,Benin,AFRO,0,27990,0,163
2/5/2023,BJ,Benin,AFRO,1,27991,0,163
2/12/2023,BJ,Benin,AFRO,3,27994,0,163
2/19/2023,BJ,Benin,AFRO,5,27999,0,163
2/26/2023,BJ,Benin,AFRO,0,27999,0,163
3/5/2023,BJ,Benin,AFRO,8,28007,0,163
3/12/2023,BJ,Benin,AFRO,2,28009,0,163
3/19/2023,BJ,Benin,AFRO,3,28012,0,163
3/26/2023,BJ,Benin,AFRO,1,28013,0,163
4/2/2023,BJ,Benin,AFRO,1,28014,0,163
4/9/2023,BJ,Benin,AFRO,0,28014,0,163
4/16/2023,BJ,Benin,AFRO,0,28014,0,163
4/23/2023,BJ,Benin,AFRO,0,28014,0,163
4/30/2023,BJ,Benin,AFRO,0,28014,0,163
5/7/2023,BJ,Benin,AFRO,0,28014,0,163
5/14/2023,BJ,Benin,AFRO,0,28014,0,163
5/21/2023,BJ,Benin,AFRO,0,28014,0,163
5/28/2023,BJ,Benin,AFRO,0,28014,0,163
6/4/2023,BJ,Benin,AFRO,0,28014,0,163
6/11/2023,BJ,Benin,AFRO,0,28014,0,163
6/18/2023,BJ,Benin,AFRO,0,28014,0,163
6/25/2023,BJ,Benin,AFRO,0,28014,0,163
7/2/2023,BJ,Benin,AFRO,0,28014,0,163
7/9/2023,BJ,Benin,AFRO,0,28014,0,163
7/16/2023,BJ,Benin,AFRO,0,28014,0,163
7/23/2023,BJ,Benin,AFRO,0,28014,0,163
7/30/2023,BJ,Benin,AFRO,0,28014,0,163
8/6/2023,BJ,Benin,AFRO,0,28014,0,163
8/13/2023,BJ,Benin,AFRO,0,28014,0,163
8/20/2023,BJ,Benin,AFRO,17,28031,0,163
8/27/2023,BJ,Benin,AFRO,0,28031,0,163
9/3/2023,BJ,Benin,AFRO,2,28033,0,163
9/10/2023,BJ,Benin,AFRO,0,28033,0,163
9/17/2023,BJ,Benin,AFRO,0,28033,0,163
9/24/2023,BJ,Benin,AFRO,3,28036,0,163
10/1/2023,BJ,Benin,AFRO,0,28036,0,163
10/8/2023,BJ,Benin,AFRO,0,28036,0,163
10/15/2023,BJ,Benin,AFRO,0,28036,0,163
10/22/2023,BJ,Benin,AFRO,0,28036,0,163
10/29/2023,BJ,Benin,AFRO,0,28036,0,163
11/5/2023,BJ,Benin,AFRO,0,28036,0,163
11/12/2023,BJ,Benin,AFRO,0,28036,0,163
11/19/2023,BJ,Benin,AFRO,0,28036,0,163
11/26/2023,BJ,Benin,AFRO,0,28036,0,163
12/3/2023,BJ,Benin,AFRO,0,28036,0,163
12/10/2023,BJ,Benin,AFRO,0,28036,0,163
12/17/2023,BJ,Benin,AFRO,0,28036,0,163
12/24/2023,BJ,Benin,AFRO,0,28036,0,163
1/5/2020,BM,Bermuda,AMRO,0,0,0,0
1/12/2020,BM,Bermuda,AMRO,0,0,0,0
1/19/2020,BM,Bermuda,AMRO,0,0,0,0
1/26/2020,BM,Bermuda,AMRO,0,0,0,0
2/2/2020,BM,Bermuda,AMRO,0,0,0,0
2/9/2020,BM,Bermuda,AMRO,0,0,0,0
2/16/2020,BM,Bermuda,AMRO,0,0,0,0
2/23/2020,BM,Bermuda,AMRO,0,0,0,0
3/1/2020,BM,Bermuda,AMRO,0,0,0,0
3/8/2020,BM,Bermuda,AMRO,0,0,0,0
3/15/2020,BM,Bermuda,AMRO,0,0,0,0
3/22/2020,BM,Bermuda,AMRO,2,2,0,0
3/29/2020,BM,Bermuda,AMRO,15,17,0,0
4/5/2020,BM,Bermuda,AMRO,18,35,0,0
4/12/2020,BM,Bermuda,AMRO,13,48,4,4
4/19/2020,BM,Bermuda,AMRO,35,83,1,5
4/26/2020,BM,Bermuda,AMRO,16,99,0,5
5/3/2020,BM,Bermuda,AMRO,15,114,1,6
5/10/2020,BM,Bermuda,AMRO,4,118,1,7
5/17/2020,BM,Bermuda,AMRO,5,123,2,9
5/24/2020,BM,Bermuda,AMRO,5,128,0,9
5/31/2020,BM,Bermuda,AMRO,12,140,0,9
6/7/2020,BM,Bermuda,AMRO,1,141,0,9
6/14/2020,BM,Bermuda,AMRO,1,142,0,9
6/21/2020,BM,Bermuda,AMRO,4,146,0,9
6/28/2020,BM,Bermuda,AMRO,0,146,0,9
7/5/2020,BM,Bermuda,AMRO,0,146,0,9
7/12/2020,BM,Bermuda,AMRO,4,150,0,9
7/19/2020,BM,Bermuda,AMRO,2,152,0,9
7/26/2020,BM,Bermuda,AMRO,1,153,0,9
8/2/2020,BM,Bermuda,AMRO,3,156,0,9
8/9/2020,BM,Bermuda,AMRO,2,158,0,9
8/16/2020,BM,Bermuda,AMRO,1,159,0,9
8/23/2020,BM,Bermuda,AMRO,8,167,0,9
8/30/2020,BM,Bermuda,AMRO,1,168,0,9
9/6/2020,BM,Bermuda,AMRO,7,175,0,9
9/13/2020,BM,Bermuda,AMRO,2,177,0,9
9/20/2020,BM,Bermuda,AMRO,1,178,0,9
9/27/2020,BM,Bermuda,AMRO,3,181,0,9
10/4/2020,BM,Bermuda,AMRO,0,181,0,9
10/11/2020,BM,Bermuda,AMRO,3,184,0,9
10/18/2020,BM,Bermuda,AMRO,1,185,0,9
10/25/2020,BM,Bermuda,AMRO,5,190,0,9
11/1/2020,BM,Bermuda,AMRO,9,199,0,9
11/8/2020,BM,Bermuda,AMRO,10,209,0,9
11/15/2020,BM,Bermuda,AMRO,13,222,0,9
11/22/2020,BM,Bermuda,AMRO,5,227,0,9
11/29/2020,BM,Bermuda,AMRO,20,247,0,9
12/6/2020,BM,Bermuda,AMRO,41,288,0,9
12/13/2020,BM,Bermuda,AMRO,103,391,0,9
12/20/2020,BM,Bermuda,AMRO,125,516,0,9
12/27/2020,BM,Bermuda,AMRO,45,561,0,9
1/3/2021,BM,Bermuda,AMRO,43,604,1,10
1/10/2021,BM,Bermuda,AMRO,42,646,2,12
1/17/2021,BM,Bermuda,AMRO,24,670,0,12
1/24/2021,BM,Bermuda,AMRO,16,686,0,12
1/31/2021,BM,Bermuda,AMRO,5,691,0,12
2/7/2021,BM,Bermuda,AMRO,1,692,0,12
2/14/2021,BM,Bermuda,AMRO,2,694,0,12
2/21/2021,BM,Bermuda,AMRO,5,699,0,12
2/28/2021,BM,Bermuda,AMRO,6,705,0,12
3/7/2021,BM,Bermuda,AMRO,17,722,0,12
3/14/2021,BM,Bermuda,AMRO,13,735,0,12
3/21/2021,BM,Bermuda,AMRO,32,767,0,12
3/28/2021,BM,Bermuda,AMRO,180,947,0,12
4/4/2021,BM,Bermuda,AMRO,415,1362,0,12
4/11/2021,BM,Bermuda,AMRO,411,1773,2,14
4/18/2021,BM,Bermuda,AMRO,287,2060,3,17
4/25/2021,BM,Bermuda,AMRO,255,2315,6,23
5/2/2021,BM,Bermuda,AMRO,78,2393,5,28
5/9/2021,BM,Bermuda,AMRO,41,2434,2,30
5/16/2021,BM,Bermuda,AMRO,32,2466,2,32
5/23/2021,BM,Bermuda,AMRO,22,2488,0,32
5/30/2021,BM,Bermuda,AMRO,3,2491,0,32
6/6/2021,BM,Bermuda,AMRO,3,2494,1,33
6/13/2021,BM,Bermuda,AMRO,3,2497,0,33
6/20/2021,BM,Bermuda,AMRO,7,2504,0,33
6/27/2021,BM,Bermuda,AMRO,6,2510,0,33
7/4/2021,BM,Bermuda,AMRO,6,2516,0,33
7/11/2021,BM,Bermuda,AMRO,5,2521,0,33
7/18/2021,BM,Bermuda,AMRO,9,2530,0,33
7/25/2021,BM,Bermuda,AMRO,8,2538,0,33
8/1/2021,BM,Bermuda,AMRO,30,2568,0,33
8/8/2021,BM,Bermuda,AMRO,46,2614,0,33
8/15/2021,BM,Bermuda,AMRO,61,2675,0,33
8/22/2021,BM,Bermuda,AMRO,75,2750,0,33
8/29/2021,BM,Bermuda,AMRO,94,2844,0,33
9/5/2021,BM,Bermuda,AMRO,204,3048,1,34
9/12/2021,BM,Bermuda,AMRO,471,3519,1,35
9/19/2021,BM,Bermuda,AMRO,699,4218,3,38
9/26/2021,BM,Bermuda,AMRO,764,4982,14,52
10/3/2021,BM,Bermuda,AMRO,354,5336,23,75
10/10/2021,BM,Bermuda,AMRO,165,5501,14,89
10/17/2021,BM,Bermuda,AMRO,66,5567,6,95
10/24/2021,BM,Bermuda,AMRO,45,5612,1,96
10/31/2021,BM,Bermuda,AMRO,35,5647,5,101
11/7/2021,BM,Bermuda,AMRO,30,5677,5,106
11/14/2021,BM,Bermuda,AMRO,31,5708,0,106
11/21/2021,BM,Bermuda,AMRO,7,5715,0,106
11/28/2021,BM,Bermuda,AMRO,15,5730,0,106
12/5/2021,BM,Bermuda,AMRO,23,5753,0,106
12/12/2021,BM,Bermuda,AMRO,15,5768,0,106
12/19/2021,BM,Bermuda,AMRO,47,5815,0,106
12/26/2021,BM,Bermuda,AMRO,249,6064,0,106
1/2/2022,BM,Bermuda,AMRO,356,6420,4,110
1/9/2022,BM,Bermuda,AMRO,771,7191,0,110
1/16/2022,BM,Bermuda,AMRO,1350,8541,0,110
1/23/2022,BM,Bermuda,AMRO,1225,9766,2,112
1/30/2022,BM,Bermuda,AMRO,786,10552,4,116
2/6/2022,BM,Bermuda,AMRO,369,10921,2,118
2/13/2022,BM,Bermuda,AMRO,225,11146,2,120
2/20/2022,BM,Bermuda,AMRO,170,11316,2,122
2/27/2022,BM,Bermuda,AMRO,174,11490,1,123
3/6/2022,BM,Bermuda,AMRO,144,11634,0,123
3/13/2022,BM,Bermuda,AMRO,216,11850,1,124
3/20/2022,BM,Bermuda,AMRO,244,12094,2,126
3/27/2022,BM,Bermuda,AMRO,260,12354,1,127
4/3/2022,BM,Bermuda,AMRO,210,12564,1,128
4/10/2022,BM,Bermuda,AMRO,175,12739,1,129
4/17/2022,BM,Bermuda,AMRO,162,12901,2,131
4/24/2022,BM,Bermuda,AMRO,351,13252,0,131
5/1/2022,BM,Bermuda,AMRO,307,13559,0,131
5/8/2022,BM,Bermuda,AMRO,273,13832,3,134
5/15/2022,BM,Bermuda,AMRO,303,14135,1,135
5/22/2022,BM,Bermuda,AMRO,307,14442,2,137
5/29/2022,BM,Bermuda,AMRO,313,14755,1,138
6/5/2022,BM,Bermuda,AMRO,330,15085,0,138
6/12/2022,BM,Bermuda,AMRO,343,15428,0,138
6/19/2022,BM,Bermuda,AMRO,334,15762,0,138
6/26/2022,BM,Bermuda,AMRO,195,15957,0,138
7/3/2022,BM,Bermuda,AMRO,205,16162,2,140
7/10/2022,BM,Bermuda,AMRO,239,16401,0,140
7/17/2022,BM,Bermuda,AMRO,321,16722,1,141
7/24/2022,BM,Bermuda,AMRO,266,16988,1,142
7/31/2022,BM,Bermuda,AMRO,205,17193,2,144
8/7/2022,BM,Bermuda,AMRO,163,17356,4,148
8/14/2022,BM,Bermuda,AMRO,200,17556,0,148
8/21/2022,BM,Bermuda,AMRO,118,17674,0,148
8/28/2022,BM,Bermuda,AMRO,239,17913,0,148
9/4/2022,BM,Bermuda,AMRO,0,17913,0,148
9/11/2022,BM,Bermuda,AMRO,0,17913,0,148
9/18/2022,BM,Bermuda,AMRO,164,18077,0,148
9/25/2022,BM,Bermuda,AMRO,45,18122,0,148
10/2/2022,BM,Bermuda,AMRO,32,18154,0,148
10/9/2022,BM,Bermuda,AMRO,66,18220,0,148
10/16/2022,BM,Bermuda,AMRO,60,18280,0,148
10/23/2022,BM,Bermuda,AMRO,60,18340,0,148
10/30/2022,BM,Bermuda,AMRO,0,18340,0,148
11/6/2022,BM,Bermuda,AMRO,88,18428,1,149
11/13/2022,BM,Bermuda,AMRO,0,18428,0,149
11/20/2022,BM,Bermuda,AMRO,35,18463,2,151
11/27/2022,BM,Bermuda,AMRO,0,18463,0,151
12/4/2022,BM,Bermuda,AMRO,56,18519,1,152
12/11/2022,BM,Bermuda,AMRO,0,18519,0,152
12/18/2022,BM,Bermuda,AMRO,38,18557,0,152
12/25/2022,BM,Bermuda,AMRO,0,18557,0,152
1/1/2023,BM,Bermuda,AMRO,65,18622,1,153
1/8/2023,BM,Bermuda,AMRO,62,18684,1,154
1/15/2023,BM,Bermuda,AMRO,34,18718,1,155
1/22/2023,BM,Bermuda,AMRO,33,18751,2,157
1/29/2023,BM,Bermuda,AMRO,15,18766,0,157
2/5/2023,BM,Bermuda,AMRO,5,18771,0,157
2/12/2023,BM,Bermuda,AMRO,14,18785,1,158
2/19/2023,BM,Bermuda,AMRO,6,18791,1,159
2/26/2023,BM,Bermuda,AMRO,8,18799,1,160
3/5/2023,BM,Bermuda,AMRO,15,18814,0,160
3/12/2023,BM,Bermuda,AMRO,14,18828,0,160
3/19/2023,BM,Bermuda,AMRO,8,18836,1,161
3/26/2023,BM,Bermuda,AMRO,13,18849,2,163
4/2/2023,BM,Bermuda,AMRO,0,18849,0,163
4/9/2023,BM,Bermuda,AMRO,11,18860,2,165
4/16/2023,BM,Bermuda,AMRO,0,18860,0,165
4/23/2023,BM,Bermuda,AMRO,0,18860,0,165
4/30/2023,BM,Bermuda,AMRO,0,18860,0,165
5/7/2023,BM,Bermuda,AMRO,0,18860,0,165
5/14/2023,BM,Bermuda,AMRO,0,18860,0,165
5/21/2023,BM,Bermuda,AMRO,0,18860,0,165
5/28/2023,BM,Bermuda,AMRO,0,18860,0,165
6/4/2023,BM,Bermuda,AMRO,0,18860,0,165
6/11/2023,BM,Bermuda,AMRO,0,18860,0,165
6/18/2023,BM,Bermuda,AMRO,0,18860,0,165
6/25/2023,BM,Bermuda,AMRO,0,18860,0,165
7/2/2023,BM,Bermuda,AMRO,0,18860,0,165
7/9/2023,BM,Bermuda,AMRO,0,18860,0,165
7/16/2023,BM,Bermuda,AMRO,0,18860,0,165
7/23/2023,BM,Bermuda,AMRO,0,18860,0,165
7/30/2023,BM,Bermuda,AMRO,0,18860,0,165
8/6/2023,BM,Bermuda,AMRO,0,18860,0,165
8/13/2023,BM,Bermuda,AMRO,0,18860,0,165
8/20/2023,BM,Bermuda,AMRO,0,18860,0,165
8/27/2023,BM,Bermuda,AMRO,0,18860,0,165
9/3/2023,BM,Bermuda,AMRO,0,18860,0,165
9/10/2023,BM,Bermuda,AMRO,0,18860,0,165
9/17/2023,BM,Bermuda,AMRO,0,18860,0,165
9/24/2023,BM,Bermuda,AMRO,0,18860,0,165
10/1/2023,BM,Bermuda,AMRO,0,18860,0,165
10/8/2023,BM,Bermuda,AMRO,0,18860,0,165
10/15/2023,BM,Bermuda,AMRO,0,18860,0,165
10/22/2023,BM,Bermuda,AMRO,0,18860,0,165
10/29/2023,BM,Bermuda,AMRO,0,18860,0,165
11/5/2023,BM,Bermuda,AMRO,0,18860,0,165
11/12/2023,BM,Bermuda,AMRO,0,18860,0,165
11/19/2023,BM,Bermuda,AMRO,0,18860,0,165
11/26/2023,BM,Bermuda,AMRO,0,18860,0,165
12/3/2023,BM,Bermuda,AMRO,0,18860,0,165
12/10/2023,BM,Bermuda,AMRO,0,18860,0,165
12/17/2023,BM,Bermuda,AMRO,0,18860,0,165
12/24/2023,BM,Bermuda,AMRO,0,18860,0,165
1/5/2020,BT,Bhutan,SEARO,0,0,0,0
1/12/2020,BT,Bhutan,SEARO,0,0,0,0
1/19/2020,BT,Bhutan,SEARO,0,0,0,0
1/26/2020,BT,Bhutan,SEARO,0,0,0,0
2/2/2020,BT,Bhutan,SEARO,0,0,0,0
2/9/2020,BT,Bhutan,SEARO,0,0,0,0
2/16/2020,BT,Bhutan,SEARO,0,0,0,0
2/23/2020,BT,Bhutan,SEARO,0,0,0,0
3/1/2020,BT,Bhutan,SEARO,0,0,0,0
3/8/2020,BT,Bhutan,SEARO,1,1,0,0
3/15/2020,BT,Bhutan,SEARO,0,1,0,0
3/22/2020,BT,Bhutan,SEARO,1,2,0,0
3/29/2020,BT,Bhutan,SEARO,1,3,0,0
4/5/2020,BT,Bhutan,SEARO,2,5,0,0
4/12/2020,BT,Bhutan,SEARO,0,5,0,0
4/19/2020,BT,Bhutan,SEARO,0,5,0,0
4/26/2020,BT,Bhutan,SEARO,2,7,0,0
5/3/2020,BT,Bhutan,SEARO,0,7,0,0
5/10/2020,BT,Bhutan,SEARO,0,7,0,0
5/17/2020,BT,Bhutan,SEARO,14,21,0,0
5/24/2020,BT,Bhutan,SEARO,6,27,0,0
5/31/2020,BT,Bhutan,SEARO,16,43,0,0
6/7/2020,BT,Bhutan,SEARO,16,59,0,0
6/14/2020,BT,Bhutan,SEARO,7,66,0,0
6/21/2020,BT,Bhutan,SEARO,2,68,0,0
6/28/2020,BT,Bhutan,SEARO,8,76,0,0
7/5/2020,BT,Bhutan,SEARO,4,80,0,0
7/12/2020,BT,Bhutan,SEARO,4,84,0,0
7/19/2020,BT,Bhutan,SEARO,5,89,0,0
7/26/2020,BT,Bhutan,SEARO,6,95,0,0
8/2/2020,BT,Bhutan,SEARO,8,103,0,0
8/9/2020,BT,Bhutan,SEARO,7,110,0,0
8/16/2020,BT,Bhutan,SEARO,28,138,0,0
8/23/2020,BT,Bhutan,SEARO,17,155,0,0
8/30/2020,BT,Bhutan,SEARO,69,224,0,0
9/6/2020,BT,Bhutan,SEARO,6,230,0,0
9/13/2020,BT,Bhutan,SEARO,15,245,0,0
9/20/2020,BT,Bhutan,SEARO,16,261,0,0
9/27/2020,BT,Bhutan,SEARO,12,273,0,0
10/4/2020,BT,Bhutan,SEARO,25,298,0,0
10/11/2020,BT,Bhutan,SEARO,11,309,0,0
10/18/2020,BT,Bhutan,SEARO,16,325,0,0
10/25/2020,BT,Bhutan,SEARO,15,340,0,0
11/1/2020,BT,Bhutan,SEARO,9,349,0,0
11/8/2020,BT,Bhutan,SEARO,10,359,0,0
11/15/2020,BT,Bhutan,SEARO,16,375,0,0
11/22/2020,BT,Bhutan,SEARO,4,379,0,0
11/29/2020,BT,Bhutan,SEARO,17,396,0,0
12/6/2020,BT,Bhutan,SEARO,30,426,0,0
12/13/2020,BT,Bhutan,SEARO,11,437,0,0
12/20/2020,BT,Bhutan,SEARO,9,446,0,0
12/27/2020,BT,Bhutan,SEARO,151,597,0,0
1/3/2021,BT,Bhutan,SEARO,119,716,0,0
1/10/2021,BT,Bhutan,SEARO,97,813,1,1
1/17/2021,BT,Bhutan,SEARO,29,842,0,1
1/24/2021,BT,Bhutan,SEARO,13,855,0,1
1/31/2021,BT,Bhutan,SEARO,4,859,0,1
2/7/2021,BT,Bhutan,SEARO,2,861,0,1
2/14/2021,BT,Bhutan,SEARO,3,864,0,1
2/21/2021,BT,Bhutan,SEARO,2,866,0,1
2/28/2021,BT,Bhutan,SEARO,1,867,0,1
3/7/2021,BT,Bhutan,SEARO,1,868,0,1
3/14/2021,BT,Bhutan,SEARO,0,868,0,1
3/21/2021,BT,Bhutan,SEARO,1,869,0,1
3/28/2021,BT,Bhutan,SEARO,3,872,0,1
4/4/2021,BT,Bhutan,SEARO,19,891,0,1
4/11/2021,BT,Bhutan,SEARO,27,918,0,1
4/18/2021,BT,Bhutan,SEARO,39,957,0,1
4/25/2021,BT,Bhutan,SEARO,65,1022,0,1
5/2/2021,BT,Bhutan,SEARO,89,1111,0,1
5/9/2021,BT,Bhutan,SEARO,110,1221,0,1
5/16/2021,BT,Bhutan,SEARO,65,1286,0,1
5/23/2021,BT,Bhutan,SEARO,108,1394,0,1
5/30/2021,BT,Bhutan,SEARO,218,1612,0,1
6/6/2021,BT,Bhutan,SEARO,75,1687,0,1
6/13/2021,BT,Bhutan,SEARO,126,1813,0,1
6/20/2021,BT,Bhutan,SEARO,111,1924,0,1
6/27/2021,BT,Bhutan,SEARO,128,2052,0,1
7/4/2021,BT,Bhutan,SEARO,107,2159,0,1
7/11/2021,BT,Bhutan,SEARO,116,2275,0,1
7/18/2021,BT,Bhutan,SEARO,146,2421,1,2
7/25/2021,BT,Bhutan,SEARO,65,2486,0,2
8/1/2021,BT,Bhutan,SEARO,32,2518,0,2
8/8/2021,BT,Bhutan,SEARO,26,2544,0,2
8/15/2021,BT,Bhutan,SEARO,27,2571,1,3
8/22/2021,BT,Bhutan,SEARO,14,2585,0,3
8/29/2021,BT,Bhutan,SEARO,9,2594,0,3
9/5/2021,BT,Bhutan,SEARO,2,2596,0,3
9/12/2021,BT,Bhutan,SEARO,0,2596,0,3
9/19/2021,BT,Bhutan,SEARO,1,2597,0,3
9/26/2021,BT,Bhutan,SEARO,2,2599,0,3
10/3/2021,BT,Bhutan,SEARO,9,2608,0,3
10/10/2021,BT,Bhutan,SEARO,5,2613,0,3
10/17/2021,BT,Bhutan,SEARO,4,2617,0,3
10/24/2021,BT,Bhutan,SEARO,0,2617,0,3
10/31/2021,BT,Bhutan,SEARO,4,2621,0,3
11/7/2021,BT,Bhutan,SEARO,2,2623,0,3
11/14/2021,BT,Bhutan,SEARO,2,2625,0,3
11/21/2021,BT,Bhutan,SEARO,7,2632,0,3
11/28/2021,BT,Bhutan,SEARO,8,2640,0,3
12/5/2021,BT,Bhutan,SEARO,1,2641,0,3
12/12/2021,BT,Bhutan,SEARO,8,2649,0,3
12/19/2021,BT,Bhutan,SEARO,8,2657,0,3
12/26/2021,BT,Bhutan,SEARO,3,2660,0,3
1/2/2022,BT,Bhutan,SEARO,0,2660,0,3
1/9/2022,BT,Bhutan,SEARO,121,2781,0,3
1/16/2022,BT,Bhutan,SEARO,147,2928,0,3
1/23/2022,BT,Bhutan,SEARO,721,3649,0,3
1/30/2022,BT,Bhutan,SEARO,1036,4685,1,4
2/6/2022,BT,Bhutan,SEARO,1407,6092,0,4
2/13/2022,BT,Bhutan,SEARO,1337,7429,1,5
2/20/2022,BT,Bhutan,SEARO,2649,10078,1,6
2/27/2022,BT,Bhutan,SEARO,2116,12194,0,6
3/6/2022,BT,Bhutan,SEARO,2604,14798,1,7
3/13/2022,BT,Bhutan,SEARO,2822,17620,0,7
3/20/2022,BT,Bhutan,SEARO,4384,22004,2,9
3/27/2022,BT,Bhutan,SEARO,3076,25080,0,9
4/3/2022,BT,Bhutan,SEARO,6357,31437,3,12
4/10/2022,BT,Bhutan,SEARO,10785,42222,2,14
4/17/2022,BT,Bhutan,SEARO,10574,52796,4,18
4/24/2022,BT,Bhutan,SEARO,4975,57771,2,20
5/1/2022,BT,Bhutan,SEARO,1448,59219,1,21
5/8/2022,BT,Bhutan,SEARO,278,59497,0,21
5/15/2022,BT,Bhutan,SEARO,73,59570,0,21
5/22/2022,BT,Bhutan,SEARO,42,59612,0,21
5/29/2022,BT,Bhutan,SEARO,13,59625,0,21
6/5/2022,BT,Bhutan,SEARO,11,59636,0,21
6/12/2022,BT,Bhutan,SEARO,7,59643,0,21
6/19/2022,BT,Bhutan,SEARO,18,59661,0,21
6/26/2022,BT,Bhutan,SEARO,48,59709,0,21
7/3/2022,BT,Bhutan,SEARO,103,59812,0,21
7/10/2022,BT,Bhutan,SEARO,128,59940,0,21
7/17/2022,BT,Bhutan,SEARO,167,60107,0,21
7/24/2022,BT,Bhutan,SEARO,261,60368,0,21
7/31/2022,BT,Bhutan,SEARO,162,60530,0,21
8/7/2022,BT,Bhutan,SEARO,133,60663,0,21
8/14/2022,BT,Bhutan,SEARO,116,60779,0,21
8/21/2022,BT,Bhutan,SEARO,119,60898,0,21
8/28/2022,BT,Bhutan,SEARO,178,61076,0,21
9/4/2022,BT,Bhutan,SEARO,157,61233,0,21
9/11/2022,BT,Bhutan,SEARO,186,61419,0,21
9/18/2022,BT,Bhutan,SEARO,311,61730,0,21
9/25/2022,BT,Bhutan,SEARO,239,61969,0,21
10/2/2022,BT,Bhutan,SEARO,126,62095,0,21
10/9/2022,BT,Bhutan,SEARO,105,62200,0,21
10/16/2022,BT,Bhutan,SEARO,48,62248,0,21
10/23/2022,BT,Bhutan,SEARO,83,62331,0,21
10/30/2022,BT,Bhutan,SEARO,49,62380,0,21
11/6/2022,BT,Bhutan,SEARO,50,62430,0,21
11/13/2022,BT,Bhutan,SEARO,30,62460,0,21
11/20/2022,BT,Bhutan,SEARO,28,62488,0,21
11/27/2022,BT,Bhutan,SEARO,15,62503,0,21
12/4/2022,BT,Bhutan,SEARO,9,62512,0,21
12/11/2022,BT,Bhutan,SEARO,9,62521,0,21
12/18/2022,BT,Bhutan,SEARO,3,62524,0,21
12/25/2022,BT,Bhutan,SEARO,7,62531,0,21
1/1/2023,BT,Bhutan,SEARO,7,62538,0,21
1/8/2023,BT,Bhutan,SEARO,13,62551,0,21
1/15/2023,BT,Bhutan,SEARO,26,62577,0,21
1/22/2023,BT,Bhutan,SEARO,21,62598,0,21
1/29/2023,BT,Bhutan,SEARO,7,62605,0,21
2/5/2023,BT,Bhutan,SEARO,3,62608,0,21
2/12/2023,BT,Bhutan,SEARO,3,62611,0,21
2/19/2023,BT,Bhutan,SEARO,4,62615,0,21
2/26/2023,BT,Bhutan,SEARO,5,62620,0,21
3/5/2023,BT,Bhutan,SEARO,7,62627,0,21
3/12/2023,BT,Bhutan,SEARO,10,62637,0,21
3/19/2023,BT,Bhutan,SEARO,10,62647,0,21
3/26/2023,BT,Bhutan,SEARO,1,62648,0,21
4/2/2023,BT,Bhutan,SEARO,1,62649,0,21
4/9/2023,BT,Bhutan,SEARO,1,62650,0,21
4/16/2023,BT,Bhutan,SEARO,4,62654,0,21
4/23/2023,BT,Bhutan,SEARO,9,62663,0,21
4/30/2023,BT,Bhutan,SEARO,3,62666,0,21
5/7/2023,BT,Bhutan,SEARO,2,62668,0,21
5/14/2023,BT,Bhutan,SEARO,0,62668,0,21
5/21/2023,BT,Bhutan,SEARO,2,62670,0,21
5/28/2023,BT,Bhutan,SEARO,1,62671,0,21
6/4/2023,BT,Bhutan,SEARO,1,62672,0,21
6/11/2023,BT,Bhutan,SEARO,0,62672,0,21
6/18/2023,BT,Bhutan,SEARO,0,62672,0,21
6/25/2023,BT,Bhutan,SEARO,1,62673,0,21
7/2/2023,BT,Bhutan,SEARO,0,62673,0,21
7/9/2023,BT,Bhutan,SEARO,10,62683,0,21
7/16/2023,BT,Bhutan,SEARO,7,62690,0,21
7/23/2023,BT,Bhutan,SEARO,0,62690,0,21
7/30/2023,BT,Bhutan,SEARO,1,62691,0,21
8/6/2023,BT,Bhutan,SEARO,0,62691,0,21
8/13/2023,BT,Bhutan,SEARO,3,62694,0,21
8/20/2023,BT,Bhutan,SEARO,0,62694,0,21
8/27/2023,BT,Bhutan,SEARO,3,62697,0,21
9/3/2023,BT,Bhutan,SEARO,0,62697,0,21
9/10/2023,BT,Bhutan,SEARO,0,62697,0,21
9/17/2023,BT,Bhutan,SEARO,0,62697,0,21
9/24/2023,BT,Bhutan,SEARO,0,62697,0,21
10/1/2023,BT,Bhutan,SEARO,0,62697,0,21
10/8/2023,BT,Bhutan,SEARO,0,62697,0,21
10/15/2023,BT,Bhutan,SEARO,0,62697,0,21
10/22/2023,BT,Bhutan,SEARO,0,62697,0,21
10/29/2023,BT,Bhutan,SEARO,0,62697,0,21
11/5/2023,BT,Bhutan,SEARO,0,62697,0,21
11/12/2023,BT,Bhutan,SEARO,0,62697,0,21
11/19/2023,BT,Bhutan,SEARO,0,62697,0,21
11/26/2023,BT,Bhutan,SEARO,0,62697,0,21
12/3/2023,BT,Bhutan,SEARO,0,62697,0,21
12/10/2023,BT,Bhutan,SEARO,0,62697,0,21
12/17/2023,BT,Bhutan,SEARO,0,62697,0,21
12/24/2023,BT,Bhutan,SEARO,0,62697,0,21
1/5/2020,BO,Bolivia (Plurinational State of),AMRO,0,0,0,0
1/12/2020,BO,Bolivia (Plurinational State of),AMRO,0,0,0,0
1/19/2020,BO,Bolivia (Plurinational State of),AMRO,0,0,0,0
1/26/2020,BO,Bolivia (Plurinational State of),AMRO,0,0,0,0
2/2/2020,BO,Bolivia (Plurinational State of),AMRO,0,0,0,0
2/9/2020,BO,Bolivia (Plurinational State of),AMRO,0,0,0,0
2/16/2020,BO,Bolivia (Plurinational State of),AMRO,0,0,0,0
2/23/2020,BO,Bolivia (Plurinational State of),AMRO,0,0,0,0
3/1/2020,BO,Bolivia (Plurinational State of),AMRO,0,0,0,0
3/8/2020,BO,Bolivia (Plurinational State of),AMRO,0,0,0,0
3/15/2020,BO,Bolivia (Plurinational State of),AMRO,10,10,0,0
3/22/2020,BO,Bolivia (Plurinational State of),AMRO,9,19,0,0
3/29/2020,BO,Bolivia (Plurinational State of),AMRO,71,90,0,0
4/5/2020,BO,Bolivia (Plurinational State of),AMRO,49,139,10,10
4/12/2020,BO,Bolivia (Plurinational State of),AMRO,136,275,10,20
4/19/2020,BO,Bolivia (Plurinational State of),AMRO,218,493,11,31
4/26/2020,BO,Bolivia (Plurinational State of),AMRO,314,807,13,44
5/3/2020,BO,Bolivia (Plurinational State of),AMRO,422,1229,22,66
5/10/2020,BO,Bolivia (Plurinational State of),AMRO,1037,2266,40,106
5/17/2020,BO,Bolivia (Plurinational State of),AMRO,1311,3577,58,164
5/24/2020,BO,Bolivia (Plurinational State of),AMRO,2002,5579,66,230
5/31/2020,BO,Bolivia (Plurinational State of),AMRO,3152,8731,70,300
6/7/2020,BO,Bolivia (Plurinational State of),AMRO,3997,12728,127,427
6/14/2020,BO,Bolivia (Plurinational State of),AMRO,4201,16929,132,559
6/21/2020,BO,Bolivia (Plurinational State of),AMRO,5547,22476,156,715
6/28/2020,BO,Bolivia (Plurinational State of),AMRO,6947,29423,219,934
7/5/2020,BO,Bolivia (Plurinational State of),AMRO,7395,36818,386,1320
7/12/2020,BO,Bolivia (Plurinational State of),AMRO,8747,45565,382,1702
7/19/2020,BO,Bolivia (Plurinational State of),AMRO,10537,56102,347,2049
7/26/2020,BO,Bolivia (Plurinational State of),AMRO,10354,66456,424,2473
8/2/2020,BO,Bolivia (Plurinational State of),AMRO,10333,76789,504,2977
8/9/2020,BO,Bolivia (Plurinational State of),AMRO,11102,87891,547,3524
8/16/2020,BO,Bolivia (Plurinational State of),AMRO,10059,97950,415,3939
8/23/2020,BO,Bolivia (Plurinational State of),AMRO,9485,107435,427,4366
8/30/2020,BO,Bolivia (Plurinational State of),AMRO,6974,114409,480,4846
9/6/2020,BO,Bolivia (Plurinational State of),AMRO,5171,119580,497,5343
9/13/2020,BO,Bolivia (Plurinational State of),AMRO,5592,125172,1907,7250
9/20/2020,BO,Bolivia (Plurinational State of),AMRO,4879,130051,300,7550
9/27/2020,BO,Bolivia (Plurinational State of),AMRO,3171,133222,250,7800
10/4/2020,BO,Bolivia (Plurinational State of),AMRO,2997,136219,245,8045
10/11/2020,BO,Bolivia (Plurinational State of),AMRO,2007,138226,217,8262
10/18/2020,BO,Bolivia (Plurinational State of),AMRO,1336,139562,177,8439
10/25/2020,BO,Bolivia (Plurinational State of),AMRO,1050,140612,169,8608
11/1/2020,BO,Bolivia (Plurinational State of),AMRO,1019,141631,107,8715
11/8/2020,BO,Bolivia (Plurinational State of),AMRO,712,142343,66,8781
11/15/2020,BO,Bolivia (Plurinational State of),AMRO,726,143069,54,8835
11/22/2020,BO,Bolivia (Plurinational State of),AMRO,785,143854,65,8900
11/29/2020,BO,Bolivia (Plurinational State of),AMRO,640,144494,43,8943
12/6/2020,BO,Bolivia (Plurinational State of),AMRO,831,145325,44,8987
12/13/2020,BO,Bolivia (Plurinational State of),AMRO,1372,146697,26,9013
12/20/2020,BO,Bolivia (Plurinational State of),AMRO,2452,149149,20,9033
12/27/2020,BO,Bolivia (Plurinational State of),AMRO,4441,153590,50,9083
1/3/2021,BO,Bolivia (Plurinational State of),AMRO,7395,160985,92,9175
1/10/2021,BO,Bolivia (Plurinational State of),AMRO,10169,171154,153,9328
1/17/2021,BO,Bolivia (Plurinational State of),AMRO,12435,183589,243,9571
1/24/2021,BO,Bolivia (Plurinational State of),AMRO,14668,198257,300,9871
1/31/2021,BO,Bolivia (Plurinational State of),AMRO,15135,213392,355,10226
2/7/2021,BO,Bolivia (Plurinational State of),AMRO,12518,225910,461,10687
2/14/2021,BO,Bolivia (Plurinational State of),AMRO,9188,235098,420,11107
2/21/2021,BO,Bolivia (Plurinational State of),AMRO,5578,240676,283,11390
2/28/2021,BO,Bolivia (Plurinational State of),AMRO,7215,247891,219,11609
3/7/2021,BO,Bolivia (Plurinational State of),AMRO,5406,253297,180,11789
3/14/2021,BO,Bolivia (Plurinational State of),AMRO,5027,258324,114,11903
3/21/2021,BO,Bolivia (Plurinational State of),AMRO,5484,263808,138,12041
3/28/2021,BO,Bolivia (Plurinational State of),AMRO,4903,268711,102,12143
4/4/2021,BO,Bolivia (Plurinational State of),AMRO,5236,273947,162,12305
4/11/2021,BO,Bolivia (Plurinational State of),AMRO,6702,280649,123,12428
4/18/2021,BO,Bolivia (Plurinational State of),AMRO,6711,287360,197,12625
4/25/2021,BO,Bolivia (Plurinational State of),AMRO,8532,295892,158,12783
5/2/2021,BO,Bolivia (Plurinational State of),AMRO,9702,305594,192,12975
5/9/2021,BO,Bolivia (Plurinational State of),AMRO,10559,316153,207,13182
5/16/2021,BO,Bolivia (Plurinational State of),AMRO,13580,329733,269,13451
5/23/2021,BO,Bolivia (Plurinational State of),AMRO,16337,346070,406,13857
5/30/2021,BO,Bolivia (Plurinational State of),AMRO,18500,364570,520,14377
6/6/2021,BO,Bolivia (Plurinational State of),AMRO,18887,383457,523,14900
6/13/2021,BO,Bolivia (Plurinational State of),AMRO,19834,403291,517,15417
6/20/2021,BO,Bolivia (Plurinational State of),AMRO,16022,419313,592,16009
6/27/2021,BO,Bolivia (Plurinational State of),AMRO,12047,431360,487,16496
7/4/2021,BO,Bolivia (Plurinational State of),AMRO,11524,442884,383,16879
7/11/2021,BO,Bolivia (Plurinational State of),AMRO,9792,452676,294,17173
7/18/2021,BO,Bolivia (Plurinational State of),AMRO,8142,460818,233,17406
7/25/2021,BO,Bolivia (Plurinational State of),AMRO,6525,467343,207,17613
8/1/2021,BO,Bolivia (Plurinational State of),AMRO,5470,472813,193,17806
8/8/2021,BO,Bolivia (Plurinational State of),AMRO,4449,477262,153,17959
8/15/2021,BO,Bolivia (Plurinational State of),AMRO,4369,481631,193,18152
8/22/2021,BO,Bolivia (Plurinational State of),AMRO,4295,485926,117,18269
8/29/2021,BO,Bolivia (Plurinational State of),AMRO,3007,488933,102,18371
9/5/2021,BO,Bolivia (Plurinational State of),AMRO,3287,492220,126,18497
9/12/2021,BO,Bolivia (Plurinational State of),AMRO,2444,494664,71,18568
9/19/2021,BO,Bolivia (Plurinational State of),AMRO,2036,496700,80,18648
9/26/2021,BO,Bolivia (Plurinational State of),AMRO,1895,498595,48,18696
10/3/2021,BO,Bolivia (Plurinational State of),AMRO,2228,500823,54,18750
10/10/2021,BO,Bolivia (Plurinational State of),AMRO,2609,503432,39,18789
10/17/2021,BO,Bolivia (Plurinational State of),AMRO,2718,506150,35,18824
10/24/2021,BO,Bolivia (Plurinational State of),AMRO,3126,509276,72,18896
10/31/2021,BO,Bolivia (Plurinational State of),AMRO,3836,513112,28,18924
11/7/2021,BO,Bolivia (Plurinational State of),AMRO,4117,517229,36,18960
11/14/2021,BO,Bolivia (Plurinational State of),AMRO,5301,522530,44,19004
11/21/2021,BO,Bolivia (Plurinational State of),AMRO,5877,528407,47,19051
11/28/2021,BO,Bolivia (Plurinational State of),AMRO,6708,535115,86,19137
12/5/2021,BO,Bolivia (Plurinational State of),AMRO,5754,540869,68,19205
12/12/2021,BO,Bolivia (Plurinational State of),AMRO,10647,551516,100,19305
12/19/2021,BO,Bolivia (Plurinational State of),AMRO,11122,562638,103,19408
12/26/2021,BO,Bolivia (Plurinational State of),AMRO,12609,575247,122,19530
1/2/2022,BO,Bolivia (Plurinational State of),AMRO,24506,599753,150,19680
1/9/2022,BO,Bolivia (Plurinational State of),AMRO,53066,652819,208,19888
1/16/2022,BO,Bolivia (Plurinational State of),AMRO,72640,725459,261,20149
1/23/2022,BO,Bolivia (Plurinational State of),AMRO,79218,804677,421,20570
1/30/2022,BO,Bolivia (Plurinational State of),AMRO,37080,841757,254,20824
2/6/2022,BO,Bolivia (Plurinational State of),AMRO,28135,869892,278,21102
2/13/2022,BO,Bolivia (Plurinational State of),AMRO,13490,883382,182,21284
2/20/2022,BO,Bolivia (Plurinational State of),AMRO,6129,889511,88,21372
2/27/2022,BO,Bolivia (Plurinational State of),AMRO,2340,891851,34,21406
3/6/2022,BO,Bolivia (Plurinational State of),AMRO,2700,894551,49,21455
3/13/2022,BO,Bolivia (Plurinational State of),AMRO,2834,897385,18,21473
3/20/2022,BO,Bolivia (Plurinational State of),AMRO,2312,899697,9,21482
3/27/2022,BO,Bolivia (Plurinational State of),AMRO,1595,901292,5,21487
4/3/2022,BO,Bolivia (Plurinational State of),AMRO,1156,902448,409,21896
4/10/2022,BO,Bolivia (Plurinational State of),AMRO,858,903306,3,21899
4/17/2022,BO,Bolivia (Plurinational State of),AMRO,582,903888,4,21903
4/24/2022,BO,Bolivia (Plurinational State of),AMRO,324,904212,3,21906
5/1/2022,BO,Bolivia (Plurinational State of),AMRO,671,904883,4,21910
5/8/2022,BO,Bolivia (Plurinational State of),AMRO,472,905355,15,21925
5/15/2022,BO,Bolivia (Plurinational State of),AMRO,465,905820,1,21926
5/22/2022,BO,Bolivia (Plurinational State of),AMRO,1193,907013,17,21943
5/29/2022,BO,Bolivia (Plurinational State of),AMRO,1370,908383,4,21947
6/5/2022,BO,Bolivia (Plurinational State of),AMRO,1250,909633,1,21948
6/12/2022,BO,Bolivia (Plurinational State of),AMRO,2002,911635,2,21950
6/19/2022,BO,Bolivia (Plurinational State of),AMRO,2617,914252,1,21951
6/26/2022,BO,Bolivia (Plurinational State of),AMRO,5485,919737,1,21952
7/3/2022,BO,Bolivia (Plurinational State of),AMRO,8713,928450,3,21955
7/10/2022,BO,Bolivia (Plurinational State of),AMRO,13857,942307,9,21964
7/17/2022,BO,Bolivia (Plurinational State of),AMRO,14322,956629,13,21977
7/24/2022,BO,Bolivia (Plurinational State of),AMRO,40986,997615,36,22013
7/31/2022,BO,Bolivia (Plurinational State of),AMRO,34408,1032023,40,22053
8/7/2022,BO,Bolivia (Plurinational State of),AMRO,28461,1060484,36,22089
8/14/2022,BO,Bolivia (Plurinational State of),AMRO,16331,1076815,31,22120
8/21/2022,BO,Bolivia (Plurinational State of),AMRO,14653,1091468,47,22167
8/28/2022,BO,Bolivia (Plurinational State of),AMRO,7566,1099034,24,22191
9/4/2022,BO,Bolivia (Plurinational State of),AMRO,4522,1103556,14,22205
9/11/2022,BO,Bolivia (Plurinational State of),AMRO,2256,1105812,11,22216
9/18/2022,BO,Bolivia (Plurinational State of),AMRO,1237,1107049,11,22227
9/25/2022,BO,Bolivia (Plurinational State of),AMRO,733,1107782,5,22232
10/2/2022,BO,Bolivia (Plurinational State of),AMRO,480,1108262,5,22237
10/9/2022,BO,Bolivia (Plurinational State of),AMRO,386,1108648,0,22237
10/16/2022,BO,Bolivia (Plurinational State of),AMRO,300,1108948,0,22237
10/23/2022,BO,Bolivia (Plurinational State of),AMRO,264,1109212,2,22239
10/30/2022,BO,Bolivia (Plurinational State of),AMRO,205,1109417,0,22239
11/6/2022,BO,Bolivia (Plurinational State of),AMRO,164,1109581,1,22240
11/13/2022,BO,Bolivia (Plurinational State of),AMRO,182,1109763,3,22243
11/20/2022,BO,Bolivia (Plurinational State of),AMRO,407,1110170,1,22244
11/27/2022,BO,Bolivia (Plurinational State of),AMRO,438,1110608,1,22245
12/4/2022,BO,Bolivia (Plurinational State of),AMRO,1038,1111646,3,22248
12/11/2022,BO,Bolivia (Plurinational State of),AMRO,5786,1117432,5,22253
12/18/2022,BO,Bolivia (Plurinational State of),AMRO,10152,1127584,9,22262
12/25/2022,BO,Bolivia (Plurinational State of),AMRO,19157,1146741,18,22280
1/1/2023,BO,Bolivia (Plurinational State of),AMRO,14277,1161018,19,22299
1/8/2023,BO,Bolivia (Plurinational State of),AMRO,9349,1170367,19,22318
1/15/2023,BO,Bolivia (Plurinational State of),AMRO,8133,1178500,11,22329
1/22/2023,BO,Bolivia (Plurinational State of),AMRO,5205,1183705,13,22342
1/29/2023,BO,Bolivia (Plurinational State of),AMRO,3387,1187092,3,22345
2/5/2023,BO,Bolivia (Plurinational State of),AMRO,2365,1189457,7,22352
2/12/2023,BO,Bolivia (Plurinational State of),AMRO,1461,1190918,2,22354
2/19/2023,BO,Bolivia (Plurinational State of),AMRO,974,1191892,5,22359
2/26/2023,BO,Bolivia (Plurinational State of),AMRO,804,1192696,5,22364
3/5/2023,BO,Bolivia (Plurinational State of),AMRO,1119,1193815,1,22365
3/12/2023,BO,Bolivia (Plurinational State of),AMRO,572,1194387,1,22366
3/19/2023,BO,Bolivia (Plurinational State of),AMRO,677,1195064,2,22368
3/26/2023,BO,Bolivia (Plurinational State of),AMRO,457,1195521,4,22372
4/2/2023,BO,Bolivia (Plurinational State of),AMRO,359,1195880,2,22374
4/9/2023,BO,Bolivia (Plurinational State of),AMRO,0,1195880,0,22374
4/16/2023,BO,Bolivia (Plurinational State of),AMRO,536,1196416,1,22375
4/23/2023,BO,Bolivia (Plurinational State of),AMRO,403,1196819,1,22376
4/30/2023,BO,Bolivia (Plurinational State of),AMRO,420,1197239,1,22377
5/7/2023,BO,Bolivia (Plurinational State of),AMRO,411,1197650,3,22380
5/14/2023,BO,Bolivia (Plurinational State of),AMRO,333,1197983,2,22382
5/21/2023,BO,Bolivia (Plurinational State of),AMRO,0,1197983,0,22382
5/28/2023,BO,Bolivia (Plurinational State of),AMRO,436,1198419,1,22383
6/4/2023,BO,Bolivia (Plurinational State of),AMRO,557,1198976,0,22383
6/11/2023,BO,Bolivia (Plurinational State of),AMRO,691,1199667,0,22383
6/18/2023,BO,Bolivia (Plurinational State of),AMRO,779,1200446,0,22383
6/25/2023,BO,Bolivia (Plurinational State of),AMRO,1158,1201604,0,22383
7/2/2023,BO,Bolivia (Plurinational State of),AMRO,1105,1202709,0,22383
7/9/2023,BO,Bolivia (Plurinational State of),AMRO,1019,1203728,0,22383
7/16/2023,BO,Bolivia (Plurinational State of),AMRO,903,1204631,0,22383
7/23/2023,BO,Bolivia (Plurinational State of),AMRO,742,1205373,0,22383
7/30/2023,BO,Bolivia (Plurinational State of),AMRO,551,1205924,0,22383
8/6/2023,BO,Bolivia (Plurinational State of),AMRO,459,1206383,0,22383
8/13/2023,BO,Bolivia (Plurinational State of),AMRO,364,1206747,0,22383
8/20/2023,BO,Bolivia (Plurinational State of),AMRO,296,1207043,0,22383
8/27/2023,BO,Bolivia (Plurinational State of),AMRO,284,1207327,0,22383
9/3/2023,BO,Bolivia (Plurinational State of),AMRO,286,1207613,0,22383
9/10/2023,BO,Bolivia (Plurinational State of),AMRO,266,1207879,0,22383
9/17/2023,BO,Bolivia (Plurinational State of),AMRO,191,1208070,0,22383
9/24/2023,BO,Bolivia (Plurinational State of),AMRO,161,1208231,0,22383
10/1/2023,BO,Bolivia (Plurinational State of),AMRO,200,1208431,0,22383
10/8/2023,BO,Bolivia (Plurinational State of),AMRO,163,1208594,0,22383
10/15/2023,BO,Bolivia (Plurinational State of),AMRO,174,1208768,1,22384
10/22/2023,BO,Bolivia (Plurinational State of),AMRO,175,1208943,0,22384
10/29/2023,BO,Bolivia (Plurinational State of),AMRO,193,1209136,1,22385
11/5/2023,BO,Bolivia (Plurinational State of),AMRO,179,1209315,0,22385
11/12/2023,BO,Bolivia (Plurinational State of),AMRO,168,1209483,0,22385
11/19/2023,BO,Bolivia (Plurinational State of),AMRO,150,1209633,0,22385
11/26/2023,BO,Bolivia (Plurinational State of),AMRO,162,1209795,0,22385
12/3/2023,BO,Bolivia (Plurinational State of),AMRO,163,1209958,0,22385
12/10/2023,BO,Bolivia (Plurinational State of),AMRO,195,1210153,0,22385
12/17/2023,BO,Bolivia (Plurinational State of),AMRO,280,1210433,0,22385
12/24/2023,BO,Bolivia (Plurinational State of),AMRO,459,1210892,0,22385
1/5/2020,BQ,"Bonaire, Saint Eustatius and Saba",AMRO,0,0,0,0
1/12/2020,BQ,"Bonaire, Saint Eustatius and Saba",AMRO,0,0,0,0
1/19/2020,BQ,"Bonaire, Saint Eustatius and Saba",AMRO,0,0,0,0
1/26/2020,BQ,"Bonaire, Saint Eustatius and Saba",AMRO,0,0,0,0
2/2/2020,BQ,"Bonaire, Saint Eustatius and Saba",AMRO,0,0,0,0
2/9/2020,BQ,"Bonaire, Saint Eustatius and Saba",AMRO,0,0,0,0
2/16/2020,BQ,"Bonaire, Saint Eustatius and Saba",AMRO,0,0,0,0
2/23/2020,BQ,"Bonaire, Saint Eustatius and Saba",AMRO,0,0,0,0
3/1/2020,BQ,"Bonaire, Saint Eustatius and Saba",AMRO,0,0,0,0
3/8/2020,BQ,"Bonaire, Saint Eustatius and Saba",AMRO,0,0,0,0
3/15/2020,BQ,"Bonaire, Saint Eustatius and Saba",AMRO,0,0,0,0
3/22/2020,BQ,"Bonaire, Saint Eustatius and Saba",AMRO,0,0,0,0
3/29/2020,BQ,"Bonaire, Saint Eustatius and Saba",AMRO,0,0,0,0
4/5/2020,BQ,"Bonaire, Saint Eustatius and Saba",AMRO,2,2,0,0
4/12/2020,BQ,"Bonaire, Saint Eustatius and Saba",AMRO,1,3,0,0
4/19/2020,BQ,"Bonaire, Saint Eustatius and Saba",AMRO,2,5,0,0
4/26/2020,BQ,"Bonaire, Saint Eustatius and Saba",AMRO,0,5,0,0
5/3/2020,BQ,"Bonaire, Saint Eustatius and Saba",AMRO,1,6,0,0
5/10/2020,BQ,"Bonaire, Saint Eustatius and Saba",AMRO,0,6,0,0
5/17/2020,BQ,"Bonaire, Saint Eustatius and Saba",AMRO,0,6,0,0
5/24/2020,BQ,"Bonaire, Saint Eustatius and Saba",AMRO,0,6,0,0
5/31/2020,BQ,"Bonaire, Saint Eustatius and Saba",AMRO,1,7,0,0
6/7/2020,BQ,"Bonaire, Saint Eustatius and Saba",AMRO,0,7,0,0
6/14/2020,BQ,"Bonaire, Saint Eustatius and Saba",AMRO,0,7,0,0
6/21/2020,BQ,"Bonaire, Saint Eustatius and Saba",AMRO,0,7,0,0
6/28/2020,BQ,"Bonaire, Saint Eustatius and Saba",AMRO,0,7,0,0
7/5/2020,BQ,"Bonaire, Saint Eustatius and Saba",AMRO,0,7,0,0
7/12/2020,BQ,"Bonaire, Saint Eustatius and Saba",AMRO,0,7,0,0
7/19/2020,BQ,"Bonaire, Saint Eustatius and Saba",AMRO,3,10,0,0
7/26/2020,BQ,"Bonaire, Saint Eustatius and Saba",AMRO,1,11,0,0
8/2/2020,BQ,"Bonaire, Saint Eustatius and Saba",AMRO,0,11,0,0
8/9/2020,BQ,"Bonaire, Saint Eustatius and Saba",AMRO,2,13,0,0
8/16/2020,BQ,"Bonaire, Saint Eustatius and Saba",AMRO,0,13,0,0
8/23/2020,BQ,"Bonaire, Saint Eustatius and Saba",AMRO,0,13,0,0
8/30/2020,BQ,"Bonaire, Saint Eustatius and Saba",AMRO,2,15,0,0
9/6/2020,BQ,"Bonaire, Saint Eustatius and Saba",AMRO,3,18,0,0
9/13/2020,BQ,"Bonaire, Saint Eustatius and Saba",AMRO,7,25,0,0
9/20/2020,BQ,"Bonaire, Saint Eustatius and Saba",AMRO,11,36,1,1
9/27/2020,BQ,"Bonaire, Saint Eustatius and Saba",AMRO,49,85,0,1
10/4/2020,BQ,"Bonaire, Saint Eustatius and Saba",AMRO,36,121,0,1
10/11/2020,BQ,"Bonaire, Saint Eustatius and Saba",AMRO,27,148,1,2
10/18/2020,BQ,"Bonaire, Saint Eustatius and Saba",AMRO,2,150,0,2
10/25/2020,BQ,"Bonaire, Saint Eustatius and Saba",AMRO,0,150,1,3
11/1/2020,BQ,"Bonaire, Saint Eustatius and Saba",AMRO,3,153,0,3
11/8/2020,BQ,"Bonaire, Saint Eustatius and Saba",AMRO,1,154,0,3
11/15/2020,BQ,"Bonaire, Saint Eustatius and Saba",AMRO,1,155,0,3
11/22/2020,BQ,"Bonaire, Saint Eustatius and Saba",AMRO,3,158,0,3
11/29/2020,BQ,"Bonaire, Saint Eustatius and Saba",AMRO,3,161,0,3
12/6/2020,BQ,"Bonaire, Saint Eustatius and Saba",AMRO,2,163,0,3
12/13/2020,BQ,"Bonaire, Saint Eustatius and Saba",AMRO,10,173,0,3
12/20/2020,BQ,"Bonaire, Saint Eustatius and Saba",AMRO,4,177,0,3
12/27/2020,BQ,"Bonaire, Saint Eustatius and Saba",AMRO,5,182,0,3
1/3/2021,BQ,"Bonaire, Saint Eustatius and Saba",AMRO,7,189,0,3
1/10/2021,BQ,"Bonaire, Saint Eustatius and Saba",AMRO,89,278,0,3
1/17/2021,BQ,"Bonaire, Saint Eustatius and Saba",AMRO,75,353,0,3
1/24/2021,BQ,"Bonaire, Saint Eustatius and Saba",AMRO,23,376,0,3
1/31/2021,BQ,"Bonaire, Saint Eustatius and Saba",AMRO,12,388,0,3
2/7/2021,BQ,"Bonaire, Saint Eustatius and Saba",AMRO,4,392,0,3
2/14/2021,BQ,"Bonaire, Saint Eustatius and Saba",AMRO,6,398,1,4
2/21/2021,BQ,"Bonaire, Saint Eustatius and Saba",AMRO,15,413,0,4
2/28/2021,BQ,"Bonaire, Saint Eustatius and Saba",AMRO,19,432,0,4
3/7/2021,BQ,"Bonaire, Saint Eustatius and Saba",AMRO,49,481,1,5
3/14/2021,BQ,"Bonaire, Saint Eustatius and Saba",AMRO,178,659,1,6
3/21/2021,BQ,"Bonaire, Saint Eustatius and Saba",AMRO,286,945,0,6
3/28/2021,BQ,"Bonaire, Saint Eustatius and Saba",AMRO,302,1247,4,10
4/4/2021,BQ,"Bonaire, Saint Eustatius and Saba",AMRO,164,1411,1,11
4/11/2021,BQ,"Bonaire, Saint Eustatius and Saba",AMRO,90,1501,3,14
4/18/2021,BQ,"Bonaire, Saint Eustatius and Saba",AMRO,36,1537,0,14
4/25/2021,BQ,"Bonaire, Saint Eustatius and Saba",AMRO,16,1553,1,15
5/2/2021,BQ,"Bonaire, Saint Eustatius and Saba",AMRO,4,1557,1,16
5/9/2021,BQ,"Bonaire, Saint Eustatius and Saba",AMRO,17,1574,0,16
5/16/2021,BQ,"Bonaire, Saint Eustatius and Saba",AMRO,17,1591,1,17
5/23/2021,BQ,"Bonaire, Saint Eustatius and Saba",AMRO,16,1607,0,17
5/30/2021,BQ,"Bonaire, Saint Eustatius and Saba",AMRO,5,1612,0,17
6/6/2021,BQ,"Bonaire, Saint Eustatius and Saba",AMRO,4,1616,0,17
6/13/2021,BQ,"Bonaire, Saint Eustatius and Saba",AMRO,2,1618,0,17
6/20/2021,BQ,"Bonaire, Saint Eustatius and Saba",AMRO,12,1630,0,17
6/27/2021,BQ,"Bonaire, Saint Eustatius and Saba",AMRO,6,1636,0,17
7/4/2021,BQ,"Bonaire, Saint Eustatius and Saba",AMRO,15,1651,0,17
7/11/2021,BQ,"Bonaire, Saint Eustatius and Saba",AMRO,4,1655,0,17
7/18/2021,BQ,"Bonaire, Saint Eustatius and Saba",AMRO,13,1668,0,17
7/25/2021,BQ,"Bonaire, Saint Eustatius and Saba",AMRO,22,1690,0,17
8/1/2021,BQ,"Bonaire, Saint Eustatius and Saba",AMRO,15,1705,0,17
8/8/2021,BQ,"Bonaire, Saint Eustatius and Saba",AMRO,10,1715,0,17
8/15/2021,BQ,"Bonaire, Saint Eustatius and Saba",AMRO,23,1738,0,17
8/22/2021,BQ,"Bonaire, Saint Eustatius and Saba",AMRO,29,1767,0,17
8/29/2021,BQ,"Bonaire, Saint Eustatius and Saba",AMRO,16,1783,0,17
9/5/2021,BQ,"Bonaire, Saint Eustatius and Saba",AMRO,18,1801,0,17
9/12/2021,BQ,"Bonaire, Saint Eustatius and Saba",AMRO,94,1895,0,17
9/19/2021,BQ,"Bonaire, Saint Eustatius and Saba",AMRO,61,1956,0,17
9/26/2021,BQ,"Bonaire, Saint Eustatius and Saba",AMRO,42,1998,1,18
10/3/2021,BQ,"Bonaire, Saint Eustatius and Saba",AMRO,101,2099,2,20
10/10/2021,BQ,"Bonaire, Saint Eustatius and Saba",AMRO,105,2204,0,20
10/17/2021,BQ,"Bonaire, Saint Eustatius and Saba",AMRO,102,2306,-1,19
10/24/2021,BQ,"Bonaire, Saint Eustatius and Saba",AMRO,67,2373,0,19
10/31/2021,BQ,"Bonaire, Saint Eustatius and Saba",AMRO,38,2411,0,19
11/7/2021,BQ,"Bonaire, Saint Eustatius and Saba",AMRO,64,2475,0,19
11/14/2021,BQ,"Bonaire, Saint Eustatius and Saba",AMRO,109,2584,2,21
11/21/2021,BQ,"Bonaire, Saint Eustatius and Saba",AMRO,86,2670,0,21
11/28/2021,BQ,"Bonaire, Saint Eustatius and Saba",AMRO,156,2826,1,22
12/5/2021,BQ,"Bonaire, Saint Eustatius and Saba",AMRO,172,2998,0,22
12/12/2021,BQ,"Bonaire, Saint Eustatius and Saba",AMRO,112,3110,0,22
12/19/2021,BQ,"Bonaire, Saint Eustatius and Saba",AMRO,67,3177,0,22
12/26/2021,BQ,"Bonaire, Saint Eustatius and Saba",AMRO,62,3239,0,22
1/2/2022,BQ,"Bonaire, Saint Eustatius and Saba",AMRO,186,3425,1,23
1/9/2022,BQ,"Bonaire, Saint Eustatius and Saba",AMRO,687,4112,0,23
1/16/2022,BQ,"Bonaire, Saint Eustatius and Saba",AMRO,1041,5153,2,25
1/23/2022,BQ,"Bonaire, Saint Eustatius and Saba",AMRO,919,6072,2,27
1/30/2022,BQ,"Bonaire, Saint Eustatius and Saba",AMRO,778,6850,0,27
2/6/2022,BQ,"Bonaire, Saint Eustatius and Saba",AMRO,296,7146,2,29
2/13/2022,BQ,"Bonaire, Saint Eustatius and Saba",AMRO,228,7374,2,31
2/20/2022,BQ,"Bonaire, Saint Eustatius and Saba",AMRO,124,7498,0,31
2/27/2022,BQ,"Bonaire, Saint Eustatius and Saba",AMRO,84,7582,0,31
3/6/2022,BQ,"Bonaire, Saint Eustatius and Saba",AMRO,40,7622,0,31
3/13/2022,BQ,"Bonaire, Saint Eustatius and Saba",AMRO,11,7633,0,31
3/20/2022,BQ,"Bonaire, Saint Eustatius and Saba",AMRO,20,7653,0,31
3/27/2022,BQ,"Bonaire, Saint Eustatius and Saba",AMRO,386,8039,0,31
4/3/2022,BQ,"Bonaire, Saint Eustatius and Saba",AMRO,150,8189,0,31
4/10/2022,BQ,"Bonaire, Saint Eustatius and Saba",AMRO,694,8883,2,33
4/17/2022,BQ,"Bonaire, Saint Eustatius and Saba",AMRO,161,9044,0,33
4/24/2022,BQ,"Bonaire, Saint Eustatius and Saba",AMRO,547,9591,1,34
5/1/2022,BQ,"Bonaire, Saint Eustatius and Saba",AMRO,154,9745,0,34
5/8/2022,BQ,"Bonaire, Saint Eustatius and Saba",AMRO,89,9834,0,34
5/15/2022,BQ,"Bonaire, Saint Eustatius and Saba",AMRO,109,9943,1,35
5/22/2022,BQ,"Bonaire, Saint Eustatius and Saba",AMRO,75,10018,0,35
5/29/2022,BQ,"Bonaire, Saint Eustatius and Saba",AMRO,58,10076,0,35
6/5/2022,BQ,"Bonaire, Saint Eustatius and Saba",AMRO,47,10123,0,35
6/12/2022,BQ,"Bonaire, Saint Eustatius and Saba",AMRO,71,10194,1,36
6/19/2022,BQ,"Bonaire, Saint Eustatius and Saba",AMRO,55,10249,0,36
6/26/2022,BQ,"Bonaire, Saint Eustatius and Saba",AMRO,71,10320,1,37
7/3/2022,BQ,"Bonaire, Saint Eustatius and Saba",AMRO,85,10405,0,37
7/10/2022,BQ,"Bonaire, Saint Eustatius and Saba",AMRO,27,10432,0,37
7/17/2022,BQ,"Bonaire, Saint Eustatius and Saba",AMRO,123,10555,0,37
7/24/2022,BQ,"Bonaire, Saint Eustatius and Saba",AMRO,183,10738,0,37
7/31/2022,BQ,"Bonaire, Saint Eustatius and Saba",AMRO,96,10834,0,37
8/7/2022,BQ,"Bonaire, Saint Eustatius and Saba",AMRO,63,10897,0,37
8/14/2022,BQ,"Bonaire, Saint Eustatius and Saba",AMRO,102,10999,0,37
8/21/2022,BQ,"Bonaire, Saint Eustatius and Saba",AMRO,92,11091,0,37
8/28/2022,BQ,"Bonaire, Saint Eustatius and Saba",AMRO,82,11173,1,38
9/4/2022,BQ,"Bonaire, Saint Eustatius and Saba",AMRO,57,11230,0,38
9/11/2022,BQ,"Bonaire, Saint Eustatius and Saba",AMRO,49,11279,0,38
9/18/2022,BQ,"Bonaire, Saint Eustatius and Saba",AMRO,27,11306,0,38
9/25/2022,BQ,"Bonaire, Saint Eustatius and Saba",AMRO,17,11323,0,38
10/2/2022,BQ,"Bonaire, Saint Eustatius and Saba",AMRO,22,11345,0,38
10/9/2022,BQ,"Bonaire, Saint Eustatius and Saba",AMRO,21,11366,0,38
10/16/2022,BQ,"Bonaire, Saint Eustatius and Saba",AMRO,29,11395,0,38
10/23/2022,BQ,"Bonaire, Saint Eustatius and Saba",AMRO,32,11427,0,38
10/30/2022,BQ,"Bonaire, Saint Eustatius and Saba",AMRO,23,11450,0,38
11/6/2022,BQ,"Bonaire, Saint Eustatius and Saba",AMRO,17,11467,0,38
11/13/2022,BQ,"Bonaire, Saint Eustatius and Saba",AMRO,23,11490,0,38
11/20/2022,BQ,"Bonaire, Saint Eustatius and Saba",AMRO,26,11516,0,38
11/27/2022,BQ,"Bonaire, Saint Eustatius and Saba",AMRO,28,11544,0,38
12/4/2022,BQ,"Bonaire, Saint Eustatius and Saba",AMRO,11,11555,0,38
12/11/2022,BQ,"Bonaire, Saint Eustatius and Saba",AMRO,41,11596,0,38
12/18/2022,BQ,"Bonaire, Saint Eustatius and Saba",AMRO,65,11661,0,38
12/25/2022,BQ,"Bonaire, Saint Eustatius and Saba",AMRO,55,11716,1,39
1/1/2023,BQ,"Bonaire, Saint Eustatius and Saba",AMRO,0,11716,1,40
1/8/2023,BQ,"Bonaire, Saint Eustatius and Saba",AMRO,48,11764,1,41
1/15/2023,BQ,"Bonaire, Saint Eustatius and Saba",AMRO,12,11776,0,41
1/22/2023,BQ,"Bonaire, Saint Eustatius and Saba",AMRO,3,11779,0,41
1/29/2023,BQ,"Bonaire, Saint Eustatius and Saba",AMRO,4,11783,0,41
2/5/2023,BQ,"Bonaire, Saint Eustatius and Saba",AMRO,11,11794,0,41
2/12/2023,BQ,"Bonaire, Saint Eustatius and Saba",AMRO,3,11797,0,41
2/19/2023,BQ,"Bonaire, Saint Eustatius and Saba",AMRO,2,11799,0,41
2/26/2023,BQ,"Bonaire, Saint Eustatius and Saba",AMRO,5,11804,0,41
3/5/2023,BQ,"Bonaire, Saint Eustatius and Saba",AMRO,7,11811,0,41
3/12/2023,BQ,"Bonaire, Saint Eustatius and Saba",AMRO,0,11811,0,41
3/19/2023,BQ,"Bonaire, Saint Eustatius and Saba",AMRO,1,11812,0,41
3/26/2023,BQ,"Bonaire, Saint Eustatius and Saba",AMRO,35,11847,0,41
4/2/2023,BQ,"Bonaire, Saint Eustatius and Saba",AMRO,38,11885,0,41
4/9/2023,BQ,"Bonaire, Saint Eustatius and Saba",AMRO,0,11885,0,41
4/16/2023,BQ,"Bonaire, Saint Eustatius and Saba",AMRO,0,11885,0,41
4/23/2023,BQ,"Bonaire, Saint Eustatius and Saba",AMRO,0,11885,0,41
4/30/2023,BQ,"Bonaire, Saint Eustatius and Saba",AMRO,0,11885,0,41
5/7/2023,BQ,"Bonaire, Saint Eustatius and Saba",AMRO,24,11909,0,41
5/14/2023,BQ,"Bonaire, Saint Eustatius and Saba",AMRO,0,11909,0,41
5/21/2023,BQ,"Bonaire, Saint Eustatius and Saba",AMRO,0,11909,0,41
5/28/2023,BQ,"Bonaire, Saint Eustatius and Saba",AMRO,0,11909,0,41
6/4/2023,BQ,"Bonaire, Saint Eustatius and Saba",AMRO,12,11921,0,41
6/11/2023,BQ,"Bonaire, Saint Eustatius and Saba",AMRO,0,11921,0,41
6/18/2023,BQ,"Bonaire, Saint Eustatius and Saba",AMRO,0,11921,0,41
6/25/2023,BQ,"Bonaire, Saint Eustatius and Saba",AMRO,0,11921,0,41
7/2/2023,BQ,"Bonaire, Saint Eustatius and Saba",AMRO,0,11921,0,41
7/9/2023,BQ,"Bonaire, Saint Eustatius and Saba",AMRO,1,11922,0,41
7/16/2023,BQ,"Bonaire, Saint Eustatius and Saba",AMRO,0,11922,0,41
7/23/2023,BQ,"Bonaire, Saint Eustatius and Saba",AMRO,0,11922,0,41
7/30/2023,BQ,"Bonaire, Saint Eustatius and Saba",AMRO,0,11922,0,41
8/6/2023,BQ,"Bonaire, Saint Eustatius and Saba",AMRO,0,11922,0,41
8/13/2023,BQ,"Bonaire, Saint Eustatius and Saba",AMRO,0,11922,0,41
8/20/2023,BQ,"Bonaire, Saint Eustatius and Saba",AMRO,0,11922,0,41
8/27/2023,BQ,"Bonaire, Saint Eustatius and Saba",AMRO,0,11922,0,41
9/3/2023,BQ,"Bonaire, Saint Eustatius and Saba",AMRO,0,11922,0,41
9/10/2023,BQ,"Bonaire, Saint Eustatius and Saba",AMRO,0,11922,0,41
9/17/2023,BQ,"Bonaire, Saint Eustatius and Saba",AMRO,0,11922,0,41
9/24/2023,BQ,"Bonaire, Saint Eustatius and Saba",AMRO,0,11922,0,41
10/1/2023,BQ,"Bonaire, Saint Eustatius and Saba",AMRO,0,11922,0,41
10/8/2023,BQ,"Bonaire, Saint Eustatius and Saba",AMRO,0,11922,0,41
10/15/2023,BQ,"Bonaire, Saint Eustatius and Saba",AMRO,0,11922,0,41
10/22/2023,BQ,"Bonaire, Saint Eustatius and Saba",AMRO,0,11922,0,41
10/29/2023,BQ,"Bonaire, Saint Eustatius and Saba",AMRO,0,11922,0,41
11/5/2023,BQ,"Bonaire, Saint Eustatius and Saba",AMRO,0,11922,0,41
11/12/2023,BQ,"Bonaire, Saint Eustatius and Saba",AMRO,0,11922,0,41
11/19/2023,BQ,"Bonaire, Saint Eustatius and Saba",AMRO,0,11922,0,41
11/26/2023,BQ,"Bonaire, Saint Eustatius and Saba",AMRO,0,11922,0,41
12/3/2023,BQ,"Bonaire, Saint Eustatius and Saba",AMRO,0,11922,0,41
12/10/2023,BQ,"Bonaire, Saint Eustatius and Saba",AMRO,0,11922,0,41
12/17/2023,BQ,"Bonaire, Saint Eustatius and Saba",AMRO,0,11922,0,41
12/24/2023,BQ,"Bonaire, Saint Eustatius and Saba",AMRO,0,11922,0,41
1/5/2020,BA,Bosnia and Herzegovina,EURO,0,0,0,0
1/12/2020,BA,Bosnia and Herzegovina,EURO,0,0,0,0
1/19/2020,BA,Bosnia and Herzegovina,EURO,0,0,0,0
1/26/2020,BA,Bosnia and Herzegovina,EURO,0,0,0,0
2/2/2020,BA,Bosnia and Herzegovina,EURO,0,0,0,0
2/9/2020,BA,Bosnia and Herzegovina,EURO,0,0,0,0
2/16/2020,BA,Bosnia and Herzegovina,EURO,0,0,0,0
2/23/2020,BA,Bosnia and Herzegovina,EURO,0,0,0,0
3/1/2020,BA,Bosnia and Herzegovina,EURO,0,0,0,0
3/8/2020,BA,Bosnia and Herzegovina,EURO,2,2,0,0
3/15/2020,BA,Bosnia and Herzegovina,EURO,11,13,0,0
3/22/2020,BA,Bosnia and Herzegovina,EURO,112,125,1,1
3/29/2020,BA,Bosnia and Herzegovina,EURO,193,318,5,6
4/5/2020,BA,Bosnia and Herzegovina,EURO,301,619,15,21
4/12/2020,BA,Bosnia and Herzegovina,EURO,316,935,16,37
4/19/2020,BA,Bosnia and Herzegovina,EURO,333,1268,10,47
4/26/2020,BA,Bosnia and Herzegovina,EURO,218,1486,10,57
5/3/2020,BA,Bosnia and Herzegovina,EURO,353,1839,15,72
5/10/2020,BA,Bosnia and Herzegovina,EURO,251,2090,30,102
5/17/2020,BA,Bosnia and Herzegovina,EURO,177,2267,27,129
5/24/2020,BA,Bosnia and Herzegovina,EURO,124,2391,12,141
5/31/2020,BA,Bosnia and Herzegovina,EURO,103,2494,12,153
6/7/2020,BA,Bosnia and Herzegovina,EURO,152,2646,6,159
6/14/2020,BA,Bosnia and Herzegovina,EURO,247,2893,4,163
6/21/2020,BA,Bosnia and Herzegovina,EURO,454,3347,7,170
6/28/2020,BA,Bosnia and Herzegovina,EURO,751,4098,10,180
7/5/2020,BA,Bosnia and Herzegovina,EURO,1152,5250,13,193
7/12/2020,BA,Bosnia and Herzegovina,EURO,1470,6720,26,219
7/19/2020,BA,Bosnia and Herzegovina,EURO,1444,8164,29,248
7/26/2020,BA,Bosnia and Herzegovina,EURO,1888,10052,37,285
8/2/2020,BA,Bosnia and Herzegovina,EURO,1824,11876,54,339
8/9/2020,BA,Bosnia and Herzegovina,EURO,2213,14089,63,402
8/16/2020,BA,Bosnia and Herzegovina,EURO,1701,15790,69,471
8/23/2020,BA,Bosnia and Herzegovina,EURO,1924,17714,60,531
8/30/2020,BA,Bosnia and Herzegovina,EURO,1836,19550,63,594
9/6/2020,BA,Bosnia and Herzegovina,EURO,1889,21439,57,651
9/13/2020,BA,Bosnia and Herzegovina,EURO,1700,23139,39,690
9/20/2020,BA,Bosnia and Herzegovina,EURO,2078,25217,68,758
9/27/2020,BA,Bosnia and Herzegovina,EURO,1582,26799,57,815
10/4/2020,BA,Bosnia and Herzegovina,EURO,1438,28237,62,877
10/11/2020,BA,Bosnia and Herzegovina,EURO,2108,30345,50,927
10/18/2020,BA,Bosnia and Herzegovina,EURO,3212,33557,55,982
10/25/2020,BA,Bosnia and Herzegovina,EURO,6201,39758,89,1071
11/1/2020,BA,Bosnia and Herzegovina,EURO,10332,50090,163,1234
11/8/2020,BA,Bosnia and Herzegovina,EURO,11122,61212,256,1490
11/15/2020,BA,Bosnia and Herzegovina,EURO,9688,70900,367,1857
11/22/2020,BA,Bosnia and Herzegovina,EURO,8409,79309,392,2249
11/29/2020,BA,Bosnia and Herzegovina,EURO,7401,86710,327,2576
12/6/2020,BA,Bosnia and Herzegovina,EURO,7058,93768,346,2922
12/13/2020,BA,Bosnia and Herzegovina,EURO,6538,100306,376,3298
12/20/2020,BA,Bosnia and Herzegovina,EURO,5218,105524,327,3625
12/27/2020,BA,Bosnia and Herzegovina,EURO,3806,109330,298,3923
1/3/2021,BA,Bosnia and Herzegovina,EURO,3015,112345,177,4100
1/10/2021,BA,Bosnia and Herzegovina,EURO,3034,115379,205,4305
1/17/2021,BA,Bosnia and Herzegovina,EURO,2414,117793,144,4449
1/24/2021,BA,Bosnia and Herzegovina,EURO,2047,119840,120,4569
1/31/2021,BA,Bosnia and Herzegovina,EURO,2051,121891,127,4696
2/7/2021,BA,Bosnia and Herzegovina,EURO,1813,123704,95,4791
2/14/2021,BA,Bosnia and Herzegovina,EURO,1938,125642,101,4892
2/21/2021,BA,Bosnia and Herzegovina,EURO,2407,128049,103,4995
2/28/2021,BA,Bosnia and Herzegovina,EURO,3641,131690,93,5088
3/7/2021,BA,Bosnia and Herzegovina,EURO,4808,136498,159,5247
3/14/2021,BA,Bosnia and Herzegovina,EURO,6720,143218,241,5488
3/21/2021,BA,Bosnia and Herzegovina,EURO,9536,152754,329,5817
3/28/2021,BA,Bosnia and Herzegovina,EURO,11121,163875,461,6278
4/4/2021,BA,Bosnia and Herzegovina,EURO,10971,174846,507,6785
4/11/2021,BA,Bosnia and Herzegovina,EURO,8279,183125,555,7340
4/18/2021,BA,Bosnia and Herzegovina,EURO,7171,190296,479,7819
4/25/2021,BA,Bosnia and Herzegovina,EURO,5175,195471,405,8224
5/2/2021,BA,Bosnia and Herzegovina,EURO,3361,198832,337,8561
5/9/2021,BA,Bosnia and Herzegovina,EURO,2157,200989,232,8793
5/16/2021,BA,Bosnia and Herzegovina,EURO,1324,202313,196,8989
5/23/2021,BA,Bosnia and Herzegovina,EURO,940,203253,110,9099
5/30/2021,BA,Bosnia and Herzegovina,EURO,685,203938,105,9204
6/6/2021,BA,Bosnia and Herzegovina,EURO,422,204360,173,9377
6/13/2021,BA,Bosnia and Herzegovina,EURO,283,204643,93,9470
6/20/2021,BA,Bosnia and Herzegovina,EURO,199,204842,146,9616
6/27/2021,BA,Bosnia and Herzegovina,EURO,125,204967,22,9638
7/4/2021,BA,Bosnia and Herzegovina,EURO,91,205058,11,9649
7/11/2021,BA,Bosnia and Herzegovina,EURO,110,205168,7,9656
7/18/2021,BA,Bosnia and Herzegovina,EURO,133,205301,12,9668
7/25/2021,BA,Bosnia and Herzegovina,EURO,158,205459,7,9675
8/1/2021,BA,Bosnia and Herzegovina,EURO,263,205722,14,9689
8/8/2021,BA,Bosnia and Herzegovina,EURO,494,206216,2,9691
8/15/2021,BA,Bosnia and Herzegovina,EURO,1120,207336,17,9708
8/22/2021,BA,Bosnia and Herzegovina,EURO,2197,209533,16,9724
8/29/2021,BA,Bosnia and Herzegovina,EURO,3351,212884,61,9785
9/5/2021,BA,Bosnia and Herzegovina,EURO,3931,216815,88,9873
9/12/2021,BA,Bosnia and Herzegovina,EURO,4729,221544,143,10016
9/19/2021,BA,Bosnia and Herzegovina,EURO,5280,226824,203,10219
9/26/2021,BA,Bosnia and Herzegovina,EURO,4781,231605,224,10443
10/3/2021,BA,Bosnia and Herzegovina,EURO,4813,236418,212,10655
10/10/2021,BA,Bosnia and Herzegovina,EURO,4394,240812,232,10887
10/17/2021,BA,Bosnia and Herzegovina,EURO,3777,244589,251,11138
10/24/2021,BA,Bosnia and Herzegovina,EURO,4101,248690,208,11346
10/31/2021,BA,Bosnia and Herzegovina,EURO,5067,253757,182,11528
11/7/2021,BA,Bosnia and Herzegovina,EURO,5476,259233,239,11767
11/14/2021,BA,Bosnia and Herzegovina,EURO,5329,264562,218,11985
11/21/2021,BA,Bosnia and Herzegovina,EURO,4669,269231,253,12238
11/28/2021,BA,Bosnia and Herzegovina,EURO,4386,273617,241,12479
12/5/2021,BA,Bosnia and Herzegovina,EURO,4464,278081,235,12714
12/12/2021,BA,Bosnia and Herzegovina,EURO,3438,281519,219,12933
12/19/2021,BA,Bosnia and Herzegovina,EURO,3249,284768,202,13135
12/26/2021,BA,Bosnia and Herzegovina,EURO,2948,287716,148,13283
1/2/2022,BA,Bosnia and Herzegovina,EURO,4421,292137,177,13460
1/9/2022,BA,Bosnia and Herzegovina,EURO,8337,300474,145,13605
1/16/2022,BA,Bosnia and Herzegovina,EURO,14469,314943,152,13757
1/23/2022,BA,Bosnia and Herzegovina,EURO,17250,332193,248,14005
1/30/2022,BA,Bosnia and Herzegovina,EURO,13819,346012,340,14345
2/6/2022,BA,Bosnia and Herzegovina,EURO,9907,355919,352,14697
2/13/2022,BA,Bosnia and Herzegovina,EURO,7897,363816,316,15013
2/20/2022,BA,Bosnia and Herzegovina,EURO,4488,368304,256,15269
2/27/2022,BA,Bosnia and Herzegovina,EURO,2660,370964,151,15420
3/6/2022,BA,Bosnia and Herzegovina,EURO,1364,372328,138,15558
3/13/2022,BA,Bosnia and Herzegovina,EURO,947,373275,60,15618
3/20/2022,BA,Bosnia and Herzegovina,EURO,892,374167,49,15667
3/27/2022,BA,Bosnia and Herzegovina,EURO,706,374873,36,15703
4/3/2022,BA,Bosnia and Herzegovina,EURO,792,375665,15,15718
4/10/2022,BA,Bosnia and Herzegovina,EURO,446,376111,14,15732
4/17/2022,BA,Bosnia and Herzegovina,EURO,372,376483,19,15751
4/24/2022,BA,Bosnia and Herzegovina,EURO,308,376791,9,15760
5/1/2022,BA,Bosnia and Herzegovina,EURO,320,377111,5,15765
5/8/2022,BA,Bosnia and Herzegovina,EURO,212,377323,3,15768
5/15/2022,BA,Bosnia and Herzegovina,EURO,234,377557,11,15779
5/22/2022,BA,Bosnia and Herzegovina,EURO,172,377729,4,15783
5/29/2022,BA,Bosnia and Herzegovina,EURO,137,377866,4,15787
6/5/2022,BA,Bosnia and Herzegovina,EURO,113,377979,1,15788
6/12/2022,BA,Bosnia and Herzegovina,EURO,110,378089,5,15793
6/19/2022,BA,Bosnia and Herzegovina,EURO,138,378227,3,15796
6/26/2022,BA,Bosnia and Herzegovina,EURO,230,378457,3,15799
7/3/2022,BA,Bosnia and Herzegovina,EURO,388,378845,7,15806
7/10/2022,BA,Bosnia and Herzegovina,EURO,829,379674,3,15809
7/17/2022,BA,Bosnia and Herzegovina,EURO,1258,380932,8,15817
7/24/2022,BA,Bosnia and Herzegovina,EURO,2248,383180,11,15828
7/31/2022,BA,Bosnia and Herzegovina,EURO,2562,385742,36,15864
8/7/2022,BA,Bosnia and Herzegovina,EURO,2416,388158,44,15908
8/14/2022,BA,Bosnia and Herzegovina,EURO,2847,391005,35,15943
8/21/2022,BA,Bosnia and Herzegovina,EURO,2478,393483,40,15983
8/28/2022,BA,Bosnia and Herzegovina,EURO,1833,395316,45,16028
9/4/2022,BA,Bosnia and Herzegovina,EURO,1086,396402,34,16062
9/11/2022,BA,Bosnia and Herzegovina,EURO,813,397215,28,16090
9/18/2022,BA,Bosnia and Herzegovina,EURO,690,397905,18,16108
9/25/2022,BA,Bosnia and Herzegovina,EURO,456,398361,15,16123
10/2/2022,BA,Bosnia and Herzegovina,EURO,435,398796,15,16138
10/9/2022,BA,Bosnia and Herzegovina,EURO,345,399141,14,16152
10/16/2022,BA,Bosnia and Herzegovina,EURO,305,399446,4,16156
10/23/2022,BA,Bosnia and Herzegovina,EURO,229,399675,9,16165
10/30/2022,BA,Bosnia and Herzegovina,EURO,239,399914,4,16169
11/6/2022,BA,Bosnia and Herzegovina,EURO,155,400069,11,16180
11/13/2022,BA,Bosnia and Herzegovina,EURO,138,400207,5,16185
11/20/2022,BA,Bosnia and Herzegovina,EURO,140,400347,5,16190
11/27/2022,BA,Bosnia and Herzegovina,EURO,131,400478,10,16200
12/4/2022,BA,Bosnia and Herzegovina,EURO,102,400580,3,16203
12/11/2022,BA,Bosnia and Herzegovina,EURO,94,400674,9,16212
12/18/2022,BA,Bosnia and Herzegovina,EURO,137,400811,7,16219
12/25/2022,BA,Bosnia and Herzegovina,EURO,149,400960,3,16222
1/1/2023,BA,Bosnia and Herzegovina,EURO,151,401111,12,16234
1/8/2023,BA,Bosnia and Herzegovina,EURO,149,401260,7,16241
1/15/2023,BA,Bosnia and Herzegovina,EURO,168,401428,13,16254
1/22/2023,BA,Bosnia and Herzegovina,EURO,115,401543,6,16260
1/29/2023,BA,Bosnia and Herzegovina,EURO,92,401635,8,16268
2/5/2023,BA,Bosnia and Herzegovina,EURO,68,401703,6,16274
2/12/2023,BA,Bosnia and Herzegovina,EURO,70,401773,4,16278
2/19/2023,BA,Bosnia and Herzegovina,EURO,87,401860,12,16290
2/26/2023,BA,Bosnia and Herzegovina,EURO,88,401948,4,16294
3/5/2023,BA,Bosnia and Herzegovina,EURO,114,402062,1,16295
3/12/2023,BA,Bosnia and Herzegovina,EURO,162,402224,3,16298
3/19/2023,BA,Bosnia and Herzegovina,EURO,113,402337,11,16309
3/26/2023,BA,Bosnia and Herzegovina,EURO,122,402459,10,16319
4/2/2023,BA,Bosnia and Herzegovina,EURO,99,402558,6,16325
4/9/2023,BA,Bosnia and Herzegovina,EURO,96,402654,4,16329
4/16/2023,BA,Bosnia and Herzegovina,EURO,72,402726,3,16332
4/23/2023,BA,Bosnia and Herzegovina,EURO,88,402814,4,16336
4/30/2023,BA,Bosnia and Herzegovina,EURO,73,402887,1,16337
5/7/2023,BA,Bosnia and Herzegovina,EURO,34,402921,2,16339
5/14/2023,BA,Bosnia and Herzegovina,EURO,6,402927,1,16340
5/21/2023,BA,Bosnia and Herzegovina,EURO,31,402958,6,16346
5/28/2023,BA,Bosnia and Herzegovina,EURO,22,402980,0,16346
6/4/2023,BA,Bosnia and Herzegovina,EURO,18,402998,1,16347
6/11/2023,BA,Bosnia and Herzegovina,EURO,32,403030,1,16348
6/18/2023,BA,Bosnia and Herzegovina,EURO,11,403041,2,16350
6/25/2023,BA,Bosnia and Herzegovina,EURO,2,403043,0,16350
7/2/2023,BA,Bosnia and Herzegovina,EURO,4,403047,0,16350
7/9/2023,BA,Bosnia and Herzegovina,EURO,2,403049,2,16352
7/16/2023,BA,Bosnia and Herzegovina,EURO,3,403052,0,16352
7/23/2023,BA,Bosnia and Herzegovina,EURO,0,403052,0,16352
7/30/2023,BA,Bosnia and Herzegovina,EURO,1,403053,0,16352
8/6/2023,BA,Bosnia and Herzegovina,EURO,4,403057,0,16352
8/13/2023,BA,Bosnia and Herzegovina,EURO,4,403061,0,16352
8/20/2023,BA,Bosnia and Herzegovina,EURO,0,403061,0,16352
8/27/2023,BA,Bosnia and Herzegovina,EURO,3,403064,0,16352
9/3/2023,BA,Bosnia and Herzegovina,EURO,6,403070,0,16352
9/10/2023,BA,Bosnia and Herzegovina,EURO,21,403091,0,16352
9/17/2023,BA,Bosnia and Herzegovina,EURO,26,403117,0,16352
9/24/2023,BA,Bosnia and Herzegovina,EURO,19,403136,0,16352
10/1/2023,BA,Bosnia and Herzegovina,EURO,19,403155,2,16354
10/8/2023,BA,Bosnia and Herzegovina,EURO,28,403183,1,16355
10/15/2023,BA,Bosnia and Herzegovina,EURO,54,403237,6,16361
10/22/2023,BA,Bosnia and Herzegovina,EURO,29,403266,1,16362
10/29/2023,BA,Bosnia and Herzegovina,EURO,0,403266,0,16362
11/5/2023,BA,Bosnia and Herzegovina,EURO,27,403293,2,16364
11/12/2023,BA,Bosnia and Herzegovina,EURO,17,403310,2,16366
11/19/2023,BA,Bosnia and Herzegovina,EURO,27,403337,0,16366
11/26/2023,BA,Bosnia and Herzegovina,EURO,18,403355,3,16369
12/3/2023,BA,Bosnia and Herzegovina,EURO,0,403355,0,16369
12/10/2023,BA,Bosnia and Herzegovina,EURO,9,403364,0,16369
12/17/2023,BA,Bosnia and Herzegovina,EURO,79,403443,5,16374
12/24/2023,BA,Bosnia and Herzegovina,EURO,34,403477,3,16377
1/5/2020,BW,Botswana,AFRO,0,0,0,0
1/12/2020,BW,Botswana,AFRO,0,0,0,0
1/19/2020,BW,Botswana,AFRO,0,0,0,0
1/26/2020,BW,Botswana,AFRO,0,0,0,0
2/2/2020,BW,Botswana,AFRO,0,0,0,0
2/9/2020,BW,Botswana,AFRO,0,0,0,0
2/16/2020,BW,Botswana,AFRO,0,0,0,0
2/23/2020,BW,Botswana,AFRO,0,0,0,0
3/1/2020,BW,Botswana,AFRO,0,0,0,0
3/8/2020,BW,Botswana,AFRO,0,0,0,0
3/15/2020,BW,Botswana,AFRO,0,0,0,0
3/22/2020,BW,Botswana,AFRO,0,0,0,0
3/29/2020,BW,Botswana,AFRO,0,0,1,1
4/5/2020,BW,Botswana,AFRO,4,4,0,1
4/12/2020,BW,Botswana,AFRO,9,13,0,1
4/19/2020,BW,Botswana,AFRO,2,15,0,1
4/26/2020,BW,Botswana,AFRO,7,22,0,1
5/3/2020,BW,Botswana,AFRO,1,23,0,1
5/10/2020,BW,Botswana,AFRO,0,23,0,1
5/17/2020,BW,Botswana,AFRO,2,25,0,1
5/24/2020,BW,Botswana,AFRO,7,32,0,1
5/31/2020,BW,Botswana,AFRO,3,35,0,1
6/7/2020,BW,Botswana,AFRO,5,40,0,1
6/14/2020,BW,Botswana,AFRO,37,77,0,1
6/21/2020,BW,Botswana,AFRO,12,89,0,1
6/28/2020,BW,Botswana,AFRO,36,125,0,1
7/5/2020,BW,Botswana,AFRO,150,275,0,1
7/12/2020,BW,Botswana,AFRO,39,314,0,1
7/19/2020,BW,Botswana,AFRO,208,522,0,1
7/26/2020,BW,Botswana,AFRO,164,686,0,1
8/2/2020,BW,Botswana,AFRO,208,894,1,2
8/9/2020,BW,Botswana,AFRO,172,1066,0,2
8/16/2020,BW,Botswana,AFRO,148,1214,1,3
8/23/2020,BW,Botswana,AFRO,94,1308,0,3
8/30/2020,BW,Botswana,AFRO,325,1633,3,6
9/6/2020,BW,Botswana,AFRO,369,2002,2,8
9/13/2020,BW,Botswana,AFRO,461,2463,3,11
9/20/2020,BW,Botswana,AFRO,104,2567,2,13
9/27/2020,BW,Botswana,AFRO,354,2921,0,13
10/4/2020,BW,Botswana,AFRO,251,3172,3,16
10/11/2020,BW,Botswana,AFRO,47,3219,2,18
10/18/2020,BW,Botswana,AFRO,2023,5242,3,21
10/25/2020,BW,Botswana,AFRO,681,5923,4,25
11/1/2020,BW,Botswana,AFRO,719,6642,0,25
11/8/2020,BW,Botswana,AFRO,1193,7835,3,28
11/15/2020,BW,Botswana,AFRO,390,8225,0,28
11/22/2020,BW,Botswana,AFRO,1369,9594,4,32
11/29/2020,BW,Botswana,AFRO,819,10413,1,33
12/6/2020,BW,Botswana,AFRO,1132,11545,3,36
12/13/2020,BW,Botswana,AFRO,956,12501,2,38
12/20/2020,BW,Botswana,AFRO,712,13213,0,38
12/27/2020,BW,Botswana,AFRO,677,13890,1,39
1/3/2021,BW,Botswana,AFRO,1332,15222,5,44
1/10/2021,BW,Botswana,AFRO,829,16051,4,48
1/17/2021,BW,Botswana,AFRO,1899,17950,23,71
1/24/2021,BW,Botswana,AFRO,2046,19996,43,114
1/31/2021,BW,Botswana,AFRO,1627,21623,25,139
2/7/2021,BW,Botswana,AFRO,2198,23821,30,169
2/14/2021,BW,Botswana,AFRO,1381,25202,46,215
2/21/2021,BW,Botswana,AFRO,181,25383,55,270
2/28/2021,BW,Botswana,AFRO,5344,30727,57,327
3/7/2021,BW,Botswana,AFRO,2185,32912,86,413
3/14/2021,BW,Botswana,AFRO,2087,34999,34,447
3/21/2021,BW,Botswana,AFRO,2560,37559,38,485
3/28/2021,BW,Botswana,AFRO,2282,39841,83,568
4/4/2021,BW,Botswana,AFRO,1869,41710,48,616
4/11/2021,BW,Botswana,AFRO,1734,43444,47,663
4/18/2021,BW,Botswana,AFRO,1258,44702,21,684
4/25/2021,BW,Botswana,AFRO,4366,49068,18,702
5/2/2021,BW,Botswana,AFRO,1265,50333,22,724
5/9/2021,BW,Botswana,AFRO,1205,51538,27,751
5/16/2021,BW,Botswana,AFRO,1780,53318,23,774
5/23/2021,BW,Botswana,AFRO,2084,55402,35,809
5/30/2021,BW,Botswana,AFRO,2114,57516,40,849
6/6/2021,BW,Botswana,AFRO,3132,60648,36,885
6/13/2021,BW,Botswana,AFRO,3373,64021,41,926
6/20/2021,BW,Botswana,AFRO,4366,68387,143,1069
6/27/2021,BW,Botswana,AFRO,1684,70071,56,1125
7/4/2021,BW,Botswana,AFRO,3906,73977,63,1188
7/11/2021,BW,Botswana,AFRO,6176,80153,65,1253
7/18/2021,BW,Botswana,AFRO,11749,91902,75,1328
7/25/2021,BW,Botswana,AFRO,10222,102124,157,1485
8/1/2021,BW,Botswana,AFRO,13096,115220,168,1653
8/8/2021,BW,Botswana,AFRO,15551,130771,179,1832
8/15/2021,BW,Botswana,AFRO,11609,142380,211,2043
8/22/2021,BW,Botswana,AFRO,8462,150842,128,2171
8/29/2021,BW,Botswana,AFRO,6085,156927,90,2261
9/5/2021,BW,Botswana,AFRO,5259,162186,48,2309
9/12/2021,BW,Botswana,AFRO,3458,165644,28,2337
9/19/2021,BW,Botswana,AFRO,8144,173788,17,2354
9/26/2021,BW,Botswana,AFRO,4262,178050,13,2367
10/3/2021,BW,Botswana,AFRO,2147,180197,7,2374
10/10/2021,BW,Botswana,AFRO,1054,181251,7,2381
10/17/2021,BW,Botswana,AFRO,2800,184051,8,2389
10/24/2021,BW,Botswana,AFRO,1934,185985,13,2402
10/31/2021,BW,Botswana,AFRO,1296,187281,5,2407
11/7/2021,BW,Botswana,AFRO,6168,193449,2,2409
11/14/2021,BW,Botswana,AFRO,680,194129,7,2416
11/21/2021,BW,Botswana,AFRO,523,194652,0,2416
11/28/2021,BW,Botswana,AFRO,416,195068,2,2418
12/5/2021,BW,Botswana,AFRO,484,195552,2,2420
12/12/2021,BW,Botswana,AFRO,2092,197644,4,2424
12/19/2021,BW,Botswana,AFRO,7057,204701,1,2425
12/26/2021,BW,Botswana,AFRO,7781,212482,14,2439
1/2/2022,BW,Botswana,AFRO,9571,222053,13,2452
1/9/2022,BW,Botswana,AFRO,10379,232432,45,2497
1/16/2022,BW,Botswana,AFRO,7455,239887,37,2534
1/23/2022,BW,Botswana,AFRO,6017,245904,31,2565
1/30/2022,BW,Botswana,AFRO,7132,253036,16,2581
2/6/2022,BW,Botswana,AFRO,4131,257167,12,2593
2/13/2022,BW,Botswana,AFRO,3324,260491,10,2603
2/20/2022,BW,Botswana,AFRO,2161,262652,11,2614
2/27/2022,BW,Botswana,AFRO,41830,304482,51,2665
3/6/2022,BW,Botswana,AFRO,431,304913,10,2675
3/13/2022,BW,Botswana,AFRO,333,305246,4,2679
3/20/2022,BW,Botswana,AFRO,269,305515,5,2684
3/27/2022,BW,Botswana,AFRO,162,305677,2,2686
4/3/2022,BW,Botswana,AFRO,93,305770,1,2687
4/10/2022,BW,Botswana,AFRO,74,305844,0,2687
4/17/2022,BW,Botswana,AFRO,140,305984,1,2688
4/24/2022,BW,Botswana,AFRO,90,306074,1,2689
5/1/2022,BW,Botswana,AFRO,126,306200,1,2690
5/8/2022,BW,Botswana,AFRO,0,306200,0,2690
5/15/2022,BW,Botswana,AFRO,414,306614,2,2692
5/22/2022,BW,Botswana,AFRO,0,306614,0,2692
5/29/2022,BW,Botswana,AFRO,0,306614,0,2692
6/5/2022,BW,Botswana,AFRO,3795,310409,9,2701
6/12/2022,BW,Botswana,AFRO,3084,313493,4,2705
6/19/2022,BW,Botswana,AFRO,6634,320127,33,2738
6/26/2022,BW,Botswana,AFRO,2642,322769,12,2750
7/3/2022,BW,Botswana,AFRO,558,323327,2,2752
7/10/2022,BW,Botswana,AFRO,1514,324841,8,2760
7/17/2022,BW,Botswana,AFRO,0,324841,0,2760
7/24/2022,BW,Botswana,AFRO,629,325470,10,2770
7/31/2022,BW,Botswana,AFRO,254,325724,2,2772
8/7/2022,BW,Botswana,AFRO,100,325824,2,2774
8/14/2022,BW,Botswana,AFRO,26,325850,3,2777
8/21/2022,BW,Botswana,AFRO,14,325864,1,2778
8/28/2022,BW,Botswana,AFRO,47,325911,0,2778
9/4/2022,BW,Botswana,AFRO,354,326265,1,2779
9/11/2022,BW,Botswana,AFRO,21,326286,1,2780
9/18/2022,BW,Botswana,AFRO,17,326303,1,2781
9/25/2022,BW,Botswana,AFRO,21,326324,0,2781
10/2/2022,BW,Botswana,AFRO,8,326332,1,2782
10/9/2022,BW,Botswana,AFRO,17,326349,0,2782
10/16/2022,BW,Botswana,AFRO,4,326353,0,2782
10/23/2022,BW,Botswana,AFRO,0,326353,0,2782
10/30/2022,BW,Botswana,AFRO,0,326353,0,2782
11/6/2022,BW,Botswana,AFRO,0,326353,0,2782
11/13/2022,BW,Botswana,AFRO,126,326479,0,2782
11/20/2022,BW,Botswana,AFRO,133,326612,0,2782
11/27/2022,BW,Botswana,AFRO,155,326767,3,2785
12/4/2022,BW,Botswana,AFRO,292,327059,0,2785
12/11/2022,BW,Botswana,AFRO,412,327471,1,2786
12/18/2022,BW,Botswana,AFRO,349,327820,0,2786
12/25/2022,BW,Botswana,AFRO,211,328031,0,2786
1/1/2023,BW,Botswana,AFRO,218,328249,1,2787
1/8/2023,BW,Botswana,AFRO,300,328549,1,2788
1/15/2023,BW,Botswana,AFRO,349,328898,2,2790
1/22/2023,BW,Botswana,AFRO,316,329214,2,2792
1/29/2023,BW,Botswana,AFRO,240,329454,1,2793
2/5/2023,BW,Botswana,AFRO,141,329595,1,2794
2/12/2023,BW,Botswana,AFRO,80,329675,1,2795
2/19/2023,BW,Botswana,AFRO,52,329727,0,2795
2/26/2023,BW,Botswana,AFRO,31,329758,0,2795
3/5/2023,BW,Botswana,AFRO,11,329769,0,2795
3/12/2023,BW,Botswana,AFRO,16,329785,0,2795
3/19/2023,BW,Botswana,AFRO,27,329812,0,2795
3/26/2023,BW,Botswana,AFRO,18,329830,0,2795
4/2/2023,BW,Botswana,AFRO,7,329837,0,2795
4/9/2023,BW,Botswana,AFRO,4,329841,1,2796
4/16/2023,BW,Botswana,AFRO,6,329847,0,2796
4/23/2023,BW,Botswana,AFRO,5,329852,0,2796
4/30/2023,BW,Botswana,AFRO,4,329856,0,2796
5/7/2023,BW,Botswana,AFRO,6,329862,1,2797
5/14/2023,BW,Botswana,AFRO,0,329862,0,2797
5/21/2023,BW,Botswana,AFRO,43,329905,0,2797
5/28/2023,BW,Botswana,AFRO,36,329941,0,2797
6/4/2023,BW,Botswana,AFRO,21,329962,0,2797
6/11/2023,BW,Botswana,AFRO,23,329985,0,2797
6/18/2023,BW,Botswana,AFRO,31,330016,0,2797
6/25/2023,BW,Botswana,AFRO,61,330077,0,2797
7/2/2023,BW,Botswana,AFRO,36,330113,0,2797
7/9/2023,BW,Botswana,AFRO,35,330148,0,2797
7/16/2023,BW,Botswana,AFRO,7,330155,1,2798
7/23/2023,BW,Botswana,AFRO,21,330176,1,2799
7/30/2023,BW,Botswana,AFRO,22,330198,1,2800
8/6/2023,BW,Botswana,AFRO,17,330215,0,2800
8/13/2023,BW,Botswana,AFRO,15,330230,0,2800
8/20/2023,BW,Botswana,AFRO,10,330240,0,2800
8/27/2023,BW,Botswana,AFRO,11,330251,0,2800
9/3/2023,BW,Botswana,AFRO,5,330256,0,2800
9/10/2023,BW,Botswana,AFRO,0,330256,0,2800
9/17/2023,BW,Botswana,AFRO,16,330272,0,2800
9/24/2023,BW,Botswana,AFRO,3,330275,0,2800
10/1/2023,BW,Botswana,AFRO,9,330284,0,2800
10/8/2023,BW,Botswana,AFRO,16,330300,0,2800
10/15/2023,BW,Botswana,AFRO,21,330321,0,2800
10/22/2023,BW,Botswana,AFRO,24,330345,0,2800
10/29/2023,BW,Botswana,AFRO,10,330355,0,2800
11/5/2023,BW,Botswana,AFRO,14,330369,0,2800
11/12/2023,BW,Botswana,AFRO,19,330388,0,2800
11/19/2023,BW,Botswana,AFRO,9,330397,0,2800
11/26/2023,BW,Botswana,AFRO,7,330404,0,2800
12/3/2023,BW,Botswana,AFRO,5,330409,0,2800
12/10/2023,BW,Botswana,AFRO,4,330413,0,2800
12/17/2023,BW,Botswana,AFRO,0,330413,0,2800
12/24/2023,BW,Botswana,AFRO,0,330413,0,2800
1/5/2020,BR,Brazil,AMRO,0,0,0,0
1/12/2020,BR,Brazil,AMRO,0,0,0,0
1/19/2020,BR,Brazil,AMRO,0,0,0,0
1/26/2020,BR,Brazil,AMRO,0,0,0,0
2/2/2020,BR,Brazil,AMRO,0,0,0,0
2/9/2020,BR,Brazil,AMRO,0,0,0,0
2/16/2020,BR,Brazil,AMRO,0,0,0,0
2/23/2020,BR,Brazil,AMRO,0,0,0,0
3/1/2020,BR,Brazil,AMRO,1,1,0,0
3/8/2020,BR,Brazil,AMRO,12,13,0,0
3/15/2020,BR,Brazil,AMRO,71,84,0,0
3/22/2020,BR,Brazil,AMRO,820,904,11,11
3/29/2020,BR,Brazil,AMRO,2513,3417,81,92
4/5/2020,BR,Brazil,AMRO,5639,9056,267,359
4/12/2020,BR,Brazil,AMRO,10582,19638,697,1056
4/19/2020,BR,Brazil,AMRO,14044,33682,1085,2141
4/26/2020,BR,Brazil,AMRO,19313,52995,1529,3670
5/3/2020,BR,Brazil,AMRO,38594,91589,2659,6329
5/10/2020,BR,Brazil,AMRO,53739,145328,3568,9897
5/17/2020,BR,Brazil,AMRO,72895,218223,4920,14817
5/24/2020,BR,Brazil,AMRO,112667,330890,6231,21048
5/31/2020,BR,Brazil,AMRO,134276,465166,6830,27878
6/7/2020,BR,Brazil,AMRO,180605,645771,7148,35026
6/14/2020,BR,Brazil,AMRO,183039,828810,6802,41828
6/21/2020,BR,Brazil,AMRO,204103,1032913,7126,48954
6/28/2020,BR,Brazil,AMRO,242061,1274974,7007,55961
7/5/2020,BR,Brazil,AMRO,264107,1539081,7213,63174
7/12/2020,BR,Brazil,AMRO,261746,1800827,7224,70398
7/19/2020,BR,Brazil,AMRO,245501,2046328,7453,77851
7/26/2020,BR,Brazil,AMRO,297038,2343366,7387,85238
8/2/2020,BR,Brazil,AMRO,319119,2662485,7237,92475
8/9/2020,BR,Brazil,AMRO,299957,2962442,7097,99572
8/16/2020,BR,Brazil,AMRO,313078,3275520,6951,106523
8/23/2020,BR,Brazil,AMRO,256810,3532330,6835,113358
8/30/2020,BR,Brazil,AMRO,272473,3804803,6146,119504
9/6/2020,BR,Brazil,AMRO,288029,4092832,6017,125521
9/13/2020,BR,Brazil,AMRO,189332,4282164,4875,130396
9/20/2020,BR,Brazil,AMRO,213019,4495183,5397,135793
9/27/2020,BR,Brazil,AMRO,194430,4689613,4744,140537
10/4/2020,BR,Brazil,AMRO,190910,4880523,4851,145388
10/11/2020,BR,Brazil,AMRO,175365,5055888,4251,149639
10/18/2020,BR,Brazil,AMRO,144412,5200300,3575,153214
10/25/2020,BR,Brazil,AMRO,153356,5353656,3257,156471
11/1/2020,BR,Brazil,AMRO,163002,5516658,3006,159477
11/8/2020,BR,Brazil,AMRO,114523,5631181,2538,162015
11/15/2020,BR,Brazil,AMRO,179471,5810652,2722,164737
11/22/2020,BR,Brazil,AMRO,209512,6020164,3876,168613
11/29/2020,BR,Brazil,AMRO,218186,6238350,3361,171974
12/6/2020,BR,Brazil,AMRO,295618,6533968,3990,175964
12/13/2020,BR,Brazil,AMRO,302259,6836227,4473,180437
12/20/2020,BR,Brazil,AMRO,326751,7162978,5213,185650
12/27/2020,BR,Brazil,AMRO,285582,7448560,4838,190488
1/3/2021,BR,Brazil,AMRO,252018,7700578,4923,195411
1/10/2021,BR,Brazil,AMRO,313130,8013708,6049,201460
1/17/2021,BR,Brazil,AMRO,379784,8393492,6786,208246
1/24/2021,BR,Brazil,AMRO,360428,8753920,6997,215243
1/31/2021,BR,Brazil,AMRO,364593,9118513,7423,222666
2/7/2021,BR,Brazil,AMRO,328652,9447165,7368,230034
2/14/2021,BR,Brazil,AMRO,318290,9765455,7455,237489
2/21/2021,BR,Brazil,AMRO,316221,10081676,7276,244765
2/28/2021,BR,Brazil,AMRO,373954,10455630,8070,252835
3/7/2021,BR,Brazil,AMRO,413597,10869227,9935,262770
3/14/2021,BR,Brazil,AMRO,494153,11363380,12335,275105
3/21/2021,BR,Brazil,AMRO,508010,11871390,15209,290314
3/28/2021,BR,Brazil,AMRO,533024,12404414,16798,307112
4/4/2021,BR,Brazil,AMRO,505668,12910082,21094,328206
4/11/2021,BR,Brazil,AMRO,463092,13373174,20512,348718
4/18/2021,BR,Brazil,AMRO,459281,13832455,20031,368749
4/25/2021,BR,Brazil,AMRO,404623,14237078,17667,386416
5/2/2021,BR,Brazil,AMRO,421933,14659011,17365,403781
5/9/2021,BR,Brazil,AMRO,423438,15082449,15333,419114
5/16/2021,BR,Brazil,AMRO,437076,15519525,13514,432628
5/23/2021,BR,Brazil,AMRO,451424,15970949,13681,446309
5/30/2021,BR,Brazil,AMRO,420981,16391930,12736,459045
6/6/2021,BR,Brazil,AMRO,449478,16841408,11797,470842
6/13/2021,BR,Brazil,AMRO,454710,17296118,13393,484235
6/20/2021,BR,Brazil,AMRO,505344,17801462,14264,498499
6/27/2021,BR,Brazil,AMRO,521298,18322760,12643,511142
7/4/2021,BR,Brazil,AMRO,364709,18687469,10810,521952
7/11/2021,BR,Brazil,AMRO,333030,19020499,9736,531688
7/18/2021,BR,Brazil,AMRO,287610,19308109,8710,540398
7/25/2021,BR,Brazil,AMRO,324334,19632443,7942,548340
8/1/2021,BR,Brazil,AMRO,247830,19880273,7120,555460
8/8/2021,BR,Brazil,AMRO,228473,20108746,6302,561762
8/15/2021,BR,Brazil,AMRO,210254,20319000,6100,567862
8/22/2021,BR,Brazil,AMRO,209099,20528099,5649,573511
8/29/2021,BR,Brazil,AMRO,175807,20703906,4815,578326
9/5/2021,BR,Brazil,AMRO,152154,20856060,4344,582670
9/12/2021,BR,Brazil,AMRO,118790,20974850,3176,585846
9/19/2021,BR,Brazil,AMRO,105369,21080219,3727,589573
9/26/2021,BR,Brazil,AMRO,247397,21327616,4090,593663
10/3/2021,BR,Brazil,AMRO,118035,21445651,3562,597225
10/10/2021,BR,Brazil,AMRO,105079,21550730,3200,600425
10/17/2021,BR,Brazil,AMRO,76746,21627476,2244,602669
10/24/2021,BR,Brazil,AMRO,84367,21711843,2470,605139
10/31/2021,BR,Brazil,AMRO,81558,21793401,2323,607462
11/7/2021,BR,Brazil,AMRO,69057,21862458,1598,609060
11/14/2021,BR,Brazil,AMRO,76738,21939196,1431,610491
11/21/2021,BR,Brazil,AMRO,64121,22003317,1879,612370
11/28/2021,BR,Brazil,AMRO,64313,22067630,1587,613957
12/5/2021,BR,Brazil,AMRO,61779,22129409,1443,615400
12/12/2021,BR,Brazil,AMRO,55415,22184824,1291,616691
12/19/2021,BR,Brazil,AMRO,24196,22209020,910,617601
12/26/2021,BR,Brazil,AMRO,21717,22230737,791,618392
1/2/2022,BR,Brazil,AMRO,56784,22287521,664,619056
1/9/2022,BR,Brazil,AMRO,162701,22450222,766,619822
1/16/2022,BR,Brazil,AMRO,476981,22927203,974,620796
1/23/2022,BR,Brazil,AMRO,824579,23751782,1767,622563
1/30/2022,BR,Brazil,AMRO,1283024,25034806,3321,625884
2/6/2022,BR,Brazil,AMRO,1241025,26275831,4610,630494
2/13/2022,BR,Brazil,AMRO,1009678,27285509,6658,637152
2/20/2022,BR,Brazil,AMRO,773353,28058862,5877,643029
2/27/2022,BR,Brazil,AMRO,519785,28578647,4361,647390
3/6/2022,BR,Brazil,AMRO,395152,28973799,3865,651255
3/13/2022,BR,Brazil,AMRO,331315,29305114,3301,654556
3/20/2022,BR,Brazil,AMRO,267998,29573112,2242,656798
3/27/2022,BR,Brazil,AMRO,229145,29802257,1768,658566
4/3/2022,BR,Brazil,AMRO,172908,29975165,1436,660002
4/10/2022,BR,Brazil,AMRO,148798,30123963,1120,661122
4/17/2022,BR,Brazil,AMRO,123339,30247302,785,661907
4/24/2022,BR,Brazil,AMRO,91395,30338697,650,662557
5/1/2022,BR,Brazil,AMRO,94345,30433042,853,663410
5/8/2022,BR,Brazil,AMRO,110866,30543908,681,664091
5/15/2022,BR,Brazil,AMRO,120831,30664739,689,664780
5/22/2022,BR,Brazil,AMRO,97674,30762413,713,665493
5/29/2022,BR,Brazil,AMRO,158732,30921145,826,666319
6/5/2022,BR,Brazil,AMRO,216334,31137479,652,666971
6/12/2022,BR,Brazil,AMRO,279862,31417341,989,667960
6/19/2022,BR,Brazil,AMRO,256034,31673375,956,668916
6/26/2022,BR,Brazil,AMRO,349791,32023166,1313,670229
7/3/2022,BR,Brazil,AMRO,410897,32434063,1471,671700
7/10/2022,BR,Brazil,AMRO,396781,32830844,1639,673339
7/17/2022,BR,Brazil,AMRO,419273,33250117,1751,675090
7/24/2022,BR,Brazil,AMRO,255610,33505727,1396,676486
7/31/2022,BR,Brazil,AMRO,284971,33790698,1827,678313
8/7/2022,BR,Brazil,AMRO,203772,33994470,1445,679758
8/14/2022,BR,Brazil,AMRO,153661,34148131,1495,681253
8/21/2022,BR,Brazil,AMRO,116106,34264237,1105,682358
8/28/2022,BR,Brazil,AMRO,104672,34368909,1039,683397
9/4/2022,BR,Brazil,AMRO,87236,34456145,865,684262
9/11/2022,BR,Brazil,AMRO,60594,34516739,551,684813
9/18/2022,BR,Brazil,AMRO,62346,34579085,487,685300
9/25/2022,BR,Brazil,AMRO,45342,34624427,450,685750
10/2/2022,BR,Brazil,AMRO,48097,34672524,286,686036
10/9/2022,BR,Brazil,AMRO,42613,34715137,767,686803
10/16/2022,BR,Brazil,AMRO,31325,34746462,341,687144
10/23/2022,BR,Brazil,AMRO,34180,34780642,383,687527
10/30/2022,BR,Brazil,AMRO,41585,34822227,553,688080
11/6/2022,BR,Brazil,AMRO,26836,34849063,252,688332
11/13/2022,BR,Brazil,AMRO,59135,34908198,324,688656
11/20/2022,BR,Brazil,AMRO,91297,34999495,251,688907
11/27/2022,BR,Brazil,AMRO,150008,35149503,535,689442
12/4/2022,BR,Brazil,AMRO,188043,35337546,632,690074
12/11/2022,BR,Brazil,AMRO,194170,35531716,603,690677
12/18/2022,BR,Brazil,AMRO,337810,35869526,1133,691810
12/25/2022,BR,Brazil,AMRO,254811,36124337,933,692743
1/1/2023,BR,Brazil,AMRO,206944,36331281,1110,693853
1/8/2023,BR,Brazil,AMRO,145933,36477214,926,694779
1/15/2023,BR,Brazil,AMRO,120721,36597935,457,695236
1/22/2023,BR,Brazil,AMRO,114916,36712851,952,696188
1/29/2023,BR,Brazil,AMRO,78416,36791267,554,696742
2/5/2023,BR,Brazil,AMRO,75391,36866658,603,697345
2/12/2023,BR,Brazil,AMRO,63681,36930339,317,697662
2/19/2023,BR,Brazil,AMRO,57343,36987682,385,698047
2/26/2023,BR,Brazil,AMRO,32849,37020531,881,698928
3/5/2023,BR,Brazil,AMRO,55522,37076053,348,699276
3/12/2023,BR,Brazil,AMRO,9467,37085520,34,699310
3/19/2023,BR,Brazil,AMRO,59994,37145514,324,699634
3/26/2023,BR,Brazil,AMRO,59163,37204677,283,699917
4/2/2023,BR,Brazil,AMRO,53986,37258663,322,700239
4/9/2023,BR,Brazil,AMRO,60591,37319254,317,700556
4/16/2023,BR,Brazil,AMRO,38838,37358092,255,700811
4/23/2023,BR,Brazil,AMRO,49140,37407232,404,701215
4/30/2023,BR,Brazil,AMRO,42186,37449418,279,701494
5/7/2023,BR,Brazil,AMRO,38553,37487971,339,701833
5/14/2023,BR,Brazil,AMRO,23950,37511921,283,702116
5/21/2023,BR,Brazil,AMRO,0,37511921,0,702116
5/28/2023,BR,Brazil,AMRO,603,37512524,0,702116
6/4/2023,BR,Brazil,AMRO,461,37512985,0,702116
6/11/2023,BR,Brazil,AMRO,318,37513303,0,702116
6/18/2023,BR,Brazil,AMRO,346,37513649,0,702116
6/25/2023,BR,Brazil,AMRO,346,37513995,0,702116
7/2/2023,BR,Brazil,AMRO,280,37514275,0,702116
7/9/2023,BR,Brazil,AMRO,262,37514537,0,702116
7/16/2023,BR,Brazil,AMRO,204,37514741,0,702116
7/23/2023,BR,Brazil,AMRO,164,37514905,0,702116
7/30/2023,BR,Brazil,AMRO,161,37515066,0,702116
8/6/2023,BR,Brazil,AMRO,207,37515273,0,702116
8/13/2023,BR,Brazil,AMRO,236,37515509,0,702116
8/20/2023,BR,Brazil,AMRO,384,37515893,0,702116
8/27/2023,BR,Brazil,AMRO,486,37516379,0,702116
9/3/2023,BR,Brazil,AMRO,558,37516937,0,702116
9/10/2023,BR,Brazil,AMRO,646,37517583,0,702116
9/17/2023,BR,Brazil,AMRO,1147,37518730,0,702116
9/24/2023,BR,Brazil,AMRO,1022,37519752,0,702116
10/1/2023,BR,Brazil,AMRO,208,37519960,0,702116
10/8/2023,BR,Brazil,AMRO,0,37519960,0,702116
10/15/2023,BR,Brazil,AMRO,0,37519960,0,702116
10/22/2023,BR,Brazil,AMRO,0,37519960,0,702116
10/29/2023,BR,Brazil,AMRO,0,37519960,0,702116
11/5/2023,BR,Brazil,AMRO,0,37519960,0,702116
11/12/2023,BR,Brazil,AMRO,0,37519960,0,702116
11/19/2023,BR,Brazil,AMRO,0,37519960,0,702116
11/26/2023,BR,Brazil,AMRO,0,37519960,0,702116
12/3/2023,BR,Brazil,AMRO,0,37519960,0,702116
12/10/2023,BR,Brazil,AMRO,0,37519960,0,702116
12/17/2023,BR,Brazil,AMRO,0,37519960,0,702116
12/24/2023,BR,Brazil,AMRO,0,37519960,0,702116
1/5/2020,VG,British Virgin Islands,AMRO,0,0,0,0
1/12/2020,VG,British Virgin Islands,AMRO,0,0,0,0
1/19/2020,VG,British Virgin Islands,AMRO,0,0,0,0
1/26/2020,VG,British Virgin Islands,AMRO,0,0,0,0
2/2/2020,VG,British Virgin Islands,AMRO,0,0,0,0
2/9/2020,VG,British Virgin Islands,AMRO,0,0,0,0
2/16/2020,VG,British Virgin Islands,AMRO,0,0,0,0
2/23/2020,VG,British Virgin Islands,AMRO,0,0,0,0
3/1/2020,VG,British Virgin Islands,AMRO,0,0,0,0
3/8/2020,VG,British Virgin Islands,AMRO,0,0,0,0
3/15/2020,VG,British Virgin Islands,AMRO,0,0,0,0
3/22/2020,VG,British Virgin Islands,AMRO,0,0,0,0
3/29/2020,VG,British Virgin Islands,AMRO,2,2,0,0
4/5/2020,VG,British Virgin Islands,AMRO,1,3,0,0
4/12/2020,VG,British Virgin Islands,AMRO,0,3,0,0
4/19/2020,VG,British Virgin Islands,AMRO,0,3,0,0
4/26/2020,VG,British Virgin Islands,AMRO,3,6,1,1
5/3/2020,VG,British Virgin Islands,AMRO,0,6,0,1
5/10/2020,VG,British Virgin Islands,AMRO,1,7,0,1
5/17/2020,VG,British Virgin Islands,AMRO,1,8,0,1
5/24/2020,VG,British Virgin Islands,AMRO,0,8,0,1
5/31/2020,VG,British Virgin Islands,AMRO,0,8,0,1
6/7/2020,VG,British Virgin Islands,AMRO,0,8,0,1
6/14/2020,VG,British Virgin Islands,AMRO,0,8,0,1
6/21/2020,VG,British Virgin Islands,AMRO,0,8,0,1
6/28/2020,VG,British Virgin Islands,AMRO,0,8,0,1
7/5/2020,VG,British Virgin Islands,AMRO,0,8,0,1
7/12/2020,VG,British Virgin Islands,AMRO,0,8,0,1
7/19/2020,VG,British Virgin Islands,AMRO,0,8,0,1
7/26/2020,VG,British Virgin Islands,AMRO,0,8,0,1
8/2/2020,VG,British Virgin Islands,AMRO,0,8,0,1
8/9/2020,VG,British Virgin Islands,AMRO,1,9,0,1
8/16/2020,VG,British Virgin Islands,AMRO,0,9,0,1
8/23/2020,VG,British Virgin Islands,AMRO,12,21,0,1
8/30/2020,VG,British Virgin Islands,AMRO,14,35,0,1
9/6/2020,VG,British Virgin Islands,AMRO,28,63,0,1
9/13/2020,VG,British Virgin Islands,AMRO,3,66,0,1
9/20/2020,VG,British Virgin Islands,AMRO,5,71,0,1
9/27/2020,VG,British Virgin Islands,AMRO,0,71,0,1
10/4/2020,VG,British Virgin Islands,AMRO,0,71,0,1
10/11/2020,VG,British Virgin Islands,AMRO,0,71,0,1
10/18/2020,VG,British Virgin Islands,AMRO,1,72,0,1
10/25/2020,VG,British Virgin Islands,AMRO,0,72,0,1
11/1/2020,VG,British Virgin Islands,AMRO,0,72,0,1
11/8/2020,VG,British Virgin Islands,AMRO,0,72,0,1
11/15/2020,VG,British Virgin Islands,AMRO,0,72,0,1
11/22/2020,VG,British Virgin Islands,AMRO,0,72,0,1
11/29/2020,VG,British Virgin Islands,AMRO,0,72,0,1
12/6/2020,VG,British Virgin Islands,AMRO,1,73,0,1
12/13/2020,VG,British Virgin Islands,AMRO,3,76,0,1
12/20/2020,VG,British Virgin Islands,AMRO,10,86,0,1
12/27/2020,VG,British Virgin Islands,AMRO,7,93,0,1
1/3/2021,VG,British Virgin Islands,AMRO,0,93,0,1
1/10/2021,VG,British Virgin Islands,AMRO,21,114,0,1
1/17/2021,VG,British Virgin Islands,AMRO,7,121,0,1
1/24/2021,VG,British Virgin Islands,AMRO,16,137,0,1
1/31/2021,VG,British Virgin Islands,AMRO,4,141,0,1
2/7/2021,VG,British Virgin Islands,AMRO,0,141,0,1
2/14/2021,VG,British Virgin Islands,AMRO,10,151,0,1
2/21/2021,VG,British Virgin Islands,AMRO,2,153,0,1
2/28/2021,VG,British Virgin Islands,AMRO,0,153,0,1
3/7/2021,VG,British Virgin Islands,AMRO,1,154,0,1
3/14/2021,VG,British Virgin Islands,AMRO,0,154,0,1
3/21/2021,VG,British Virgin Islands,AMRO,0,154,0,1
3/28/2021,VG,British Virgin Islands,AMRO,0,154,0,1
4/4/2021,VG,British Virgin Islands,AMRO,0,154,0,1
4/11/2021,VG,British Virgin Islands,AMRO,24,178,0,1
4/18/2021,VG,British Virgin Islands,AMRO,9,187,0,1
4/25/2021,VG,British Virgin Islands,AMRO,7,194,0,1
5/2/2021,VG,British Virgin Islands,AMRO,0,194,0,1
5/9/2021,VG,British Virgin Islands,AMRO,25,219,0,1
5/16/2021,VG,British Virgin Islands,AMRO,29,248,0,1
5/23/2021,VG,British Virgin Islands,AMRO,0,248,0,1
5/30/2021,VG,British Virgin Islands,AMRO,41,289,0,1
6/6/2021,VG,British Virgin Islands,AMRO,0,289,0,1
6/13/2021,VG,British Virgin Islands,AMRO,6,295,0,1
6/20/2021,VG,British Virgin Islands,AMRO,0,295,0,1
6/27/2021,VG,British Virgin Islands,AMRO,3,298,0,1
7/4/2021,VG,British Virgin Islands,AMRO,158,456,0,1
7/11/2021,VG,British Virgin Islands,AMRO,691,1147,2,3
7/18/2021,VG,British Virgin Islands,AMRO,877,2024,9,12
7/25/2021,VG,British Virgin Islands,AMRO,365,2389,13,25
8/1/2021,VG,British Virgin Islands,AMRO,111,2500,6,31
8/8/2021,VG,British Virgin Islands,AMRO,32,2532,6,37
8/15/2021,VG,British Virgin Islands,AMRO,20,2552,0,37
8/22/2021,VG,British Virgin Islands,AMRO,16,2568,0,37
8/29/2021,VG,British Virgin Islands,AMRO,0,2568,0,37
9/5/2021,VG,British Virgin Islands,AMRO,72,2640,0,37
9/12/2021,VG,British Virgin Islands,AMRO,2,2642,0,37
9/19/2021,VG,British Virgin Islands,AMRO,0,2642,0,37
9/26/2021,VG,British Virgin Islands,AMRO,34,2676,0,37
10/3/2021,VG,British Virgin Islands,AMRO,42,2718,0,37
10/10/2021,VG,British Virgin Islands,AMRO,7,2725,0,37
10/17/2021,VG,British Virgin Islands,AMRO,0,2725,0,37
10/24/2021,VG,British Virgin Islands,AMRO,0,2725,0,37
10/31/2021,VG,British Virgin Islands,AMRO,0,2725,0,37
11/7/2021,VG,British Virgin Islands,AMRO,0,2725,0,37
11/14/2021,VG,British Virgin Islands,AMRO,20,2745,1,38
11/21/2021,VG,British Virgin Islands,AMRO,20,2765,0,38
11/28/2021,VG,British Virgin Islands,AMRO,8,2773,0,38
12/5/2021,VG,British Virgin Islands,AMRO,43,2816,0,38
12/12/2021,VG,British Virgin Islands,AMRO,26,2842,1,39
12/19/2021,VG,British Virgin Islands,AMRO,44,2886,0,39
12/26/2021,VG,British Virgin Islands,AMRO,185,3071,0,39
1/2/2022,VG,British Virgin Islands,AMRO,421,3492,0,39
1/9/2022,VG,British Virgin Islands,AMRO,715,4207,1,40
1/16/2022,VG,British Virgin Islands,AMRO,1048,5255,2,42
1/23/2022,VG,British Virgin Islands,AMRO,394,5649,5,47
1/30/2022,VG,British Virgin Islands,AMRO,226,5875,2,49
2/6/2022,VG,British Virgin Islands,AMRO,53,5928,2,51
2/13/2022,VG,British Virgin Islands,AMRO,69,5997,10,61
2/20/2022,VG,British Virgin Islands,AMRO,53,6050,1,62
2/27/2022,VG,British Virgin Islands,AMRO,35,6085,0,62
3/6/2022,VG,British Virgin Islands,AMRO,6,6091,0,62
3/13/2022,VG,British Virgin Islands,AMRO,0,6091,0,62
3/20/2022,VG,British Virgin Islands,AMRO,13,6104,0,62
3/27/2022,VG,British Virgin Islands,AMRO,0,6104,0,62
4/3/2022,VG,British Virgin Islands,AMRO,37,6141,0,62
4/10/2022,VG,British Virgin Islands,AMRO,21,6162,0,62
4/17/2022,VG,British Virgin Islands,AMRO,0,6162,0,62
4/24/2022,VG,British Virgin Islands,AMRO,134,6296,0,62
5/1/2022,VG,British Virgin Islands,AMRO,59,6355,0,62
5/8/2022,VG,British Virgin Islands,AMRO,0,6355,0,62
5/15/2022,VG,British Virgin Islands,AMRO,218,6573,0,62
5/22/2022,VG,British Virgin Islands,AMRO,117,6690,0,62
5/29/2022,VG,British Virgin Islands,AMRO,0,6690,0,62
6/5/2022,VG,British Virgin Islands,AMRO,75,6765,0,62
6/12/2022,VG,British Virgin Islands,AMRO,137,6902,1,63
6/19/2022,VG,British Virgin Islands,AMRO,0,6902,0,63
6/26/2022,VG,British Virgin Islands,AMRO,39,6941,0,63
7/3/2022,VG,British Virgin Islands,AMRO,0,6941,0,63
7/10/2022,VG,British Virgin Islands,AMRO,0,6941,0,63
7/17/2022,VG,British Virgin Islands,AMRO,190,7131,0,63
7/24/2022,VG,British Virgin Islands,AMRO,0,7131,0,63
7/31/2022,VG,British Virgin Islands,AMRO,0,7131,0,63
8/7/2022,VG,British Virgin Islands,AMRO,0,7131,0,63
8/14/2022,VG,British Virgin Islands,AMRO,0,7131,0,63
8/21/2022,VG,British Virgin Islands,AMRO,0,7131,0,63
8/28/2022,VG,British Virgin Islands,AMRO,0,7131,0,63
9/4/2022,VG,British Virgin Islands,AMRO,160,7291,1,64
9/11/2022,VG,British Virgin Islands,AMRO,14,7305,0,64
9/18/2022,VG,British Virgin Islands,AMRO,0,7305,0,64
9/25/2022,VG,British Virgin Islands,AMRO,0,7305,0,64
10/2/2022,VG,British Virgin Islands,AMRO,0,7305,0,64
10/9/2022,VG,British Virgin Islands,AMRO,0,7305,0,64
10/16/2022,VG,British Virgin Islands,AMRO,0,7305,0,64
10/23/2022,VG,British Virgin Islands,AMRO,0,7305,0,64
10/30/2022,VG,British Virgin Islands,AMRO,0,7305,0,64
11/6/2022,VG,British Virgin Islands,AMRO,0,7305,0,64
11/13/2022,VG,British Virgin Islands,AMRO,0,7305,0,64
11/20/2022,VG,British Virgin Islands,AMRO,0,7305,0,64
11/27/2022,VG,British Virgin Islands,AMRO,0,7305,0,64
12/4/2022,VG,British Virgin Islands,AMRO,0,7305,0,64
12/11/2022,VG,British Virgin Islands,AMRO,0,7305,0,64
12/18/2022,VG,British Virgin Islands,AMRO,0,7305,0,64
12/25/2022,VG,British Virgin Islands,AMRO,0,7305,0,64
1/1/2023,VG,British Virgin Islands,AMRO,0,7305,0,64
1/8/2023,VG,British Virgin Islands,AMRO,0,7305,0,64
1/15/2023,VG,British Virgin Islands,AMRO,0,7305,0,64
1/22/2023,VG,British Virgin Islands,AMRO,0,7305,0,64
1/29/2023,VG,British Virgin Islands,AMRO,0,7305,0,64
2/5/2023,VG,British Virgin Islands,AMRO,0,7305,0,64
2/12/2023,VG,British Virgin Islands,AMRO,0,7305,0,64
2/19/2023,VG,British Virgin Islands,AMRO,0,7305,0,64
2/26/2023,VG,British Virgin Islands,AMRO,0,7305,0,64
3/5/2023,VG,British Virgin Islands,AMRO,0,7305,0,64
3/12/2023,VG,British Virgin Islands,AMRO,0,7305,0,64
3/19/2023,VG,British Virgin Islands,AMRO,0,7305,0,64
3/26/2023,VG,British Virgin Islands,AMRO,0,7305,0,64
4/2/2023,VG,British Virgin Islands,AMRO,0,7305,0,64
4/9/2023,VG,British Virgin Islands,AMRO,0,7305,0,64
4/16/2023,VG,British Virgin Islands,AMRO,0,7305,0,64
4/23/2023,VG,British Virgin Islands,AMRO,0,7305,0,64
4/30/2023,VG,British Virgin Islands,AMRO,0,7305,0,64
5/7/2023,VG,British Virgin Islands,AMRO,0,7305,0,64
5/14/2023,VG,British Virgin Islands,AMRO,0,7305,0,64
5/21/2023,VG,British Virgin Islands,AMRO,1,7306,0,64
5/28/2023,VG,British Virgin Islands,AMRO,0,7306,0,64
6/4/2023,VG,British Virgin Islands,AMRO,0,7306,0,64
6/11/2023,VG,British Virgin Islands,AMRO,13,7319,0,64
6/18/2023,VG,British Virgin Islands,AMRO,4,7323,0,64
6/25/2023,VG,British Virgin Islands,AMRO,7,7330,0,64
7/2/2023,VG,British Virgin Islands,AMRO,2,7332,0,64
7/9/2023,VG,British Virgin Islands,AMRO,0,7332,0,64
7/16/2023,VG,British Virgin Islands,AMRO,8,7340,0,64
7/23/2023,VG,British Virgin Islands,AMRO,5,7345,0,64
7/30/2023,VG,British Virgin Islands,AMRO,2,7347,0,64
8/6/2023,VG,British Virgin Islands,AMRO,3,7350,0,64
8/13/2023,VG,British Virgin Islands,AMRO,0,7350,0,64
8/20/2023,VG,British Virgin Islands,AMRO,12,7362,0,64
8/27/2023,VG,British Virgin Islands,AMRO,1,7363,0,64
9/3/2023,VG,British Virgin Islands,AMRO,9,7372,0,64
9/10/2023,VG,British Virgin Islands,AMRO,1,7373,0,64
9/17/2023,VG,British Virgin Islands,AMRO,8,7381,0,64
9/24/2023,VG,British Virgin Islands,AMRO,6,7387,0,64
10/1/2023,VG,British Virgin Islands,AMRO,3,7390,0,64
10/8/2023,VG,British Virgin Islands,AMRO,1,7391,0,64
10/15/2023,VG,British Virgin Islands,AMRO,1,7392,0,64
10/22/2023,VG,British Virgin Islands,AMRO,0,7392,0,64
10/29/2023,VG,British Virgin Islands,AMRO,0,7392,0,64
11/5/2023,VG,British Virgin Islands,AMRO,0,7392,0,64
11/12/2023,VG,British Virgin Islands,AMRO,0,7392,0,64
11/19/2023,VG,British Virgin Islands,AMRO,0,7392,0,64
11/26/2023,VG,British Virgin Islands,AMRO,0,7392,0,64
12/3/2023,VG,British Virgin Islands,AMRO,0,7392,0,64
12/10/2023,VG,British Virgin Islands,AMRO,0,7392,0,64
12/17/2023,VG,British Virgin Islands,AMRO,0,7392,0,64
12/24/2023,VG,British Virgin Islands,AMRO,0,7392,0,64
1/5/2020,BN,Brunei Darussalam,WPRO,0,0,0,0
1/12/2020,BN,Brunei Darussalam,WPRO,0,0,0,0
1/19/2020,BN,Brunei Darussalam,WPRO,0,0,0,0
1/26/2020,BN,Brunei Darussalam,WPRO,0,0,0,0
2/2/2020,BN,Brunei Darussalam,WPRO,0,0,0,0
2/9/2020,BN,Brunei Darussalam,WPRO,0,0,0,0
2/16/2020,BN,Brunei Darussalam,WPRO,0,0,0,0
2/23/2020,BN,Brunei Darussalam,WPRO,0,0,0,0
3/1/2020,BN,Brunei Darussalam,WPRO,0,0,0,0
3/8/2020,BN,Brunei Darussalam,WPRO,0,0,0,0
3/15/2020,BN,Brunei Darussalam,WPRO,40,40,0,0
3/22/2020,BN,Brunei Darussalam,WPRO,43,83,0,0
3/29/2020,BN,Brunei Darussalam,WPRO,37,120,1,1
4/5/2020,BN,Brunei Darussalam,WPRO,15,135,0,1
4/12/2020,BN,Brunei Darussalam,WPRO,1,136,0,1
4/19/2020,BN,Brunei Darussalam,WPRO,1,137,0,1
4/26/2020,BN,Brunei Darussalam,WPRO,1,138,0,1
5/3/2020,BN,Brunei Darussalam,WPRO,0,138,0,1
5/10/2020,BN,Brunei Darussalam,WPRO,3,141,0,1
5/17/2020,BN,Brunei Darussalam,WPRO,0,141,0,1
5/24/2020,BN,Brunei Darussalam,WPRO,0,141,0,1
5/31/2020,BN,Brunei Darussalam,WPRO,0,141,1,2
6/7/2020,BN,Brunei Darussalam,WPRO,0,141,0,2
6/14/2020,BN,Brunei Darussalam,WPRO,0,141,0,2
6/21/2020,BN,Brunei Darussalam,WPRO,0,141,1,3
6/28/2020,BN,Brunei Darussalam,WPRO,0,141,0,3
7/5/2020,BN,Brunei Darussalam,WPRO,0,141,0,3
7/12/2020,BN,Brunei Darussalam,WPRO,0,141,0,3
7/19/2020,BN,Brunei Darussalam,WPRO,0,141,0,3
7/26/2020,BN,Brunei Darussalam,WPRO,0,141,0,3
8/2/2020,BN,Brunei Darussalam,WPRO,0,141,0,3
8/9/2020,BN,Brunei Darussalam,WPRO,1,142,0,3
8/16/2020,BN,Brunei Darussalam,WPRO,0,142,0,3
8/23/2020,BN,Brunei Darussalam,WPRO,1,143,0,3
8/30/2020,BN,Brunei Darussalam,WPRO,1,144,0,3
9/6/2020,BN,Brunei Darussalam,WPRO,1,145,0,3
9/13/2020,BN,Brunei Darussalam,WPRO,0,145,0,3
9/20/2020,BN,Brunei Darussalam,WPRO,0,145,0,3
9/27/2020,BN,Brunei Darussalam,WPRO,1,146,0,3
10/4/2020,BN,Brunei Darussalam,WPRO,0,146,0,3
10/11/2020,BN,Brunei Darussalam,WPRO,0,146,0,3
10/18/2020,BN,Brunei Darussalam,WPRO,1,147,0,3
10/25/2020,BN,Brunei Darussalam,WPRO,1,148,0,3
11/1/2020,BN,Brunei Darussalam,WPRO,0,148,0,3
11/8/2020,BN,Brunei Darussalam,WPRO,0,148,0,3
11/15/2020,BN,Brunei Darussalam,WPRO,0,148,0,3
11/22/2020,BN,Brunei Darussalam,WPRO,0,148,0,3
11/29/2020,BN,Brunei Darussalam,WPRO,2,150,0,3
12/6/2020,BN,Brunei Darussalam,WPRO,1,151,0,3
12/13/2020,BN,Brunei Darussalam,WPRO,1,152,0,3
12/20/2020,BN,Brunei Darussalam,WPRO,0,152,0,3
12/27/2020,BN,Brunei Darussalam,WPRO,0,152,0,3
1/3/2021,BN,Brunei Darussalam,WPRO,20,172,0,3
1/10/2021,BN,Brunei Darussalam,WPRO,1,173,0,3
1/17/2021,BN,Brunei Darussalam,WPRO,1,174,0,3
1/24/2021,BN,Brunei Darussalam,WPRO,1,175,0,3
1/31/2021,BN,Brunei Darussalam,WPRO,5,180,0,3
2/7/2021,BN,Brunei Darussalam,WPRO,1,181,0,3
2/14/2021,BN,Brunei Darussalam,WPRO,3,184,0,3
2/21/2021,BN,Brunei Darussalam,WPRO,1,185,0,3
2/28/2021,BN,Brunei Darussalam,WPRO,1,186,0,3
3/7/2021,BN,Brunei Darussalam,WPRO,4,190,0,3
3/14/2021,BN,Brunei Darussalam,WPRO,9,199,0,3
3/21/2021,BN,Brunei Darussalam,WPRO,7,206,0,3
3/28/2021,BN,Brunei Darussalam,WPRO,1,207,0,3
4/4/2021,BN,Brunei Darussalam,WPRO,7,214,0,3
4/11/2021,BN,Brunei Darussalam,WPRO,5,219,0,3
4/18/2021,BN,Brunei Darussalam,WPRO,2,221,0,3
4/25/2021,BN,Brunei Darussalam,WPRO,2,223,0,3
5/2/2021,BN,Brunei Darussalam,WPRO,4,227,0,3
5/9/2021,BN,Brunei Darussalam,WPRO,3,230,0,3
5/16/2021,BN,Brunei Darussalam,WPRO,2,232,0,3
5/23/2021,BN,Brunei Darussalam,WPRO,4,236,0,3
5/30/2021,BN,Brunei Darussalam,WPRO,6,242,0,3
6/6/2021,BN,Brunei Darussalam,WPRO,2,244,0,3
6/13/2021,BN,Brunei Darussalam,WPRO,6,250,0,3
6/20/2021,BN,Brunei Darussalam,WPRO,5,255,0,3
6/27/2021,BN,Brunei Darussalam,WPRO,4,259,0,3
7/4/2021,BN,Brunei Darussalam,WPRO,3,262,0,3
7/11/2021,BN,Brunei Darussalam,WPRO,13,275,0,3
7/18/2021,BN,Brunei Darussalam,WPRO,16,291,0,3
7/25/2021,BN,Brunei Darussalam,WPRO,30,321,0,3
8/1/2021,BN,Brunei Darussalam,WPRO,17,338,0,3
8/8/2021,BN,Brunei Darussalam,WPRO,26,364,0,3
8/15/2021,BN,Brunei Darussalam,WPRO,359,723,1,4
8/22/2021,BN,Brunei Darussalam,WPRO,1046,1769,7,11
8/29/2021,BN,Brunei Darussalam,WPRO,796,2565,5,16
9/5/2021,BN,Brunei Darussalam,WPRO,764,3329,4,20
9/12/2021,BN,Brunei Darussalam,WPRO,834,4163,5,25
9/19/2021,BN,Brunei Darussalam,WPRO,884,5047,7,32
9/26/2021,BN,Brunei Darussalam,WPRO,1493,6540,6,38
10/3/2021,BN,Brunei Darussalam,WPRO,1176,7716,6,44
10/10/2021,BN,Brunei Darussalam,WPRO,1264,8980,5,49
10/17/2021,BN,Brunei Darussalam,WPRO,1880,10860,7,56
10/24/2021,BN,Brunei Darussalam,WPRO,1253,12113,1,57
10/31/2021,BN,Brunei Darussalam,WPRO,1017,13130,1,58
11/7/2021,BN,Brunei Darussalam,WPRO,652,13782,3,61
11/14/2021,BN,Brunei Darussalam,WPRO,433,14215,0,61
11/21/2021,BN,Brunei Darussalam,WPRO,376,14591,0,61
11/28/2021,BN,Brunei Darussalam,WPRO,445,15036,0,61
12/5/2021,BN,Brunei Darussalam,WPRO,150,15186,0,61
12/12/2021,BN,Brunei Darussalam,WPRO,162,15348,0,61
12/19/2021,BN,Brunei Darussalam,WPRO,54,15402,0,61
12/26/2021,BN,Brunei Darussalam,WPRO,45,15447,0,61
1/2/2022,BN,Brunei Darussalam,WPRO,52,15499,1,62
1/9/2022,BN,Brunei Darussalam,WPRO,135,15634,0,62
1/16/2022,BN,Brunei Darussalam,WPRO,247,15881,0,62
1/23/2022,BN,Brunei Darussalam,WPRO,251,16132,0,62
1/30/2022,BN,Brunei Darussalam,WPRO,281,16413,0,62
2/6/2022,BN,Brunei Darussalam,WPRO,1371,17784,0,62
2/13/2022,BN,Brunei Darussalam,WPRO,4731,22515,2,64
2/20/2022,BN,Brunei Darussalam,WPRO,12464,34979,3,67
2/27/2022,BN,Brunei Darussalam,WPRO,24468,59447,6,73
3/6/2022,BN,Brunei Darussalam,WPRO,29402,88849,11,84
3/13/2022,BN,Brunei Darussalam,WPRO,23244,112093,8,92
3/20/2022,BN,Brunei Darussalam,WPRO,12623,124716,2,94
3/27/2022,BN,Brunei Darussalam,WPRO,6687,131403,6,100
4/3/2022,BN,Brunei Darussalam,WPRO,4571,135974,0,100
4/10/2022,BN,Brunei Darussalam,WPRO,2556,138530,1,101
4/17/2022,BN,Brunei Darussalam,WPRO,1493,140023,0,101
4/24/2022,BN,Brunei Darussalam,WPRO,1096,141119,0,101
5/1/2022,BN,Brunei Darussalam,WPRO,792,141911,0,101
5/8/2022,BN,Brunei Darussalam,WPRO,947,142858,0,101
5/15/2022,BN,Brunei Darussalam,WPRO,1801,144659,0,101
5/22/2022,BN,Brunei Darussalam,WPRO,1827,146486,0,101
5/29/2022,BN,Brunei Darussalam,WPRO,1603,148089,0,101
6/5/2022,BN,Brunei Darussalam,WPRO,2313,150402,0,101
6/12/2022,BN,Brunei Darussalam,WPRO,2691,153093,0,101
6/19/2022,BN,Brunei Darussalam,WPRO,3930,157023,0,101
6/26/2022,BN,Brunei Darussalam,WPRO,0,157023,1,102
7/3/2022,BN,Brunei Darussalam,WPRO,6504,163527,5,107
7/10/2022,BN,Brunei Darussalam,WPRO,9610,173137,10,117
7/17/2022,BN,Brunei Darussalam,WPRO,11858,184995,4,121
7/24/2022,BN,Brunei Darussalam,WPRO,12420,197415,1,122
7/31/2022,BN,Brunei Darussalam,WPRO,8745,206160,0,122
8/7/2022,BN,Brunei Darussalam,WPRO,9123,215283,6,128
8/14/2022,BN,Brunei Darussalam,WPRO,2976,218259,0,128
8/21/2022,BN,Brunei Darussalam,WPRO,1986,220245,0,128
8/28/2022,BN,Brunei Darussalam,WPRO,1454,221699,1,129
9/4/2022,BN,Brunei Darussalam,WPRO,1360,223059,1,130
9/11/2022,BN,Brunei Darussalam,WPRO,1551,224610,1,131
9/18/2022,BN,Brunei Darussalam,WPRO,1627,226237,0,131
9/25/2022,BN,Brunei Darussalam,WPRO,1519,227756,0,131
10/2/2022,BN,Brunei Darussalam,WPRO,1909,229665,2,133
10/9/2022,BN,Brunei Darussalam,WPRO,2168,231833,1,134
10/16/2022,BN,Brunei Darussalam,WPRO,2749,234582,1,135
10/23/2022,BN,Brunei Darussalam,WPRO,3074,237656,1,136
10/30/2022,BN,Brunei Darussalam,WPRO,3388,241044,0,136
11/6/2022,BN,Brunei Darussalam,WPRO,3555,244599,1,137
11/13/2022,BN,Brunei Darussalam,WPRO,4262,248861,0,137
11/20/2022,BN,Brunei Darussalam,WPRO,4545,253406,6,143
11/27/2022,BN,Brunei Darussalam,WPRO,4515,257921,1,144
12/4/2022,BN,Brunei Darussalam,WPRO,3519,261440,1,145
12/11/2022,BN,Brunei Darussalam,WPRO,3050,264490,1,146
12/18/2022,BN,Brunei Darussalam,WPRO,2329,266819,1,147
12/25/2022,BN,Brunei Darussalam,WPRO,1796,268615,1,148
1/1/2023,BN,Brunei Darussalam,WPRO,1584,270199,0,148
1/8/2023,BN,Brunei Darussalam,WPRO,2447,272646,0,148
1/15/2023,BN,Brunei Darussalam,WPRO,0,272646,0,148
1/22/2023,BN,Brunei Darussalam,WPRO,1571,274217,0,148
1/29/2023,BN,Brunei Darussalam,WPRO,1003,275220,0,148
2/5/2023,BN,Brunei Darussalam,WPRO,847,276067,0,148
2/12/2023,BN,Brunei Darussalam,WPRO,758,276825,1,149
2/19/2023,BN,Brunei Darussalam,WPRO,616,277441,1,150
2/26/2023,BN,Brunei Darussalam,WPRO,551,277992,0,150
3/5/2023,BN,Brunei Darussalam,WPRO,706,278698,0,150
3/12/2023,BN,Brunei Darussalam,WPRO,963,279661,0,150
3/19/2023,BN,Brunei Darussalam,WPRO,1129,280790,1,151
3/26/2023,BN,Brunei Darussalam,WPRO,1166,281956,2,153
4/2/2023,BN,Brunei Darussalam,WPRO,1389,283345,0,153
4/9/2023,BN,Brunei Darussalam,WPRO,1287,284632,0,153
4/16/2023,BN,Brunei Darussalam,WPRO,1108,285740,2,155
4/23/2023,BN,Brunei Darussalam,WPRO,1070,286810,0,155
4/30/2023,BN,Brunei Darussalam,WPRO,1241,288051,2,157
5/7/2023,BN,Brunei Darussalam,WPRO,4593,292644,3,160
5/14/2023,BN,Brunei Darussalam,WPRO,6861,299505,0,160
5/21/2023,BN,Brunei Darussalam,WPRO,4214,303719,1,161
5/28/2023,BN,Brunei Darussalam,WPRO,2614,306333,0,161
6/4/2023,BN,Brunei Darussalam,WPRO,1353,307686,0,161
6/11/2023,BN,Brunei Darussalam,WPRO,1091,308777,0,161
6/18/2023,BN,Brunei Darussalam,WPRO,338,309115,0,161
6/25/2023,BN,Brunei Darussalam,WPRO,275,309390,0,161
7/2/2023,BN,Brunei Darussalam,WPRO,171,309561,1,162
7/9/2023,BN,Brunei Darussalam,WPRO,252,309813,0,162
7/16/2023,BN,Brunei Darussalam,WPRO,117,309930,0,162
7/23/2023,BN,Brunei Darussalam,WPRO,89,310019,1,163
7/30/2023,BN,Brunei Darussalam,WPRO,87,310106,0,163
8/6/2023,BN,Brunei Darussalam,WPRO,119,310225,0,163
8/13/2023,BN,Brunei Darussalam,WPRO,154,310379,0,163
8/20/2023,BN,Brunei Darussalam,WPRO,0,310379,0,163
8/27/2023,BN,Brunei Darussalam,WPRO,173,310552,0,163
9/3/2023,BN,Brunei Darussalam,WPRO,78,310630,0,163
9/10/2023,BN,Brunei Darussalam,WPRO,146,310776,0,163
9/17/2023,BN,Brunei Darussalam,WPRO,244,311020,0,163
9/24/2023,BN,Brunei Darussalam,WPRO,216,311236,0,163
10/1/2023,BN,Brunei Darussalam,WPRO,213,311449,0,163
10/8/2023,BN,Brunei Darussalam,WPRO,165,311614,0,163
10/15/2023,BN,Brunei Darussalam,WPRO,291,311905,0,163
10/22/2023,BN,Brunei Darussalam,WPRO,289,312194,0,163
10/29/2023,BN,Brunei Darussalam,WPRO,330,312524,0,163
11/5/2023,BN,Brunei Darussalam,WPRO,368,312892,0,163
11/12/2023,BN,Brunei Darussalam,WPRO,488,313380,0,163
11/19/2023,BN,Brunei Darussalam,WPRO,539,313919,0,163
11/26/2023,BN,Brunei Darussalam,WPRO,691,314610,0,163
12/3/2023,BN,Brunei Darussalam,WPRO,1123,315733,1,164
12/10/2023,BN,Brunei Darussalam,WPRO,1854,317587,2,166
12/17/2023,BN,Brunei Darussalam,WPRO,3648,321235,2,168
12/24/2023,BN,Brunei Darussalam,WPRO,5040,326275,2,170
1/5/2020,BG,Bulgaria,EURO,0,0,0,0
1/12/2020,BG,Bulgaria,EURO,0,0,0,0
1/19/2020,BG,Bulgaria,EURO,0,0,0,0
1/26/2020,BG,Bulgaria,EURO,0,0,0,0
2/2/2020,BG,Bulgaria,EURO,0,0,0,0
2/9/2020,BG,Bulgaria,EURO,0,0,0,0
2/16/2020,BG,Bulgaria,EURO,0,0,0,0
2/23/2020,BG,Bulgaria,EURO,0,0,0,0
3/1/2020,BG,Bulgaria,EURO,0,0,0,0
3/8/2020,BG,Bulgaria,EURO,4,4,0,0
3/15/2020,BG,Bulgaria,EURO,47,51,2,2
3/22/2020,BG,Bulgaria,EURO,134,185,1,3
3/29/2020,BG,Bulgaria,EURO,161,346,5,8
4/5/2020,BG,Bulgaria,EURO,185,531,12,20
4/12/2020,BG,Bulgaria,EURO,144,675,9,29
4/19/2020,BG,Bulgaria,EURO,219,894,13,42
4/26/2020,BG,Bulgaria,EURO,406,1300,14,56
5/3/2020,BG,Bulgaria,EURO,318,1618,17,73
5/10/2020,BG,Bulgaria,EURO,347,1965,18,91
5/17/2020,BG,Bulgaria,EURO,246,2211,17,108
5/24/2020,BG,Bulgaria,EURO,216,2427,22,130
5/31/2020,BG,Bulgaria,EURO,86,2513,10,140
6/7/2020,BG,Bulgaria,EURO,198,2711,20,160
6/14/2020,BG,Bulgaria,EURO,555,3266,12,172
6/21/2020,BG,Bulgaria,EURO,606,3872,27,199
6/28/2020,BG,Bulgaria,EURO,753,4625,17,216
7/5/2020,BG,Bulgaria,EURO,1052,5677,25,241
7/12/2020,BG,Bulgaria,EURO,1498,7175,26,267
7/19/2020,BG,Bulgaria,EURO,1463,8638,32,299
7/26/2020,BG,Bulgaria,EURO,1674,10312,39,338
8/2/2020,BG,Bulgaria,EURO,1524,11836,47,385
8/9/2020,BG,Bulgaria,EURO,1507,13343,60,445
8/16/2020,BG,Bulgaria,EURO,990,14333,50,495
8/23/2020,BG,Bulgaria,EURO,894,15227,50,545
8/30/2020,BG,Bulgaria,EURO,937,16164,60,605
9/6/2020,BG,Bulgaria,EURO,886,17050,66,671
9/13/2020,BG,Bulgaria,EURO,841,17891,46,717
9/20/2020,BG,Bulgaria,EURO,928,18819,38,755
9/27/2020,BG,Bulgaria,EURO,1178,19997,34,789
10/4/2020,BG,Bulgaria,EURO,1521,21518,52,841
10/11/2020,BG,Bulgaria,EURO,2801,24319,50,891
10/18/2020,BG,Bulgaria,EURO,4789,29108,77,968
10/25/2020,BG,Bulgaria,EURO,8454,37562,116,1084
11/1/2020,BG,Bulgaria,EURO,15282,52844,195,1279
11/8/2020,BG,Bulgaria,EURO,21641,74485,353,1632
11/15/2020,BG,Bulgaria,EURO,22950,97435,459,2091
11/22/2020,BG,Bulgaria,EURO,23262,120697,729,2820
11/29/2020,BG,Bulgaria,EURO,21050,141747,929,3749
12/6/2020,BG,Bulgaria,EURO,19097,160844,980,4729
12/13/2020,BG,Bulgaria,EURO,18108,178952,897,5626
12/20/2020,BG,Bulgaria,EURO,12077,191029,925,6551
12/27/2020,BG,Bulgaria,EURO,6355,197384,572,7123
1/3/2021,BG,Bulgaria,EURO,5496,202880,521,7644
1/10/2021,BG,Bulgaria,EURO,5526,208406,453,8097
1/17/2021,BG,Bulgaria,EURO,3330,211736,377,8474
1/24/2021,BG,Bulgaria,EURO,2960,214696,337,8811
1/31/2021,BG,Bulgaria,EURO,3922,218618,217,9028
2/7/2021,BG,Bulgaria,EURO,4934,223552,283,9311
2/14/2021,BG,Bulgaria,EURO,5964,229516,297,9608
2/21/2021,BG,Bulgaria,EURO,6923,236439,231,9839
2/28/2021,BG,Bulgaria,EURO,10267,246706,328,10167
3/7/2021,BG,Bulgaria,EURO,13105,259811,426,10593
3/14/2021,BG,Bulgaria,EURO,18067,277878,641,11234
3/21/2021,BG,Bulgaria,EURO,24602,302480,732,11966
3/28/2021,BG,Bulgaria,EURO,25290,327770,684,12650
4/4/2021,BG,Bulgaria,EURO,24489,352259,857,13507
4/11/2021,BG,Bulgaria,EURO,19272,371531,844,14351
4/18/2021,BG,Bulgaria,EURO,14432,385963,787,15138
4/25/2021,BG,Bulgaria,EURO,11137,397100,721,15859
5/2/2021,BG,Bulgaria,EURO,7746,404846,585,16444
5/9/2021,BG,Bulgaria,EURO,5115,409961,458,16902
5/16/2021,BG,Bulgaria,EURO,4080,414041,348,17250
5/23/2021,BG,Bulgaria,EURO,2524,416565,237,17487
5/30/2021,BG,Bulgaria,EURO,1656,418221,170,17657
6/6/2021,BG,Bulgaria,EURO,1205,419426,156,17813
6/13/2021,BG,Bulgaria,EURO,868,420294,85,17898
6/20/2021,BG,Bulgaria,EURO,711,421005,91,17989
6/27/2021,BG,Bulgaria,EURO,510,421515,38,18027
7/4/2021,BG,Bulgaria,EURO,519,422034,57,18084
7/11/2021,BG,Bulgaria,EURO,412,422446,56,18140
7/18/2021,BG,Bulgaria,EURO,484,422930,29,18169
7/25/2021,BG,Bulgaria,EURO,699,423629,24,18193
8/1/2021,BG,Bulgaria,EURO,1425,425054,20,18213
8/8/2021,BG,Bulgaria,EURO,2819,427873,39,18252
8/15/2021,BG,Bulgaria,EURO,5089,432962,87,18339
8/22/2021,BG,Bulgaria,EURO,7949,440911,128,18467
8/29/2021,BG,Bulgaria,EURO,10237,451148,238,18705
9/5/2021,BG,Bulgaria,EURO,10397,461545,378,19083
9/12/2021,BG,Bulgaria,EURO,9290,470835,386,19469
9/19/2021,BG,Bulgaria,EURO,10893,481728,516,19985
9/26/2021,BG,Bulgaria,EURO,10637,492365,464,20449
10/3/2021,BG,Bulgaria,EURO,13116,505481,546,20995
10/10/2021,BG,Bulgaria,EURO,14760,520241,621,21616
10/17/2021,BG,Bulgaria,EURO,19378,539619,615,22231
10/24/2021,BG,Bulgaria,EURO,28454,568073,802,23033
10/31/2021,BG,Bulgaria,EURO,32962,601035,885,23918
11/7/2021,BG,Bulgaria,EURO,30471,631506,1087,25005
11/14/2021,BG,Bulgaria,EURO,23313,654819,1186,26191
11/21/2021,BG,Bulgaria,EURO,17736,672555,989,27180
11/28/2021,BG,Bulgaria,EURO,16073,688628,863,28043
12/5/2021,BG,Bulgaria,EURO,13826,702454,762,28805
12/12/2021,BG,Bulgaria,EURO,11702,714156,681,29486
12/19/2021,BG,Bulgaria,EURO,10181,724337,561,30047
12/26/2021,BG,Bulgaria,EURO,9545,733882,481,30528
1/2/2022,BG,Bulgaria,EURO,14302,748184,455,30983
1/9/2022,BG,Bulgaria,EURO,30517,778701,533,31516
1/16/2022,BG,Bulgaria,EURO,39528,818229,526,32042
1/23/2022,BG,Bulgaria,EURO,59152,877381,594,32636
1/30/2022,BG,Bulgaria,EURO,61831,939212,485,33121
2/6/2022,BG,Bulgaria,EURO,54043,993255,607,33728
2/13/2022,BG,Bulgaria,EURO,42030,1035285,631,34359
2/20/2022,BG,Bulgaria,EURO,31128,1066413,639,34998
2/27/2022,BG,Bulgaria,EURO,21383,1087796,460,35458
3/6/2022,BG,Bulgaria,EURO,13015,1100811,353,35811
3/13/2022,BG,Bulgaria,EURO,11365,1112176,273,36084
3/20/2022,BG,Bulgaria,EURO,11538,1123714,188,36272
3/27/2022,BG,Bulgaria,EURO,9388,1133102,157,36429
4/3/2022,BG,Bulgaria,EURO,7351,1140453,136,36565
4/10/2022,BG,Bulgaria,EURO,4690,1145143,127,36692
4/17/2022,BG,Bulgaria,EURO,4082,1149225,90,36782
4/24/2022,BG,Bulgaria,EURO,3667,1152892,67,36849
5/1/2022,BG,Bulgaria,EURO,3837,1156729,64,36913
5/8/2022,BG,Bulgaria,EURO,2421,1159150,53,36966
5/15/2022,BG,Bulgaria,EURO,2354,1161504,79,37045
5/22/2022,BG,Bulgaria,EURO,1813,1163317,45,37090
5/29/2022,BG,Bulgaria,EURO,1342,1164659,43,37133
6/5/2022,BG,Bulgaria,EURO,1148,1165807,30,37163
6/12/2022,BG,Bulgaria,EURO,1052,1166859,33,37196
6/19/2022,BG,Bulgaria,EURO,1179,1168038,28,37224
6/26/2022,BG,Bulgaria,EURO,1933,1169971,22,37246
7/3/2022,BG,Bulgaria,EURO,3123,1173094,11,37257
7/10/2022,BG,Bulgaria,EURO,4842,1177936,9,37266
7/17/2022,BG,Bulgaria,EURO,6496,1184432,25,37291
7/24/2022,BG,Bulgaria,EURO,10454,1194886,38,37329
7/31/2022,BG,Bulgaria,EURO,11805,1206691,48,37377
8/7/2022,BG,Bulgaria,EURO,6211,1212902,44,37421
8/14/2022,BG,Bulgaria,EURO,8910,1221812,55,37476
8/21/2022,BG,Bulgaria,EURO,7406,1229218,55,37531
8/28/2022,BG,Bulgaria,EURO,0,1229218,0,37531
9/4/2022,BG,Bulgaria,EURO,4874,1234092,26,37557
9/11/2022,BG,Bulgaria,EURO,3480,1237572,35,37592
9/18/2022,BG,Bulgaria,EURO,3494,1241066,30,37622
9/25/2022,BG,Bulgaria,EURO,3422,1244488,21,37643
10/2/2022,BG,Bulgaria,EURO,4818,1249306,21,37664
10/9/2022,BG,Bulgaria,EURO,4846,1254152,28,37692
10/16/2022,BG,Bulgaria,EURO,5177,1259329,38,37730
10/23/2022,BG,Bulgaria,EURO,4377,1263706,37,37767
10/30/2022,BG,Bulgaria,EURO,3946,1267652,39,37806
11/6/2022,BG,Bulgaria,EURO,2893,1270545,56,37862
11/13/2022,BG,Bulgaria,EURO,2340,1272885,37,37899
11/20/2022,BG,Bulgaria,EURO,1702,1274587,44,37943
11/27/2022,BG,Bulgaria,EURO,1341,1275928,30,37973
12/4/2022,BG,Bulgaria,EURO,1114,1277042,22,37995
12/11/2022,BG,Bulgaria,EURO,1201,1278243,12,38007
12/18/2022,BG,Bulgaria,EURO,1287,1279530,20,38027
12/25/2022,BG,Bulgaria,EURO,1087,1280617,9,38036
1/1/2023,BG,Bulgaria,EURO,877,1281494,18,38054
1/8/2023,BG,Bulgaria,EURO,1112,1282606,14,38068
1/15/2023,BG,Bulgaria,EURO,900,1283506,16,38084
1/22/2023,BG,Bulgaria,EURO,732,1284238,22,38106
1/29/2023,BG,Bulgaria,EURO,407,1284645,14,38120
2/5/2023,BG,Bulgaria,EURO,330,1284975,10,38130
2/12/2023,BG,Bulgaria,EURO,269,1285244,10,38140
2/19/2023,BG,Bulgaria,EURO,335,1285579,10,38150
2/26/2023,BG,Bulgaria,EURO,453,1286032,7,38157
3/5/2023,BG,Bulgaria,EURO,395,1286427,8,38165
3/12/2023,BG,Bulgaria,EURO,627,1287054,12,38177
3/19/2023,BG,Bulgaria,EURO,713,1287767,5,38182
3/26/2023,BG,Bulgaria,EURO,885,1288652,12,38194
4/2/2023,BG,Bulgaria,EURO,906,1289558,12,38206
4/9/2023,BG,Bulgaria,EURO,1015,1290573,16,38222
4/16/2023,BG,Bulgaria,EURO,963,1291536,12,38234
4/23/2023,BG,Bulgaria,EURO,1150,1292686,18,38252
4/30/2023,BG,Bulgaria,EURO,1024,1293710,21,38273
5/7/2023,BG,Bulgaria,EURO,884,1294594,14,38287
5/14/2023,BG,Bulgaria,EURO,718,1295312,12,38299
5/21/2023,BG,Bulgaria,EURO,740,1296052,15,38314
5/28/2023,BG,Bulgaria,EURO,589,1296641,10,38324
6/4/2023,BG,Bulgaria,EURO,542,1297183,13,38337
6/11/2023,BG,Bulgaria,EURO,422,1297605,12,38349
6/18/2023,BG,Bulgaria,EURO,389,1297994,5,38354
6/25/2023,BG,Bulgaria,EURO,276,1298270,12,38366
7/2/2023,BG,Bulgaria,EURO,205,1298475,5,38371
7/9/2023,BG,Bulgaria,EURO,172,1298647,17,38388
7/16/2023,BG,Bulgaria,EURO,139,1298786,5,38393
7/23/2023,BG,Bulgaria,EURO,123,1298909,3,38396
7/30/2023,BG,Bulgaria,EURO,115,1299024,1,38397
8/6/2023,BG,Bulgaria,EURO,177,1299201,0,38397
8/13/2023,BG,Bulgaria,EURO,203,1299404,1,38398
8/20/2023,BG,Bulgaria,EURO,221,1299625,2,38400
8/27/2023,BG,Bulgaria,EURO,305,1299930,3,38403
9/3/2023,BG,Bulgaria,EURO,356,1300286,3,38406
9/10/2023,BG,Bulgaria,EURO,434,1300720,4,38410
9/17/2023,BG,Bulgaria,EURO,620,1301340,3,38413
9/24/2023,BG,Bulgaria,EURO,848,1302188,1,38414
10/1/2023,BG,Bulgaria,EURO,1593,1303781,6,38420
10/8/2023,BG,Bulgaria,EURO,1698,1305479,12,38432
10/15/2023,BG,Bulgaria,EURO,2209,1307688,24,38456
10/22/2023,BG,Bulgaria,EURO,2137,1309825,16,38472
10/29/2023,BG,Bulgaria,EURO,2277,1312102,22,38494
11/5/2023,BG,Bulgaria,EURO,0,1312102,0,38494
11/12/2023,BG,Bulgaria,EURO,0,1312102,0,38494
11/19/2023,BG,Bulgaria,EURO,0,1312102,0,38494
11/26/2023,BG,Bulgaria,EURO,0,1312102,0,38494
12/3/2023,BG,Bulgaria,EURO,0,1312102,0,38494
12/10/2023,BG,Bulgaria,EURO,2191,1314293,29,38523
12/17/2023,BG,Bulgaria,EURO,1128,1315421,16,38539
12/24/2023,BG,Bulgaria,EURO,1330,1316751,9,38548
1/5/2020,BF,Burkina Faso,AFRO,0,0,0,0
1/12/2020,BF,Burkina Faso,AFRO,0,0,0,0
1/19/2020,BF,Burkina Faso,AFRO,0,0,0,0
1/26/2020,BF,Burkina Faso,AFRO,0,0,0,0
2/2/2020,BF,Burkina Faso,AFRO,0,0,0,0
2/9/2020,BF,Burkina Faso,AFRO,0,0,0,0
2/16/2020,BF,Burkina Faso,AFRO,0,0,0,0
2/23/2020,BF,Burkina Faso,AFRO,0,0,0,0
3/1/2020,BF,Burkina Faso,AFRO,0,0,0,0
3/8/2020,BF,Burkina Faso,AFRO,0,0,0,0
3/15/2020,BF,Burkina Faso,AFRO,7,7,0,0
3/22/2020,BF,Burkina Faso,AFRO,68,75,6,6
3/29/2020,BF,Burkina Faso,AFRO,147,222,9,15
4/5/2020,BF,Burkina Faso,AFRO,142,364,2,17
4/12/2020,BF,Burkina Faso,AFRO,120,484,1,18
4/19/2020,BF,Burkina Faso,AFRO,92,576,18,36
4/26/2020,BF,Burkina Faso,AFRO,56,632,6,42
5/3/2020,BF,Burkina Faso,AFRO,20,652,3,45
5/10/2020,BF,Burkina Faso,AFRO,96,748,3,48
5/17/2020,BF,Burkina Faso,AFRO,34,782,3,51
5/24/2020,BF,Burkina Faso,AFRO,59,841,1,52
5/31/2020,BF,Burkina Faso,AFRO,14,855,1,53
6/7/2020,BF,Burkina Faso,AFRO,34,889,0,53
6/14/2020,BF,Burkina Faso,AFRO,5,894,0,53
6/21/2020,BF,Burkina Faso,AFRO,7,901,0,53
6/28/2020,BF,Burkina Faso,AFRO,58,959,0,53
7/5/2020,BF,Burkina Faso,AFRO,41,1000,0,53
7/12/2020,BF,Burkina Faso,AFRO,36,1036,0,53
7/19/2020,BF,Burkina Faso,AFRO,29,1065,0,53
7/26/2020,BF,Burkina Faso,AFRO,35,1100,0,53
8/2/2020,BF,Burkina Faso,AFRO,50,1150,0,53
8/9/2020,BF,Burkina Faso,AFRO,54,1204,1,54
8/16/2020,BF,Burkina Faso,AFRO,63,1267,1,55
8/23/2020,BF,Burkina Faso,AFRO,61,1328,0,55
8/30/2020,BF,Burkina Faso,AFRO,40,1368,0,55
9/6/2020,BF,Burkina Faso,AFRO,84,1452,0,55
9/13/2020,BF,Burkina Faso,AFRO,255,1707,1,56
9/20/2020,BF,Burkina Faso,AFRO,139,1846,0,56
9/27/2020,BF,Burkina Faso,AFRO,162,2008,0,56
10/4/2020,BF,Burkina Faso,AFRO,159,2167,3,59
10/11/2020,BF,Burkina Faso,AFRO,113,2280,4,63
10/18/2020,BF,Burkina Faso,AFRO,101,2381,2,65
10/25/2020,BF,Burkina Faso,AFRO,70,2451,0,65
11/1/2020,BF,Burkina Faso,AFRO,57,2508,2,67
11/8/2020,BF,Burkina Faso,AFRO,61,2569,0,67
11/15/2020,BF,Burkina Faso,AFRO,72,2641,1,68
11/22/2020,BF,Burkina Faso,AFRO,94,2735,0,68
11/29/2020,BF,Burkina Faso,AFRO,121,2856,0,68
12/6/2020,BF,Burkina Faso,AFRO,356,3212,0,68
12/13/2020,BF,Burkina Faso,AFRO,818,4030,3,71
12/20/2020,BF,Burkina Faso,AFRO,1130,5160,5,76
12/27/2020,BF,Burkina Faso,AFRO,1184,6344,2,78
1/3/2021,BF,Burkina Faso,AFRO,707,7051,8,86
1/10/2021,BF,Burkina Faso,AFRO,1031,8082,3,89
1/17/2021,BF,Burkina Faso,AFRO,1106,9188,13,102
1/24/2021,BF,Burkina Faso,AFRO,850,10038,10,112
1/31/2021,BF,Burkina Faso,AFRO,644,10682,8,120
2/7/2021,BF,Burkina Faso,AFRO,603,11285,14,134
2/14/2021,BF,Burkina Faso,AFRO,329,11614,4,138
2/21/2021,BF,Burkina Faso,AFRO,183,11797,1,139
2/28/2021,BF,Burkina Faso,AFRO,227,12024,3,142
3/7/2021,BF,Burkina Faso,AFRO,157,12181,1,143
3/14/2021,BF,Burkina Faso,AFRO,191,12372,1,144
3/21/2021,BF,Burkina Faso,AFRO,163,12535,1,145
3/28/2021,BF,Burkina Faso,AFRO,157,12692,0,145
4/4/2021,BF,Burkina Faso,AFRO,125,12817,5,150
4/11/2021,BF,Burkina Faso,AFRO,162,12979,2,152
4/18/2021,BF,Burkina Faso,AFRO,150,13129,2,154
4/25/2021,BF,Burkina Faso,AFRO,134,13263,2,156
5/2/2021,BF,Burkina Faso,AFRO,61,13324,1,157
5/9/2021,BF,Burkina Faso,AFRO,55,13379,5,162
5/16/2021,BF,Burkina Faso,AFRO,18,13397,2,164
5/23/2021,BF,Burkina Faso,AFRO,18,13415,1,165
5/30/2021,BF,Burkina Faso,AFRO,16,13431,1,166
6/6/2021,BF,Burkina Faso,AFRO,22,13453,1,167
6/13/2021,BF,Burkina Faso,AFRO,6,13459,0,167
6/20/2021,BF,Burkina Faso,AFRO,10,13469,0,167
6/27/2021,BF,Burkina Faso,AFRO,9,13478,1,168
7/4/2021,BF,Burkina Faso,AFRO,16,13494,0,168
7/11/2021,BF,Burkina Faso,AFRO,23,13517,0,168
7/18/2021,BF,Burkina Faso,AFRO,19,13536,1,169
7/25/2021,BF,Burkina Faso,AFRO,7,13543,0,169
8/1/2021,BF,Burkina Faso,AFRO,45,13588,0,169
8/8/2021,BF,Burkina Faso,AFRO,37,13625,0,169
8/15/2021,BF,Burkina Faso,AFRO,52,13677,1,170
8/22/2021,BF,Burkina Faso,AFRO,38,13715,1,171
8/29/2021,BF,Burkina Faso,AFRO,47,13762,0,171
9/5/2021,BF,Burkina Faso,AFRO,89,13851,0,171
9/12/2021,BF,Burkina Faso,AFRO,99,13950,0,171
9/19/2021,BF,Burkina Faso,AFRO,102,14052,1,172
9/26/2021,BF,Burkina Faso,AFRO,131,14183,9,181
10/3/2021,BF,Burkina Faso,AFRO,158,14341,6,187
10/10/2021,BF,Burkina Faso,AFRO,175,14516,8,195
10/17/2021,BF,Burkina Faso,AFRO,236,14752,8,203
10/24/2021,BF,Burkina Faso,AFRO,41,14793,11,214
10/31/2021,BF,Burkina Faso,AFRO,108,14901,2,216
11/7/2021,BF,Burkina Faso,AFRO,202,15103,5,221
11/14/2021,BF,Burkina Faso,AFRO,178,15281,13,234
11/21/2021,BF,Burkina Faso,AFRO,233,15514,31,265
11/28/2021,BF,Burkina Faso,AFRO,197,15711,16,281
12/5/2021,BF,Burkina Faso,AFRO,289,16000,5,286
12/12/2021,BF,Burkina Faso,AFRO,334,16334,4,290
12/19/2021,BF,Burkina Faso,AFRO,338,16672,6,296
12/26/2021,BF,Burkina Faso,AFRO,368,17040,21,317
1/2/2022,BF,Burkina Faso,AFRO,592,17632,1,318
1/9/2022,BF,Burkina Faso,AFRO,2004,19636,15,333
1/16/2022,BF,Burkina Faso,AFRO,613,20249,6,339
1/23/2022,BF,Burkina Faso,AFRO,265,20514,14,353
1/30/2022,BF,Burkina Faso,AFRO,110,20624,13,366
2/6/2022,BF,Burkina Faso,AFRO,59,20683,6,372
2/13/2022,BF,Burkina Faso,AFRO,38,20721,3,375
2/20/2022,BF,Burkina Faso,AFRO,30,20751,0,375
2/27/2022,BF,Burkina Faso,AFRO,0,20751,0,375
3/6/2022,BF,Burkina Faso,AFRO,40,20791,3,378
3/13/2022,BF,Burkina Faso,AFRO,15,20806,1,379
3/20/2022,BF,Burkina Faso,AFRO,7,20813,0,379
3/27/2022,BF,Burkina Faso,AFRO,0,20813,0,379
4/3/2022,BF,Burkina Faso,AFRO,45,20858,3,382
4/10/2022,BF,Burkina Faso,AFRO,7,20865,1,383
4/17/2022,BF,Burkina Faso,AFRO,0,20865,0,383
4/24/2022,BF,Burkina Faso,AFRO,0,20865,0,383
5/1/2022,BF,Burkina Faso,AFRO,20,20885,1,384
5/8/2022,BF,Burkina Faso,AFRO,14,20899,0,384
5/15/2022,BF,Burkina Faso,AFRO,0,20899,0,384
5/22/2022,BF,Burkina Faso,AFRO,0,20899,0,384
5/29/2022,BF,Burkina Faso,AFRO,0,20899,0,384
6/5/2022,BF,Burkina Faso,AFRO,0,20899,0,384
6/12/2022,BF,Burkina Faso,AFRO,0,20899,0,384
6/19/2022,BF,Burkina Faso,AFRO,145,21044,3,387
6/26/2022,BF,Burkina Faso,AFRO,0,21044,0,387
7/3/2022,BF,Burkina Faso,AFRO,84,21128,0,387
7/10/2022,BF,Burkina Faso,AFRO,0,21128,0,387
7/17/2022,BF,Burkina Faso,AFRO,0,21128,0,387
7/24/2022,BF,Burkina Faso,AFRO,0,21128,0,387
7/31/2022,BF,Burkina Faso,AFRO,0,21128,0,387
8/7/2022,BF,Burkina Faso,AFRO,0,21128,0,387
8/14/2022,BF,Burkina Faso,AFRO,0,21128,0,387
8/21/2022,BF,Burkina Faso,AFRO,0,21128,0,387
8/28/2022,BF,Burkina Faso,AFRO,0,21128,0,387
9/4/2022,BF,Burkina Faso,AFRO,0,21128,0,387
9/11/2022,BF,Burkina Faso,AFRO,351,21479,0,387
9/18/2022,BF,Burkina Faso,AFRO,83,21562,0,387
9/25/2022,BF,Burkina Faso,AFRO,69,21631,0,387
10/2/2022,BF,Burkina Faso,AFRO,0,21631,0,387
10/9/2022,BF,Burkina Faso,AFRO,0,21631,0,387
10/16/2022,BF,Burkina Faso,AFRO,0,21631,0,387
10/23/2022,BF,Burkina Faso,AFRO,0,21631,0,387
10/30/2022,BF,Burkina Faso,AFRO,0,21631,0,387
11/6/2022,BF,Burkina Faso,AFRO,0,21631,0,387
11/13/2022,BF,Burkina Faso,AFRO,0,21631,0,387
11/20/2022,BF,Burkina Faso,AFRO,0,21631,0,387
11/27/2022,BF,Burkina Faso,AFRO,0,21631,0,387
12/4/2022,BF,Burkina Faso,AFRO,0,21631,0,387
12/11/2022,BF,Burkina Faso,AFRO,375,22006,8,395
12/18/2022,BF,Burkina Faso,AFRO,0,22006,0,395
12/25/2022,BF,Burkina Faso,AFRO,0,22006,0,395
1/1/2023,BF,Burkina Faso,AFRO,17,22023,0,395
1/8/2023,BF,Burkina Faso,AFRO,2,22025,1,396
1/15/2023,BF,Burkina Faso,AFRO,6,22031,0,396
1/22/2023,BF,Burkina Faso,AFRO,3,22034,0,396
1/29/2023,BF,Burkina Faso,AFRO,6,22040,0,396
2/5/2023,BF,Burkina Faso,AFRO,7,22047,0,396
2/12/2023,BF,Burkina Faso,AFRO,9,22056,0,396
2/19/2023,BF,Burkina Faso,AFRO,0,22056,0,396
2/26/2023,BF,Burkina Faso,AFRO,0,22056,0,396
3/5/2023,BF,Burkina Faso,AFRO,0,22056,0,396
3/12/2023,BF,Burkina Faso,AFRO,0,22056,0,396
3/19/2023,BF,Burkina Faso,AFRO,0,22056,0,396
3/26/2023,BF,Burkina Faso,AFRO,0,22056,0,396
4/2/2023,BF,Burkina Faso,AFRO,0,22056,0,396
4/9/2023,BF,Burkina Faso,AFRO,0,22056,0,396
4/16/2023,BF,Burkina Faso,AFRO,0,22056,0,396
4/23/2023,BF,Burkina Faso,AFRO,0,22056,0,396
4/30/2023,BF,Burkina Faso,AFRO,0,22056,0,396
5/7/2023,BF,Burkina Faso,AFRO,0,22056,0,396
5/14/2023,BF,Burkina Faso,AFRO,0,22056,0,396
5/21/2023,BF,Burkina Faso,AFRO,0,22056,0,396
5/28/2023,BF,Burkina Faso,AFRO,0,22056,0,396
6/4/2023,BF,Burkina Faso,AFRO,0,22056,0,396
6/11/2023,BF,Burkina Faso,AFRO,0,22056,0,396
6/18/2023,BF,Burkina Faso,AFRO,0,22056,0,396
6/25/2023,BF,Burkina Faso,AFRO,0,22056,0,396
7/2/2023,BF,Burkina Faso,AFRO,0,22056,0,396
7/9/2023,BF,Burkina Faso,AFRO,0,22056,0,396
7/16/2023,BF,Burkina Faso,AFRO,0,22056,0,396
7/23/2023,BF,Burkina Faso,AFRO,0,22056,0,396
7/30/2023,BF,Burkina Faso,AFRO,0,22056,0,396
8/6/2023,BF,Burkina Faso,AFRO,0,22056,0,396
8/13/2023,BF,Burkina Faso,AFRO,0,22056,0,396
8/20/2023,BF,Burkina Faso,AFRO,0,22056,0,396
8/27/2023,BF,Burkina Faso,AFRO,0,22056,0,396
9/3/2023,BF,Burkina Faso,AFRO,0,22056,0,396
9/10/2023,BF,Burkina Faso,AFRO,0,22056,0,396
9/17/2023,BF,Burkina Faso,AFRO,0,22056,0,396
9/24/2023,BF,Burkina Faso,AFRO,0,22056,0,396
10/1/2023,BF,Burkina Faso,AFRO,0,22056,0,396
10/8/2023,BF,Burkina Faso,AFRO,2,22058,0,396
10/15/2023,BF,Burkina Faso,AFRO,3,22061,0,396
10/22/2023,BF,Burkina Faso,AFRO,4,22065,0,396
10/29/2023,BF,Burkina Faso,AFRO,2,22067,0,396
11/5/2023,BF,Burkina Faso,AFRO,6,22073,0,396
11/12/2023,BF,Burkina Faso,AFRO,8,22081,0,396
11/19/2023,BF,Burkina Faso,AFRO,17,22098,2,398
11/26/2023,BF,Burkina Faso,AFRO,7,22105,1,399
12/3/2023,BF,Burkina Faso,AFRO,1,22106,0,399
12/10/2023,BF,Burkina Faso,AFRO,1,22107,1,400
12/17/2023,BF,Burkina Faso,AFRO,0,22107,0,400
12/24/2023,BF,Burkina Faso,AFRO,0,22107,0,400
1/5/2020,BI,Burundi,AFRO,0,0,0,0
1/12/2020,BI,Burundi,AFRO,0,0,0,0
1/19/2020,BI,Burundi,AFRO,0,0,0,0
1/26/2020,BI,Burundi,AFRO,0,0,0,0
2/2/2020,BI,Burundi,AFRO,0,0,0,0
2/9/2020,BI,Burundi,AFRO,0,0,0,0
2/16/2020,BI,Burundi,AFRO,0,0,0,0
2/23/2020,BI,Burundi,AFRO,0,0,0,0
3/1/2020,BI,Burundi,AFRO,0,0,0,0
3/8/2020,BI,Burundi,AFRO,0,0,0,0
3/15/2020,BI,Burundi,AFRO,0,0,0,0
3/22/2020,BI,Burundi,AFRO,0,0,0,0
3/29/2020,BI,Burundi,AFRO,0,0,0,0
4/5/2020,BI,Burundi,AFRO,3,3,0,0
4/12/2020,BI,Burundi,AFRO,2,5,0,0
4/19/2020,BI,Burundi,AFRO,0,5,1,1
4/26/2020,BI,Burundi,AFRO,10,15,0,1
5/3/2020,BI,Burundi,AFRO,4,19,0,1
5/10/2020,BI,Burundi,AFRO,8,27,0,1
5/17/2020,BI,Burundi,AFRO,15,42,0,1
5/24/2020,BI,Burundi,AFRO,0,42,0,1
5/31/2020,BI,Burundi,AFRO,21,63,0,1
6/7/2020,BI,Burundi,AFRO,20,83,0,1
6/14/2020,BI,Burundi,AFRO,11,94,0,1
6/21/2020,BI,Burundi,AFRO,50,144,0,1
6/28/2020,BI,Burundi,AFRO,26,170,0,1
7/5/2020,BI,Burundi,AFRO,21,191,0,1
7/12/2020,BI,Burundi,AFRO,66,257,0,1
7/19/2020,BI,Burundi,AFRO,65,322,0,1
7/26/2020,BI,Burundi,AFRO,23,345,0,1
8/2/2020,BI,Burundi,AFRO,42,387,0,1
8/9/2020,BI,Burundi,AFRO,18,405,0,1
8/16/2020,BI,Burundi,AFRO,8,413,0,1
8/23/2020,BI,Burundi,AFRO,17,430,0,1
8/30/2020,BI,Burundi,AFRO,15,445,0,1
9/6/2020,BI,Burundi,AFRO,17,462,0,1
9/13/2020,BI,Burundi,AFRO,10,472,0,1
9/20/2020,BI,Burundi,AFRO,1,473,0,1
9/27/2020,BI,Burundi,AFRO,11,484,0,1
10/4/2020,BI,Burundi,AFRO,29,513,0,1
10/11/2020,BI,Burundi,AFRO,12,525,0,1
10/18/2020,BI,Burundi,AFRO,17,542,0,1
10/25/2020,BI,Burundi,AFRO,14,556,0,1
11/1/2020,BI,Burundi,AFRO,33,589,0,1
11/8/2020,BI,Burundi,AFRO,25,614,0,1
11/15/2020,BI,Burundi,AFRO,14,628,0,1
11/22/2020,BI,Burundi,AFRO,34,662,0,1
11/29/2020,BI,Burundi,AFRO,26,688,0,1
12/6/2020,BI,Burundi,AFRO,6,694,0,1
12/13/2020,BI,Burundi,AFRO,35,729,0,1
12/20/2020,BI,Burundi,AFRO,32,761,1,2
12/27/2020,BI,Burundi,AFRO,48,809,0,2
1/3/2021,BI,Burundi,AFRO,24,833,0,2
1/10/2021,BI,Burundi,AFRO,153,986,0,2
1/17/2021,BI,Burundi,AFRO,250,1236,0,2
1/24/2021,BI,Burundi,AFRO,236,1472,0,2
1/31/2021,BI,Burundi,AFRO,163,1635,0,2
2/7/2021,BI,Burundi,AFRO,93,1728,1,3
2/14/2021,BI,Burundi,AFRO,121,1849,0,3
2/21/2021,BI,Burundi,AFRO,185,2034,0,3
2/28/2021,BI,Burundi,AFRO,183,2217,0,3
3/7/2021,BI,Burundi,AFRO,117,2334,0,3
3/14/2021,BI,Burundi,AFRO,147,2481,0,3
3/21/2021,BI,Burundi,AFRO,137,2618,3,6
3/28/2021,BI,Burundi,AFRO,149,2767,0,6
4/4/2021,BI,Burundi,AFRO,197,2964,0,6
4/11/2021,BI,Burundi,AFRO,223,3187,0,6
4/18/2021,BI,Burundi,AFRO,444,3631,0,6
4/25/2021,BI,Burundi,AFRO,243,3874,0,6
5/2/2021,BI,Burundi,AFRO,172,4046,0,6
5/9/2021,BI,Burundi,AFRO,154,4200,0,6
5/16/2021,BI,Burundi,AFRO,147,4347,0,6
5/23/2021,BI,Burundi,AFRO,199,4546,0,6
5/30/2021,BI,Burundi,AFRO,244,4790,0,6
6/6/2021,BI,Burundi,AFRO,135,4925,2,8
6/13/2021,BI,Burundi,AFRO,101,5026,0,8
6/20/2021,BI,Burundi,AFRO,216,5242,0,8
6/27/2021,BI,Burundi,AFRO,181,5423,0,8
7/4/2021,BI,Burundi,AFRO,98,5521,0,8
7/11/2021,BI,Burundi,AFRO,165,5686,0,8
7/18/2021,BI,Burundi,AFRO,208,5894,0,8
7/25/2021,BI,Burundi,AFRO,679,6573,0,8
8/1/2021,BI,Burundi,AFRO,932,7505,1,9
8/8/2021,BI,Burundi,AFRO,1295,8800,1,10
8/15/2021,BI,Burundi,AFRO,1303,10103,0,10
8/22/2021,BI,Burundi,AFRO,1230,11333,0,10
8/29/2021,BI,Burundi,AFRO,1196,12529,0,10
9/5/2021,BI,Burundi,AFRO,1047,13576,2,12
9/12/2021,BI,Burundi,AFRO,1801,15377,0,12
9/19/2021,BI,Burundi,AFRO,1355,16732,2,14
9/26/2021,BI,Burundi,AFRO,773,17505,0,14
10/3/2021,BI,Burundi,AFRO,1095,18600,0,14
10/10/2021,BI,Burundi,AFRO,657,19257,0,14
10/17/2021,BI,Burundi,AFRO,473,19730,0,14
10/24/2021,BI,Burundi,AFRO,215,19945,0,14
10/31/2021,BI,Burundi,AFRO,142,20087,0,14
11/7/2021,BI,Burundi,AFRO,78,20165,0,14
11/14/2021,BI,Burundi,AFRO,111,20276,0,14
11/21/2021,BI,Burundi,AFRO,62,20338,0,14
11/28/2021,BI,Burundi,AFRO,64,20402,0,14
12/5/2021,BI,Burundi,AFRO,89,20491,0,14
12/12/2021,BI,Burundi,AFRO,355,20846,0,14
12/19/2021,BI,Burundi,AFRO,1793,22639,0,14
12/26/2021,BI,Burundi,AFRO,4360,26999,0,14
1/2/2022,BI,Burundi,AFRO,5077,32076,0,14
1/9/2022,BI,Burundi,AFRO,3424,35500,0,14
1/16/2022,BI,Burundi,AFRO,1236,36736,0,14
1/23/2022,BI,Burundi,AFRO,306,37042,0,14
1/30/2022,BI,Burundi,AFRO,337,37379,0,14
2/6/2022,BI,Burundi,AFRO,377,37756,1,15
2/13/2022,BI,Burundi,AFRO,146,37902,0,15
2/20/2022,BI,Burundi,AFRO,109,38011,0,15
2/27/2022,BI,Burundi,AFRO,91,38102,0,15
3/6/2022,BI,Burundi,AFRO,107,38209,0,15
3/13/2022,BI,Burundi,AFRO,65,38274,0,15
3/20/2022,BI,Burundi,AFRO,98,38372,0,15
3/27/2022,BI,Burundi,AFRO,91,38463,0,15
4/3/2022,BI,Burundi,AFRO,125,38588,0,15
4/10/2022,BI,Burundi,AFRO,110,38698,0,15
4/17/2022,BI,Burundi,AFRO,103,38801,0,15
4/24/2022,BI,Burundi,AFRO,343,39144,0,15
5/1/2022,BI,Burundi,AFRO,1253,40397,0,15
5/8/2022,BI,Burundi,AFRO,676,41073,0,15
5/15/2022,BI,Burundi,AFRO,268,41341,0,15
5/22/2022,BI,Burundi,AFRO,509,41850,0,15
5/29/2022,BI,Burundi,AFRO,184,42034,0,15
6/5/2022,BI,Burundi,AFRO,171,42205,0,15
6/12/2022,BI,Burundi,AFRO,125,42330,0,15
6/19/2022,BI,Burundi,AFRO,142,42472,0,15
6/26/2022,BI,Burundi,AFRO,121,42593,0,15
7/3/2022,BI,Burundi,AFRO,201,42794,0,15
7/10/2022,BI,Burundi,AFRO,169,42963,0,15
7/17/2022,BI,Burundi,AFRO,451,43414,0,15
7/24/2022,BI,Burundi,AFRO,1023,44437,0,15
7/31/2022,BI,Burundi,AFRO,1714,46151,0,15
8/7/2022,BI,Burundi,AFRO,1096,47247,0,15
8/14/2022,BI,Burundi,AFRO,755,48002,0,15
8/21/2022,BI,Burundi,AFRO,973,48975,0,15
8/28/2022,BI,Burundi,AFRO,283,49258,0,15
9/4/2022,BI,Burundi,AFRO,112,49370,0,15
9/11/2022,BI,Burundi,AFRO,229,49599,0,15
9/18/2022,BI,Burundi,AFRO,427,50026,0,15
9/25/2022,BI,Burundi,AFRO,103,50129,0,15
10/2/2022,BI,Burundi,AFRO,96,50225,0,15
10/9/2022,BI,Burundi,AFRO,0,50225,0,15
10/16/2022,BI,Burundi,AFRO,147,50372,0,15
10/23/2022,BI,Burundi,AFRO,80,50452,0,15
10/30/2022,BI,Burundi,AFRO,18,50470,0,15
11/6/2022,BI,Burundi,AFRO,47,50517,0,15
11/13/2022,BI,Burundi,AFRO,122,50639,0,15
11/20/2022,BI,Burundi,AFRO,139,50778,0,15
11/27/2022,BI,Burundi,AFRO,240,51018,0,15
12/4/2022,BI,Burundi,AFRO,258,51276,0,15
12/11/2022,BI,Burundi,AFRO,205,51481,0,15
12/18/2022,BI,Burundi,AFRO,241,51722,0,15
12/25/2022,BI,Burundi,AFRO,329,52051,0,15
1/1/2023,BI,Burundi,AFRO,111,52162,0,15
1/8/2023,BI,Burundi,AFRO,218,52380,0,15
1/15/2023,BI,Burundi,AFRO,49,52429,0,15
1/22/2023,BI,Burundi,AFRO,0,52429,0,15
1/29/2023,BI,Burundi,AFRO,1063,53492,0,15
2/5/2023,BI,Burundi,AFRO,82,53574,0,15
2/12/2023,BI,Burundi,AFRO,35,53609,0,15
2/19/2023,BI,Burundi,AFRO,0,53609,0,15
2/26/2023,BI,Burundi,AFRO,37,53646,0,15
3/5/2023,BI,Burundi,AFRO,15,53661,0,15
3/12/2023,BI,Burundi,AFRO,0,53661,0,15
3/19/2023,BI,Burundi,AFRO,13,53674,0,15
3/26/2023,BI,Burundi,AFRO,12,53686,0,15
4/2/2023,BI,Burundi,AFRO,20,53706,0,15
4/9/2023,BI,Burundi,AFRO,13,53719,0,15
4/16/2023,BI,Burundi,AFRO,7,53726,0,15
4/23/2023,BI,Burundi,AFRO,0,53726,0,15
4/30/2023,BI,Burundi,AFRO,5,53731,0,15
5/7/2023,BI,Burundi,AFRO,9,53740,0,15
5/14/2023,BI,Burundi,AFRO,9,53749,0,15
5/21/2023,BI,Burundi,AFRO,13,53762,0,15
5/28/2023,BI,Burundi,AFRO,0,53762,0,15
6/4/2023,BI,Burundi,AFRO,74,53836,0,15
6/11/2023,BI,Burundi,AFRO,118,53954,0,15
6/18/2023,BI,Burundi,AFRO,82,54036,0,15
6/25/2023,BI,Burundi,AFRO,106,54142,0,15
7/2/2023,BI,Burundi,AFRO,16,54158,0,15
7/9/2023,BI,Burundi,AFRO,163,54321,0,15
7/16/2023,BI,Burundi,AFRO,-105,54216,0,15
7/23/2023,BI,Burundi,AFRO,13,54229,0,15
7/30/2023,BI,Burundi,AFRO,5,54234,0,15
8/6/2023,BI,Burundi,AFRO,4,54238,0,15
8/13/2023,BI,Burundi,AFRO,1,54239,0,15
8/20/2023,BI,Burundi,AFRO,0,54239,0,15
8/27/2023,BI,Burundi,AFRO,0,54239,0,15
9/3/2023,BI,Burundi,AFRO,2,54241,0,15
9/10/2023,BI,Burundi,AFRO,125,54366,0,15
9/17/2023,BI,Burundi,AFRO,0,54366,0,15
9/24/2023,BI,Burundi,AFRO,0,54366,0,15
10/1/2023,BI,Burundi,AFRO,0,54366,0,15
10/8/2023,BI,Burundi,AFRO,0,54366,0,15
10/15/2023,BI,Burundi,AFRO,0,54366,0,15
10/22/2023,BI,Burundi,AFRO,0,54366,0,15
10/29/2023,BI,Burundi,AFRO,0,54366,0,15
11/5/2023,BI,Burundi,AFRO,1,54367,0,15
11/12/2023,BI,Burundi,AFRO,1,54368,0,15
11/19/2023,BI,Burundi,AFRO,0,54368,0,15
11/26/2023,BI,Burundi,AFRO,14,54382,0,15
12/3/2023,BI,Burundi,AFRO,12,54394,0,15
12/10/2023,BI,Burundi,AFRO,25,54419,0,15
12/17/2023,BI,Burundi,AFRO,0,54419,0,15
12/24/2023,BI,Burundi,AFRO,0,54419,0,15
1/5/2020,CV,Cabo Verde,AFRO,0,0,0,0
1/12/2020,CV,Cabo Verde,AFRO,0,0,0,0
1/19/2020,CV,Cabo Verde,AFRO,0,0,0,0
1/26/2020,CV,Cabo Verde,AFRO,0,0,0,0
2/2/2020,CV,Cabo Verde,AFRO,0,0,0,0
2/9/2020,CV,Cabo Verde,AFRO,0,0,0,0
2/16/2020,CV,Cabo Verde,AFRO,0,0,0,0
2/23/2020,CV,Cabo Verde,AFRO,0,0,0,0
3/1/2020,CV,Cabo Verde,AFRO,0,0,0,0
3/8/2020,CV,Cabo Verde,AFRO,0,0,0,0
3/15/2020,CV,Cabo Verde,AFRO,0,0,0,0
3/22/2020,CV,Cabo Verde,AFRO,3,3,0,0
3/29/2020,CV,Cabo Verde,AFRO,2,5,0,0
4/5/2020,CV,Cabo Verde,AFRO,0,5,0,0
4/12/2020,CV,Cabo Verde,AFRO,2,7,0,0
4/19/2020,CV,Cabo Verde,AFRO,48,55,0,0
4/26/2020,CV,Cabo Verde,AFRO,35,90,0,0
5/3/2020,CV,Cabo Verde,AFRO,62,152,2,2
5/10/2020,CV,Cabo Verde,AFRO,84,236,0,2
5/17/2020,CV,Cabo Verde,AFRO,92,328,1,3
5/24/2020,CV,Cabo Verde,AFRO,43,371,0,3
5/31/2020,CV,Cabo Verde,AFRO,50,421,1,4
6/7/2020,CV,Cabo Verde,AFRO,121,542,1,5
6/14/2020,CV,Cabo Verde,AFRO,184,726,1,6
6/21/2020,CV,Cabo Verde,AFRO,137,863,2,8
6/28/2020,CV,Cabo Verde,AFRO,228,1091,4,12
7/5/2020,CV,Cabo Verde,AFRO,329,1420,4,16
7/12/2020,CV,Cabo Verde,AFRO,203,1623,3,19
7/19/2020,CV,Cabo Verde,AFRO,391,2014,2,21
7/26/2020,CV,Cabo Verde,AFRO,244,2258,1,22
8/2/2020,CV,Cabo Verde,AFRO,222,2480,2,24
8/9/2020,CV,Cabo Verde,AFRO,355,2835,8,32
8/16/2020,CV,Cabo Verde,AFRO,328,3163,2,34
8/23/2020,CV,Cabo Verde,AFRO,292,3455,3,37
8/30/2020,CV,Cabo Verde,AFRO,323,3778,2,39
9/6/2020,CV,Cabo Verde,AFRO,497,4275,3,42
9/13/2020,CV,Cabo Verde,AFRO,436,4711,2,44
9/20/2020,CV,Cabo Verde,AFRO,475,5186,6,50
9/27/2020,CV,Cabo Verde,AFRO,515,5701,6,56
10/4/2020,CV,Cabo Verde,AFRO,595,6296,6,62
10/11/2020,CV,Cabo Verde,AFRO,617,6913,12,74
10/18/2020,CV,Cabo Verde,AFRO,725,7638,11,85
10/25/2020,CV,Cabo Verde,AFRO,684,8322,9,94
11/1/2020,CV,Cabo Verde,AFRO,471,8793,1,95
11/8/2020,CV,Cabo Verde,AFRO,498,9291,5,100
11/15/2020,CV,Cabo Verde,AFRO,489,9780,2,102
11/22/2020,CV,Cabo Verde,AFRO,454,10234,2,104
11/29/2020,CV,Cabo Verde,AFRO,466,10700,0,104
12/6/2020,CV,Cabo Verde,AFRO,336,11036,1,105
12/13/2020,CV,Cabo Verde,AFRO,266,11302,5,110
12/20/2020,CV,Cabo Verde,AFRO,265,11567,1,111
12/27/2020,CV,Cabo Verde,AFRO,131,11698,1,112
1/3/2021,CV,Cabo Verde,AFRO,185,11883,1,113
1/10/2021,CV,Cabo Verde,AFRO,433,12316,1,114
1/17/2021,CV,Cabo Verde,AFRO,585,12901,5,119
1/24/2021,CV,Cabo Verde,AFRO,513,13414,5,124
1/31/2021,CV,Cabo Verde,AFRO,567,13981,9,133
2/7/2021,CV,Cabo Verde,AFRO,399,14380,2,135
2/14/2021,CV,Cabo Verde,AFRO,320,14700,4,139
2/21/2021,CV,Cabo Verde,AFRO,299,14999,4,143
2/28/2021,CV,Cabo Verde,AFRO,325,15324,4,147
3/7/2021,CV,Cabo Verde,AFRO,400,15724,5,152
3/14/2021,CV,Cabo Verde,AFRO,311,16035,4,156
3/21/2021,CV,Cabo Verde,AFRO,405,16440,3,159
3/28/2021,CV,Cabo Verde,AFRO,578,17018,6,165
4/4/2021,CV,Cabo Verde,AFRO,803,17821,6,171
4/11/2021,CV,Cabo Verde,AFRO,1015,18836,10,181
4/18/2021,CV,Cabo Verde,AFRO,1418,20254,9,190
4/25/2021,CV,Cabo Verde,AFRO,1840,22094,11,201
5/2/2021,CV,Cabo Verde,AFRO,2033,24127,19,220
5/9/2021,CV,Cabo Verde,AFRO,1984,26111,12,232
5/16/2021,CV,Cabo Verde,AFRO,1840,27951,14,246
5/23/2021,CV,Cabo Verde,AFRO,1247,29198,10,256
5/30/2021,CV,Cabo Verde,AFRO,1075,30273,7,263
6/6/2021,CV,Cabo Verde,AFRO,730,31003,4,267
6/13/2021,CV,Cabo Verde,AFRO,568,31571,6,273
6/20/2021,CV,Cabo Verde,AFRO,393,31964,8,281
6/27/2021,CV,Cabo Verde,AFRO,380,32344,5,286
7/4/2021,CV,Cabo Verde,AFRO,361,32705,1,287
7/11/2021,CV,Cabo Verde,AFRO,264,32969,2,289
7/18/2021,CV,Cabo Verde,AFRO,301,33270,6,295
7/25/2021,CV,Cabo Verde,AFRO,271,33541,2,297
8/1/2021,CV,Cabo Verde,AFRO,250,33791,1,298
8/8/2021,CV,Cabo Verde,AFRO,219,34010,0,298
8/15/2021,CV,Cabo Verde,AFRO,334,34344,1,299
8/22/2021,CV,Cabo Verde,AFRO,342,34686,3,302
8/29/2021,CV,Cabo Verde,AFRO,461,35147,6,308
9/5/2021,CV,Cabo Verde,AFRO,709,35856,7,315
9/12/2021,CV,Cabo Verde,AFRO,663,36519,5,320
9/19/2021,CV,Cabo Verde,AFRO,533,37052,9,329
9/26/2021,CV,Cabo Verde,AFRO,348,37400,5,334
10/3/2021,CV,Cabo Verde,AFRO,235,37635,6,340
10/10/2021,CV,Cabo Verde,AFRO,235,37870,6,346
10/17/2021,CV,Cabo Verde,AFRO,165,38035,1,347
10/24/2021,CV,Cabo Verde,AFRO,95,38130,2,349
10/31/2021,CV,Cabo Verde,AFRO,77,38207,0,349
11/7/2021,CV,Cabo Verde,AFRO,46,38253,0,349
11/14/2021,CV,Cabo Verde,AFRO,40,38293,0,349
11/21/2021,CV,Cabo Verde,AFRO,31,38324,0,349
11/28/2021,CV,Cabo Verde,AFRO,34,38358,0,349
12/5/2021,CV,Cabo Verde,AFRO,81,38439,2,351
12/12/2021,CV,Cabo Verde,AFRO,57,38496,0,351
12/19/2021,CV,Cabo Verde,AFRO,77,38573,1,352
12/26/2021,CV,Cabo Verde,AFRO,440,39013,0,352
1/2/2022,CV,Cabo Verde,AFRO,3450,42463,1,353
1/9/2022,CV,Cabo Verde,AFRO,7387,49850,10,363
1/16/2022,CV,Cabo Verde,AFRO,4137,53987,13,376
1/23/2022,CV,Cabo Verde,AFRO,1269,55256,11,387
1/30/2022,CV,Cabo Verde,AFRO,402,55658,8,395
2/6/2022,CV,Cabo Verde,AFRO,114,55772,1,396
2/13/2022,CV,Cabo Verde,AFRO,70,55842,4,400
2/20/2022,CV,Cabo Verde,AFRO,18,55860,0,400
2/27/2022,CV,Cabo Verde,AFRO,22,55882,1,401
3/6/2022,CV,Cabo Verde,AFRO,13,55895,0,401
3/13/2022,CV,Cabo Verde,AFRO,11,55906,0,401
3/20/2022,CV,Cabo Verde,AFRO,19,55925,0,401
3/27/2022,CV,Cabo Verde,AFRO,23,55948,0,401
4/3/2022,CV,Cabo Verde,AFRO,12,55960,0,401
4/10/2022,CV,Cabo Verde,AFRO,12,55972,0,401
4/17/2022,CV,Cabo Verde,AFRO,18,55990,0,401
4/24/2022,CV,Cabo Verde,AFRO,14,56004,0,401
5/1/2022,CV,Cabo Verde,AFRO,21,56025,0,401
5/8/2022,CV,Cabo Verde,AFRO,40,56065,0,401
5/15/2022,CV,Cabo Verde,AFRO,50,56115,0,401
5/22/2022,CV,Cabo Verde,AFRO,57,56172,0,401
5/29/2022,CV,Cabo Verde,AFRO,118,56290,0,401
6/5/2022,CV,Cabo Verde,AFRO,266,56556,1,402
6/12/2022,CV,Cabo Verde,AFRO,540,57096,0,402
6/19/2022,CV,Cabo Verde,AFRO,1080,58176,0,402
6/26/2022,CV,Cabo Verde,AFRO,1357,59533,1,403
7/3/2022,CV,Cabo Verde,AFRO,1469,61002,2,405
7/10/2022,CV,Cabo Verde,AFRO,621,61623,4,409
7/17/2022,CV,Cabo Verde,AFRO,299,61922,0,409
7/24/2022,CV,Cabo Verde,AFRO,150,62072,0,409
7/31/2022,CV,Cabo Verde,AFRO,87,62159,1,410
8/7/2022,CV,Cabo Verde,AFRO,48,62207,0,410
8/14/2022,CV,Cabo Verde,AFRO,46,62253,0,410
8/21/2022,CV,Cabo Verde,AFRO,35,62288,0,410
8/28/2022,CV,Cabo Verde,AFRO,22,62310,0,410
9/4/2022,CV,Cabo Verde,AFRO,18,62328,0,410
9/11/2022,CV,Cabo Verde,AFRO,13,62341,0,410
9/18/2022,CV,Cabo Verde,AFRO,11,62352,0,410
9/25/2022,CV,Cabo Verde,AFRO,7,62359,0,410
10/2/2022,CV,Cabo Verde,AFRO,17,62376,0,410
10/9/2022,CV,Cabo Verde,AFRO,13,62389,0,410
10/16/2022,CV,Cabo Verde,AFRO,8,62397,0,410
10/23/2022,CV,Cabo Verde,AFRO,0,62397,0,410
10/30/2022,CV,Cabo Verde,AFRO,0,62397,0,410
11/6/2022,CV,Cabo Verde,AFRO,164,62561,0,410
11/13/2022,CV,Cabo Verde,AFRO,119,62680,0,410
11/20/2022,CV,Cabo Verde,AFRO,139,62819,1,411
11/27/2022,CV,Cabo Verde,AFRO,150,62969,1,412
12/4/2022,CV,Cabo Verde,AFRO,111,63080,0,412
12/11/2022,CV,Cabo Verde,AFRO,49,63129,0,412
12/18/2022,CV,Cabo Verde,AFRO,35,63164,0,412
12/25/2022,CV,Cabo Verde,AFRO,26,63190,0,412
1/1/2023,CV,Cabo Verde,AFRO,10,63200,0,412
1/8/2023,CV,Cabo Verde,AFRO,7,63207,0,412
1/15/2023,CV,Cabo Verde,AFRO,14,63221,0,412
1/22/2023,CV,Cabo Verde,AFRO,3,63224,0,412
1/29/2023,CV,Cabo Verde,AFRO,3,63227,1,413
2/5/2023,CV,Cabo Verde,AFRO,2,63229,0,413
2/12/2023,CV,Cabo Verde,AFRO,6,63235,0,413
2/19/2023,CV,Cabo Verde,AFRO,4,63239,0,413
2/26/2023,CV,Cabo Verde,AFRO,2,63241,0,413
3/5/2023,CV,Cabo Verde,AFRO,4,63245,0,413
3/12/2023,CV,Cabo Verde,AFRO,0,63245,0,413
3/19/2023,CV,Cabo Verde,AFRO,7,63252,0,413
3/26/2023,CV,Cabo Verde,AFRO,5,63257,0,413
4/2/2023,CV,Cabo Verde,AFRO,3,63260,0,413
4/9/2023,CV,Cabo Verde,AFRO,18,63278,0,413
4/16/2023,CV,Cabo Verde,AFRO,3,63281,0,413
4/23/2023,CV,Cabo Verde,AFRO,72,63353,0,413
4/30/2023,CV,Cabo Verde,AFRO,114,63467,0,413
5/7/2023,CV,Cabo Verde,AFRO,146,63613,0,413
5/14/2023,CV,Cabo Verde,AFRO,128,63741,1,414
5/21/2023,CV,Cabo Verde,AFRO,106,63847,0,414
5/28/2023,CV,Cabo Verde,AFRO,64,63911,0,414
6/4/2023,CV,Cabo Verde,AFRO,43,63954,0,414
6/11/2023,CV,Cabo Verde,AFRO,24,63978,0,414
6/18/2023,CV,Cabo Verde,AFRO,7,63985,0,414
6/25/2023,CV,Cabo Verde,AFRO,45,64030,0,414
7/2/2023,CV,Cabo Verde,AFRO,50,64080,0,414
7/9/2023,CV,Cabo Verde,AFRO,45,64125,0,414
7/16/2023,CV,Cabo Verde,AFRO,36,64161,0,414
7/23/2023,CV,Cabo Verde,AFRO,11,64172,0,414
7/30/2023,CV,Cabo Verde,AFRO,10,64182,0,414
8/6/2023,CV,Cabo Verde,AFRO,7,64189,0,414
8/13/2023,CV,Cabo Verde,AFRO,37,64226,0,414
8/20/2023,CV,Cabo Verde,AFRO,12,64238,1,415
8/27/2023,CV,Cabo Verde,AFRO,34,64272,0,415
9/3/2023,CV,Cabo Verde,AFRO,34,64306,0,415
9/10/2023,CV,Cabo Verde,AFRO,49,64355,0,415
9/17/2023,CV,Cabo Verde,AFRO,49,64404,0,415
9/24/2023,CV,Cabo Verde,AFRO,26,64430,0,415
10/1/2023,CV,Cabo Verde,AFRO,21,64451,1,416
10/8/2023,CV,Cabo Verde,AFRO,5,64456,0,416
10/15/2023,CV,Cabo Verde,AFRO,14,64470,0,416
10/22/2023,CV,Cabo Verde,AFRO,1,64471,0,416
10/29/2023,CV,Cabo Verde,AFRO,3,64474,0,416
11/5/2023,CV,Cabo Verde,AFRO,0,64474,0,416
11/12/2023,CV,Cabo Verde,AFRO,0,64474,0,416
11/19/2023,CV,Cabo Verde,AFRO,0,64474,0,416
11/26/2023,CV,Cabo Verde,AFRO,0,64474,0,416
12/3/2023,CV,Cabo Verde,AFRO,0,64474,0,416
12/10/2023,CV,Cabo Verde,AFRO,0,64474,0,416
12/17/2023,CV,Cabo Verde,AFRO,0,64474,0,416
12/24/2023,CV,Cabo Verde,AFRO,0,64474,0,416
1/5/2020,KH,Cambodia,WPRO,0,0,0,0
1/12/2020,KH,Cambodia,WPRO,0,0,0,0
1/19/2020,KH,Cambodia,WPRO,0,0,0,0
1/26/2020,KH,Cambodia,WPRO,0,0,0,0
2/2/2020,KH,Cambodia,WPRO,1,1,0,0
2/9/2020,KH,Cambodia,WPRO,0,1,0,0
2/16/2020,KH,Cambodia,WPRO,0,1,0,0
2/23/2020,KH,Cambodia,WPRO,0,1,0,0
3/1/2020,KH,Cambodia,WPRO,0,1,0,0
3/8/2020,KH,Cambodia,WPRO,1,2,0,0
3/15/2020,KH,Cambodia,WPRO,5,7,0,0
3/22/2020,KH,Cambodia,WPRO,46,53,0,0
3/29/2020,KH,Cambodia,WPRO,49,102,0,0
4/5/2020,KH,Cambodia,WPRO,12,114,0,0
4/12/2020,KH,Cambodia,WPRO,8,122,0,0
4/19/2020,KH,Cambodia,WPRO,0,122,0,0
4/26/2020,KH,Cambodia,WPRO,0,122,0,0
5/3/2020,KH,Cambodia,WPRO,0,122,0,0
5/10/2020,KH,Cambodia,WPRO,0,122,0,0
5/17/2020,KH,Cambodia,WPRO,0,122,0,0
5/24/2020,KH,Cambodia,WPRO,2,124,0,0
5/31/2020,KH,Cambodia,WPRO,1,125,0,0
6/7/2020,KH,Cambodia,WPRO,1,126,0,0
6/14/2020,KH,Cambodia,WPRO,0,126,0,0
6/21/2020,KH,Cambodia,WPRO,3,129,0,0
6/28/2020,KH,Cambodia,WPRO,10,139,0,0
7/5/2020,KH,Cambodia,WPRO,2,141,0,0
7/12/2020,KH,Cambodia,WPRO,15,156,0,0
7/19/2020,KH,Cambodia,WPRO,15,171,0,0
7/26/2020,KH,Cambodia,WPRO,54,225,0,0
8/2/2020,KH,Cambodia,WPRO,15,240,0,0
8/9/2020,KH,Cambodia,WPRO,8,248,0,0
8/16/2020,KH,Cambodia,WPRO,25,273,0,0
8/23/2020,KH,Cambodia,WPRO,0,273,0,0
8/30/2020,KH,Cambodia,WPRO,0,273,0,0
9/6/2020,KH,Cambodia,WPRO,1,274,0,0
9/13/2020,KH,Cambodia,WPRO,1,275,0,0
9/20/2020,KH,Cambodia,WPRO,0,275,0,0
9/27/2020,KH,Cambodia,WPRO,1,276,0,0
10/4/2020,KH,Cambodia,WPRO,2,278,0,0
10/11/2020,KH,Cambodia,WPRO,5,283,0,0
10/18/2020,KH,Cambodia,WPRO,0,283,0,0
10/25/2020,KH,Cambodia,WPRO,4,287,0,0
11/1/2020,KH,Cambodia,WPRO,4,291,0,0
11/8/2020,KH,Cambodia,WPRO,4,295,0,0
11/15/2020,KH,Cambodia,WPRO,7,302,0,0
11/22/2020,KH,Cambodia,WPRO,4,306,0,0
11/29/2020,KH,Cambodia,WPRO,9,315,0,0
12/6/2020,KH,Cambodia,WPRO,31,346,0,0
12/13/2020,KH,Cambodia,WPRO,13,359,0,0
12/20/2020,KH,Cambodia,WPRO,3,362,0,0
12/27/2020,KH,Cambodia,WPRO,2,364,0,0
1/3/2021,KH,Cambodia,WPRO,18,382,0,0
1/10/2021,KH,Cambodia,WPRO,10,392,0,0
1/17/2021,KH,Cambodia,WPRO,47,439,0,0
1/24/2021,KH,Cambodia,WPRO,19,458,0,0
1/31/2021,KH,Cambodia,WPRO,8,466,0,0
2/7/2021,KH,Cambodia,WPRO,8,474,0,0
2/14/2021,KH,Cambodia,WPRO,5,479,0,0
2/21/2021,KH,Cambodia,WPRO,89,568,0,0
2/28/2021,KH,Cambodia,WPRO,252,820,0,0
3/7/2021,KH,Cambodia,WPRO,191,1011,0,0
3/14/2021,KH,Cambodia,WPRO,314,1325,1,1
3/21/2021,KH,Cambodia,WPRO,428,1753,2,3
3/28/2021,KH,Cambodia,WPRO,520,2273,7,10
4/4/2021,KH,Cambodia,WPRO,479,2752,9,19
4/11/2021,KH,Cambodia,WPRO,1763,4515,10,29
4/18/2021,KH,Cambodia,WPRO,2498,7013,14,43
4/25/2021,KH,Cambodia,WPRO,3542,10555,31,74
5/2/2021,KH,Cambodia,WPRO,4806,15361,32,106
5/9/2021,KH,Cambodia,WPRO,4382,19743,20,126
5/16/2021,KH,Cambodia,WPRO,2801,22544,28,154
5/23/2021,KH,Cambodia,WPRO,3217,25761,25,179
5/30/2021,KH,Cambodia,WPRO,4333,30094,35,214
6/6/2021,KH,Cambodia,WPRO,4150,34244,49,263
6/13/2021,KH,Cambodia,WPRO,4183,38427,72,335
6/20/2021,KH,Cambodia,WPRO,4284,42711,96,431
6/27/2021,KH,Cambodia,WPRO,4938,47649,109,540
7/4/2021,KH,Cambodia,WPRO,6642,54291,180,720
7/11/2021,KH,Cambodia,WPRO,6668,60959,182,902
7/18/2021,KH,Cambodia,WPRO,6222,67181,204,1106
7/25/2021,KH,Cambodia,WPRO,5742,72923,177,1283
8/1/2021,KH,Cambodia,WPRO,4991,77914,137,1420
8/8/2021,KH,Cambodia,WPRO,3977,81891,142,1562
8/15/2021,KH,Cambodia,WPRO,3557,85448,121,1683
8/22/2021,KH,Cambodia,WPRO,3783,89231,109,1792
8/29/2021,KH,Cambodia,WPRO,2977,92208,89,1881
9/5/2021,KH,Cambodia,WPRO,3092,95300,76,1957
9/12/2021,KH,Cambodia,WPRO,4204,99504,83,2040
9/19/2021,KH,Cambodia,WPRO,4590,104094,69,2109
9/26/2021,KH,Cambodia,WPRO,4993,109087,134,2243
10/3/2021,KH,Cambodia,WPRO,4169,113256,140,2383
10/10/2021,KH,Cambodia,WPRO,1554,114810,123,2506
10/17/2021,KH,Cambodia,WPRO,1855,116665,152,2658
10/24/2021,KH,Cambodia,WPRO,1107,117772,76,2734
10/31/2021,KH,Cambodia,WPRO,750,118522,54,2788
11/7/2021,KH,Cambodia,WPRO,570,119092,41,2829
11/14/2021,KH,Cambodia,WPRO,444,119536,38,2867
11/21/2021,KH,Cambodia,WPRO,331,119867,33,2900
11/28/2021,KH,Cambodia,WPRO,220,120087,31,2931
12/5/2021,KH,Cambodia,WPRO,169,120256,29,2960
12/12/2021,KH,Cambodia,WPRO,99,120355,25,2985
12/19/2021,KH,Cambodia,WPRO,61,120416,20,3005
12/26/2021,KH,Cambodia,WPRO,33,120449,3,3008
1/2/2022,KH,Cambodia,WPRO,61,120510,5,3013
1/9/2022,KH,Cambodia,WPRO,111,120621,2,3015
1/16/2022,KH,Cambodia,WPRO,175,120796,0,3015
1/23/2022,KH,Cambodia,WPRO,230,121026,0,3015
1/30/2022,KH,Cambodia,WPRO,273,121299,0,3015
2/6/2022,KH,Cambodia,WPRO,474,121773,0,3015
2/13/2022,KH,Cambodia,WPRO,1670,123443,0,3015
2/20/2022,KH,Cambodia,WPRO,3046,126489,2,3017
2/27/2022,KH,Cambodia,WPRO,3431,129920,15,3032
3/6/2022,KH,Cambodia,WPRO,2482,132402,9,3041
3/13/2022,KH,Cambodia,WPRO,1666,134068,6,3047
3/20/2022,KH,Cambodia,WPRO,918,134986,4,3051
3/27/2022,KH,Cambodia,WPRO,475,135461,3,3054
4/3/2022,KH,Cambodia,WPRO,286,135747,0,3054
4/10/2022,KH,Cambodia,WPRO,200,135947,1,3055
4/17/2022,KH,Cambodia,WPRO,113,136060,0,3055
4/24/2022,KH,Cambodia,WPRO,156,136216,1,3056
5/1/2022,KH,Cambodia,WPRO,36,136252,0,3056
5/8/2022,KH,Cambodia,WPRO,10,136262,0,3056
5/15/2022,KH,Cambodia,WPRO,0,136262,0,3056
5/22/2022,KH,Cambodia,WPRO,0,136262,0,3056
5/29/2022,KH,Cambodia,WPRO,0,136262,0,3056
6/5/2022,KH,Cambodia,WPRO,0,136262,0,3056
6/12/2022,KH,Cambodia,WPRO,0,136262,0,3056
6/19/2022,KH,Cambodia,WPRO,0,136262,0,3056
6/26/2022,KH,Cambodia,WPRO,0,136262,0,3056
7/3/2022,KH,Cambodia,WPRO,28,136290,0,3056
7/10/2022,KH,Cambodia,WPRO,53,136343,0,3056
7/17/2022,KH,Cambodia,WPRO,94,136437,0,3056
7/24/2022,KH,Cambodia,WPRO,128,136565,0,3056
7/31/2022,KH,Cambodia,WPRO,188,136753,0,3056
8/7/2022,KH,Cambodia,WPRO,224,136977,0,3056
8/14/2022,KH,Cambodia,WPRO,230,137207,0,3056
8/21/2022,KH,Cambodia,WPRO,187,137394,0,3056
8/28/2022,KH,Cambodia,WPRO,144,137538,0,3056
9/4/2022,KH,Cambodia,WPRO,112,137650,0,3056
9/11/2022,KH,Cambodia,WPRO,55,137705,0,3056
9/18/2022,KH,Cambodia,WPRO,50,137755,0,3056
9/25/2022,KH,Cambodia,WPRO,78,137833,0,3056
10/2/2022,KH,Cambodia,WPRO,48,137881,0,3056
10/9/2022,KH,Cambodia,WPRO,40,137921,0,3056
10/16/2022,KH,Cambodia,WPRO,42,137963,0,3056
10/23/2022,KH,Cambodia,WPRO,16,137979,0,3056
10/30/2022,KH,Cambodia,WPRO,6,137985,0,3056
11/6/2022,KH,Cambodia,WPRO,11,137996,0,3056
11/13/2022,KH,Cambodia,WPRO,0,137996,0,3056
11/20/2022,KH,Cambodia,WPRO,28,138024,0,3056
11/27/2022,KH,Cambodia,WPRO,35,138059,0,3056
12/4/2022,KH,Cambodia,WPRO,72,138131,0,3056
12/11/2022,KH,Cambodia,WPRO,107,138238,0,3056
12/18/2022,KH,Cambodia,WPRO,141,138379,0,3056
12/25/2022,KH,Cambodia,WPRO,116,138495,0,3056
1/1/2023,KH,Cambodia,WPRO,89,138584,0,3056
1/8/2023,KH,Cambodia,WPRO,38,138622,0,3056
1/15/2023,KH,Cambodia,WPRO,37,138659,0,3056
1/22/2023,KH,Cambodia,WPRO,17,138676,0,3056
1/29/2023,KH,Cambodia,WPRO,9,138685,0,3056
2/5/2023,KH,Cambodia,WPRO,12,138697,0,3056
2/12/2023,KH,Cambodia,WPRO,6,138703,0,3056
2/19/2023,KH,Cambodia,WPRO,3,138706,0,3056
2/26/2023,KH,Cambodia,WPRO,8,138714,0,3056
3/5/2023,KH,Cambodia,WPRO,5,138719,0,3056
3/12/2023,KH,Cambodia,WPRO,0,138719,0,3056
3/19/2023,KH,Cambodia,WPRO,2,138721,0,3056
3/26/2023,KH,Cambodia,WPRO,2,138723,0,3056
4/2/2023,KH,Cambodia,WPRO,2,138725,0,3056
4/9/2023,KH,Cambodia,WPRO,1,138726,0,3056
4/16/2023,KH,Cambodia,WPRO,0,138726,0,3056
4/23/2023,KH,Cambodia,WPRO,5,138731,0,3056
4/30/2023,KH,Cambodia,WPRO,2,138733,0,3056
5/7/2023,KH,Cambodia,WPRO,2,138735,0,3056
5/14/2023,KH,Cambodia,WPRO,1,138736,0,3056
5/21/2023,KH,Cambodia,WPRO,3,138739,0,3056
5/28/2023,KH,Cambodia,WPRO,28,138767,0,3056
6/4/2023,KH,Cambodia,WPRO,36,138803,0,3056
6/11/2023,KH,Cambodia,WPRO,39,138842,0,3056
6/18/2023,KH,Cambodia,WPRO,40,138882,0,3056
6/25/2023,KH,Cambodia,WPRO,13,138895,0,3056
7/2/2023,KH,Cambodia,WPRO,23,138918,0,3056
7/9/2023,KH,Cambodia,WPRO,13,138931,0,3056
7/16/2023,KH,Cambodia,WPRO,4,138935,0,3056
7/23/2023,KH,Cambodia,WPRO,2,138937,0,3056
7/30/2023,KH,Cambodia,WPRO,0,138937,0,3056
8/6/2023,KH,Cambodia,WPRO,3,138940,0,3056
8/13/2023,KH,Cambodia,WPRO,0,138940,0,3056
8/20/2023,KH,Cambodia,WPRO,0,138940,0,3056
8/27/2023,KH,Cambodia,WPRO,0,138940,0,3056
9/3/2023,KH,Cambodia,WPRO,0,138940,0,3056
9/10/2023,KH,Cambodia,WPRO,0,138940,0,3056
9/17/2023,KH,Cambodia,WPRO,1,138941,0,3056
9/24/2023,KH,Cambodia,WPRO,0,138941,0,3056
10/1/2023,KH,Cambodia,WPRO,0,138941,0,3056
10/8/2023,KH,Cambodia,WPRO,0,138941,0,3056
10/15/2023,KH,Cambodia,WPRO,0,138941,0,3056
10/22/2023,KH,Cambodia,WPRO,0,138941,0,3056
10/29/2023,KH,Cambodia,WPRO,2,138943,0,3056
11/5/2023,KH,Cambodia,WPRO,2,138945,0,3056
11/12/2023,KH,Cambodia,WPRO,2,138947,0,3056
11/19/2023,KH,Cambodia,WPRO,3,138950,0,3056
11/26/2023,KH,Cambodia,WPRO,4,138954,0,3056
12/3/2023,KH,Cambodia,WPRO,2,138956,0,3056
12/10/2023,KH,Cambodia,WPRO,7,138963,0,3056
12/17/2023,KH,Cambodia,WPRO,15,138978,0,3056
12/24/2023,KH,Cambodia,WPRO,0,138978,0,3056
1/5/2020,CM,Cameroon,AFRO,0,0,0,0
1/12/2020,CM,Cameroon,AFRO,0,0,0,0
1/19/2020,CM,Cameroon,AFRO,0,0,0,0
1/26/2020,CM,Cameroon,AFRO,0,0,0,0
2/2/2020,CM,Cameroon,AFRO,0,0,0,0
2/9/2020,CM,Cameroon,AFRO,0,0,0,0
2/16/2020,CM,Cameroon,AFRO,0,0,0,0
2/23/2020,CM,Cameroon,AFRO,0,0,0,0
3/1/2020,CM,Cameroon,AFRO,0,0,0,0
3/8/2020,CM,Cameroon,AFRO,2,2,0,0
3/15/2020,CM,Cameroon,AFRO,1,3,0,0
3/22/2020,CM,Cameroon,AFRO,23,26,0,0
3/29/2020,CM,Cameroon,AFRO,64,90,6,6
4/5/2020,CM,Cameroon,AFRO,465,555,7,13
4/12/2020,CM,Cameroon,AFRO,267,822,2,15
4/19/2020,CM,Cameroon,AFRO,194,1016,30,45
4/26/2020,CM,Cameroon,AFRO,605,1621,13,58
5/3/2020,CM,Cameroon,AFRO,456,2077,8,66
5/10/2020,CM,Cameroon,AFRO,258,2335,46,112
5/17/2020,CM,Cameroon,AFRO,712,3047,30,142
5/24/2020,CM,Cameroon,AFRO,1353,4400,20,162
5/31/2020,CM,Cameroon,AFRO,1504,5904,32,194
6/7/2020,CM,Cameroon,AFRO,2054,7958,21,215
6/14/2020,CM,Cameroon,AFRO,1614,9572,61,276
6/21/2020,CM,Cameroon,AFRO,2170,11742,24,300
6/28/2020,CM,Cameroon,AFRO,1603,13345,25,325
7/5/2020,CM,Cameroon,AFRO,1179,14524,15,340
7/12/2020,CM,Cameroon,AFRO,649,15173,17,357
7/19/2020,CM,Cameroon,AFRO,1349,16522,23,380
7/26/2020,CM,Cameroon,AFRO,186,16708,3,383
8/2/2020,CM,Cameroon,AFRO,547,17255,6,389
8/9/2020,CM,Cameroon,AFRO,958,18213,7,396
8/16/2020,CM,Cameroon,AFRO,369,18582,3,399
8/23/2020,CM,Cameroon,AFRO,180,18762,9,408
8/30/2020,CM,Cameroon,AFRO,380,19142,3,411
9/6/2020,CM,Cameroon,AFRO,462,19604,4,415
9/13/2020,CM,Cameroon,AFRO,624,20228,0,415
9/20/2020,CM,Cameroon,AFRO,370,20598,1,416
9/27/2020,CM,Cameroon,AFRO,240,20838,2,418
10/4/2020,CM,Cameroon,AFRO,299,21137,2,420
10/11/2020,CM,Cameroon,AFRO,196,21333,3,423
10/18/2020,CM,Cameroon,AFRO,210,21543,2,425
10/25/2020,CM,Cameroon,AFRO,250,21793,1,426
11/1/2020,CM,Cameroon,AFRO,296,22089,3,429
11/8/2020,CM,Cameroon,AFRO,291,22380,2,431
11/15/2020,CM,Cameroon,AFRO,470,22850,2,433
11/22/2020,CM,Cameroon,AFRO,992,23842,2,435
11/29/2020,CM,Cameroon,AFRO,603,24445,6,441
12/6/2020,CM,Cameroon,AFRO,307,24752,2,443
12/13/2020,CM,Cameroon,AFRO,590,25342,4,447
12/20/2020,CM,Cameroon,AFRO,507,25849,1,448
12/27/2020,CM,Cameroon,AFRO,428,26277,0,448
1/3/2021,CM,Cameroon,AFRO,571,26848,0,448
1/10/2021,CM,Cameroon,AFRO,488,27336,3,451
1/17/2021,CM,Cameroon,AFRO,674,28010,4,455
1/24/2021,CM,Cameroon,AFRO,1607,29617,7,462
1/31/2021,CM,Cameroon,AFRO,696,30313,12,474
2/7/2021,CM,Cameroon,AFRO,1081,31394,0,474
2/14/2021,CM,Cameroon,AFRO,1287,32681,26,500
2/21/2021,CM,Cameroon,AFRO,1068,33749,23,523
2/28/2021,CM,Cameroon,AFRO,1965,35714,28,551
3/7/2021,CM,Cameroon,AFRO,3274,38988,37,588
3/14/2021,CM,Cameroon,AFRO,0,38988,0,588
3/21/2021,CM,Cameroon,AFRO,8681,47669,133,721
3/28/2021,CM,Cameroon,AFRO,6251,53920,58,779
4/4/2021,CM,Cameroon,AFRO,3417,57337,72,851
4/11/2021,CM,Cameroon,AFRO,4394,61731,68,919
4/18/2021,CM,Cameroon,AFRO,4267,65998,72,991
4/25/2021,CM,Cameroon,AFRO,4609,70607,73,1064
5/2/2021,CM,Cameroon,AFRO,4126,74733,80,1144
5/9/2021,CM,Cameroon,AFRO,213,74946,8,1152
5/16/2021,CM,Cameroon,AFRO,1810,76756,78,1230
5/23/2021,CM,Cameroon,AFRO,1226,77982,40,1270
5/30/2021,CM,Cameroon,AFRO,947,78929,5,1275
6/6/2021,CM,Cameroon,AFRO,975,79904,27,1302
6/13/2021,CM,Cameroon,AFRO,186,80090,8,1310
6/20/2021,CM,Cameroon,AFRO,397,80487,10,1320
6/27/2021,CM,Cameroon,AFRO,371,80858,4,1324
7/4/2021,CM,Cameroon,AFRO,0,80858,0,1324
7/11/2021,CM,Cameroon,AFRO,609,81467,6,1330
7/18/2021,CM,Cameroon,AFRO,404,81871,2,1332
7/25/2021,CM,Cameroon,AFRO,193,82064,2,1334
8/1/2021,CM,Cameroon,AFRO,0,82064,0,1334
8/8/2021,CM,Cameroon,AFRO,390,82454,4,1338
8/15/2021,CM,Cameroon,AFRO,359,82813,4,1342
8/22/2021,CM,Cameroon,AFRO,612,83425,8,1350
8/29/2021,CM,Cameroon,AFRO,785,84210,7,1357
9/5/2021,CM,Cameroon,AFRO,710,84920,7,1364
9/12/2021,CM,Cameroon,AFRO,494,85414,4,1368
9/19/2021,CM,Cameroon,AFRO,2769,88183,43,1411
9/26/2021,CM,Cameroon,AFRO,4120,92303,48,1459
10/3/2021,CM,Cameroon,AFRO,3096,95399,58,1517
10/10/2021,CM,Cameroon,AFRO,3003,98402,33,1550
10/17/2021,CM,Cameroon,AFRO,1887,100289,50,1600
10/24/2021,CM,Cameroon,AFRO,2210,102499,86,1686
10/31/2021,CM,Cameroon,AFRO,1849,104348,45,1731
11/7/2021,CM,Cameroon,AFRO,1371,105719,27,1758
11/14/2021,CM,Cameroon,AFRO,471,106190,12,1770
11/21/2021,CM,Cameroon,AFRO,604,106794,21,1791
11/28/2021,CM,Cameroon,AFRO,354,107148,13,1804
12/5/2021,CM,Cameroon,AFRO,401,107549,19,1823
12/12/2021,CM,Cameroon,AFRO,113,107662,13,1836
12/19/2021,CM,Cameroon,AFRO,364,108026,5,1841
12/26/2021,CM,Cameroon,AFRO,650,108676,10,1851
1/2/2022,CM,Cameroon,AFRO,990,109666,2,1853
1/9/2022,CM,Cameroon,AFRO,1766,111432,4,1857
1/16/2022,CM,Cameroon,AFRO,2681,114113,10,1867
1/23/2022,CM,Cameroon,AFRO,2605,116718,13,1880
1/30/2022,CM,Cameroon,AFRO,958,117676,27,1907
2/6/2022,CM,Cameroon,AFRO,999,118675,8,1915
2/13/2022,CM,Cameroon,AFRO,258,118933,3,1918
2/20/2022,CM,Cameroon,AFRO,174,119107,2,1920
2/27/2022,CM,Cameroon,AFRO,133,119240,3,1923
3/6/2022,CM,Cameroon,AFRO,82,119322,3,1926
3/13/2022,CM,Cameroon,AFRO,92,119414,0,1926
3/20/2022,CM,Cameroon,AFRO,130,119544,1,1927
3/27/2022,CM,Cameroon,AFRO,93,119637,0,1927
4/3/2022,CM,Cameroon,AFRO,88,119725,0,1927
4/10/2022,CM,Cameroon,AFRO,55,119780,0,1927
4/17/2022,CM,Cameroon,AFRO,33,119813,0,1927
4/24/2022,CM,Cameroon,AFRO,37,119850,0,1927
5/1/2022,CM,Cameroon,AFRO,40,119890,2,1929
5/8/2022,CM,Cameroon,AFRO,34,119924,1,1930
5/15/2022,CM,Cameroon,AFRO,23,119947,0,1930
5/22/2022,CM,Cameroon,AFRO,26,119973,0,1930
5/29/2022,CM,Cameroon,AFRO,29,120002,0,1930
6/5/2022,CM,Cameroon,AFRO,26,120028,1,1931
6/12/2022,CM,Cameroon,AFRO,40,120068,0,1931
6/19/2022,CM,Cameroon,AFRO,53,120121,0,1931
6/26/2022,CM,Cameroon,AFRO,33,120154,0,1931
7/3/2022,CM,Cameroon,AFRO,43,120197,0,1931
7/10/2022,CM,Cameroon,AFRO,18,120215,0,1931
7/17/2022,CM,Cameroon,AFRO,52,120267,0,1931
7/24/2022,CM,Cameroon,AFRO,95,120362,1,1932
7/31/2022,CM,Cameroon,AFRO,162,120524,1,1933
8/7/2022,CM,Cameroon,AFRO,443,120967,0,1933
8/14/2022,CM,Cameroon,AFRO,685,121652,2,1935
8/21/2022,CM,Cameroon,AFRO,0,121652,0,1935
8/28/2022,CM,Cameroon,AFRO,1337,122989,14,1949
9/4/2022,CM,Cameroon,AFRO,319,123308,3,1952
9/11/2022,CM,Cameroon,AFRO,172,123480,5,1957
9/18/2022,CM,Cameroon,AFRO,149,123629,3,1960
9/25/2022,CM,Cameroon,AFRO,72,123701,0,1960
10/2/2022,CM,Cameroon,AFRO,84,123785,0,1960
10/9/2022,CM,Cameroon,AFRO,80,123865,4,1964
10/16/2022,CM,Cameroon,AFRO,62,123927,0,1964
10/23/2022,CM,Cameroon,AFRO,66,123993,1,1965
10/30/2022,CM,Cameroon,AFRO,0,123993,0,1965
11/6/2022,CM,Cameroon,AFRO,0,123993,0,1965
11/13/2022,CM,Cameroon,AFRO,0,123993,0,1965
11/20/2022,CM,Cameroon,AFRO,0,123993,0,1965
11/27/2022,CM,Cameroon,AFRO,0,123993,0,1965
12/4/2022,CM,Cameroon,AFRO,0,123993,0,1965
12/11/2022,CM,Cameroon,AFRO,0,123993,0,1965
12/18/2022,CM,Cameroon,AFRO,0,123993,0,1965
12/25/2022,CM,Cameroon,AFRO,0,123993,0,1965
1/1/2023,CM,Cameroon,AFRO,0,123993,0,1965
1/8/2023,CM,Cameroon,AFRO,0,123993,0,1965
1/15/2023,CM,Cameroon,AFRO,0,123993,0,1965
1/22/2023,CM,Cameroon,AFRO,296,124289,0,1965
1/29/2023,CM,Cameroon,AFRO,6,124295,0,1965
2/5/2023,CM,Cameroon,AFRO,14,124309,0,1965
2/12/2023,CM,Cameroon,AFRO,19,124328,0,1965
2/19/2023,CM,Cameroon,AFRO,64,124392,0,1965
2/26/2023,CM,Cameroon,AFRO,93,124485,0,1965
3/5/2023,CM,Cameroon,AFRO,120,124605,1,1966
3/12/2023,CM,Cameroon,AFRO,74,124679,2,1968
3/19/2023,CM,Cameroon,AFRO,62,124741,0,1968
3/26/2023,CM,Cameroon,AFRO,44,124785,1,1969
4/2/2023,CM,Cameroon,AFRO,49,124834,1,1970
4/9/2023,CM,Cameroon,AFRO,49,124883,0,1970
4/16/2023,CM,Cameroon,AFRO,12,124895,1,1971
4/23/2023,CM,Cameroon,AFRO,88,124983,0,1971
4/30/2023,CM,Cameroon,AFRO,28,125011,1,1972
5/7/2023,CM,Cameroon,AFRO,25,125036,0,1972
5/14/2023,CM,Cameroon,AFRO,0,125036,0,1972
5/21/2023,CM,Cameroon,AFRO,22,125058,0,1972
5/28/2023,CM,Cameroon,AFRO,7,125065,0,1972
6/4/2023,CM,Cameroon,AFRO,16,125081,0,1972
6/11/2023,CM,Cameroon,AFRO,9,125090,2,1974
6/18/2023,CM,Cameroon,AFRO,0,125090,0,1974
6/25/2023,CM,Cameroon,AFRO,0,125090,0,1974
7/2/2023,CM,Cameroon,AFRO,0,125090,0,1974
7/9/2023,CM,Cameroon,AFRO,0,125090,0,1974
7/16/2023,CM,Cameroon,AFRO,0,125090,0,1974
7/23/2023,CM,Cameroon,AFRO,0,125090,0,1974
7/30/2023,CM,Cameroon,AFRO,0,125090,0,1974
8/6/2023,CM,Cameroon,AFRO,0,125090,0,1974
8/13/2023,CM,Cameroon,AFRO,0,125090,0,1974
8/20/2023,CM,Cameroon,AFRO,0,125090,0,1974
8/27/2023,CM,Cameroon,AFRO,0,125090,0,1974
9/3/2023,CM,Cameroon,AFRO,0,125090,0,1974
9/10/2023,CM,Cameroon,AFRO,0,125090,0,1974
9/17/2023,CM,Cameroon,AFRO,0,125090,0,1974
9/24/2023,CM,Cameroon,AFRO,0,125090,0,1974
10/1/2023,CM,Cameroon,AFRO,0,125090,0,1974
10/8/2023,CM,Cameroon,AFRO,4,125094,0,1974
10/15/2023,CM,Cameroon,AFRO,12,125106,0,1974
10/22/2023,CM,Cameroon,AFRO,3,125109,0,1974
10/29/2023,CM,Cameroon,AFRO,0,125109,0,1974
11/5/2023,CM,Cameroon,AFRO,8,125117,0,1974
11/12/2023,CM,Cameroon,AFRO,10,125127,0,1974
11/19/2023,CM,Cameroon,AFRO,5,125132,0,1974
11/26/2023,CM,Cameroon,AFRO,3,125135,0,1974
12/3/2023,CM,Cameroon,AFRO,1,125136,0,1974
12/10/2023,CM,Cameroon,AFRO,1,125137,0,1974
12/17/2023,CM,Cameroon,AFRO,0,125137,0,1974
12/24/2023,CM,Cameroon,AFRO,0,125137,0,1974
1/5/2020,CA,Canada,AMRO,0,0,0,0
1/12/2020,CA,Canada,AMRO,0,0,0,0
1/19/2020,CA,Canada,AMRO,0,0,0,0
1/26/2020,CA,Canada,AMRO,1,1,0,0
2/2/2020,CA,Canada,AMRO,3,4,0,0
2/9/2020,CA,Canada,AMRO,3,7,0,0
2/16/2020,CA,Canada,AMRO,0,7,0,0
2/23/2020,CA,Canada,AMRO,2,9,0,0
3/1/2020,CA,Canada,AMRO,6,15,0,0
3/8/2020,CA,Canada,AMRO,36,51,0,0
3/15/2020,CA,Canada,AMRO,125,176,1,1
3/22/2020,CA,Canada,AMRO,795,971,10,11
3/29/2020,CA,Canada,AMRO,3704,4675,24,35
4/5/2020,CA,Canada,AMRO,7844,12519,152,187
4/12/2020,CA,Canada,AMRO,9614,22133,381,568
4/19/2020,CA,Canada,AMRO,9739,31872,738,1306
4/26/2020,CA,Canada,AMRO,12005,43877,993,2299
5/3/2020,CA,Canada,AMRO,11173,55050,1083,3382
5/10/2020,CA,Canada,AMRO,11372,66422,1174,4556
5/17/2020,CA,Canada,AMRO,8180,74602,990,5546
5/24/2020,CA,Canada,AMRO,7867,82469,686,6232
5/31/2020,CA,Canada,AMRO,6938,89407,727,6959
6/7/2020,CA,Canada,AMRO,4917,94324,724,7683
6/14/2020,CA,Canada,AMRO,3608,97932,338,8021
6/21/2020,CA,Canada,AMRO,2686,100618,297,8318
6/28/2020,CA,Canada,AMRO,2165,102783,157,8475
7/5/2020,CA,Canada,AMRO,2296,105079,152,8627
7/12/2020,CA,Canada,AMRO,2035,107114,96,8723
7/19/2020,CA,Canada,AMRO,2544,109658,79,8802
7/26/2020,CA,Canada,AMRO,3535,113193,42,8844
8/2/2020,CA,Canada,AMRO,3105,116298,53,8897
8/9/2020,CA,Canada,AMRO,2672,118970,35,8932
8/16/2020,CA,Canada,AMRO,2682,121652,50,8982
8/23/2020,CA,Canada,AMRO,2720,124372,44,9026
8/30/2020,CA,Canada,AMRO,2938,127310,49,9075
9/6/2020,CA,Canada,AMRO,3814,131124,29,9104
9/13/2020,CA,Canada,AMRO,4502,135626,22,9126
9/20/2020,CA,Canada,AMRO,6285,141911,41,9167
9/27/2020,CA,Canada,AMRO,8545,150456,50,9217
10/4/2020,CA,Canada,AMRO,12203,162659,153,9370
10/11/2020,CA,Canada,AMRO,15458,178117,175,9545
10/18/2020,CA,Canada,AMRO,15989,194106,136,9681
10/25/2020,CA,Canada,AMRO,17626,211732,163,9844
11/1/2020,CA,Canada,AMRO,20267,231999,216,10060
11/8/2020,CA,Canada,AMRO,23810,255809,320,10380
11/15/2020,CA,Canada,AMRO,31509,287318,391,10771
11/22/2020,CA,Canada,AMRO,33401,320719,500,11271
11/29/2020,CA,Canada,AMRO,38345,359064,551,11822
12/6/2020,CA,Canada,AMRO,43504,402568,596,12418
12/13/2020,CA,Canada,AMRO,46271,448839,748,13166
12/20/2020,CA,Canada,AMRO,46504,495343,781,13947
12/27/2020,CA,Canada,AMRO,43898,539241,787,14734
1/3/2021,CA,Canada,AMRO,49698,588939,898,15632
1/10/2021,CA,Canada,AMRO,55410,644349,958,16590
1/17/2021,CA,Canada,AMRO,51355,695704,1016,17606
1/24/2021,CA,Canada,AMRO,41703,737407,1091,18697
1/31/2021,CA,Canada,AMRO,33386,770793,965,19662
2/7/2021,CA,Canada,AMRO,26963,797756,797,20459
2/14/2021,CA,Canada,AMRO,22550,820306,542,21001
2/21/2021,CA,Canada,AMRO,20280,840586,406,21407
2/28/2021,CA,Canada,AMRO,20961,861547,331,21738
3/7/2021,CA,Canada,AMRO,20207,881754,272,22010
3/14/2021,CA,Canada,AMRO,21462,903216,207,22217
3/21/2021,CA,Canada,AMRO,23846,927062,205,22422
3/28/2021,CA,Canada,AMRO,29593,956655,207,22629
4/4/2021,CA,Canada,AMRO,38181,994836,199,22828
4/11/2021,CA,Canada,AMRO,50441,1045277,209,23037
4/18/2021,CA,Canada,AMRO,60788,1106065,285,23322
4/25/2021,CA,Canada,AMRO,58515,1164580,333,23655
5/2/2021,CA,Canada,AMRO,54838,1219418,339,23994
5/9/2021,CA,Canada,AMRO,53748,1273166,303,24297
5/16/2021,CA,Canada,AMRO,45246,1318412,335,24632
5/23/2021,CA,Canada,AMRO,33709,1352121,290,24922
5/30/2021,CA,Canada,AMRO,22152,1374273,270,25192
6/6/2021,CA,Canada,AMRO,15229,1389502,235,25427
6/13/2021,CA,Canada,AMRO,10215,1399717,205,25632
6/20/2021,CA,Canada,AMRO,7541,1407258,135,25767
6/27/2021,CA,Canada,AMRO,5043,1412301,176,25943
7/4/2021,CA,Canada,AMRO,4015,1416316,138,26081
7/11/2021,CA,Canada,AMRO,3648,1419964,78,26159
7/18/2021,CA,Canada,AMRO,2677,1422641,66,26225
7/25/2021,CA,Canada,AMRO,3070,1425711,49,26274
8/1/2021,CA,Canada,AMRO,4772,1430483,47,26321
8/8/2021,CA,Canada,AMRO,7218,1437701,65,26386
8/15/2021,CA,Canada,AMRO,12150,1449851,42,26428
8/22/2021,CA,Canada,AMRO,16015,1465866,93,26521
8/29/2021,CA,Canada,AMRO,20570,1486436,100,26621
9/5/2021,CA,Canada,AMRO,24776,1511212,115,26736
9/12/2021,CA,Canada,AMRO,26881,1538093,162,26898
9/19/2021,CA,Canada,AMRO,31093,1569186,198,27096
9/26/2021,CA,Canada,AMRO,29621,1598807,248,27344
10/3/2021,CA,Canada,AMRO,30335,1629142,298,27642
10/10/2021,CA,Canada,AMRO,26222,1655364,262,27904
10/17/2021,CA,Canada,AMRO,21482,1676846,282,28186
10/24/2021,CA,Canada,AMRO,19068,1695914,261,28447
10/31/2021,CA,Canada,AMRO,16214,1712128,222,28669
11/7/2021,CA,Canada,AMRO,15555,1727683,178,28847
11/14/2021,CA,Canada,AMRO,17666,1745349,175,29022
11/21/2021,CA,Canada,AMRO,17085,1762434,171,29193
11/28/2021,CA,Canada,AMRO,19737,1782171,137,29330
12/5/2021,CA,Canada,AMRO,20188,1802359,138,29468
12/12/2021,CA,Canada,AMRO,25396,1827755,142,29610
12/19/2021,CA,Canada,AMRO,39945,1867700,132,29742
12/26/2021,CA,Canada,AMRO,94023,1961723,109,29851
1/2/2022,CA,Canada,AMRO,226586,2188309,173,30024
1/9/2022,CA,Canada,AMRO,293833,2482142,339,30363
1/16/2022,CA,Canada,AMRO,238269,2720411,623,30986
1/23/2022,CA,Canada,AMRO,171610,2892021,1015,32001
1/30/2022,CA,Canada,AMRO,124003,3016024,1118,33119
2/6/2022,CA,Canada,AMRO,94313,3110337,980,34099
2/13/2022,CA,Canada,AMRO,70502,3180839,817,34916
2/20/2022,CA,Canada,AMRO,53473,3234312,613,35529
2/27/2022,CA,Canada,AMRO,42675,3276987,465,35994
3/6/2022,CA,Canada,AMRO,40513,3317500,435,36429
3/13/2022,CA,Canada,AMRO,38996,3356496,420,36849
3/20/2022,CA,Canada,AMRO,37339,3393835,301,37150
3/27/2022,CA,Canada,AMRO,42171,3436006,261,37411
4/3/2022,CA,Canada,AMRO,56397,3492403,260,37671
4/10/2022,CA,Canada,AMRO,68656,3561059,306,37977
4/17/2022,CA,Canada,AMRO,66946,3628005,324,38301
4/24/2022,CA,Canada,AMRO,63247,3691252,452,38753
5/1/2022,CA,Canada,AMRO,54519,3745771,477,39230
5/8/2022,CA,Canada,AMRO,41069,3786840,486,39716
5/15/2022,CA,Canada,AMRO,32418,3819258,501,40217
5/22/2022,CA,Canada,AMRO,25055,3844313,447,40664
5/29/2022,CA,Canada,AMRO,18400,3862713,303,40967
6/5/2022,CA,Canada,AMRO,17026,3879739,304,41271
6/12/2022,CA,Canada,AMRO,12670,3892409,77,41348
6/19/2022,CA,Canada,AMRO,23312,3915721,-331,41017
6/26/2022,CA,Canada,AMRO,15463,3931184,143,41160
7/3/2022,CA,Canada,AMRO,17752,3948936,140,41300
7/10/2022,CA,Canada,AMRO,22662,3971598,152,41452
7/17/2022,CA,Canada,AMRO,27557,3999155,174,41626
7/24/2022,CA,Canada,AMRO,32435,4031590,242,41868
7/31/2022,CA,Canada,AMRO,33319,4064909,291,42159
8/7/2022,CA,Canada,AMRO,28849,4093758,263,42422
8/14/2022,CA,Canada,AMRO,25692,4119450,346,42768
8/21/2022,CA,Canada,AMRO,23906,4143356,259,43027
8/28/2022,CA,Canada,AMRO,23082,4166438,300,43327
9/4/2022,CA,Canada,AMRO,21086,4187524,302,43629
9/11/2022,CA,Canada,AMRO,18478,4206002,253,43882
9/18/2022,CA,Canada,AMRO,16726,4222728,227,44109
9/25/2022,CA,Canada,AMRO,17558,4240286,224,44333
10/2/2022,CA,Canada,AMRO,18643,4258929,210,44543
10/9/2022,CA,Canada,AMRO,19634,4278563,231,44774
10/16/2022,CA,Canada,AMRO,20412,4298975,287,45061
10/23/2022,CA,Canada,AMRO,21454,4320429,379,45440
10/30/2022,CA,Canada,AMRO,21359,4341788,380,45820
11/6/2022,CA,Canada,AMRO,20964,4362752,376,46196
11/13/2022,CA,Canada,AMRO,18396,4381148,344,46540
11/20/2022,CA,Canada,AMRO,15289,4396437,304,46844
11/27/2022,CA,Canada,AMRO,14582,4411019,322,47166
12/4/2022,CA,Canada,AMRO,15134,4426153,308,47474
12/11/2022,CA,Canada,AMRO,16209,4442362,285,47759
12/18/2022,CA,Canada,AMRO,16625,4458987,280,48039
12/25/2022,CA,Canada,AMRO,17398,4476385,382,48421
1/1/2023,CA,Canada,AMRO,16395,4492780,350,48771
1/8/2023,CA,Canada,AMRO,16691,4509471,258,49029
1/15/2023,CA,Canada,AMRO,16796,4526267,332,49361
1/22/2023,CA,Canada,AMRO,13674,4539941,302,49663
1/29/2023,CA,Canada,AMRO,11455,4551396,278,49941
2/5/2023,CA,Canada,AMRO,10337,4561733,252,50193
2/12/2023,CA,Canada,AMRO,10333,4572066,226,50419
2/19/2023,CA,Canada,AMRO,10322,4582388,212,50631
2/26/2023,CA,Canada,AMRO,9670,4592058,168,50799
3/5/2023,CA,Canada,AMRO,9161,4601219,165,50964
3/12/2023,CA,Canada,AMRO,8947,4610166,161,51125
3/19/2023,CA,Canada,AMRO,8585,4618751,181,51306
3/26/2023,CA,Canada,AMRO,8346,4627097,151,51457
4/2/2023,CA,Canada,AMRO,7850,4634947,131,51588
4/9/2023,CA,Canada,AMRO,7085,4642032,147,51735
4/16/2023,CA,Canada,AMRO,6293,4648325,146,51881
4/23/2023,CA,Canada,AMRO,6605,4654930,119,52000
4/30/2023,CA,Canada,AMRO,5770,4660700,150,52150
5/7/2023,CA,Canada,AMRO,5230,4665930,141,52291
5/14/2023,CA,Canada,AMRO,4633,4670563,120,52411
5/21/2023,CA,Canada,AMRO,0,4670563,0,52411
5/28/2023,CA,Canada,AMRO,0,4670563,0,52411
6/4/2023,CA,Canada,AMRO,0,4670563,0,52411
6/11/2023,CA,Canada,AMRO,0,4670563,0,52411
6/18/2023,CA,Canada,AMRO,0,4670563,0,52411
6/25/2023,CA,Canada,AMRO,0,4670563,0,52411
7/2/2023,CA,Canada,AMRO,0,4670563,0,52411
7/9/2023,CA,Canada,AMRO,0,4670563,0,52411
7/16/2023,CA,Canada,AMRO,0,4670563,0,52411
7/23/2023,CA,Canada,AMRO,0,4670563,0,52411
7/30/2023,CA,Canada,AMRO,0,4670563,0,52411
8/6/2023,CA,Canada,AMRO,0,4670563,0,52411
8/13/2023,CA,Canada,AMRO,1077,4671640,21,52432
8/20/2023,CA,Canada,AMRO,1603,4673243,20,52452
8/27/2023,CA,Canada,AMRO,2092,4675335,25,52477
9/3/2023,CA,Canada,AMRO,2315,4677650,50,52527
9/10/2023,CA,Canada,AMRO,2673,4680323,59,52586
9/17/2023,CA,Canada,AMRO,3236,4683559,55,52641
9/24/2023,CA,Canada,AMRO,4001,4687560,65,52706
10/1/2023,CA,Canada,AMRO,4752,4692312,76,52782
10/8/2023,CA,Canada,AMRO,4662,4696974,99,52881
10/15/2023,CA,Canada,AMRO,4263,4701237,75,52956
10/22/2023,CA,Canada,AMRO,4861,4706098,93,53049
10/29/2023,CA,Canada,AMRO,4938,4711036,92,53141
11/5/2023,CA,Canada,AMRO,4957,4715993,73,53214
11/12/2023,CA,Canada,AMRO,5076,4721069,74,53288
11/19/2023,CA,Canada,AMRO,5947,4727016,76,53364
11/26/2023,CA,Canada,AMRO,6156,4733172,70,53434
12/3/2023,CA,Canada,AMRO,5625,4738797,61,53495
12/10/2023,CA,Canada,AMRO,4874,4743671,28,53523
12/17/2023,CA,Canada,AMRO,4456,4748127,9,53532
12/24/2023,CA,Canada,AMRO,824,4748951,0,53532
1/5/2020,KY,Cayman Islands,AMRO,0,0,0,0
1/12/2020,KY,Cayman Islands,AMRO,0,0,0,0
1/19/2020,KY,Cayman Islands,AMRO,0,0,0,0
1/26/2020,KY,Cayman Islands,AMRO,0,0,0,0
2/2/2020,KY,Cayman Islands,AMRO,0,0,0,0
2/9/2020,KY,Cayman Islands,AMRO,0,0,0,0
2/16/2020,KY,Cayman Islands,AMRO,0,0,0,0
2/23/2020,KY,Cayman Islands,AMRO,0,0,0,0
3/1/2020,KY,Cayman Islands,AMRO,0,0,0,0
3/8/2020,KY,Cayman Islands,AMRO,0,0,0,0
3/15/2020,KY,Cayman Islands,AMRO,1,1,1,1
3/22/2020,KY,Cayman Islands,AMRO,2,3,0,1
3/29/2020,KY,Cayman Islands,AMRO,5,8,0,1
4/5/2020,KY,Cayman Islands,AMRO,20,28,0,1
4/12/2020,KY,Cayman Islands,AMRO,17,45,0,1
4/19/2020,KY,Cayman Islands,AMRO,16,61,0,1
4/26/2020,KY,Cayman Islands,AMRO,9,70,0,1
5/3/2020,KY,Cayman Islands,AMRO,4,74,0,1
5/10/2020,KY,Cayman Islands,AMRO,7,81,0,1
5/17/2020,KY,Cayman Islands,AMRO,13,94,0,1
5/24/2020,KY,Cayman Islands,AMRO,35,129,0,1
5/31/2020,KY,Cayman Islands,AMRO,12,141,0,1
6/7/2020,KY,Cayman Islands,AMRO,23,164,0,1
6/14/2020,KY,Cayman Islands,AMRO,23,187,0,1
6/21/2020,KY,Cayman Islands,AMRO,8,195,0,1
6/28/2020,KY,Cayman Islands,AMRO,1,196,0,1
7/5/2020,KY,Cayman Islands,AMRO,5,201,0,1
7/12/2020,KY,Cayman Islands,AMRO,0,201,0,1
7/19/2020,KY,Cayman Islands,AMRO,2,203,0,1
7/26/2020,KY,Cayman Islands,AMRO,0,203,0,1
8/2/2020,KY,Cayman Islands,AMRO,0,203,0,1
8/9/2020,KY,Cayman Islands,AMRO,0,203,0,1
8/16/2020,KY,Cayman Islands,AMRO,0,203,0,1
8/23/2020,KY,Cayman Islands,AMRO,2,205,0,1
8/30/2020,KY,Cayman Islands,AMRO,0,205,0,1
9/6/2020,KY,Cayman Islands,AMRO,0,205,0,1
9/13/2020,KY,Cayman Islands,AMRO,3,208,0,1
9/20/2020,KY,Cayman Islands,AMRO,0,208,0,1
9/27/2020,KY,Cayman Islands,AMRO,2,210,0,1
10/4/2020,KY,Cayman Islands,AMRO,3,213,0,1
10/11/2020,KY,Cayman Islands,AMRO,7,220,0,1
10/18/2020,KY,Cayman Islands,AMRO,13,233,0,1
10/25/2020,KY,Cayman Islands,AMRO,6,239,0,1
11/1/2020,KY,Cayman Islands,AMRO,1,240,0,1
11/8/2020,KY,Cayman Islands,AMRO,10,250,0,1
11/15/2020,KY,Cayman Islands,AMRO,4,254,0,1
11/22/2020,KY,Cayman Islands,AMRO,7,261,1,2
11/29/2020,KY,Cayman Islands,AMRO,13,274,0,2
12/6/2020,KY,Cayman Islands,AMRO,14,288,0,2
12/13/2020,KY,Cayman Islands,AMRO,10,298,0,2
12/20/2020,KY,Cayman Islands,AMRO,13,311,0,2
12/27/2020,KY,Cayman Islands,AMRO,7,318,0,2
1/3/2021,KY,Cayman Islands,AMRO,20,338,0,2
1/10/2021,KY,Cayman Islands,AMRO,21,359,0,2
1/17/2021,KY,Cayman Islands,AMRO,15,374,0,2
1/24/2021,KY,Cayman Islands,AMRO,9,383,0,2
1/31/2021,KY,Cayman Islands,AMRO,7,390,0,2
2/7/2021,KY,Cayman Islands,AMRO,15,405,0,2
2/14/2021,KY,Cayman Islands,AMRO,11,416,0,2
2/21/2021,KY,Cayman Islands,AMRO,12,428,0,2
2/28/2021,KY,Cayman Islands,AMRO,10,438,0,2
3/7/2021,KY,Cayman Islands,AMRO,13,451,0,2
3/14/2021,KY,Cayman Islands,AMRO,17,468,0,2
3/21/2021,KY,Cayman Islands,AMRO,7,475,0,2
3/28/2021,KY,Cayman Islands,AMRO,12,487,0,2
4/4/2021,KY,Cayman Islands,AMRO,14,501,0,2
4/11/2021,KY,Cayman Islands,AMRO,15,516,0,2
4/18/2021,KY,Cayman Islands,AMRO,9,525,0,2
4/25/2021,KY,Cayman Islands,AMRO,9,534,0,2
5/2/2021,KY,Cayman Islands,AMRO,9,543,0,2
5/9/2021,KY,Cayman Islands,AMRO,5,548,0,2
5/16/2021,KY,Cayman Islands,AMRO,17,565,0,2
5/23/2021,KY,Cayman Islands,AMRO,9,574,0,2
5/30/2021,KY,Cayman Islands,AMRO,7,581,0,2
6/6/2021,KY,Cayman Islands,AMRO,6,587,0,2
6/13/2021,KY,Cayman Islands,AMRO,5,592,0,2
6/20/2021,KY,Cayman Islands,AMRO,16,608,0,2
6/27/2021,KY,Cayman Islands,AMRO,1,609,0,2
7/4/2021,KY,Cayman Islands,AMRO,5,614,0,2
7/11/2021,KY,Cayman Islands,AMRO,2,616,0,2
7/18/2021,KY,Cayman Islands,AMRO,6,622,0,2
7/25/2021,KY,Cayman Islands,AMRO,14,636,0,2
8/1/2021,KY,Cayman Islands,AMRO,7,643,0,2
8/8/2021,KY,Cayman Islands,AMRO,3,646,0,2
8/15/2021,KY,Cayman Islands,AMRO,5,651,0,2
8/22/2021,KY,Cayman Islands,AMRO,12,663,0,2
8/29/2021,KY,Cayman Islands,AMRO,17,680,0,2
9/5/2021,KY,Cayman Islands,AMRO,11,691,0,2
9/12/2021,KY,Cayman Islands,AMRO,38,729,0,2
9/19/2021,KY,Cayman Islands,AMRO,45,774,0,2
9/26/2021,KY,Cayman Islands,AMRO,21,795,0,2
10/3/2021,KY,Cayman Islands,AMRO,58,853,0,2
10/10/2021,KY,Cayman Islands,AMRO,86,939,0,2
10/17/2021,KY,Cayman Islands,AMRO,72,1011,0,2
10/24/2021,KY,Cayman Islands,AMRO,185,1196,0,2
10/31/2021,KY,Cayman Islands,AMRO,454,1650,0,2
11/7/2021,KY,Cayman Islands,AMRO,1026,2676,0,2
11/14/2021,KY,Cayman Islands,AMRO,751,3427,0,2
11/21/2021,KY,Cayman Islands,AMRO,2105,5532,2,4
11/28/2021,KY,Cayman Islands,AMRO,1206,6738,0,4
12/5/2021,KY,Cayman Islands,AMRO,791,7529,3,7
12/12/2021,KY,Cayman Islands,AMRO,342,7871,2,9
12/19/2021,KY,Cayman Islands,AMRO,226,8097,0,9
12/26/2021,KY,Cayman Islands,AMRO,289,8386,2,11
1/2/2022,KY,Cayman Islands,AMRO,694,9080,1,12
1/9/2022,KY,Cayman Islands,AMRO,1538,10618,0,12
1/16/2022,KY,Cayman Islands,AMRO,1405,12023,2,14
1/23/2022,KY,Cayman Islands,AMRO,1711,13734,1,15
1/30/2022,KY,Cayman Islands,AMRO,54,13788,0,15
2/6/2022,KY,Cayman Islands,AMRO,2146,15934,1,16
2/13/2022,KY,Cayman Islands,AMRO,1753,17687,0,16
2/20/2022,KY,Cayman Islands,AMRO,1041,18728,1,17
2/27/2022,KY,Cayman Islands,AMRO,645,19373,0,17
3/6/2022,KY,Cayman Islands,AMRO,0,19373,0,17
3/13/2022,KY,Cayman Islands,AMRO,700,20073,4,21
3/20/2022,KY,Cayman Islands,AMRO,263,20336,2,23
3/27/2022,KY,Cayman Islands,AMRO,270,20606,1,24
4/3/2022,KY,Cayman Islands,AMRO,0,20606,1,25
4/10/2022,KY,Cayman Islands,AMRO,515,21121,0,25
4/17/2022,KY,Cayman Islands,AMRO,285,21406,2,27
4/24/2022,KY,Cayman Islands,AMRO,349,21755,0,27
5/1/2022,KY,Cayman Islands,AMRO,468,22223,0,27
5/8/2022,KY,Cayman Islands,AMRO,605,22828,1,28
5/15/2022,KY,Cayman Islands,AMRO,750,23578,0,28
5/22/2022,KY,Cayman Islands,AMRO,899,24477,0,28
5/29/2022,KY,Cayman Islands,AMRO,0,24477,0,28
6/5/2022,KY,Cayman Islands,AMRO,1409,25886,0,28
6/12/2022,KY,Cayman Islands,AMRO,439,26325,0,28
6/19/2022,KY,Cayman Islands,AMRO,472,26797,0,28
6/26/2022,KY,Cayman Islands,AMRO,374,27171,0,28
7/3/2022,KY,Cayman Islands,AMRO,423,27594,1,29
7/10/2022,KY,Cayman Islands,AMRO,372,27966,0,29
7/17/2022,KY,Cayman Islands,AMRO,423,28389,0,29
7/24/2022,KY,Cayman Islands,AMRO,395,28784,0,29
7/31/2022,KY,Cayman Islands,AMRO,325,29109,0,29
8/7/2022,KY,Cayman Islands,AMRO,310,29419,0,29
8/14/2022,KY,Cayman Islands,AMRO,234,29653,0,29
8/21/2022,KY,Cayman Islands,AMRO,254,29907,0,29
8/28/2022,KY,Cayman Islands,AMRO,150,30057,0,29
9/4/2022,KY,Cayman Islands,AMRO,157,30214,0,29
9/11/2022,KY,Cayman Islands,AMRO,166,30380,0,29
9/18/2022,KY,Cayman Islands,AMRO,165,30545,2,31
9/25/2022,KY,Cayman Islands,AMRO,0,30545,0,31
10/2/2022,KY,Cayman Islands,AMRO,116,30661,1,32
10/9/2022,KY,Cayman Islands,AMRO,148,30809,2,34
10/16/2022,KY,Cayman Islands,AMRO,0,30809,0,34
10/23/2022,KY,Cayman Islands,AMRO,117,30926,0,34
10/30/2022,KY,Cayman Islands,AMRO,80,31006,0,34
11/6/2022,KY,Cayman Islands,AMRO,90,31096,1,35
11/13/2022,KY,Cayman Islands,AMRO,98,31194,1,36
11/20/2022,KY,Cayman Islands,AMRO,0,31194,0,36
11/27/2022,KY,Cayman Islands,AMRO,0,31194,0,36
12/4/2022,KY,Cayman Islands,AMRO,165,31359,0,36
12/11/2022,KY,Cayman Islands,AMRO,0,31359,0,36
12/18/2022,KY,Cayman Islands,AMRO,113,31472,1,37
12/25/2022,KY,Cayman Islands,AMRO,0,31472,0,37
1/1/2023,KY,Cayman Islands,AMRO,0,31472,0,37
1/8/2023,KY,Cayman Islands,AMRO,0,31472,0,37
1/15/2023,KY,Cayman Islands,AMRO,0,31472,0,37
1/22/2023,KY,Cayman Islands,AMRO,0,31472,0,37
1/29/2023,KY,Cayman Islands,AMRO,0,31472,0,37
2/5/2023,KY,Cayman Islands,AMRO,0,31472,0,37
2/12/2023,KY,Cayman Islands,AMRO,0,31472,0,37
2/19/2023,KY,Cayman Islands,AMRO,0,31472,0,37
2/26/2023,KY,Cayman Islands,AMRO,0,31472,0,37
3/5/2023,KY,Cayman Islands,AMRO,0,31472,0,37
3/12/2023,KY,Cayman Islands,AMRO,0,31472,0,37
3/19/2023,KY,Cayman Islands,AMRO,0,31472,0,37
3/26/2023,KY,Cayman Islands,AMRO,0,31472,0,37
4/2/2023,KY,Cayman Islands,AMRO,0,31472,0,37
4/9/2023,KY,Cayman Islands,AMRO,0,31472,0,37
4/16/2023,KY,Cayman Islands,AMRO,0,31472,0,37
4/23/2023,KY,Cayman Islands,AMRO,0,31472,0,37
4/30/2023,KY,Cayman Islands,AMRO,0,31472,0,37
5/7/2023,KY,Cayman Islands,AMRO,0,31472,0,37
5/14/2023,KY,Cayman Islands,AMRO,0,31472,0,37
5/21/2023,KY,Cayman Islands,AMRO,0,31472,0,37
5/28/2023,KY,Cayman Islands,AMRO,0,31472,0,37
6/4/2023,KY,Cayman Islands,AMRO,0,31472,0,37
6/11/2023,KY,Cayman Islands,AMRO,0,31472,0,37
6/18/2023,KY,Cayman Islands,AMRO,0,31472,0,37
6/25/2023,KY,Cayman Islands,AMRO,0,31472,0,37
7/2/2023,KY,Cayman Islands,AMRO,0,31472,0,37
7/9/2023,KY,Cayman Islands,AMRO,0,31472,0,37
7/16/2023,KY,Cayman Islands,AMRO,0,31472,0,37
7/23/2023,KY,Cayman Islands,AMRO,0,31472,0,37
7/30/2023,KY,Cayman Islands,AMRO,0,31472,0,37
8/6/2023,KY,Cayman Islands,AMRO,0,31472,0,37
8/13/2023,KY,Cayman Islands,AMRO,0,31472,0,37
8/20/2023,KY,Cayman Islands,AMRO,0,31472,0,37
8/27/2023,KY,Cayman Islands,AMRO,0,31472,0,37
9/3/2023,KY,Cayman Islands,AMRO,0,31472,0,37
9/10/2023,KY,Cayman Islands,AMRO,0,31472,0,37
9/17/2023,KY,Cayman Islands,AMRO,0,31472,0,37
9/24/2023,KY,Cayman Islands,AMRO,0,31472,0,37
10/1/2023,KY,Cayman Islands,AMRO,0,31472,0,37
10/8/2023,KY,Cayman Islands,AMRO,0,31472,0,37
10/15/2023,KY,Cayman Islands,AMRO,0,31472,0,37
10/22/2023,KY,Cayman Islands,AMRO,0,31472,0,37
10/29/2023,KY,Cayman Islands,AMRO,0,31472,0,37
11/5/2023,KY,Cayman Islands,AMRO,0,31472,0,37
11/12/2023,KY,Cayman Islands,AMRO,0,31472,0,37
11/19/2023,KY,Cayman Islands,AMRO,0,31472,0,37
11/26/2023,KY,Cayman Islands,AMRO,0,31472,0,37
12/3/2023,KY,Cayman Islands,AMRO,0,31472,0,37
12/10/2023,KY,Cayman Islands,AMRO,0,31472,0,37
12/17/2023,KY,Cayman Islands,AMRO,0,31472,0,37
12/24/2023,KY,Cayman Islands,AMRO,0,31472,0,37
1/5/2020,CF,Central African Republic,AFRO,0,0,0,0
1/12/2020,CF,Central African Republic,AFRO,0,0,0,0
1/19/2020,CF,Central African Republic,AFRO,0,0,0,0
1/26/2020,CF,Central African Republic,AFRO,0,0,0,0
2/2/2020,CF,Central African Republic,AFRO,0,0,0,0
2/9/2020,CF,Central African Republic,AFRO,0,0,0,0
2/16/2020,CF,Central African Republic,AFRO,0,0,0,0
2/23/2020,CF,Central African Republic,AFRO,0,0,0,0
3/1/2020,CF,Central African Republic,AFRO,0,0,0,0
3/8/2020,CF,Central African Republic,AFRO,0,0,0,0
3/15/2020,CF,Central African Republic,AFRO,3,3,0,0
3/22/2020,CF,Central African Republic,AFRO,4,7,0,0
3/29/2020,CF,Central African Republic,AFRO,6,13,0,0
4/5/2020,CF,Central African Republic,AFRO,5,18,0,0
4/12/2020,CF,Central African Republic,AFRO,2,20,0,0
4/19/2020,CF,Central African Republic,AFRO,1,21,0,0
4/26/2020,CF,Central African Republic,AFRO,9,30,0,0
5/3/2020,CF,Central African Republic,AFRO,58,88,0,0
5/10/2020,CF,Central African Republic,AFRO,82,170,0,0
5/17/2020,CF,Central African Republic,AFRO,197,367,0,0
5/24/2020,CF,Central African Republic,AFRO,237,604,1,1
5/31/2020,CF,Central African Republic,AFRO,448,1052,1,2
6/7/2020,CF,Central African Republic,AFRO,690,1742,3,5
6/14/2020,CF,Central African Republic,AFRO,715,2457,2,7
6/21/2020,CF,Central African Republic,AFRO,707,3164,16,23
6/28/2020,CF,Central African Republic,AFRO,872,4036,22,45
7/5/2020,CF,Central African Republic,AFRO,609,4645,6,51
7/12/2020,CF,Central African Republic,AFRO,346,4991,2,53
7/19/2020,CF,Central African Republic,AFRO,229,5220,2,55
7/26/2020,CF,Central African Republic,AFRO,141,5361,4,59
8/2/2020,CF,Central African Republic,AFRO,24,5385,0,59
8/9/2020,CF,Central African Republic,AFRO,50,5435,2,61
8/16/2020,CF,Central African Republic,AFRO,38,5473,0,61
8/23/2020,CF,Central African Republic,AFRO,26,5499,0,61
8/30/2020,CF,Central African Republic,AFRO,17,5516,0,61
9/6/2020,CF,Central African Republic,AFRO,35,5551,1,62
9/13/2020,CF,Central African Republic,AFRO,54,5605,0,62
9/20/2020,CF,Central African Republic,AFRO,32,5637,0,62
9/27/2020,CF,Central African Republic,AFRO,8,5645,0,62
10/4/2020,CF,Central African Republic,AFRO,44,5689,0,62
10/11/2020,CF,Central African Republic,AFRO,3,5692,0,62
10/18/2020,CF,Central African Republic,AFRO,5,5697,0,62
10/25/2020,CF,Central African Republic,AFRO,6,5703,0,62
11/1/2020,CF,Central African Republic,AFRO,11,5714,0,62
11/8/2020,CF,Central African Republic,AFRO,10,5724,0,62
11/15/2020,CF,Central African Republic,AFRO,19,5743,1,63
11/22/2020,CF,Central African Republic,AFRO,8,5751,0,63
11/29/2020,CF,Central African Republic,AFRO,8,5759,0,63
12/6/2020,CF,Central African Republic,AFRO,15,5774,0,63
12/13/2020,CF,Central African Republic,AFRO,10,5784,0,63
12/20/2020,CF,Central African Republic,AFRO,12,5796,0,63
12/27/2020,CF,Central African Republic,AFRO,18,5814,0,63
1/3/2021,CF,Central African Republic,AFRO,30,5844,0,63
1/10/2021,CF,Central African Republic,AFRO,0,5844,0,63
1/17/2021,CF,Central African Republic,AFRO,2,5846,0,63
1/24/2021,CF,Central African Republic,AFRO,15,5861,0,63
1/31/2021,CF,Central African Republic,AFRO,3,5864,0,63
2/7/2021,CF,Central African Republic,AFRO,13,5877,0,63
2/14/2021,CF,Central African Republic,AFRO,1,5878,0,63
2/21/2021,CF,Central African Republic,AFRO,12,5890,0,63
2/28/2021,CF,Central African Republic,AFRO,8,5898,0,63
3/7/2021,CF,Central African Republic,AFRO,35,5933,0,63
3/14/2021,CF,Central African Republic,AFRO,65,5998,1,64
3/21/2021,CF,Central African Republic,AFRO,107,6105,2,66
3/28/2021,CF,Central African Republic,AFRO,180,6285,6,72
4/4/2021,CF,Central African Republic,AFRO,295,6580,1,73
4/11/2021,CF,Central African Republic,AFRO,487,7067,2,75
4/18/2021,CF,Central African Republic,AFRO,1227,8294,4,79
4/25/2021,CF,Central African Republic,AFRO,874,9168,8,87
5/2/2021,CF,Central African Republic,AFRO,702,9870,4,91
5/9/2021,CF,Central African Republic,AFRO,511,10381,4,95
5/16/2021,CF,Central African Republic,AFRO,335,10716,1,96
5/23/2021,CF,Central African Republic,AFRO,164,10880,1,97
5/30/2021,CF,Central African Republic,AFRO,46,10926,1,98
6/6/2021,CF,Central African Republic,AFRO,58,10984,0,98
6/13/2021,CF,Central African Republic,AFRO,44,11028,0,98
6/20/2021,CF,Central African Republic,AFRO,14,11042,0,98
6/27/2021,CF,Central African Republic,AFRO,16,11058,0,98
7/4/2021,CF,Central African Republic,AFRO,7,11065,0,98
7/11/2021,CF,Central African Republic,AFRO,10,11075,0,98
7/18/2021,CF,Central African Republic,AFRO,27,11102,0,98
7/25/2021,CF,Central African Republic,AFRO,43,11145,0,98
8/1/2021,CF,Central African Republic,AFRO,28,11173,0,98
8/8/2021,CF,Central African Republic,AFRO,53,11226,1,99
8/15/2021,CF,Central African Republic,AFRO,36,11262,0,99
8/22/2021,CF,Central African Republic,AFRO,9,11271,0,99
8/29/2021,CF,Central African Republic,AFRO,35,11306,1,100
9/5/2021,CF,Central African Republic,AFRO,3,11309,0,100
9/12/2021,CF,Central African Republic,AFRO,22,11331,0,100
9/19/2021,CF,Central African Republic,AFRO,28,11359,0,100
9/26/2021,CF,Central African Republic,AFRO,16,11375,0,100
10/3/2021,CF,Central African Republic,AFRO,26,11401,0,100
10/10/2021,CF,Central African Republic,AFRO,67,11468,0,100
10/17/2021,CF,Central African Republic,AFRO,20,11488,0,100
10/24/2021,CF,Central African Republic,AFRO,49,11537,0,100
10/31/2021,CF,Central African Republic,AFRO,55,11592,0,100
11/7/2021,CF,Central African Republic,AFRO,31,11623,0,100
11/14/2021,CF,Central African Republic,AFRO,43,11666,1,101
11/21/2021,CF,Central African Republic,AFRO,42,11708,0,101
11/28/2021,CF,Central African Republic,AFRO,34,11742,0,101
12/5/2021,CF,Central African Republic,AFRO,129,11871,0,101
12/12/2021,CF,Central African Republic,AFRO,90,11961,0,101
12/19/2021,CF,Central African Republic,AFRO,202,12163,0,101
12/26/2021,CF,Central African Republic,AFRO,105,12268,0,101
1/2/2022,CF,Central African Republic,AFRO,248,12516,5,106
1/9/2022,CF,Central African Republic,AFRO,803,13319,2,108
1/16/2022,CF,Central African Republic,AFRO,435,13754,1,109
1/23/2022,CF,Central African Republic,AFRO,144,13898,1,110
1/30/2022,CF,Central African Republic,AFRO,125,14023,0,110
2/6/2022,CF,Central African Republic,AFRO,131,14154,1,111
2/13/2022,CF,Central African Republic,AFRO,53,14207,2,113
2/20/2022,CF,Central African Republic,AFRO,18,14225,0,113
2/27/2022,CF,Central African Republic,AFRO,95,14320,0,113
3/6/2022,CF,Central African Republic,AFRO,6,14326,0,113
3/13/2022,CF,Central African Republic,AFRO,8,14334,0,113
3/20/2022,CF,Central African Republic,AFRO,5,14339,0,113
3/27/2022,CF,Central African Republic,AFRO,12,14351,0,113
4/3/2022,CF,Central African Republic,AFRO,1,14352,0,113
4/10/2022,CF,Central African Republic,AFRO,2,14354,0,113
4/17/2022,CF,Central African Republic,AFRO,0,14354,0,113
4/24/2022,CF,Central African Republic,AFRO,0,14354,0,113
5/1/2022,CF,Central African Republic,AFRO,4,14358,0,113
5/8/2022,CF,Central African Republic,AFRO,0,14358,0,113
5/15/2022,CF,Central African Republic,AFRO,11,14369,0,113
5/22/2022,CF,Central African Republic,AFRO,2,14371,0,113
5/29/2022,CF,Central African Republic,AFRO,0,14371,0,113
6/5/2022,CF,Central African Republic,AFRO,0,14371,0,113
6/12/2022,CF,Central African Republic,AFRO,0,14371,0,113
6/19/2022,CF,Central African Republic,AFRO,215,14586,0,113
6/26/2022,CF,Central African Republic,AFRO,76,14662,0,113
7/3/2022,CF,Central African Republic,AFRO,38,14700,0,113
7/10/2022,CF,Central African Republic,AFRO,33,14733,0,113
7/17/2022,CF,Central African Republic,AFRO,16,14749,0,113
7/24/2022,CF,Central African Republic,AFRO,21,14770,0,113
7/31/2022,CF,Central African Republic,AFRO,11,14781,0,113
8/7/2022,CF,Central African Republic,AFRO,21,14802,0,113
8/14/2022,CF,Central African Republic,AFRO,33,14835,0,113
8/21/2022,CF,Central African Republic,AFRO,35,14870,0,113
8/28/2022,CF,Central African Republic,AFRO,12,14882,0,113
9/4/2022,CF,Central African Republic,AFRO,6,14888,0,113
9/11/2022,CF,Central African Republic,AFRO,21,14909,0,113
9/18/2022,CF,Central African Republic,AFRO,3,14912,0,113
9/25/2022,CF,Central African Republic,AFRO,23,14935,0,113
10/2/2022,CF,Central African Republic,AFRO,21,14956,0,113
10/9/2022,CF,Central African Republic,AFRO,124,15080,0,113
10/16/2022,CF,Central African Republic,AFRO,96,15176,0,113
10/23/2022,CF,Central African Republic,AFRO,83,15259,0,113
10/30/2022,CF,Central African Republic,AFRO,32,15291,0,113
11/6/2022,CF,Central African Republic,AFRO,5,15296,0,113
11/13/2022,CF,Central African Republic,AFRO,22,15318,0,113
11/20/2022,CF,Central African Republic,AFRO,6,15324,0,113
11/27/2022,CF,Central African Republic,AFRO,4,15328,0,113
12/4/2022,CF,Central African Republic,AFRO,2,15330,0,113
12/11/2022,CF,Central African Republic,AFRO,15,15345,0,113
12/18/2022,CF,Central African Republic,AFRO,11,15356,0,113
12/25/2022,CF,Central African Republic,AFRO,4,15360,0,113
1/1/2023,CF,Central African Republic,AFRO,0,15360,0,113
1/8/2023,CF,Central African Republic,AFRO,4,15364,0,113
1/15/2023,CF,Central African Republic,AFRO,2,15366,0,113
1/22/2023,CF,Central African Republic,AFRO,1,15367,0,113
1/29/2023,CF,Central African Republic,AFRO,0,15367,0,113
2/5/2023,CF,Central African Republic,AFRO,0,15367,0,113
2/12/2023,CF,Central African Republic,AFRO,0,15367,0,113
2/19/2023,CF,Central African Republic,AFRO,0,15367,0,113
2/26/2023,CF,Central African Republic,AFRO,0,15367,0,113
3/5/2023,CF,Central African Republic,AFRO,0,15367,0,113
3/12/2023,CF,Central African Republic,AFRO,0,15367,0,113
3/19/2023,CF,Central African Republic,AFRO,0,15367,0,113
3/26/2023,CF,Central African Republic,AFRO,0,15367,0,113
4/2/2023,CF,Central African Republic,AFRO,0,15367,0,113
4/9/2023,CF,Central African Republic,AFRO,0,15367,0,113
4/16/2023,CF,Central African Republic,AFRO,0,15367,0,113
4/23/2023,CF,Central African Republic,AFRO,0,15367,0,113
4/30/2023,CF,Central African Republic,AFRO,0,15367,0,113
5/7/2023,CF,Central African Republic,AFRO,0,15367,0,113
5/14/2023,CF,Central African Republic,AFRO,0,15367,0,113
5/21/2023,CF,Central African Republic,AFRO,0,15367,0,113
5/28/2023,CF,Central African Republic,AFRO,0,15367,0,113
6/4/2023,CF,Central African Republic,AFRO,0,15367,0,113
6/11/2023,CF,Central African Republic,AFRO,0,15367,0,113
6/18/2023,CF,Central African Republic,AFRO,0,15367,0,113
6/25/2023,CF,Central African Republic,AFRO,0,15367,0,113
7/2/2023,CF,Central African Republic,AFRO,0,15367,0,113
7/9/2023,CF,Central African Republic,AFRO,0,15367,0,113
7/16/2023,CF,Central African Republic,AFRO,0,15367,0,113
7/23/2023,CF,Central African Republic,AFRO,0,15367,0,113
7/30/2023,CF,Central African Republic,AFRO,0,15367,0,113
8/6/2023,CF,Central African Republic,AFRO,0,15367,0,113
8/13/2023,CF,Central African Republic,AFRO,0,15367,0,113
8/20/2023,CF,Central African Republic,AFRO,0,15367,0,113
8/27/2023,CF,Central African Republic,AFRO,0,15367,0,113
9/3/2023,CF,Central African Republic,AFRO,0,15367,0,113
9/10/2023,CF,Central African Republic,AFRO,0,15367,0,113
9/17/2023,CF,Central African Republic,AFRO,0,15367,0,113
9/24/2023,CF,Central African Republic,AFRO,0,15367,0,113
10/1/2023,CF,Central African Republic,AFRO,0,15367,0,113
10/8/2023,CF,Central African Republic,AFRO,0,15367,0,113
10/15/2023,CF,Central African Republic,AFRO,0,15367,0,113
10/22/2023,CF,Central African Republic,AFRO,0,15367,0,113
10/29/2023,CF,Central African Republic,AFRO,0,15367,0,113
11/5/2023,CF,Central African Republic,AFRO,0,15367,0,113
11/12/2023,CF,Central African Republic,AFRO,0,15367,0,113
11/19/2023,CF,Central African Republic,AFRO,0,15367,0,113
11/26/2023,CF,Central African Republic,AFRO,43,15410,0,113
12/3/2023,CF,Central African Republic,AFRO,30,15440,0,113
12/10/2023,CF,Central African Republic,AFRO,0,15440,0,113
12/17/2023,CF,Central African Republic,AFRO,0,15440,0,113
12/24/2023,CF,Central African Republic,AFRO,0,15440,0,113
1/5/2020,TD,Chad,AFRO,0,0,0,0
1/12/2020,TD,Chad,AFRO,0,0,0,0
1/19/2020,TD,Chad,AFRO,0,0,0,0
1/26/2020,TD,Chad,AFRO,0,0,0,0
2/2/2020,TD,Chad,AFRO,0,0,0,0
2/9/2020,TD,Chad,AFRO,0,0,0,0
2/16/2020,TD,Chad,AFRO,0,0,0,0
2/23/2020,TD,Chad,AFRO,0,0,0,0
3/1/2020,TD,Chad,AFRO,0,0,0,0
3/8/2020,TD,Chad,AFRO,0,0,0,0
3/15/2020,TD,Chad,AFRO,0,0,0,0
3/22/2020,TD,Chad,AFRO,1,1,0,0
3/29/2020,TD,Chad,AFRO,4,5,0,0
4/5/2020,TD,Chad,AFRO,4,9,0,0
4/12/2020,TD,Chad,AFRO,9,18,0,0
4/19/2020,TD,Chad,AFRO,15,33,0,0
4/26/2020,TD,Chad,AFRO,13,46,0,0
5/3/2020,TD,Chad,AFRO,71,117,20,20
5/10/2020,TD,Chad,AFRO,205,322,21,41
5/17/2020,TD,Chad,AFRO,181,503,14,55
5/24/2020,TD,Chad,AFRO,172,675,7,62
5/31/2020,TD,Chad,AFRO,103,778,5,67
6/7/2020,TD,Chad,AFRO,59,837,4,71
6/14/2020,TD,Chad,AFRO,11,848,3,74
6/21/2020,TD,Chad,AFRO,10,858,2,76
6/28/2020,TD,Chad,AFRO,7,865,0,76
7/5/2020,TD,Chad,AFRO,6,871,0,76
7/12/2020,TD,Chad,AFRO,3,874,0,76
7/19/2020,TD,Chad,AFRO,15,889,1,77
7/26/2020,TD,Chad,AFRO,26,915,0,77
8/2/2020,TD,Chad,AFRO,21,936,0,77
8/9/2020,TD,Chad,AFRO,6,942,1,78
8/16/2020,TD,Chad,AFRO,10,952,0,78
8/23/2020,TD,Chad,AFRO,30,982,0,78
8/30/2020,TD,Chad,AFRO,26,1008,1,79
9/6/2020,TD,Chad,AFRO,26,1034,0,79
9/13/2020,TD,Chad,AFRO,49,1083,3,82
9/20/2020,TD,Chad,AFRO,66,1149,1,83
9/27/2020,TD,Chad,AFRO,28,1177,2,85
10/4/2020,TD,Chad,AFRO,37,1214,2,87
10/11/2020,TD,Chad,AFRO,77,1291,6,93
10/18/2020,TD,Chad,AFRO,74,1365,1,94
10/25/2020,TD,Chad,AFRO,69,1434,3,97
11/1/2020,TD,Chad,AFRO,64,1498,2,99
11/8/2020,TD,Chad,AFRO,45,1543,1,100
11/15/2020,TD,Chad,AFRO,48,1591,1,101
11/22/2020,TD,Chad,AFRO,42,1633,1,102
11/29/2020,TD,Chad,AFRO,30,1663,0,102
12/6/2020,TD,Chad,AFRO,59,1722,1,103
12/13/2020,TD,Chad,AFRO,29,1751,0,103
12/20/2020,TD,Chad,AFRO,116,1867,0,103
12/27/2020,TD,Chad,AFRO,119,1986,1,104
1/3/2021,TD,Chad,AFRO,183,2169,1,105
1/10/2021,TD,Chad,AFRO,341,2510,3,108
1/17/2021,TD,Chad,AFRO,345,2855,4,112
1/24/2021,TD,Chad,AFRO,282,3137,4,116
1/31/2021,TD,Chad,AFRO,210,3347,3,119
2/7/2021,TD,Chad,AFRO,126,3473,7,126
2/14/2021,TD,Chad,AFRO,149,3622,2,128
2/21/2021,TD,Chad,AFRO,172,3794,5,133
2/28/2021,TD,Chad,AFRO,179,3973,7,140
3/7/2021,TD,Chad,AFRO,188,4161,0,140
3/14/2021,TD,Chad,AFRO,127,4288,13,153
3/21/2021,TD,Chad,AFRO,122,4410,4,157
3/28/2021,TD,Chad,AFRO,91,4501,3,160
4/4/2021,TD,Chad,AFRO,88,4589,4,164
4/11/2021,TD,Chad,AFRO,36,4625,3,167
4/18/2021,TD,Chad,AFRO,66,4691,1,168
4/25/2021,TD,Chad,AFRO,61,4752,1,169
5/2/2021,TD,Chad,AFRO,72,4824,1,170
5/9/2021,TD,Chad,AFRO,50,4874,1,171
5/16/2021,TD,Chad,AFRO,27,4901,2,173
5/23/2021,TD,Chad,AFRO,22,4923,0,173
5/30/2021,TD,Chad,AFRO,5,4928,0,173
6/6/2021,TD,Chad,AFRO,11,4939,1,174
6/13/2021,TD,Chad,AFRO,3,4942,0,174
6/20/2021,TD,Chad,AFRO,4,4946,0,174
6/27/2021,TD,Chad,AFRO,5,4951,0,174
7/4/2021,TD,Chad,AFRO,0,4951,0,174
7/11/2021,TD,Chad,AFRO,3,4954,0,174
7/18/2021,TD,Chad,AFRO,10,4964,0,174
7/25/2021,TD,Chad,AFRO,5,4969,0,174
8/1/2021,TD,Chad,AFRO,4,4973,0,174
8/8/2021,TD,Chad,AFRO,4,4977,0,174
8/15/2021,TD,Chad,AFRO,5,4982,0,174
8/22/2021,TD,Chad,AFRO,3,4985,0,174
8/29/2021,TD,Chad,AFRO,5,4990,0,174
9/5/2021,TD,Chad,AFRO,5,4995,0,174
9/12/2021,TD,Chad,AFRO,19,5014,0,174
9/19/2021,TD,Chad,AFRO,12,5026,0,174
9/26/2021,TD,Chad,AFRO,5,5031,0,174
10/3/2021,TD,Chad,AFRO,11,5042,0,174
10/10/2021,TD,Chad,AFRO,17,5059,0,174
10/17/2021,TD,Chad,AFRO,8,5067,0,174
10/24/2021,TD,Chad,AFRO,0,5067,0,174
10/31/2021,TD,Chad,AFRO,0,5067,0,174
11/7/2021,TD,Chad,AFRO,38,5105,1,175
11/14/2021,TD,Chad,AFRO,0,5105,0,175
11/21/2021,TD,Chad,AFRO,0,5105,0,175
11/28/2021,TD,Chad,AFRO,0,5105,0,175
12/5/2021,TD,Chad,AFRO,596,5701,6,181
12/12/2021,TD,Chad,AFRO,0,5701,0,181
12/19/2021,TD,Chad,AFRO,0,5701,0,181
12/26/2021,TD,Chad,AFRO,0,5701,0,181
1/2/2022,TD,Chad,AFRO,482,6183,3,184
1/9/2022,TD,Chad,AFRO,0,6183,0,184
1/16/2022,TD,Chad,AFRO,373,6556,1,185
1/23/2022,TD,Chad,AFRO,331,6887,0,185
1/30/2022,TD,Chad,AFRO,186,7073,5,190
2/6/2022,TD,Chad,AFRO,82,7155,0,190
2/13/2022,TD,Chad,AFRO,59,7214,0,190
2/20/2022,TD,Chad,AFRO,0,7214,0,190
2/27/2022,TD,Chad,AFRO,32,7246,0,190
3/6/2022,TD,Chad,AFRO,9,7255,0,190
3/13/2022,TD,Chad,AFRO,3,7258,0,190
3/20/2022,TD,Chad,AFRO,9,7267,0,190
3/27/2022,TD,Chad,AFRO,19,7286,0,190
4/3/2022,TD,Chad,AFRO,22,7308,1,191
4/10/2022,TD,Chad,AFRO,39,7347,1,192
4/17/2022,TD,Chad,AFRO,31,7378,0,192
4/24/2022,TD,Chad,AFRO,18,7396,1,193
5/1/2022,TD,Chad,AFRO,15,7411,0,193
5/8/2022,TD,Chad,AFRO,1,7412,0,193
5/15/2022,TD,Chad,AFRO,2,7414,0,193
5/22/2022,TD,Chad,AFRO,1,7415,0,193
5/29/2022,TD,Chad,AFRO,2,7417,0,193
6/5/2022,TD,Chad,AFRO,0,7417,0,193
6/12/2022,TD,Chad,AFRO,1,7418,0,193
6/19/2022,TD,Chad,AFRO,2,7420,0,193
6/26/2022,TD,Chad,AFRO,4,7424,0,193
7/3/2022,TD,Chad,AFRO,1,7425,0,193
7/10/2022,TD,Chad,AFRO,1,7426,0,193
7/17/2022,TD,Chad,AFRO,1,7427,0,193
7/24/2022,TD,Chad,AFRO,3,7430,0,193
7/31/2022,TD,Chad,AFRO,2,7432,0,193
8/7/2022,TD,Chad,AFRO,5,7437,0,193
8/14/2022,TD,Chad,AFRO,5,7442,0,193
8/21/2022,TD,Chad,AFRO,14,7456,0,193
8/28/2022,TD,Chad,AFRO,33,7489,0,193
9/4/2022,TD,Chad,AFRO,47,7536,0,193
9/11/2022,TD,Chad,AFRO,11,7547,0,193
9/18/2022,TD,Chad,AFRO,11,7558,0,193
9/25/2022,TD,Chad,AFRO,13,7571,0,193
10/2/2022,TD,Chad,AFRO,10,7581,0,193
10/9/2022,TD,Chad,AFRO,9,7590,0,193
10/16/2022,TD,Chad,AFRO,15,7605,0,193
10/23/2022,TD,Chad,AFRO,8,7613,0,193
10/30/2022,TD,Chad,AFRO,7,7620,1,194
11/6/2022,TD,Chad,AFRO,7,7627,0,194
11/13/2022,TD,Chad,AFRO,4,7631,0,194
11/20/2022,TD,Chad,AFRO,6,7637,0,194
11/27/2022,TD,Chad,AFRO,4,7641,0,194
12/4/2022,TD,Chad,AFRO,5,7646,0,194
12/11/2022,TD,Chad,AFRO,1,7647,0,194
12/18/2022,TD,Chad,AFRO,1,7648,0,194
12/25/2022,TD,Chad,AFRO,1,7649,0,194
1/1/2023,TD,Chad,AFRO,1,7650,0,194
1/8/2023,TD,Chad,AFRO,1,7651,0,194
1/15/2023,TD,Chad,AFRO,0,7651,0,194
1/22/2023,TD,Chad,AFRO,0,7651,0,194
1/29/2023,TD,Chad,AFRO,1,7652,0,194
2/5/2023,TD,Chad,AFRO,0,7652,0,194
2/12/2023,TD,Chad,AFRO,0,7652,0,194
2/19/2023,TD,Chad,AFRO,9,7661,0,194
2/26/2023,TD,Chad,AFRO,14,7675,0,194
3/5/2023,TD,Chad,AFRO,3,7678,0,194
3/12/2023,TD,Chad,AFRO,1,7679,0,194
3/19/2023,TD,Chad,AFRO,3,7682,0,194
3/26/2023,TD,Chad,AFRO,3,7685,0,194
4/2/2023,TD,Chad,AFRO,3,7688,0,194
4/9/2023,TD,Chad,AFRO,7,7695,0,194
4/16/2023,TD,Chad,AFRO,1,7696,0,194
4/23/2023,TD,Chad,AFRO,1,7697,0,194
4/30/2023,TD,Chad,AFRO,1,7698,0,194
5/7/2023,TD,Chad,AFRO,0,7698,0,194
5/14/2023,TD,Chad,AFRO,0,7698,0,194
5/21/2023,TD,Chad,AFRO,0,7698,0,194
5/28/2023,TD,Chad,AFRO,0,7698,0,194
6/4/2023,TD,Chad,AFRO,0,7698,0,194
6/11/2023,TD,Chad,AFRO,0,7698,0,194
6/18/2023,TD,Chad,AFRO,0,7698,0,194
6/25/2023,TD,Chad,AFRO,0,7698,0,194
7/2/2023,TD,Chad,AFRO,0,7698,0,194
7/9/2023,TD,Chad,AFRO,0,7698,0,194
7/16/2023,TD,Chad,AFRO,0,7698,0,194
7/23/2023,TD,Chad,AFRO,0,7698,0,194
7/30/2023,TD,Chad,AFRO,0,7698,0,194
8/6/2023,TD,Chad,AFRO,0,7698,0,194
8/13/2023,TD,Chad,AFRO,0,7698,0,194
8/20/2023,TD,Chad,AFRO,0,7698,0,194
8/27/2023,TD,Chad,AFRO,0,7698,0,194
9/3/2023,TD,Chad,AFRO,0,7698,0,194
9/10/2023,TD,Chad,AFRO,0,7698,0,194
9/17/2023,TD,Chad,AFRO,0,7698,0,194
9/24/2023,TD,Chad,AFRO,0,7698,0,194
10/1/2023,TD,Chad,AFRO,0,7698,0,194
10/8/2023,TD,Chad,AFRO,0,7698,0,194
10/15/2023,TD,Chad,AFRO,0,7698,0,194
10/22/2023,TD,Chad,AFRO,0,7698,0,194
10/29/2023,TD,Chad,AFRO,0,7698,0,194
11/5/2023,TD,Chad,AFRO,0,7698,0,194
11/12/2023,TD,Chad,AFRO,0,7698,0,194
11/19/2023,TD,Chad,AFRO,0,7698,0,194
11/26/2023,TD,Chad,AFRO,0,7698,0,194
12/3/2023,TD,Chad,AFRO,0,7698,0,194
12/10/2023,TD,Chad,AFRO,0,7698,0,194
12/17/2023,TD,Chad,AFRO,0,7698,0,194
12/24/2023,TD,Chad,AFRO,0,7698,0,194
1/5/2020,,,,0,0,0,0
1/12/2020,,,,0,0,0,0
1/19/2020,,,,0,0,0,0
1/26/2020,,,,0,0,0,0
2/2/2020,,,,0,0,0,0
2/9/2020,,,,0,0,0,0
2/16/2020,,,,0,0,0,0
2/23/2020,,,,0,0,0,0
3/1/2020,,,,0,0,0,0
3/8/2020,,,,0,0,0,0
3/15/2020,,,,0,0,0,0
3/22/2020,,,,0,0,0,0
3/29/2020,,,,0,0,0,0
4/5/2020,,,,0,0,0,0
4/12/2020,,,,0,0,0,0
4/19/2020,,,,0,0,0,0
4/26/2020,,,,0,0,0,0
5/3/2020,,,,0,0,0,0
5/10/2020,,,,0,0,0,0
5/17/2020,,,,0,0,0,0
5/24/2020,,,,29,29,0,0
5/31/2020,,,,0,29,0,0
6/7/2020,,,,0,29,0,0
6/14/2020,,,,0,29,0,0
6/21/2020,,,,0,29,0,0
6/28/2020,,,,0,29,0,0
7/5/2020,,,,0,29,0,0
7/12/2020,,,,0,29,0,0
7/19/2020,,,,0,29,0,0
7/26/2020,,,,0,29,0,0
8/2/2020,,,,0,29,0,0
8/9/2020,,,,0,29,0,0
8/16/2020,,,,0,29,0,0
8/23/2020,,,,0,29,0,0
8/30/2020,,,,0,29,0,0
9/6/2020,,,,0,29,0,0
9/13/2020,,,,0,29,0,0
9/20/2020,,,,0,29,0,0
9/27/2020,,,,0,29,0,0
10/4/2020,,,,0,29,0,0
10/11/2020,,,,0,29,0,0
10/18/2020,,,,0,29,0,0
10/25/2020,,,,0,29,0,0
11/1/2020,,,,0,29,0,0
11/8/2020,,,,0,29,0,0
11/15/2020,,,,0,29,0,0
11/22/2020,,,,0,29,0,0
11/29/2020,,,,0,29,0,0
12/6/2020,,,,0,29,0,0
12/13/2020,,,,0,29,0,0
12/20/2020,,,,0,29,0,0
12/27/2020,,,,0,29,0,0
1/3/2021,,,,0,29,0,0
1/10/2021,,,,0,29,0,0
1/17/2021,,,,0,29,0,0
1/24/2021,,,,0,29,0,0
1/31/2021,,,,0,29,0,0
2/7/2021,,,,0,29,0,0
2/14/2021,,,,0,29,0,0
2/21/2021,,,,0,29,0,0
2/28/2021,,,,0,29,0,0
3/7/2021,,,,0,29,0,0
3/14/2021,,,,0,29,0,0
3/21/2021,,,,0,29,0,0
3/28/2021,,,,0,29,0,0
4/4/2021,,,,0,29,0,0
4/11/2021,,,,0,29,0,0
4/18/2021,,,,0,29,0,0
4/25/2021,,,,0,29,0,0
5/2/2021,,,,0,29,0,0
5/9/2021,,,,0,29,0,0
5/16/2021,,,,0,29,0,0
5/23/2021,,,,0,29,0,0
5/30/2021,,,,0,29,0,0
6/6/2021,,,,0,29,0,0
6/13/2021,,,,0,29,0,0
6/20/2021,,,,0,29,0,0
6/27/2021,,,,0,29,0,0
7/4/2021,,,,0,29,0,0
7/11/2021,,,,0,29,0,0
7/18/2021,,,,0,29,0,0
7/25/2021,,,,0,29,0,0
8/1/2021,,,,0,29,0,0
8/8/2021,,,,0,29,0,0
8/15/2021,,,,0,29,0,0
8/22/2021,,,,0,29,0,0
8/29/2021,,,,0,29,0,0
9/5/2021,,,,0,29,0,0
9/12/2021,,,,0,29,0,0
9/19/2021,,,,0,29,0,0
9/26/2021,,,,0,29,0,0
10/3/2021,,,,0,29,0,0
10/10/2021,,,,0,29,0,0
10/17/2021,,,,0,29,0,0
10/24/2021,,,,0,29,0,0
10/31/2021,,,,0,29,0,0
11/7/2021,,,,0,29,0,0
11/14/2021,,,,0,29,0,0
11/21/2021,,,,0,29,0,0
11/28/2021,,,,0,29,0,0
12/5/2021,,,,0,29,0,0
12/12/2021,,,,0,29,0,0
12/19/2021,,,,0,29,0,0
12/26/2021,,,,0,29,0,0
1/2/2022,,,,0,29,0,0
1/9/2022,,,,0,29,0,0
1/16/2022,,,,0,29,0,0
1/23/2022,,,,0,29,0,0
1/30/2022,,,,0,29,0,0
2/6/2022,,,,0,29,0,0
2/13/2022,,,,0,29,0,0
2/20/2022,,,,0,29,0,0
2/27/2022,,,,0,29,0,0
3/6/2022,,,,0,29,0,0
3/13/2022,,,,0,29,0,0
3/20/2022,,,,0,29,0,0
3/27/2022,,,,0,29,0,0
4/3/2022,,,,0,29,0,0
4/10/2022,,,,0,29,0,0
4/17/2022,,,,0,29,0,0
4/24/2022,,,,0,29,0,0
5/1/2022,,,,0,29,0,0
5/8/2022,,,,0,29,0,0
5/15/2022,,,,0,29,0,0
5/22/2022,,,,0,29,0,0
5/29/2022,,,,0,29,0,0
6/5/2022,,,,0,29,0,0
6/12/2022,,,,0,29,0,0
6/19/2022,,,,0,29,0,0
6/26/2022,,,,0,29,0,0
7/3/2022,,,,0,29,0,0
7/10/2022,,,,0,29,0,0
7/17/2022,,,,0,29,0,0
7/24/2022,,,,0,29,0,0
7/31/2022,,,,0,29,0,0
8/7/2022,,,,0,29,0,0
8/14/2022,,,,0,29,0,0
8/21/2022,,,,0,29,0,0
8/28/2022,,,,0,29,0,0
9/4/2022,,,,0,29,0,0
9/11/2022,,,,0,29,0,0
9/18/2022,,,,0,29,0,0
9/25/2022,,,,0,29,0,0
10/2/2022,,,,0,29,0,0
10/9/2022,,,,0,29,0,0
10/16/2022,,,,0,29,0,0
10/23/2022,,,,0,29,0,0
10/30/2022,,,,0,29,0,0
11/6/2022,,,,0,29,0,0
11/13/2022,,,,0,29,0,0
11/20/2022,,,,0,29,0,0
11/27/2022,,,,0,29,0,0
12/4/2022,,,,0,29,0,0
12/11/2022,,,,0,29,0,0
12/18/2022,,,,0,29,0,0
12/25/2022,,,,0,29,0,0
1/1/2023,,,,0,29,0,0
1/8/2023,,,,0,29,0,0
1/15/2023,,,,0,29,0,0
1/22/2023,,,,0,29,0,0
1/29/2023,,,,0,29,0,0
2/5/2023,,,,0,29,0,0
2/12/2023,,,,0,29,0,0
2/19/2023,,,,0,29,0,0
2/26/2023,,,,0,29,0,0
3/5/2023,,,,0,29,0,0
3/12/2023,,,,0,29,0,0
3/19/2023,,,,0,29,0,0
3/26/2023,,,,0,29,0,0
4/2/2023,,,,0,29,0,0
4/9/2023,,,,0,29,0,0
4/16/2023,,,,0,29,0,0
4/23/2023,,,,0,29,0,0
4/30/2023,,,,0,29,0,0
5/7/2023,,,,0,29,0,0
5/14/2023,,,,0,29,0,0
5/21/2023,,,,0,29,0,0
5/28/2023,,,,0,29,0,0
6/4/2023,,,,0,29,0,0
6/11/2023,,,,0,29,0,0
6/18/2023,,,,0,29,0,0
6/25/2023,,,,0,29,0,0
7/2/2023,,,,0,29,0,0
7/9/2023,,,,0,29,0,0
7/16/2023,,,,0,29,0,0
7/23/2023,,,,0,29,0,0
7/30/2023,,,,0,29,0,0
8/6/2023,,,,0,29,0,0
8/13/2023,,,,0,29,0,0
8/20/2023,,,,0,29,0,0
8/27/2023,,,,0,29,0,0
9/3/2023,,,,0,29,0,0
9/10/2023,,,,0,29,0,0
9/17/2023,,,,0,29,0,0
9/24/2023,,,,0,29,0,0
10/1/2023,,,,0,29,0,0
10/8/2023,,,,0,29,0,0
10/15/2023,,,,0,29,0,0
10/22/2023,,,,0,29,0,0
10/29/2023,,,,0,29,0,0
11/5/2023,,,,0,29,0,0
11/12/2023,,,,0,29,0,0
11/19/2023,,,,0,29,0,0
11/26/2023,,,,0,29,0,0
12/3/2023,,,,0,29,0,0
12/10/2023,,,,0,29,0,0
12/17/2023,,,,0,29,0,0
12/24/2023,,,,0,29,0,0
1/5/2020,,,,0,0,0,0
1/12/2020,,,,0,0,0,0
1/19/2020,,,,0,0,0,0
1/26/2020,,,,0,0,0,0
2/2/2020,,,,0,0,0,0
2/9/2020,,,,0,0,0,0
2/16/2020,,,,0,0,0,0
2/23/2020,,,,0,0,0,0
3/1/2020,,,,0,0,0,0
3/8/2020,,,,0,0,0,0
3/15/2020,,,,0,0,0,0
3/22/2020,,,,0,0,0,0
3/29/2020,,,,0,0,0,0
4/5/2020,,,,0,0,0,0
4/12/2020,,,,0,0,0,0
4/19/2020,,,,0,0,0,0
4/26/2020,,,,0,0,0,0
5/3/2020,,,,0,0,0,0
5/10/2020,,,,0,0,0,0
5/17/2020,,,,0,0,0,0
5/24/2020,,,,0,0,0,0
5/31/2020,,,,0,0,0,0
6/7/2020,,,,0,0,0,0
6/14/2020,,,,0,0,0,0
6/21/2020,,,,0,0,0,0
6/28/2020,,,,0,0,0,0
7/5/2020,,,,0,0,0,0
7/12/2020,,,,0,0,0,0
7/19/2020,,,,0,0,0,0
7/26/2020,,,,0,0,0,0
8/2/2020,,,,0,0,0,0
8/9/2020,,,,0,0,0,0
8/16/2020,,,,0,0,0,0
8/23/2020,,,,0,0,0,0
8/30/2020,,,,0,0,0,0
9/6/2020,,,,0,0,0,0
9/13/2020,,,,0,0,0,0
9/20/2020,,,,0,0,0,0
9/27/2020,,,,0,0,0,0
10/4/2020,,,,0,0,0,0
10/11/2020,,,,0,0,0,0
10/18/2020,,,,0,0,0,0
10/25/2020,,,,0,0,0,0
11/1/2020,,,,0,0,0,0
11/8/2020,,,,0,0,0,0
11/15/2020,,,,0,0,0,0
11/22/2020,,,,0,0,0,0
11/29/2020,,,,0,0,0,0
12/6/2020,,,,0,0,0,0
12/13/2020,,,,0,0,0,0
12/20/2020,,,,0,0,0,0
12/27/2020,,,,0,0,0,0
1/3/2021,,,,0,0,0,0
1/10/2021,,,,0,0,0,0
1/17/2021,,,,0,0,0,0
1/24/2021,,,,0,0,0,0
1/31/2021,,,,0,0,0,0
2/7/2021,,,,0,0,0,0
2/14/2021,,,,0,0,0,0
2/21/2021,,,,0,0,0,0
2/28/2021,,,,0,0,0,0
3/7/2021,,,,0,0,0,0
3/14/2021,,,,0,0,0,0
3/21/2021,,,,0,0,0,0
3/28/2021,,,,0,0,0,0
4/4/2021,,,,0,0,0,0
4/11/2021,,,,0,0,0,0
4/18/2021,,,,0,0,0,0
4/25/2021,,,,1,1,0,0
5/2/2021,,,,0,1,0,0
5/9/2021,,,,0,1,0,0
5/16/2021,,,,0,1,0,0
5/23/2021,,,,4,5,0,0
5/30/2021,,,,0,5,0,0
6/6/2021,,,,0,5,0,0
6/13/2021,,,,0,5,0,0
6/20/2021,,,,0,5,0,0
6/27/2021,,,,0,5,0,0
7/4/2021,,,,0,5,0,0
7/11/2021,,,,0,5,0,0
7/18/2021,,,,0,5,0,0
7/25/2021,,,,0,5,0,0
8/1/2021,,,,0,5,0,0
8/8/2021,,,,0,5,0,0
8/15/2021,,,,0,5,0,0
8/22/2021,,,,0,5,0,0
8/29/2021,,,,0,5,0,0
9/5/2021,,,,0,5,0,0
9/12/2021,,,,0,5,0,0
9/19/2021,,,,0,5,0,0
9/26/2021,,,,0,5,0,0
10/3/2021,,,,0,5,0,0
10/10/2021,,,,0,5,0,0
10/17/2021,,,,0,5,0,0
10/24/2021,,,,0,5,0,0
10/31/2021,,,,0,5,0,0
11/7/2021,,,,0,5,0,0
11/14/2021,,,,0,5,0,0
11/21/2021,,,,0,5,0,0
11/28/2021,,,,0,5,0,0
12/5/2021,,,,0,5,0,0
12/12/2021,,,,0,5,0,0
12/19/2021,,,,0,5,0,0
12/26/2021,,,,0,5,0,0
1/2/2022,,,,0,5,0,0
1/9/2022,,,,0,5,0,0
1/16/2022,,,,0,5,0,0
1/23/2022,,,,0,5,0,0
1/30/2022,,,,0,5,0,0
2/6/2022,,,,0,5,0,0
2/13/2022,,,,0,5,0,0
2/20/2022,,,,0,5,0,0
2/27/2022,,,,0,5,0,0
3/6/2022,,,,0,5,0,0
3/13/2022,,,,0,5,0,0
3/20/2022,,,,0,5,0,0
3/27/2022,,,,0,5,0,0
4/3/2022,,,,0,5,0,0
4/10/2022,,,,0,5,0,0
4/17/2022,,,,0,5,0,0
4/24/2022,,,,0,5,0,0
5/1/2022,,,,0,5,0,0
5/8/2022,,,,0,5,0,0
5/15/2022,,,,0,5,0,0
5/22/2022,,,,0,5,0,0
5/29/2022,,,,0,5,0,0
6/5/2022,,,,0,5,0,0
6/12/2022,,,,0,5,0,0
6/19/2022,,,,0,5,0,0
6/26/2022,,,,0,5,0,0
7/3/2022,,,,0,5,0,0
7/10/2022,,,,0,5,0,0
7/17/2022,,,,0,5,0,0
7/24/2022,,,,0,5,0,0
7/31/2022,,,,0,5,0,0
8/7/2022,,,,0,5,0,0
8/14/2022,,,,0,5,0,0
8/21/2022,,,,0,5,0,0
8/28/2022,,,,0,5,0,0
9/4/2022,,,,0,5,0,0
9/11/2022,,,,0,5,0,0
9/18/2022,,,,0,5,0,0
9/25/2022,,,,0,5,0,0
10/2/2022,,,,0,5,0,0
10/9/2022,,,,0,5,0,0
10/16/2022,,,,0,5,0,0
10/23/2022,,,,0,5,0,0
10/30/2022,,,,0,5,0,0
11/6/2022,,,,0,5,0,0
11/13/2022,,,,0,5,0,0
11/20/2022,,,,0,5,0,0
11/27/2022,,,,0,5,0,0
12/4/2022,,,,0,5,0,0
12/11/2022,,,,0,5,0,0
12/18/2022,,,,0,5,0,0
12/25/2022,,,,0,5,0,0
1/1/2023,,,,0,5,0,0
1/8/2023,,,,0,5,0,0
1/15/2023,,,,0,5,0,0
1/22/2023,,,,0,5,0,0
1/29/2023,,,,0,5,0,0
2/5/2023,,,,0,5,0,0
2/12/2023,,,,0,5,0,0
2/19/2023,,,,0,5,0,0
2/26/2023,,,,0,5,0,0
3/5/2023,,,,0,5,0,0
3/12/2023,,,,0,5,0,0
3/19/2023,,,,0,5,0,0
3/26/2023,,,,0,5,0,0
4/2/2023,,,,0,5,0,0
4/9/2023,,,,0,5,0,0
4/16/2023,,,,0,5,0,0
4/23/2023,,,,0,5,0,0
4/30/2023,,,,0,5,0,0
5/7/2023,,,,0,5,0,0
5/14/2023,,,,0,5,0,0
5/21/2023,,,,0,5,0,0
5/28/2023,,,,0,5,0,0
6/4/2023,,,,0,5,0,0
6/11/2023,,,,0,5,0,0
6/18/2023,,,,0,5,0,0
6/25/2023,,,,0,5,0,0
7/2/2023,,,,0,5,0,0
7/9/2023,,,,0,5,0,0
7/16/2023,,,,0,5,0,0
7/23/2023,,,,0,5,0,0
7/30/2023,,,,0,5,0,0
8/6/2023,,,,0,5,0,0
8/13/2023,,,,0,5,0,0
8/20/2023,,,,0,5,0,0
8/27/2023,,,,0,5,0,0
9/3/2023,,,,0,5,0,0
9/10/2023,,,,0,5,0,0
9/17/2023,,,,0,5,0,0
9/24/2023,,,,0,5,0,0
10/1/2023,,,,0,5,0,0
10/8/2023,,,,0,5,0,0
10/15/2023,,,,0,5,0,0
10/22/2023,,,,0,5,0,0
10/29/2023,,,,0,5,0,0
11/5/2023,,,,0,5,0,0
11/12/2023,,,,0,5,0,0
11/19/2023,,,,0,5,0,0
11/26/2023,,,,0,5,0,0
12/3/2023,,,,0,5,0,0
12/10/2023,,,,0,5,0,0
12/17/2023,,,,0,5,0,0
12/24/2023,,,,0,5,0,0
1/5/2020,CL,Chile,AMRO,0,0,0,0
1/12/2020,CL,Chile,AMRO,0,0,0,0
1/19/2020,CL,Chile,AMRO,0,0,0,0
1/26/2020,CL,Chile,AMRO,0,0,0,0
2/2/2020,CL,Chile,AMRO,0,0,0,0
2/9/2020,CL,Chile,AMRO,0,0,0,0
2/16/2020,CL,Chile,AMRO,0,0,0,0
2/23/2020,CL,Chile,AMRO,0,0,0,0
3/1/2020,CL,Chile,AMRO,1,1,0,0
3/8/2020,CL,Chile,AMRO,6,7,0,0
3/15/2020,CL,Chile,AMRO,54,61,0,0
3/22/2020,CL,Chile,AMRO,476,537,0,0
3/29/2020,CL,Chile,AMRO,1372,1909,6,6
4/5/2020,CL,Chile,AMRO,2252,4161,21,27
4/12/2020,CL,Chile,AMRO,2766,6927,46,73
4/19/2020,CL,Chile,AMRO,2803,9730,53,126
4/26/2020,CL,Chile,AMRO,3128,12858,55,181
5/3/2020,CL,Chile,AMRO,5577,18435,66,247
5/10/2020,CL,Chile,AMRO,8784,27219,57,304
5/17/2020,CL,Chile,AMRO,14209,41428,117,421
5/24/2020,CL,Chile,AMRO,23965,65393,252,673
5/31/2020,CL,Chile,AMRO,29465,94858,324,997
6/7/2020,CL,Chile,AMRO,32887,127745,544,1541
6/14/2020,CL,Chile,AMRO,39610,167355,1560,3101
6/21/2020,CL,Chile,AMRO,69393,236748,1194,4295
6/28/2020,CL,Chile,AMRO,31018,267766,1052,5347
7/5/2020,CL,Chile,AMRO,24081,291847,845,6192
7/12/2020,CL,Chile,AMRO,20182,312029,689,6881
7/19/2020,CL,Chile,AMRO,16817,328846,1564,8445
7/26/2020,CL,Chile,AMRO,14746,343592,575,9020
8/2/2020,CL,Chile,AMRO,14066,357658,513,9533
8/9/2020,CL,Chile,AMRO,13365,371023,478,10011
8/16/2020,CL,Chile,AMRO,12879,383902,384,10395
8/23/2020,CL,Chile,AMRO,11806,395708,397,10792
8/30/2020,CL,Chile,AMRO,12301,408009,389,11181
9/6/2020,CL,Chile,AMRO,12425,420434,370,11551
9/13/2020,CL,Chile,AMRO,12232,432666,344,11895
9/20/2020,CL,Chile,AMRO,12008,444674,359,12254
9/27/2020,CL,Chile,AMRO,11305,455979,337,12591
10/4/2020,CL,Chile,AMRO,12492,468471,328,12919
10/11/2020,CL,Chile,AMRO,11124,479595,353,13272
10/18/2020,CL,Chile,AMRO,10408,490003,316,13588
10/25/2020,CL,Chile,AMRO,10539,500542,304,13892
11/1/2020,CL,Chile,AMRO,9714,510256,315,14207
11/8/2020,CL,Chile,AMRO,9721,519977,292,14499
11/15/2020,CL,Chile,AMRO,9699,529676,278,14777
11/22/2020,CL,Chile,AMRO,9467,539143,253,15030
11/29/2020,CL,Chile,AMRO,9798,548941,292,15322
12/6/2020,CL,Chile,AMRO,9727,558668,270,15592
12/13/2020,CL,Chile,AMRO,11113,569781,254,15846
12/20/2020,CL,Chile,AMRO,13573,583354,255,16101
12/27/2020,CL,Chile,AMRO,15040,598394,303,16404
1/3/2021,CL,Chile,AMRO,17508,615902,320,16724
1/10/2021,CL,Chile,AMRO,21840,637742,313,17037
1/17/2021,CL,Chile,AMRO,27751,665493,398,17435
1/24/2021,CL,Chile,AMRO,29154,694647,419,17854
1/31/2021,CL,Chile,AMRO,28253,722900,485,18339
2/7/2021,CL,Chile,AMRO,25182,748082,556,18895
2/14/2021,CL,Chile,AMRO,24313,772395,548,19443
2/21/2021,CL,Chile,AMRO,23450,795845,531,19974
2/28/2021,CL,Chile,AMRO,25573,821418,502,20476
3/7/2021,CL,Chile,AMRO,29065,850483,532,21008
3/14/2021,CL,Chile,AMRO,34896,885379,566,21574
3/21/2021,CL,Chile,AMRO,39710,925089,606,22180
3/28/2021,CL,Chile,AMRO,44824,969913,473,22653
4/4/2021,CL,Chile,AMRO,49565,1019478,871,23524
4/11/2021,CL,Chile,AMRO,49044,1068522,689,24213
4/18/2021,CL,Chile,AMRO,48826,1117348,842,25055
4/25/2021,CL,Chile,AMRO,45463,1162811,687,25742
5/2/2021,CL,Chile,AMRO,41944,1204755,715,26457
5/9/2021,CL,Chile,AMRO,37221,1241976,644,27101
5/16/2021,CL,Chile,AMRO,38276,1280252,633,27734
5/23/2021,CL,Chile,AMRO,43161,1323413,652,28386
5/30/2021,CL,Chile,AMRO,46343,1369756,661,29047
6/6/2021,CL,Chile,AMRO,50510,1420266,769,29816
6/13/2021,CL,Chile,AMRO,48726,1468992,763,30579
6/20/2021,CL,Chile,AMRO,42283,1511275,813,31392
6/27/2021,CL,Chile,AMRO,31367,1542642,771,32163
7/4/2021,CL,Chile,AMRO,23819,1566461,810,32973
7/11/2021,CL,Chile,AMRO,18699,1585160,794,33767
7/18/2021,CL,Chile,AMRO,13321,1598481,636,34403
7/25/2021,CL,Chile,AMRO,9268,1607749,555,34958
8/1/2021,CL,Chile,AMRO,8022,1615771,490,35448
8/8/2021,CL,Chile,AMRO,6738,1622509,503,35951
8/15/2021,CL,Chile,AMRO,5784,1628293,380,36331
8/22/2021,CL,Chile,AMRO,4860,1633153,274,36605
8/29/2021,CL,Chile,AMRO,4081,1637234,236,36841
9/5/2021,CL,Chile,AMRO,3432,1640666,226,37067
9/12/2021,CL,Chile,AMRO,2964,1643630,134,37201
9/19/2021,CL,Chile,AMRO,3364,1646994,138,37339
9/26/2021,CL,Chile,AMRO,3991,1650985,93,37432
10/3/2021,CL,Chile,AMRO,4899,1655884,52,37484
10/10/2021,CL,Chile,AMRO,5486,1661370,70,37554
10/17/2021,CL,Chile,AMRO,7866,1669236,43,37597
10/24/2021,CL,Chile,AMRO,10781,1680017,65,37662
10/31/2021,CL,Chile,AMRO,12860,1692877,81,37743
11/7/2021,CL,Chile,AMRO,13745,1706622,98,37841
11/14/2021,CL,Chile,AMRO,17106,1723728,110,37951
11/21/2021,CL,Chile,AMRO,16768,1740496,143,38094
11/28/2021,CL,Chile,AMRO,16581,1757077,188,38282
12/5/2021,CL,Chile,AMRO,13543,1770620,183,38465
12/12/2021,CL,Chile,AMRO,10607,1781227,181,38646
12/19/2021,CL,Chile,AMRO,9297,1790524,194,38840
12/26/2021,CL,Chile,AMRO,8601,1799125,173,39013
1/2/2022,CL,Chile,AMRO,9273,1808398,127,39140
1/9/2022,CL,Chile,AMRO,17019,1825417,111,39251
1/16/2022,CL,Chile,AMRO,41684,1867101,125,39376
1/23/2022,CL,Chile,AMRO,82574,1949675,121,39497
1/30/2022,CL,Chile,AMRO,157937,2107612,156,39653
2/6/2022,CL,Chile,AMRO,227422,2335034,277,39930
2/13/2022,CL,Chile,AMRO,247900,2582934,534,40464
2/20/2022,CL,Chile,AMRO,236312,2819246,732,41196
2/27/2022,CL,Chile,AMRO,196384,3015630,874,42070
3/6/2022,CL,Chile,AMRO,152705,3168335,885,42955
3/13/2022,CL,Chile,AMRO,118141,3286476,830,43785
3/20/2022,CL,Chile,AMRO,95205,3381681,655,44440
3/27/2022,CL,Chile,AMRO,61337,3443018,11858,56298
4/3/2022,CL,Chile,AMRO,39157,3482175,391,56689
4/10/2022,CL,Chile,AMRO,26381,3508556,308,56997
4/17/2022,CL,Chile,AMRO,20070,3528626,234,57231
4/24/2022,CL,Chile,AMRO,15837,3544463,144,57375
5/1/2022,CL,Chile,AMRO,14168,3558631,152,57527
5/8/2022,CL,Chile,AMRO,17508,3576139,102,57629
5/15/2022,CL,Chile,AMRO,24757,3600896,85,57714
5/22/2022,CL,Chile,AMRO,36097,3636993,80,57794
5/29/2022,CL,Chile,AMRO,47592,3684585,83,57877
6/5/2022,CL,Chile,AMRO,55211,3739796,78,57955
6/12/2022,CL,Chile,AMRO,69174,3808970,121,58076
6/19/2022,CL,Chile,AMRO,73455,3882425,150,58226
6/26/2022,CL,Chile,AMRO,65587,3948012,159,58385
7/3/2022,CL,Chile,AMRO,65891,4013903,178,58563
7/10/2022,CL,Chile,AMRO,61630,4075533,224,58787
7/17/2022,CL,Chile,AMRO,54699,4130232,252,59039
7/24/2022,CL,Chile,AMRO,47285,4177517,264,59303
7/31/2022,CL,Chile,AMRO,56032,4233549,249,59552
8/7/2022,CL,Chile,AMRO,63595,4297144,221,59773
8/14/2022,CL,Chile,AMRO,72562,4369706,188,59961
8/21/2022,CL,Chile,AMRO,62880,4432586,213,60174
8/28/2022,CL,Chile,AMRO,54867,4487453,208,60382
9/4/2022,CL,Chile,AMRO,40080,4527533,189,60571
9/11/2022,CL,Chile,AMRO,32268,4559801,178,60749
9/18/2022,CL,Chile,AMRO,23853,4583654,174,60923
9/25/2022,CL,Chile,AMRO,19860,4603514,123,61046
10/2/2022,CL,Chile,AMRO,24409,4627923,132,61178
10/9/2022,CL,Chile,AMRO,21425,4649348,128,61306
10/16/2022,CL,Chile,AMRO,25025,4674373,106,61412
10/23/2022,CL,Chile,AMRO,34497,4708870,123,61535
10/30/2022,CL,Chile,AMRO,41905,4750775,117,61652
11/6/2022,CL,Chile,AMRO,35423,4786198,137,61789
11/13/2022,CL,Chile,AMRO,46640,4832838,194,61983
11/20/2022,CL,Chile,AMRO,39013,4871851,182,62165
11/27/2022,CL,Chile,AMRO,33684,4905535,192,62357
12/4/2022,CL,Chile,AMRO,27990,4933525,186,62543
12/11/2022,CL,Chile,AMRO,22011,4955536,165,62708
12/18/2022,CL,Chile,AMRO,24097,4979633,142,62850
12/25/2022,CL,Chile,AMRO,26526,5006159,162,63012
1/1/2023,CL,Chile,AMRO,31368,5037527,160,63172
1/8/2023,CL,Chile,AMRO,25207,5062734,158,63330
1/15/2023,CL,Chile,AMRO,22244,5084978,166,63496
1/22/2023,CL,Chile,AMRO,16859,5101837,144,63640
1/29/2023,CL,Chile,AMRO,13293,5115130,124,63764
2/5/2023,CL,Chile,AMRO,11527,5126657,111,63875
2/12/2023,CL,Chile,AMRO,10648,5137305,110,63985
2/19/2023,CL,Chile,AMRO,10378,5147683,82,64067
2/26/2023,CL,Chile,AMRO,13526,5161209,91,64158
3/5/2023,CL,Chile,AMRO,16561,5177770,64,64222
3/12/2023,CL,Chile,AMRO,22009,5199779,79,64301
3/19/2023,CL,Chile,AMRO,27654,5227433,78,64379
3/26/2023,CL,Chile,AMRO,22644,5250077,103,64482
4/2/2023,CL,Chile,AMRO,14253,5264330,-3432,61050
4/9/2023,CL,Chile,AMRO,8437,5272767,92,61142
4/16/2023,CL,Chile,AMRO,5485,5278252,105,61247
4/23/2023,CL,Chile,AMRO,3429,5281681,76,61323
4/30/2023,CL,Chile,AMRO,2227,5283908,61,61384
5/7/2023,CL,Chile,AMRO,1238,5285146,50,61434
5/14/2023,CL,Chile,AMRO,952,5286098,24,61458
5/21/2023,CL,Chile,AMRO,0,5286098,0,61458
5/28/2023,CL,Chile,AMRO,426,5286524,17,61475
6/4/2023,CL,Chile,AMRO,272,5286796,17,61492
6/11/2023,CL,Chile,AMRO,183,5286979,15,61507
6/18/2023,CL,Chile,AMRO,206,5287185,12,61519
6/25/2023,CL,Chile,AMRO,147,5287332,10,61529
7/2/2023,CL,Chile,AMRO,148,5287480,3,61532
7/9/2023,CL,Chile,AMRO,115,5287595,5,61537
7/16/2023,CL,Chile,AMRO,143,5287738,8,61545
7/23/2023,CL,Chile,AMRO,164,5287902,11,61556
7/30/2023,CL,Chile,AMRO,262,5288164,2,61558
8/6/2023,CL,Chile,AMRO,326,5288490,4,61562
8/13/2023,CL,Chile,AMRO,411,5288901,6,61568
8/20/2023,CL,Chile,AMRO,420,5289321,6,61574
8/27/2023,CL,Chile,AMRO,478,5289799,4,61578
9/3/2023,CL,Chile,AMRO,614,5290413,7,61585
9/10/2023,CL,Chile,AMRO,651,5291064,10,61595
9/17/2023,CL,Chile,AMRO,802,5291866,8,61603
9/24/2023,CL,Chile,AMRO,856,5292722,16,61619
10/1/2023,CL,Chile,AMRO,1421,5294143,25,61644
10/8/2023,CL,Chile,AMRO,1803,5295946,27,61671
10/15/2023,CL,Chile,AMRO,2083,5298029,34,61705
10/22/2023,CL,Chile,AMRO,3054,5301083,52,61757
10/29/2023,CL,Chile,AMRO,3433,5304516,37,61794
11/5/2023,CL,Chile,AMRO,3500,5308016,56,61850
11/12/2023,CL,Chile,AMRO,4087,5312103,46,61896
11/19/2023,CL,Chile,AMRO,3860,5315963,57,61953
11/26/2023,CL,Chile,AMRO,3776,5319739,57,62010
12/3/2023,CL,Chile,AMRO,3162,5322901,47,62057
12/10/2023,CL,Chile,AMRO,2179,5325080,48,62105
12/17/2023,CL,Chile,AMRO,1966,5327046,31,62136
12/24/2023,CL,Chile,AMRO,0,5327046,0,62136
1/5/2020,CN,China,WPRO,1,1,0,0
1/12/2020,CN,China,WPRO,44,45,1,1
1/19/2020,CN,China,WPRO,80,125,2,3
1/26/2020,CN,China,WPRO,1860,1985,53,56
2/2/2020,CN,China,WPRO,12426,14411,305,361
2/9/2020,CN,China,WPRO,22840,37251,544,905
2/16/2020,CN,China,WPRO,31333,68584,862,1767
2/23/2020,CN,China,WPRO,8458,77042,679,2446
3/1/2020,CN,China,WPRO,2926,79968,427,2873
3/8/2020,CN,China,WPRO,891,80859,228,3101
3/15/2020,CN,China,WPRO,189,81048,103,3204
3/22/2020,CN,China,WPRO,450,81498,63,3267
3/29/2020,CN,China,WPRO,843,82341,39,3306
4/5/2020,CN,China,WPRO,589,82930,32,3338
4/12/2020,CN,China,WPRO,552,83482,11,3349
4/19/2020,CN,China,WPRO,719,84201,1293,4642
4/26/2020,CN,China,WPRO,137,84338,0,4642
5/3/2020,CN,China,WPRO,55,84393,1,4643
5/10/2020,CN,China,WPRO,37,84430,0,4643
5/17/2020,CN,China,WPRO,54,84484,2,4645
5/24/2020,CN,China,WPRO,41,84525,0,4645
5/31/2020,CN,China,WPRO,45,84570,0,4645
6/7/2020,CN,China,WPRO,59,84629,0,4645
6/14/2020,CN,China,WPRO,100,84729,0,4645
6/21/2020,CN,China,WPRO,268,84997,1,4646
6/28/2020,CN,China,WPRO,193,85190,2,4648
7/5/2020,CN,China,WPRO,116,85306,0,4648
7/12/2020,CN,China,WPRO,216,85522,0,4648
7/19/2020,CN,China,WPRO,415,85937,5,4653
7/26/2020,CN,China,WPRO,902,86839,6,4659
8/2/2020,CN,China,WPRO,1463,88302,15,4674
8/9/2020,CN,China,WPRO,847,89149,14,4688
8/16/2020,CN,China,WPRO,612,89761,22,4710
8/23/2020,CN,China,WPRO,380,90141,7,4717
8/30/2020,CN,China,WPRO,210,90351,11,4728
9/6/2020,CN,China,WPRO,166,90517,7,4735
9/13/2020,CN,China,WPRO,149,90666,6,4741
9/20/2020,CN,China,WPRO,174,90840,3,4744
9/27/2020,CN,China,WPRO,126,90966,2,4746
10/4/2020,CN,China,WPRO,155,91121,0,4746
10/11/2020,CN,China,WPRO,184,91305,0,4746
10/18/2020,CN,China,WPRO,184,91489,0,4746
10/25/2020,CN,China,WPRO,185,91674,0,4746
11/1/2020,CN,China,WPRO,247,91921,0,4746
11/8/2020,CN,China,WPRO,274,92195,2,4748
11/15/2020,CN,China,WPRO,233,92428,1,4749
11/22/2020,CN,China,WPRO,220,92648,0,4749
11/29/2020,CN,China,WPRO,681,93329,1,4750
12/6/2020,CN,China,WPRO,831,94160,3,4753
12/13/2020,CN,China,WPRO,790,94950,3,4756
12/20/2020,CN,China,WPRO,766,95716,14,4770
12/27/2020,CN,China,WPRO,608,96324,7,4777
1/3/2021,CN,China,WPRO,648,96972,14,4791
1/10/2021,CN,China,WPRO,680,97652,7,4798
1/17/2021,CN,China,WPRO,1142,98794,6,4804
1/24/2021,CN,China,WPRO,1342,100136,6,4810
1/31/2021,CN,China,WPRO,838,100974,13,4823
2/7/2021,CN,China,WPRO,342,101316,8,4831
2/14/2021,CN,China,WPRO,220,101536,7,4838
2/21/2021,CN,China,WPRO,164,101700,4,4842
2/28/2021,CN,China,WPRO,220,101920,1,4843
3/7/2021,CN,China,WPRO,181,102101,5,4848
3/14/2021,CN,China,WPRO,262,102363,1,4849
3/21/2021,CN,China,WPRO,176,102539,0,4849
3/28/2021,CN,China,WPRO,159,102698,2,4851
4/4/2021,CN,China,WPRO,210,102908,0,4851
4/11/2021,CN,China,WPRO,205,103113,2,4853
4/18/2021,CN,China,WPRO,202,103315,3,4856
4/25/2021,CN,China,WPRO,169,103484,0,4856
5/2/2021,CN,China,WPRO,183,103667,2,4858
5/9/2021,CN,China,WPRO,141,103808,0,4858
5/16/2021,CN,China,WPRO,617,104425,0,4858
5/23/2021,CN,China,WPRO,2762,107187,11,4869
5/30/2021,CN,China,WPRO,3959,111146,86,4955
6/6/2021,CN,China,WPRO,3521,114667,151,5106
6/13/2021,CN,China,WPRO,1634,116301,177,5283
6/20/2021,CN,China,WPRO,1247,117548,112,5395
6/27/2021,CN,China,WPRO,810,118358,83,5478
7/4/2021,CN,China,WPRO,538,118896,57,5535
7/11/2021,CN,China,WPRO,425,119321,53,5588
7/18/2021,CN,China,WPRO,377,119698,28,5616
7/25/2021,CN,China,WPRO,515,120213,18,5634
8/1/2021,CN,China,WPRO,624,120837,3,5637
8/8/2021,CN,China,WPRO,847,121684,20,5657
8/15/2021,CN,China,WPRO,694,122378,12,5669
8/22/2021,CN,China,WPRO,320,122698,7,5676
8/29/2021,CN,China,WPRO,297,122995,6,5682
9/5/2021,CN,China,WPRO,236,123231,3,5685
9/12/2021,CN,China,WPRO,313,123544,2,5687
9/19/2021,CN,China,WPRO,558,124102,2,5689
9/26/2021,CN,China,WPRO,393,124495,1,5690
10/3/2021,CN,China,WPRO,310,124805,2,5692
10/10/2021,CN,China,WPRO,250,125055,3,5695
10/17/2021,CN,China,WPRO,199,125254,0,5695
10/24/2021,CN,China,WPRO,311,125565,0,5695
10/31/2021,CN,China,WPRO,513,126078,1,5696
11/7/2021,CN,China,WPRO,632,126710,0,5696
11/14/2021,CN,China,WPRO,550,127260,1,5697
11/21/2021,CN,China,WPRO,252,127512,0,5697
11/28/2021,CN,China,WPRO,252,127764,0,5697
12/5/2021,CN,China,WPRO,629,128393,0,5697
12/12/2021,CN,China,WPRO,689,129082,0,5697
12/19/2021,CN,China,WPRO,712,129794,2,5699
12/26/2021,CN,China,WPRO,1064,130858,0,5699
1/2/2022,CN,China,WPRO,1650,132508,0,5699
1/9/2022,CN,China,WPRO,1643,134151,0,5699
1/16/2022,CN,China,WPRO,1876,136027,1,5700
1/23/2022,CN,China,WPRO,1323,137350,0,5700
1/30/2022,CN,China,WPRO,1642,138992,0,5700
2/6/2022,CN,China,WPRO,2057,141049,0,5700
2/13/2022,CN,China,WPRO,8591,149640,6,5706
2/20/2022,CN,China,WPRO,31127,180767,70,5776
2/27/2022,CN,China,WPRO,120387,301154,372,6148
3/6/2022,CN,China,WPRO,302580,603734,1348,7496
3/13/2022,CN,China,WPRO,158173,761907,1986,9482
3/20/2022,CN,China,WPRO,84389,846296,1905,11387
3/27/2022,CN,China,WPRO,43971,890267,1356,12743
4/3/2022,CN,China,WPRO,32276,922543,920,13663
4/10/2022,CN,China,WPRO,21648,944191,599,14262
4/17/2022,CN,China,WPRO,30667,974858,372,14634
4/24/2022,CN,China,WPRO,42303,1017161,247,14881
5/1/2022,CN,China,WPRO,91983,1109144,392,15273
5/8/2022,CN,China,WPRO,227721,1336865,177,15450
5/15/2022,CN,China,WPRO,414077,1750942,192,15642
5/22/2022,CN,China,WPRO,554051,2304993,347,15989
5/29/2022,CN,China,WPRO,573340,2878333,669,16658
6/5/2022,CN,China,WPRO,513969,3392302,1044,17702
6/12/2022,CN,China,WPRO,489982,3882284,1194,18896
6/19/2022,CN,China,WPRO,406469,4288753,1091,19987
6/26/2022,CN,China,WPRO,323183,4611936,982,20969
7/3/2022,CN,China,WPRO,230021,4841957,689,21658
7/10/2022,CN,China,WPRO,223915,5065872,709,22367
7/17/2022,CN,China,WPRO,197555,5263427,528,22895
7/24/2022,CN,China,WPRO,180690,5444117,458,23353
7/31/2022,CN,China,WPRO,172003,5616120,351,23704
8/7/2022,CN,China,WPRO,163340,5779460,330,24034
8/14/2022,CN,China,WPRO,166696,5946156,224,24258
8/21/2022,CN,China,WPRO,172424,6118580,241,24499
8/28/2022,CN,China,WPRO,194464,6313044,267,24766
9/4/2022,CN,China,WPRO,238044,6551088,292,25058
9/11/2022,CN,China,WPRO,263288,6814376,296,25354
9/18/2022,CN,China,WPRO,297693,7112069,358,25712
9/25/2022,CN,China,WPRO,292476,7404545,532,26244
10/2/2022,CN,China,WPRO,303092,7707637,365,26609
10/9/2022,CN,China,WPRO,333830,8041467,435,27044
10/16/2022,CN,China,WPRO,328910,8370377,427,27471
10/23/2022,CN,China,WPRO,285348,8655725,479,27950
10/30/2022,CN,China,WPRO,257994,8913719,510,28460
11/6/2022,CN,China,WPRO,219102,9132821,479,28939
11/13/2022,CN,China,WPRO,171745,9304566,431,29370
11/20/2022,CN,China,WPRO,158813,9463379,468,29838
11/27/2022,CN,China,WPRO,144205,9607584,354,30192
12/4/2022,CN,China,WPRO,146141,9753725,375,30567
12/11/2022,CN,China,WPRO,1117898,10871623,871,31438
12/18/2022,CN,China,WPRO,11098550,21970173,1708,33146
12/25/2022,CN,China,WPRO,40475477,62445650,5849,38995
1/1/2023,CN,China,WPRO,24644876,87090526,17893,56888
1/8/2023,CN,China,WPRO,8061762,95152288,12991,69879
1/15/2023,CN,China,WPRO,2361571,97513859,0,69879
1/22/2023,CN,China,WPRO,755183,98269042,0,69879
1/29/2023,CN,China,WPRO,175542,98444584,0,69879
2/5/2023,CN,China,WPRO,192969,98637553,47687,117566
2/12/2023,CN,China,WPRO,148174,98785727,1360,118926
2/19/2023,CN,China,WPRO,118748,98904475,537,119463
2/26/2023,CN,China,WPRO,77670,98982145,358,119821
3/5/2023,CN,China,WPRO,84790,99066935,360,120181
3/12/2023,CN,China,WPRO,92268,99159203,329,120510
3/19/2023,CN,China,WPRO,65301,99224504,265,120775
3/26/2023,CN,China,WPRO,13602,99238106,119,120894
4/2/2023,CN,China,WPRO,1060,99239166,3,120897
4/9/2023,CN,China,WPRO,1228,99240394,8,120905
4/16/2023,CN,China,WPRO,1699,99242093,7,120912
4/23/2023,CN,China,WPRO,2206,99244299,11,120923
4/30/2023,CN,China,WPRO,3082,99247381,38,120961
5/7/2023,CN,China,WPRO,3736,99251117,54,121015
5/14/2023,CN,China,WPRO,4440,99255557,58,121073
5/21/2023,CN,China,WPRO,4437,99259994,71,121144
5/28/2023,CN,China,WPRO,6466,99266460,91,121235
6/4/2023,CN,China,WPRO,5030,99271490,1,121236
6/11/2023,CN,China,WPRO,6956,99278446,154,121390
6/18/2023,CN,China,WPRO,4555,99283001,0,121390
6/25/2023,CN,China,WPRO,2437,99285438,75,121465
7/2/2023,CN,China,WPRO,3878,99289316,25,121490
7/9/2023,CN,China,WPRO,2733,99292049,25,121515
7/16/2023,CN,China,WPRO,2666,99294715,21,121536
7/23/2023,CN,China,WPRO,2445,99297160,0,121536
7/30/2023,CN,China,WPRO,2541,99299701,27,121563
8/6/2023,CN,China,WPRO,1954,99301655,84,121647
8/13/2023,CN,China,WPRO,964,99302619,24,121671
8/20/2023,CN,China,WPRO,1463,99304082,0,121671
8/27/2023,CN,China,WPRO,1587,99305669,0,121671
9/3/2023,CN,China,WPRO,1647,99307316,8,121679
9/10/2023,CN,China,WPRO,1527,99308843,0,121679
9/17/2023,CN,China,WPRO,1025,99309868,0,121679
9/24/2023,CN,China,WPRO,1152,99311020,35,121714
10/1/2023,CN,China,WPRO,1880,99312900,0,121714
10/8/2023,CN,China,WPRO,1327,99314227,53,121767
10/15/2023,CN,China,WPRO,1302,99315529,20,121787
10/22/2023,CN,China,WPRO,1340,99316869,22,121809
10/29/2023,CN,China,WPRO,1072,99317941,0,121809
11/5/2023,CN,China,WPRO,739,99318680,58,121867
11/12/2023,CN,China,WPRO,634,99319314,6,121873
11/19/2023,CN,China,WPRO,530,99319844,1,121874
11/26/2023,CN,China,WPRO,560,99320404,3,121877
12/3/2023,CN,China,WPRO,405,99320809,0,121877
12/10/2023,CN,China,WPRO,451,99321260,1,121878
12/17/2023,CN,China,WPRO,377,99321637,2,121880
12/24/2023,CN,China,WPRO,261,99321898,0,121880
1/5/2020,CO,Colombia,AMRO,0,0,0,0
1/12/2020,CO,Colombia,AMRO,0,0,0,0
1/19/2020,CO,Colombia,AMRO,0,0,0,0
1/26/2020,CO,Colombia,AMRO,0,0,0,0
2/2/2020,CO,Colombia,AMRO,0,0,0,0
2/9/2020,CO,Colombia,AMRO,0,0,0,0
2/16/2020,CO,Colombia,AMRO,0,0,0,0
2/23/2020,CO,Colombia,AMRO,0,0,0,0
3/1/2020,CO,Colombia,AMRO,0,0,0,0
3/8/2020,CO,Colombia,AMRO,1,1,0,0
3/15/2020,CO,Colombia,AMRO,15,16,0,0
3/22/2020,CO,Colombia,AMRO,180,196,0,0
3/29/2020,CO,Colombia,AMRO,527,723,6,6
4/5/2020,CO,Colombia,AMRO,544,1267,19,25
4/12/2020,CO,Colombia,AMRO,1206,2473,55,80
4/19/2020,CO,Colombia,AMRO,966,3439,73,153
4/26/2020,CO,Colombia,AMRO,1442,4881,72,225
5/3/2020,CO,Colombia,AMRO,2125,7006,89,314
5/10/2020,CO,Colombia,AMRO,3045,10051,114,428
5/17/2020,CO,Colombia,AMRO,4165,14216,118,546
5/24/2020,CO,Colombia,AMRO,4915,19131,136,682
5/31/2020,CO,Colombia,AMRO,7557,26688,171,853
6/7/2020,CO,Colombia,AMRO,9947,36635,292,1145
6/14/2020,CO,Colombia,AMRO,10223,46858,400,1545
6/21/2020,CO,Colombia,AMRO,16418,63276,500,2045
6/28/2020,CO,Colombia,AMRO,21166,84442,766,2811
7/5/2020,CO,Colombia,AMRO,25063,109505,966,3777
7/12/2020,CO,Colombia,AMRO,31271,140776,1148,4925
7/19/2020,CO,Colombia,AMRO,41364,182140,1363,6288
7/26/2020,CO,Colombia,AMRO,51401,233541,1687,7975
8/2/2020,CO,Colombia,AMRO,61967,295508,2130,10105
8/9/2020,CO,Colombia,AMRO,71688,367196,2145,12250
8/16/2020,CO,Colombia,AMRO,77915,445111,2242,14492
8/23/2020,CO,Colombia,AMRO,77027,522138,2076,16568
8/30/2020,CO,Colombia,AMRO,68382,590520,2199,18767
9/6/2020,CO,Colombia,AMRO,59542,650062,2121,20888
9/13/2020,CO,Colombia,AMRO,52026,702088,1630,22518
9/20/2020,CO,Colombia,AMRO,48383,750471,1332,23850
9/27/2020,CO,Colombia,AMRO,47846,798317,1253,25103
10/4/2020,CO,Colombia,AMRO,43214,841531,1294,26397
10/11/2020,CO,Colombia,AMRO,52769,894300,1098,27495
10/18/2020,CO,Colombia,AMRO,51054,945354,1121,28616
10/25/2020,CO,Colombia,AMRO,53588,998942,1186,29802
11/1/2020,CO,Colombia,AMRO,64209,1063151,1333,31135
11/8/2020,CO,Colombia,AMRO,64582,1127733,1270,32405
11/15/2020,CO,Colombia,AMRO,54964,1182697,1264,33669
11/22/2020,CO,Colombia,AMRO,50747,1233444,1260,34929
11/29/2020,CO,Colombia,AMRO,57066,1290510,1285,36214
12/6/2020,CO,Colombia,AMRO,62097,1352607,1253,37467
12/13/2020,CO,Colombia,AMRO,56302,1408909,1202,38669
12/20/2020,CO,Colombia,AMRO,73163,1482072,1350,40019
12/27/2020,CO,Colombia,AMRO,92635,1574707,1671,41690
1/3/2021,CO,Colombia,AMRO,80173,1654880,1805,43495
1/10/2021,CO,Colombia,AMRO,100688,1755568,1936,45431
1/17/2021,CO,Colombia,AMRO,114611,1870179,2437,47868
1/24/2021,CO,Colombia,AMRO,117239,1987418,2718,50586
1/31/2021,CO,Colombia,AMRO,90215,2077633,2698,53284
2/7/2021,CO,Colombia,AMRO,65027,2142660,2119,55403
2/14/2021,CO,Colombia,AMRO,42509,2185169,1793,57196
2/21/2021,CO,Colombia,AMRO,31832,2217001,1315,58511
2/28/2021,CO,Colombia,AMRO,27791,2244792,1007,59518
3/7/2021,CO,Colombia,AMRO,24790,2269582,782,60300
3/14/2021,CO,Colombia,AMRO,25035,2294617,650,60950
3/21/2021,CO,Colombia,AMRO,29809,2324426,821,61771
3/28/2021,CO,Colombia,AMRO,42911,2367337,874,62645
4/4/2021,CO,Colombia,AMRO,60711,2428048,1132,63777
4/11/2021,CO,Colombia,AMRO,76158,2504206,1506,65283
4/18/2021,CO,Colombia,AMRO,115216,2619422,2281,67564
4/25/2021,CO,Colombia,AMRO,121122,2740544,2882,70446
5/2/2021,CO,Colombia,AMRO,119180,2859724,3274,73720
5/9/2021,CO,Colombia,AMRO,108902,2968626,3147,76867
5/16/2021,CO,Colombia,AMRO,115834,3084460,3383,80250
5/23/2021,CO,Colombia,AMRO,107590,3192050,3469,83719
5/30/2021,CO,Colombia,AMRO,150517,3342567,3488,87207
6/6/2021,CO,Colombia,AMRO,175479,3518046,3683,90890
6/13/2021,CO,Colombia,AMRO,176661,3694707,3725,94615
6/20/2021,CO,Colombia,AMRO,193907,3888614,4131,98746
6/27/2021,CO,Colombia,AMRO,204132,4092746,4575,103321
7/4/2021,CO,Colombia,AMRO,204556,4297302,4402,107723
7/11/2021,CO,Colombia,AMRO,174320,4471622,4008,111731
7/18/2021,CO,Colombia,AMRO,129713,4601335,3602,115333
7/25/2021,CO,Colombia,AMRO,104399,4705734,2855,118188
8/1/2021,CO,Colombia,AMRO,70557,4776291,2244,120432
8/8/2021,CO,Colombia,AMRO,52292,4828583,1655,122087
8/15/2021,CO,Colombia,AMRO,32039,4860622,1134,123221
8/22/2021,CO,Colombia,AMRO,23310,4883932,802,124023
8/29/2021,CO,Colombia,AMRO,17231,4901163,625,124648
9/5/2021,CO,Colombia,AMRO,13718,4914881,510,125158
9/12/2021,CO,Colombia,AMRO,11891,4926772,371,125529
9/19/2021,CO,Colombia,AMRO,10824,4937596,297,125826
9/26/2021,CO,Colombia,AMRO,10917,4948513,242,126068
10/3/2021,CO,Colombia,AMRO,10631,4959144,268,126336
10/10/2021,CO,Colombia,AMRO,9987,4969131,216,126552
10/17/2021,CO,Colombia,AMRO,9558,4978689,244,126796
10/24/2021,CO,Colombia,AMRO,9332,4988021,198,126994
10/31/2021,CO,Colombia,AMRO,11027,4999048,231,127225
11/7/2021,CO,Colombia,AMRO,11934,5010982,231,127456
11/14/2021,CO,Colombia,AMRO,15840,5026822,265,127721
11/21/2021,CO,Colombia,AMRO,16000,5042822,292,128013
11/28/2021,CO,Colombia,AMRO,17735,5060557,330,128343
12/5/2021,CO,Colombia,AMRO,15821,5076378,342,128685
12/12/2021,CO,Colombia,AMRO,13317,5089695,326,129011
12/19/2021,CO,Colombia,AMRO,13574,5103269,334,129345
12/26/2021,CO,Colombia,AMRO,14985,5118254,341,129686
1/2/2022,CO,Colombia,AMRO,39186,5157440,256,129942
1/9/2022,CO,Colombia,AMRO,111422,5268862,308,130250
1/16/2022,CO,Colombia,AMRO,207042,5475904,481,130731
1/23/2022,CO,Colombia,AMRO,210161,5686065,1093,131824
1/30/2022,CO,Colombia,AMRO,151343,5837408,1736,133560
2/6/2022,CO,Colombia,AMRO,106375,5943783,1722,135282
2/13/2022,CO,Colombia,AMRO,64208,6007991,1482,136764
2/20/2022,CO,Colombia,AMRO,31172,6039163,1105,137869
2/27/2022,CO,Colombia,AMRO,19552,6058715,632,138501
3/6/2022,CO,Colombia,AMRO,10710,6069425,483,138984
3/13/2022,CO,Colombia,AMRO,6231,6075656,271,139255
3/20/2022,CO,Colombia,AMRO,4240,6079896,160,139415
3/27/2022,CO,Colombia,AMRO,3047,6082943,129,139544
4/3/2022,CO,Colombia,AMRO,2327,6085270,92,139636
4/10/2022,CO,Colombia,AMRO,2173,6087443,67,139703
4/17/2022,CO,Colombia,AMRO,1938,6089381,38,139741
4/24/2022,CO,Colombia,AMRO,1422,6090803,24,139765
5/1/2022,CO,Colombia,AMRO,1600,6092403,28,139793
5/8/2022,CO,Colombia,AMRO,1242,6093645,16,139809
5/15/2022,CO,Colombia,AMRO,1671,6095316,12,139821
5/22/2022,CO,Colombia,AMRO,3795,6099111,12,139833
5/29/2022,CO,Colombia,AMRO,4344,6103455,21,139854
6/5/2022,CO,Colombia,AMRO,5650,6109105,13,139867
6/12/2022,CO,Colombia,AMRO,8742,6117847,27,139894
6/19/2022,CO,Colombia,AMRO,13810,6131657,24,139918
6/26/2022,CO,Colombia,AMRO,19697,6151354,52,139970
7/3/2022,CO,Colombia,AMRO,23827,6175181,100,140070
7/10/2022,CO,Colombia,AMRO,23667,6198848,132,140202
7/17/2022,CO,Colombia,AMRO,24649,6223497,163,140365
7/24/2022,CO,Colombia,AMRO,24137,6247634,238,140603
7/31/2022,CO,Colombia,AMRO,18164,6265798,242,140845
8/7/2022,CO,Colombia,AMRO,13200,6278998,230,141075
8/14/2022,CO,Colombia,AMRO,7394,6286392,212,141287
8/21/2022,CO,Colombia,AMRO,6738,6293130,119,141406
8/28/2022,CO,Colombia,AMRO,6465,6299595,113,141519
9/4/2022,CO,Colombia,AMRO,3214,6302809,127,141646
9/11/2022,CO,Colombia,AMRO,1508,6304317,62,141708
9/18/2022,CO,Colombia,AMRO,1245,6305562,38,141746
9/25/2022,CO,Colombia,AMRO,990,6306552,23,141769
10/2/2022,CO,Colombia,AMRO,820,6307372,25,141794
10/9/2022,CO,Colombia,AMRO,715,6308087,13,141807
10/16/2022,CO,Colombia,AMRO,471,6308558,13,141820
10/23/2022,CO,Colombia,AMRO,610,6309168,7,141827
10/30/2022,CO,Colombia,AMRO,548,6309716,10,141837
11/6/2022,CO,Colombia,AMRO,616,6310332,13,141850
11/13/2022,CO,Colombia,AMRO,1027,6311359,12,141862
11/20/2022,CO,Colombia,AMRO,1298,6312657,19,141881
11/27/2022,CO,Colombia,AMRO,2112,6314769,14,141895
12/4/2022,CO,Colombia,AMRO,3252,6318021,16,141911
12/11/2022,CO,Colombia,AMRO,5336,6323357,32,141943
12/18/2022,CO,Colombia,AMRO,7052,6330409,53,141996
12/25/2022,CO,Colombia,AMRO,7930,6338339,80,142076
1/1/2023,CO,Colombia,AMRO,6776,6345115,103,142179
1/8/2023,CO,Colombia,AMRO,4856,6349971,80,142259
1/15/2023,CO,Colombia,AMRO,0,6349971,0,142259
1/22/2023,CO,Colombia,AMRO,4820,6354791,126,142385
1/29/2023,CO,Colombia,AMRO,1518,6356309,101,142486
2/5/2023,CO,Colombia,AMRO,891,6357200,58,142544
2/12/2023,CO,Colombia,AMRO,868,6358068,32,142576
2/19/2023,CO,Colombia,AMRO,707,6358775,20,142596
2/26/2023,CO,Colombia,AMRO,689,6359464,19,142615
3/5/2023,CO,Colombia,AMRO,625,6360089,14,142629
3/12/2023,CO,Colombia,AMRO,691,6360780,10,142639
3/19/2023,CO,Colombia,AMRO,513,6361293,13,142652
3/26/2023,CO,Colombia,AMRO,517,6361810,13,142665
4/2/2023,CO,Colombia,AMRO,502,6362312,13,142678
4/9/2023,CO,Colombia,AMRO,746,6363058,12,142690
4/16/2023,CO,Colombia,AMRO,486,6363544,8,142698
4/23/2023,CO,Colombia,AMRO,470,6364014,8,142706
4/30/2023,CO,Colombia,AMRO,622,6364636,7,142713
5/7/2023,CO,Colombia,AMRO,626,6365262,9,142722
5/14/2023,CO,Colombia,AMRO,732,6365994,5,142727
5/21/2023,CO,Colombia,AMRO,0,6365994,0,142727
5/28/2023,CO,Colombia,AMRO,1334,6367328,0,142727
6/4/2023,CO,Colombia,AMRO,982,6368310,0,142727
6/11/2023,CO,Colombia,AMRO,1174,6369484,0,142727
6/18/2023,CO,Colombia,AMRO,1302,6370786,0,142727
6/25/2023,CO,Colombia,AMRO,1207,6371993,0,142727
7/2/2023,CO,Colombia,AMRO,922,6372915,0,142727
7/9/2023,CO,Colombia,AMRO,886,6373801,0,142727
7/16/2023,CO,Colombia,AMRO,832,6374633,0,142727
7/23/2023,CO,Colombia,AMRO,903,6375536,0,142727
7/30/2023,CO,Colombia,AMRO,858,6376394,0,142727
8/6/2023,CO,Colombia,AMRO,653,6377047,0,142727
8/13/2023,CO,Colombia,AMRO,754,6377801,0,142727
8/20/2023,CO,Colombia,AMRO,556,6378357,0,142727
8/27/2023,CO,Colombia,AMRO,722,6379079,0,142727
9/3/2023,CO,Colombia,AMRO,562,6379641,0,142727
9/10/2023,CO,Colombia,AMRO,528,6380169,0,142727
9/17/2023,CO,Colombia,AMRO,401,6380570,0,142727
9/24/2023,CO,Colombia,AMRO,452,6381022,0,142727
10/1/2023,CO,Colombia,AMRO,340,6381362,0,142727
10/8/2023,CO,Colombia,AMRO,332,6381694,0,142727
10/15/2023,CO,Colombia,AMRO,288,6381982,0,142727
10/22/2023,CO,Colombia,AMRO,421,6382403,0,142727
10/29/2023,CO,Colombia,AMRO,289,6382692,0,142727
11/5/2023,CO,Colombia,AMRO,291,6382983,0,142727
11/12/2023,CO,Colombia,AMRO,302,6383285,0,142727
11/19/2023,CO,Colombia,AMRO,310,6383595,0,142727
11/26/2023,CO,Colombia,AMRO,353,6383948,0,142727
12/3/2023,CO,Colombia,AMRO,276,6384224,0,142727
12/10/2023,CO,Colombia,AMRO,327,6384551,0,142727
12/17/2023,CO,Colombia,AMRO,428,6384979,0,142727
12/24/2023,CO,Colombia,AMRO,0,6384979,0,142727
1/5/2020,KM,Comoros,AFRO,0,0,0,0
1/12/2020,KM,Comoros,AFRO,0,0,0,0
1/19/2020,KM,Comoros,AFRO,0,0,0,0
1/26/2020,KM,Comoros,AFRO,0,0,0,0
2/2/2020,KM,Comoros,AFRO,0,0,0,0
2/9/2020,KM,Comoros,AFRO,0,0,0,0
2/16/2020,KM,Comoros,AFRO,0,0,0,0
2/23/2020,KM,Comoros,AFRO,0,0,0,0
3/1/2020,KM,Comoros,AFRO,0,0,0,0
3/8/2020,KM,Comoros,AFRO,0,0,0,0
3/15/2020,KM,Comoros,AFRO,0,0,0,0
3/22/2020,KM,Comoros,AFRO,0,0,0,0
3/29/2020,KM,Comoros,AFRO,0,0,0,0
4/5/2020,KM,Comoros,AFRO,0,0,0,0
4/12/2020,KM,Comoros,AFRO,0,0,0,0
4/19/2020,KM,Comoros,AFRO,0,0,0,0
4/26/2020,KM,Comoros,AFRO,0,0,0,0
5/3/2020,KM,Comoros,AFRO,3,3,0,0
5/10/2020,KM,Comoros,AFRO,8,11,1,1
5/17/2020,KM,Comoros,AFRO,0,11,0,1
5/24/2020,KM,Comoros,AFRO,23,34,0,1
5/31/2020,KM,Comoros,AFRO,28,62,1,2
6/7/2020,KM,Comoros,AFRO,9,71,0,2
6/14/2020,KM,Comoros,AFRO,35,106,0,2
6/21/2020,KM,Comoros,AFRO,71,177,3,5
6/28/2020,KM,Comoros,AFRO,46,223,2,7
7/5/2020,KM,Comoros,AFRO,18,241,0,7
7/12/2020,KM,Comoros,AFRO,6,247,0,7
7/19/2020,KM,Comoros,AFRO,17,264,0,7
7/26/2020,KM,Comoros,AFRO,20,284,0,7
8/2/2020,KM,Comoros,AFRO,32,316,0,7
8/9/2020,KM,Comoros,AFRO,13,329,0,7
8/16/2020,KM,Comoros,AFRO,6,335,0,7
8/23/2020,KM,Comoros,AFRO,12,347,0,7
8/30/2020,KM,Comoros,AFRO,6,353,0,7
9/6/2020,KM,Comoros,AFRO,25,378,0,7
9/13/2020,KM,Comoros,AFRO,9,387,0,7
9/20/2020,KM,Comoros,AFRO,13,400,0,7
9/27/2020,KM,Comoros,AFRO,4,404,0,7
10/4/2020,KM,Comoros,AFRO,10,414,0,7
10/11/2020,KM,Comoros,AFRO,8,422,0,7
10/18/2020,KM,Comoros,AFRO,12,434,0,7
10/25/2020,KM,Comoros,AFRO,21,455,0,7
11/1/2020,KM,Comoros,AFRO,20,475,0,7
11/8/2020,KM,Comoros,AFRO,18,493,0,7
11/15/2020,KM,Comoros,AFRO,16,509,0,7
11/22/2020,KM,Comoros,AFRO,17,526,0,7
11/29/2020,KM,Comoros,AFRO,15,541,0,7
12/6/2020,KM,Comoros,AFRO,5,546,0,7
12/13/2020,KM,Comoros,AFRO,12,558,0,7
12/20/2020,KM,Comoros,AFRO,38,596,0,7
12/27/2020,KM,Comoros,AFRO,65,661,0,7
1/3/2021,KM,Comoros,AFRO,133,794,6,13
1/10/2021,KM,Comoros,AFRO,286,1080,5,18
1/17/2021,KM,Comoros,AFRO,427,1507,23,41
1/24/2021,KM,Comoros,AFRO,683,2190,29,70
1/31/2021,KM,Comoros,AFRO,458,2648,20,90
2/7/2021,KM,Comoros,AFRO,368,3016,18,108
2/14/2021,KM,Comoros,AFRO,246,3262,20,128
2/21/2021,KM,Comoros,AFRO,158,3420,15,143
2/28/2021,KM,Comoros,AFRO,81,3501,1,144
3/7/2021,KM,Comoros,AFRO,25,3526,2,146
3/14/2021,KM,Comoros,AFRO,30,3556,0,146
3/21/2021,KM,Comoros,AFRO,40,3596,0,146
3/28/2021,KM,Comoros,AFRO,24,3620,0,146
4/4/2021,KM,Comoros,AFRO,99,3719,0,146
4/11/2021,KM,Comoros,AFRO,70,3789,0,146
4/18/2021,KM,Comoros,AFRO,30,3819,0,146
4/25/2021,KM,Comoros,AFRO,10,3829,0,146
5/2/2021,KM,Comoros,AFRO,10,3839,0,146
5/9/2021,KM,Comoros,AFRO,15,3854,0,146
5/16/2021,KM,Comoros,AFRO,9,3863,0,146
5/23/2021,KM,Comoros,AFRO,9,3872,0,146
5/30/2021,KM,Comoros,AFRO,9,3881,0,146
6/6/2021,KM,Comoros,AFRO,7,3888,0,146
6/13/2021,KM,Comoros,AFRO,11,3899,0,146
6/20/2021,KM,Comoros,AFRO,9,3908,0,146
6/27/2021,KM,Comoros,AFRO,16,3924,0,146
7/4/2021,KM,Comoros,AFRO,34,3958,0,146
7/11/2021,KM,Comoros,AFRO,38,3996,0,146
7/18/2021,KM,Comoros,AFRO,15,4011,1,147
7/25/2021,KM,Comoros,AFRO,10,4021,0,147
8/1/2021,KM,Comoros,AFRO,7,4028,0,147
8/8/2021,KM,Comoros,AFRO,3,4031,0,147
8/15/2021,KM,Comoros,AFRO,7,4038,0,147
8/22/2021,KM,Comoros,AFRO,10,4048,0,147
8/29/2021,KM,Comoros,AFRO,14,4062,0,147
9/5/2021,KM,Comoros,AFRO,22,4084,0,147
9/12/2021,KM,Comoros,AFRO,10,4094,0,147
9/19/2021,KM,Comoros,AFRO,12,4106,0,147
9/26/2021,KM,Comoros,AFRO,11,4117,0,147
10/3/2021,KM,Comoros,AFRO,38,4155,0,147
10/10/2021,KM,Comoros,AFRO,10,4165,0,147
10/17/2021,KM,Comoros,AFRO,21,4186,0,147
10/24/2021,KM,Comoros,AFRO,19,4205,0,147
10/31/2021,KM,Comoros,AFRO,54,4259,0,147
11/7/2021,KM,Comoros,AFRO,56,4315,0,147
11/14/2021,KM,Comoros,AFRO,73,4388,2,149
11/21/2021,KM,Comoros,AFRO,62,4450,1,150
11/28/2021,KM,Comoros,AFRO,48,4498,0,150
12/5/2021,KM,Comoros,AFRO,44,4542,0,150
12/12/2021,KM,Comoros,AFRO,25,4567,1,151
12/19/2021,KM,Comoros,AFRO,100,4667,0,151
12/26/2021,KM,Comoros,AFRO,936,5603,2,153
1/2/2022,KM,Comoros,AFRO,1232,6835,5,158
1/9/2022,KM,Comoros,AFRO,759,7594,0,158
1/16/2022,KM,Comoros,AFRO,151,7745,1,159
1/23/2022,KM,Comoros,AFRO,66,7811,0,159
1/30/2022,KM,Comoros,AFRO,18,7829,1,160
2/6/2022,KM,Comoros,AFRO,99,7928,0,160
2/13/2022,KM,Comoros,AFRO,70,7998,0,160
2/20/2022,KM,Comoros,AFRO,22,8020,0,160
2/27/2022,KM,Comoros,AFRO,13,8033,0,160
3/6/2022,KM,Comoros,AFRO,15,8048,0,160
3/13/2022,KM,Comoros,AFRO,15,8063,0,160
3/20/2022,KM,Comoros,AFRO,13,8076,0,160
3/27/2022,KM,Comoros,AFRO,7,8083,0,160
4/3/2022,KM,Comoros,AFRO,10,8093,0,160
4/10/2022,KM,Comoros,AFRO,6,8099,0,160
4/17/2022,KM,Comoros,AFRO,4,8103,0,160
4/24/2022,KM,Comoros,AFRO,2,8105,0,160
5/1/2022,KM,Comoros,AFRO,2,8107,0,160
5/8/2022,KM,Comoros,AFRO,1,8108,0,160
5/15/2022,KM,Comoros,AFRO,2,8110,0,160
5/22/2022,KM,Comoros,AFRO,9,8119,0,160
5/29/2022,KM,Comoros,AFRO,6,8125,0,160
6/5/2022,KM,Comoros,AFRO,6,8131,0,160
6/12/2022,KM,Comoros,AFRO,4,8135,0,160
6/19/2022,KM,Comoros,AFRO,1,8136,0,160
6/26/2022,KM,Comoros,AFRO,8,8144,0,160
7/3/2022,KM,Comoros,AFRO,40,8184,0,160
7/10/2022,KM,Comoros,AFRO,48,8232,0,160
7/17/2022,KM,Comoros,AFRO,38,8270,0,160
7/24/2022,KM,Comoros,AFRO,31,8301,0,160
7/31/2022,KM,Comoros,AFRO,28,8329,0,160
8/7/2022,KM,Comoros,AFRO,23,8352,0,160
8/14/2022,KM,Comoros,AFRO,51,8403,0,160
8/21/2022,KM,Comoros,AFRO,22,8425,0,160
8/28/2022,KM,Comoros,AFRO,25,8450,0,160
9/4/2022,KM,Comoros,AFRO,5,8455,0,160
9/11/2022,KM,Comoros,AFRO,12,8467,0,160
9/18/2022,KM,Comoros,AFRO,4,8471,0,160
9/25/2022,KM,Comoros,AFRO,1,8472,0,160
10/2/2022,KM,Comoros,AFRO,3,8475,0,160
10/9/2022,KM,Comoros,AFRO,5,8480,0,160
10/16/2022,KM,Comoros,AFRO,91,8571,0,160
10/23/2022,KM,Comoros,AFRO,101,8672,0,160
10/30/2022,KM,Comoros,AFRO,165,8837,0,160
11/6/2022,KM,Comoros,AFRO,69,8906,0,160
11/13/2022,KM,Comoros,AFRO,30,8936,0,160
11/20/2022,KM,Comoros,AFRO,20,8956,0,160
11/27/2022,KM,Comoros,AFRO,9,8965,0,160
12/4/2022,KM,Comoros,AFRO,3,8968,0,160
12/11/2022,KM,Comoros,AFRO,11,8979,0,160
12/18/2022,KM,Comoros,AFRO,0,8979,0,160
12/25/2022,KM,Comoros,AFRO,3,8982,0,160
1/1/2023,KM,Comoros,AFRO,3,8985,0,160
1/8/2023,KM,Comoros,AFRO,1,8986,0,160
1/15/2023,KM,Comoros,AFRO,1,8987,0,160
1/22/2023,KM,Comoros,AFRO,5,8992,0,160
1/29/2023,KM,Comoros,AFRO,1,8993,0,160
2/5/2023,KM,Comoros,AFRO,0,8993,0,160
2/12/2023,KM,Comoros,AFRO,0,8993,0,160
2/19/2023,KM,Comoros,AFRO,5,8998,0,160
2/26/2023,KM,Comoros,AFRO,5,9003,0,160
3/5/2023,KM,Comoros,AFRO,20,9023,0,160
3/12/2023,KM,Comoros,AFRO,29,9052,0,160
3/19/2023,KM,Comoros,AFRO,15,9067,0,160
3/26/2023,KM,Comoros,AFRO,13,9080,0,160
4/2/2023,KM,Comoros,AFRO,7,9087,0,160
4/9/2023,KM,Comoros,AFRO,12,9099,0,160
4/16/2023,KM,Comoros,AFRO,6,9105,0,160
4/23/2023,KM,Comoros,AFRO,0,9105,0,160
4/30/2023,KM,Comoros,AFRO,4,9109,0,160
5/7/2023,KM,Comoros,AFRO,0,9109,0,160
5/14/2023,KM,Comoros,AFRO,0,9109,0,160
5/21/2023,KM,Comoros,AFRO,0,9109,0,160
5/28/2023,KM,Comoros,AFRO,0,9109,0,160
6/4/2023,KM,Comoros,AFRO,0,9109,0,160
6/11/2023,KM,Comoros,AFRO,0,9109,0,160
6/18/2023,KM,Comoros,AFRO,0,9109,0,160
6/25/2023,KM,Comoros,AFRO,0,9109,0,160
7/2/2023,KM,Comoros,AFRO,0,9109,0,160
7/9/2023,KM,Comoros,AFRO,0,9109,0,160
7/16/2023,KM,Comoros,AFRO,0,9109,0,160
7/23/2023,KM,Comoros,AFRO,0,9109,0,160
7/30/2023,KM,Comoros,AFRO,0,9109,0,160
8/6/2023,KM,Comoros,AFRO,0,9109,0,160
8/13/2023,KM,Comoros,AFRO,0,9109,0,160
8/20/2023,KM,Comoros,AFRO,0,9109,0,160
8/27/2023,KM,Comoros,AFRO,0,9109,0,160
9/3/2023,KM,Comoros,AFRO,0,9109,0,160
9/10/2023,KM,Comoros,AFRO,0,9109,0,160
9/17/2023,KM,Comoros,AFRO,0,9109,0,160
9/24/2023,KM,Comoros,AFRO,0,9109,0,160
10/1/2023,KM,Comoros,AFRO,0,9109,0,160
10/8/2023,KM,Comoros,AFRO,0,9109,0,160
10/15/2023,KM,Comoros,AFRO,0,9109,0,160
10/22/2023,KM,Comoros,AFRO,0,9109,0,160
10/29/2023,KM,Comoros,AFRO,0,9109,0,160
11/5/2023,KM,Comoros,AFRO,0,9109,0,160
11/12/2023,KM,Comoros,AFRO,0,9109,0,160
11/19/2023,KM,Comoros,AFRO,0,9109,0,160
11/26/2023,KM,Comoros,AFRO,0,9109,0,160
12/3/2023,KM,Comoros,AFRO,0,9109,0,160
12/10/2023,KM,Comoros,AFRO,0,9109,0,160
12/17/2023,KM,Comoros,AFRO,0,9109,0,160
12/24/2023,KM,Comoros,AFRO,0,9109,0,160
1/5/2020,CG,Congo,AFRO,0,0,0,0
1/12/2020,CG,Congo,AFRO,0,0,0,0
1/19/2020,CG,Congo,AFRO,0,0,0,0
1/26/2020,CG,Congo,AFRO,0,0,0,0
2/2/2020,CG,Congo,AFRO,0,0,0,0
2/9/2020,CG,Congo,AFRO,0,0,0,0
2/16/2020,CG,Congo,AFRO,0,0,0,0
2/23/2020,CG,Congo,AFRO,0,0,0,0
3/1/2020,CG,Congo,AFRO,0,0,0,0
3/8/2020,CG,Congo,AFRO,0,0,0,0
3/15/2020,CG,Congo,AFRO,1,1,0,0
3/22/2020,CG,Congo,AFRO,2,3,0,0
3/29/2020,CG,Congo,AFRO,16,19,0,0
4/5/2020,CG,Congo,AFRO,30,49,4,4
4/12/2020,CG,Congo,AFRO,21,70,0,4
4/19/2020,CG,Congo,AFRO,73,143,1,5
4/26/2020,CG,Congo,AFRO,57,200,2,7
5/3/2020,CG,Congo,AFRO,29,229,2,9
5/10/2020,CG,Congo,AFRO,58,287,0,9
5/17/2020,CG,Congo,AFRO,123,410,5,14
5/24/2020,CG,Congo,AFRO,77,487,1,15
5/31/2020,CG,Congo,AFRO,117,604,4,19
6/7/2020,CG,Congo,AFRO,79,683,2,21
6/14/2020,CG,Congo,AFRO,96,779,4,25
6/21/2020,CG,Congo,AFRO,104,883,2,27
6/28/2020,CG,Congo,AFRO,446,1329,13,40
7/5/2020,CG,Congo,AFRO,228,1557,4,44
7/12/2020,CG,Congo,AFRO,665,2222,3,47
7/19/2020,CG,Congo,AFRO,411,2633,2,49
7/26/2020,CG,Congo,AFRO,526,3159,5,54
8/2/2020,CG,Congo,AFRO,228,3387,2,56
8/9/2020,CG,Congo,AFRO,277,3664,2,58
8/16/2020,CG,Congo,AFRO,167,3831,9,67
8/23/2020,CG,Congo,AFRO,19,3850,1,68
8/30/2020,CG,Congo,AFRO,129,3979,1,69
9/6/2020,CG,Congo,AFRO,888,4867,12,81
9/13/2020,CG,Congo,AFRO,67,4934,7,88
9/20/2020,CG,Congo,AFRO,68,5002,1,89
9/27/2020,CG,Congo,AFRO,89,5091,0,89
10/4/2020,CG,Congo,AFRO,20,5111,0,89
10/11/2020,CG,Congo,AFRO,45,5156,3,92
10/18/2020,CG,Congo,AFRO,0,5156,0,92
10/25/2020,CG,Congo,AFRO,134,5290,0,92
11/1/2020,CG,Congo,AFRO,58,5348,0,92
11/8/2020,CG,Congo,AFRO,31,5379,0,92
11/15/2020,CG,Congo,AFRO,136,5515,0,92
11/22/2020,CG,Congo,AFRO,117,5632,1,93
11/29/2020,CG,Congo,AFRO,142,5774,1,94
12/6/2020,CG,Congo,AFRO,0,5774,0,94
12/13/2020,CG,Congo,AFRO,275,6049,5,99
12/20/2020,CG,Congo,AFRO,224,6273,1,100
12/27/2020,CG,Congo,AFRO,116,6389,0,100
1/3/2021,CG,Congo,AFRO,771,7160,12,112
1/10/2021,CG,Congo,AFRO,441,7601,0,112
1/17/2021,CG,Congo,AFRO,193,7794,5,117
1/24/2021,CG,Congo,AFRO,93,7887,0,117
1/31/2021,CG,Congo,AFRO,173,8060,5,122
2/7/2021,CG,Congo,AFRO,294,8354,0,122
2/14/2021,CG,Congo,AFRO,65,8419,1,123
2/21/2021,CG,Congo,AFRO,206,8625,4,127
2/28/2021,CG,Congo,AFRO,195,8820,1,128
3/7/2021,CG,Congo,AFRO,359,9179,3,131
3/14/2021,CG,Congo,AFRO,150,9329,0,131
3/21/2021,CG,Congo,AFRO,352,9681,4,135
3/28/2021,CG,Congo,AFRO,0,9681,0,135
4/4/2021,CG,Congo,AFRO,403,10084,2,137
4/11/2021,CG,Congo,AFRO,0,10084,0,137
4/18/2021,CG,Congo,AFRO,0,10084,0,137
4/25/2021,CG,Congo,AFRO,594,10678,7,144
5/2/2021,CG,Congo,AFRO,338,11016,3,147
5/9/2021,CG,Congo,AFRO,327,11343,1,148
5/16/2021,CG,Congo,AFRO,133,11476,2,150
5/23/2021,CG,Congo,AFRO,182,11658,3,153
5/30/2021,CG,Congo,AFRO,187,11845,1,154
6/6/2021,CG,Congo,AFRO,75,11920,1,155
6/13/2021,CG,Congo,AFRO,0,11920,0,155
6/20/2021,CG,Congo,AFRO,484,12404,9,164
6/27/2021,CG,Congo,AFRO,192,12596,1,165
7/4/2021,CG,Congo,AFRO,194,12790,2,167
7/11/2021,CG,Congo,AFRO,143,12933,5,172
7/18/2021,CG,Congo,AFRO,117,13050,4,176
7/25/2021,CG,Congo,AFRO,106,13156,1,177
8/1/2021,CG,Congo,AFRO,60,13216,1,178
8/8/2021,CG,Congo,AFRO,77,13293,1,179
8/15/2021,CG,Congo,AFRO,105,13398,0,179
8/22/2021,CG,Congo,AFRO,95,13493,0,179
8/29/2021,CG,Congo,AFRO,95,13588,4,183
9/5/2021,CG,Congo,AFRO,113,13701,0,183
9/12/2021,CG,Congo,AFRO,0,13701,0,183
9/19/2021,CG,Congo,AFRO,313,14014,8,191
9/26/2021,CG,Congo,AFRO,230,14244,2,193
10/3/2021,CG,Congo,AFRO,317,14561,6,199
10/10/2021,CG,Congo,AFRO,694,15255,20,219
10/17/2021,CG,Congo,AFRO,707,15962,12,231
10/24/2021,CG,Congo,AFRO,906,16868,18,249
10/31/2021,CG,Congo,AFRO,802,17670,29,278
11/7/2021,CG,Congo,AFRO,483,18153,31,309
11/14/2021,CG,Congo,AFRO,386,18539,22,331
11/21/2021,CG,Congo,AFRO,298,18837,18,349
11/28/2021,CG,Congo,AFRO,133,18970,5,354
12/5/2021,CG,Congo,AFRO,96,19066,5,359
12/12/2021,CG,Congo,AFRO,0,19066,0,359
12/19/2021,CG,Congo,AFRO,113,19179,6,365
12/26/2021,CG,Congo,AFRO,910,20089,2,367
1/2/2022,CG,Congo,AFRO,1188,21277,2,369
1/9/2022,CG,Congo,AFRO,1141,22418,1,370
1/16/2022,CG,Congo,AFRO,826,23244,1,371
1/23/2022,CG,Congo,AFRO,241,23485,0,371
1/30/2022,CG,Congo,AFRO,220,23705,0,371
2/6/2022,CG,Congo,AFRO,87,23792,4,375
2/13/2022,CG,Congo,AFRO,20,23812,0,375
2/20/2022,CG,Congo,AFRO,51,23863,2,377
2/27/2022,CG,Congo,AFRO,95,23958,1,378
3/6/2022,CG,Congo,AFRO,21,23979,0,378
3/13/2022,CG,Congo,AFRO,8,23987,0,378
3/20/2022,CG,Congo,AFRO,13,24000,6,384
3/27/2022,CG,Congo,AFRO,7,24007,0,384
4/3/2022,CG,Congo,AFRO,10,24017,1,385
4/10/2022,CG,Congo,AFRO,11,24028,0,385
4/17/2022,CG,Congo,AFRO,1,24029,0,385
4/24/2022,CG,Congo,AFRO,0,24029,0,385
5/1/2022,CG,Congo,AFRO,12,24041,0,385
5/8/2022,CG,Congo,AFRO,11,24052,0,385
5/15/2022,CG,Congo,AFRO,0,24052,0,385
5/22/2022,CG,Congo,AFRO,0,24052,0,385
5/29/2022,CG,Congo,AFRO,0,24052,0,385
6/5/2022,CG,Congo,AFRO,76,24128,0,385
6/12/2022,CG,Congo,AFRO,0,24128,0,385
6/19/2022,CG,Congo,AFRO,0,24128,0,385
6/26/2022,CG,Congo,AFRO,0,24128,0,385
7/3/2022,CG,Congo,AFRO,293,24421,1,386
7/10/2022,CG,Congo,AFRO,0,24421,0,386
7/17/2022,CG,Congo,AFRO,183,24604,0,386
7/24/2022,CG,Congo,AFRO,86,24690,0,386
7/31/2022,CG,Congo,AFRO,100,24790,0,386
8/7/2022,CG,Congo,AFRO,16,24806,0,386
8/14/2022,CG,Congo,AFRO,15,24821,0,386
8/21/2022,CG,Congo,AFRO,19,24840,0,386
8/28/2022,CG,Congo,AFRO,11,24851,0,386
9/4/2022,CG,Congo,AFRO,20,24871,0,386
9/11/2022,CG,Congo,AFRO,15,24886,0,386
9/18/2022,CG,Congo,AFRO,8,24894,0,386
9/25/2022,CG,Congo,AFRO,22,24916,0,386
10/2/2022,CG,Congo,AFRO,32,24948,0,386
10/9/2022,CG,Congo,AFRO,45,24993,0,386
10/16/2022,CG,Congo,AFRO,23,25016,0,386
10/23/2022,CG,Congo,AFRO,27,25043,0,386
10/30/2022,CG,Congo,AFRO,3,25046,0,386
11/6/2022,CG,Congo,AFRO,5,25051,0,386
11/13/2022,CG,Congo,AFRO,5,25056,0,386
11/20/2022,CG,Congo,AFRO,2,25058,0,386
11/27/2022,CG,Congo,AFRO,3,25061,0,386
12/4/2022,CG,Congo,AFRO,1,25062,0,386
12/11/2022,CG,Congo,AFRO,0,25062,0,386
12/18/2022,CG,Congo,AFRO,1,25063,0,386
12/25/2022,CG,Congo,AFRO,0,25063,0,386
1/1/2023,CG,Congo,AFRO,0,25063,0,386
1/8/2023,CG,Congo,AFRO,1,25064,0,386
1/15/2023,CG,Congo,AFRO,0,25064,0,386
1/22/2023,CG,Congo,AFRO,3,25067,2,388
1/29/2023,CG,Congo,AFRO,2,25069,0,388
2/5/2023,CG,Congo,AFRO,1,25070,0,388
2/12/2023,CG,Congo,AFRO,3,25073,0,388
2/19/2023,CG,Congo,AFRO,4,25077,0,388
2/26/2023,CG,Congo,AFRO,0,25077,0,388
3/5/2023,CG,Congo,AFRO,10,25087,0,388
3/12/2023,CG,Congo,AFRO,12,25099,0,388
3/19/2023,CG,Congo,AFRO,11,25110,0,388
3/26/2023,CG,Congo,AFRO,33,25143,1,389
4/2/2023,CG,Congo,AFRO,0,25143,0,389
4/9/2023,CG,Congo,AFRO,32,25175,0,389
4/16/2023,CG,Congo,AFRO,10,25185,0,389
4/23/2023,CG,Congo,AFRO,3,25188,0,389
4/30/2023,CG,Congo,AFRO,4,25192,0,389
5/7/2023,CG,Congo,AFRO,0,25192,0,389
5/14/2023,CG,Congo,AFRO,2,25194,0,389
5/21/2023,CG,Congo,AFRO,1,25195,0,389
5/28/2023,CG,Congo,AFRO,1,25196,0,389
6/4/2023,CG,Congo,AFRO,0,25196,0,389
6/11/2023,CG,Congo,AFRO,0,25196,0,389
6/18/2023,CG,Congo,AFRO,0,25196,0,389
6/25/2023,CG,Congo,AFRO,0,25196,0,389
7/2/2023,CG,Congo,AFRO,0,25196,0,389
7/9/2023,CG,Congo,AFRO,0,25196,0,389
7/16/2023,CG,Congo,AFRO,0,25196,0,389
7/23/2023,CG,Congo,AFRO,0,25196,0,389
7/30/2023,CG,Congo,AFRO,0,25196,0,389
8/6/2023,CG,Congo,AFRO,0,25196,0,389
8/13/2023,CG,Congo,AFRO,0,25196,0,389
8/20/2023,CG,Congo,AFRO,0,25196,0,389
8/27/2023,CG,Congo,AFRO,0,25196,0,389
9/3/2023,CG,Congo,AFRO,0,25196,0,389
9/10/2023,CG,Congo,AFRO,0,25196,0,389
9/17/2023,CG,Congo,AFRO,0,25196,0,389
9/24/2023,CG,Congo,AFRO,0,25196,0,389
10/1/2023,CG,Congo,AFRO,0,25196,0,389
10/8/2023,CG,Congo,AFRO,3,25199,0,389
10/15/2023,CG,Congo,AFRO,4,25203,0,389
10/22/2023,CG,Congo,AFRO,3,25206,0,389
10/29/2023,CG,Congo,AFRO,3,25209,0,389
11/5/2023,CG,Congo,AFRO,4,25213,0,389
11/12/2023,CG,Congo,AFRO,0,25213,0,389
11/19/2023,CG,Congo,AFRO,0,25213,0,389
11/26/2023,CG,Congo,AFRO,0,25213,0,389
12/3/2023,CG,Congo,AFRO,0,25213,0,389
12/10/2023,CG,Congo,AFRO,0,25213,0,389
12/17/2023,CG,Congo,AFRO,0,25213,0,389
12/24/2023,CG,Congo,AFRO,0,25213,0,389
1/5/2020,CK,Cook Islands,WPRO,0,0,0,0
1/12/2020,CK,Cook Islands,WPRO,0,0,0,0
1/19/2020,CK,Cook Islands,WPRO,0,0,0,0
1/26/2020,CK,Cook Islands,WPRO,0,0,0,0
2/2/2020,CK,Cook Islands,WPRO,0,0,0,0
2/9/2020,CK,Cook Islands,WPRO,0,0,0,0
2/16/2020,CK,Cook Islands,WPRO,0,0,0,0
2/23/2020,CK,Cook Islands,WPRO,0,0,0,0
3/1/2020,CK,Cook Islands,WPRO,0,0,0,0
3/8/2020,CK,Cook Islands,WPRO,0,0,0,0
3/15/2020,CK,Cook Islands,WPRO,0,0,0,0
3/22/2020,CK,Cook Islands,WPRO,0,0,0,0
3/29/2020,CK,Cook Islands,WPRO,0,0,0,0
4/5/2020,CK,Cook Islands,WPRO,0,0,0,0
4/12/2020,CK,Cook Islands,WPRO,0,0,0,0
4/19/2020,CK,Cook Islands,WPRO,0,0,0,0
4/26/2020,CK,Cook Islands,WPRO,0,0,0,0
5/3/2020,CK,Cook Islands,WPRO,0,0,0,0
5/10/2020,CK,Cook Islands,WPRO,0,0,0,0
5/17/2020,CK,Cook Islands,WPRO,0,0,0,0
5/24/2020,CK,Cook Islands,WPRO,0,0,0,0
5/31/2020,CK,Cook Islands,WPRO,0,0,0,0
6/7/2020,CK,Cook Islands,WPRO,0,0,0,0
6/14/2020,CK,Cook Islands,WPRO,0,0,0,0
6/21/2020,CK,Cook Islands,WPRO,0,0,0,0
6/28/2020,CK,Cook Islands,WPRO,0,0,0,0
7/5/2020,CK,Cook Islands,WPRO,0,0,0,0
7/12/2020,CK,Cook Islands,WPRO,0,0,0,0
7/19/2020,CK,Cook Islands,WPRO,0,0,0,0
7/26/2020,CK,Cook Islands,WPRO,0,0,0,0
8/2/2020,CK,Cook Islands,WPRO,0,0,0,0
8/9/2020,CK,Cook Islands,WPRO,0,0,0,0
8/16/2020,CK,Cook Islands,WPRO,0,0,0,0
8/23/2020,CK,Cook Islands,WPRO,0,0,0,0
8/30/2020,CK,Cook Islands,WPRO,0,0,0,0
9/6/2020,CK,Cook Islands,WPRO,0,0,0,0
9/13/2020,CK,Cook Islands,WPRO,0,0,0,0
9/20/2020,CK,Cook Islands,WPRO,0,0,0,0
9/27/2020,CK,Cook Islands,WPRO,0,0,0,0
10/4/2020,CK,Cook Islands,WPRO,0,0,0,0
10/11/2020,CK,Cook Islands,WPRO,0,0,0,0
10/18/2020,CK,Cook Islands,WPRO,0,0,0,0
10/25/2020,CK,Cook Islands,WPRO,0,0,0,0
11/1/2020,CK,Cook Islands,WPRO,0,0,0,0
11/8/2020,CK,Cook Islands,WPRO,0,0,0,0
11/15/2020,CK,Cook Islands,WPRO,0,0,0,0
11/22/2020,CK,Cook Islands,WPRO,0,0,0,0
11/29/2020,CK,Cook Islands,WPRO,0,0,0,0
12/6/2020,CK,Cook Islands,WPRO,0,0,0,0
12/13/2020,CK,Cook Islands,WPRO,0,0,0,0
12/20/2020,CK,Cook Islands,WPRO,0,0,0,0
12/27/2020,CK,Cook Islands,WPRO,0,0,0,0
1/3/2021,CK,Cook Islands,WPRO,0,0,0,0
1/10/2021,CK,Cook Islands,WPRO,0,0,0,0
1/17/2021,CK,Cook Islands,WPRO,0,0,0,0
1/24/2021,CK,Cook Islands,WPRO,0,0,0,0
1/31/2021,CK,Cook Islands,WPRO,0,0,0,0
2/7/2021,CK,Cook Islands,WPRO,0,0,0,0
2/14/2021,CK,Cook Islands,WPRO,0,0,0,0
2/21/2021,CK,Cook Islands,WPRO,0,0,0,0
2/28/2021,CK,Cook Islands,WPRO,0,0,0,0
3/7/2021,CK,Cook Islands,WPRO,0,0,0,0
3/14/2021,CK,Cook Islands,WPRO,0,0,0,0
3/21/2021,CK,Cook Islands,WPRO,0,0,0,0
3/28/2021,CK,Cook Islands,WPRO,0,0,0,0
4/4/2021,CK,Cook Islands,WPRO,0,0,0,0
4/11/2021,CK,Cook Islands,WPRO,0,0,0,0
4/18/2021,CK,Cook Islands,WPRO,0,0,0,0
4/25/2021,CK,Cook Islands,WPRO,0,0,0,0
5/2/2021,CK,Cook Islands,WPRO,0,0,0,0
5/9/2021,CK,Cook Islands,WPRO,0,0,0,0
5/16/2021,CK,Cook Islands,WPRO,0,0,0,0
5/23/2021,CK,Cook Islands,WPRO,0,0,0,0
5/30/2021,CK,Cook Islands,WPRO,0,0,0,0
6/6/2021,CK,Cook Islands,WPRO,0,0,0,0
6/13/2021,CK,Cook Islands,WPRO,0,0,0,0
6/20/2021,CK,Cook Islands,WPRO,0,0,0,0
6/27/2021,CK,Cook Islands,WPRO,0,0,0,0
7/4/2021,CK,Cook Islands,WPRO,0,0,0,0
7/11/2021,CK,Cook Islands,WPRO,0,0,0,0
7/18/2021,CK,Cook Islands,WPRO,0,0,0,0
7/25/2021,CK,Cook Islands,WPRO,0,0,0,0
8/1/2021,CK,Cook Islands,WPRO,0,0,0,0
8/8/2021,CK,Cook Islands,WPRO,0,0,0,0
8/15/2021,CK,Cook Islands,WPRO,0,0,0,0
8/22/2021,CK,Cook Islands,WPRO,0,0,0,0
8/29/2021,CK,Cook Islands,WPRO,0,0,0,0
9/5/2021,CK,Cook Islands,WPRO,0,0,0,0
9/12/2021,CK,Cook Islands,WPRO,0,0,0,0
9/19/2021,CK,Cook Islands,WPRO,0,0,0,0
9/26/2021,CK,Cook Islands,WPRO,0,0,0,0
10/3/2021,CK,Cook Islands,WPRO,0,0,0,0
10/10/2021,CK,Cook Islands,WPRO,0,0,0,0
10/17/2021,CK,Cook Islands,WPRO,0,0,0,0
10/24/2021,CK,Cook Islands,WPRO,0,0,0,0
10/31/2021,CK,Cook Islands,WPRO,0,0,0,0
11/7/2021,CK,Cook Islands,WPRO,0,0,0,0
11/14/2021,CK,Cook Islands,WPRO,0,0,0,0
11/21/2021,CK,Cook Islands,WPRO,0,0,0,0
11/28/2021,CK,Cook Islands,WPRO,0,0,0,0
12/5/2021,CK,Cook Islands,WPRO,0,0,0,0
12/12/2021,CK,Cook Islands,WPRO,0,0,0,0
12/19/2021,CK,Cook Islands,WPRO,0,0,0,0
12/26/2021,CK,Cook Islands,WPRO,0,0,0,0
1/2/2022,CK,Cook Islands,WPRO,0,0,0,0
1/9/2022,CK,Cook Islands,WPRO,0,0,0,0
1/16/2022,CK,Cook Islands,WPRO,0,0,0,0
1/23/2022,CK,Cook Islands,WPRO,0,0,0,0
1/30/2022,CK,Cook Islands,WPRO,0,0,0,0
2/6/2022,CK,Cook Islands,WPRO,0,0,0,0
2/13/2022,CK,Cook Islands,WPRO,0,0,0,0
2/20/2022,CK,Cook Islands,WPRO,4,4,0,0
2/27/2022,CK,Cook Islands,WPRO,6,10,0,0
3/6/2022,CK,Cook Islands,WPRO,122,132,0,0
3/13/2022,CK,Cook Islands,WPRO,206,338,0,0
3/20/2022,CK,Cook Islands,WPRO,446,784,0,0
3/27/2022,CK,Cook Islands,WPRO,611,1395,0,0
4/3/2022,CK,Cook Islands,WPRO,1011,2406,0,0
4/10/2022,CK,Cook Islands,WPRO,765,3171,0,0
4/17/2022,CK,Cook Islands,WPRO,517,3688,0,0
4/24/2022,CK,Cook Islands,WPRO,1039,4727,1,1
5/1/2022,CK,Cook Islands,WPRO,343,5070,0,1
5/8/2022,CK,Cook Islands,WPRO,197,5267,0,1
5/15/2022,CK,Cook Islands,WPRO,148,5415,0,1
5/22/2022,CK,Cook Islands,WPRO,128,5543,0,1
5/29/2022,CK,Cook Islands,WPRO,93,5636,0,1
6/5/2022,CK,Cook Islands,WPRO,61,5697,0,1
6/12/2022,CK,Cook Islands,WPRO,20,5717,0,1
6/19/2022,CK,Cook Islands,WPRO,10,5727,0,1
6/26/2022,CK,Cook Islands,WPRO,41,5768,0,1
7/3/2022,CK,Cook Islands,WPRO,6,5774,0,1
7/10/2022,CK,Cook Islands,WPRO,20,5794,0,1
7/17/2022,CK,Cook Islands,WPRO,20,5814,0,1
7/24/2022,CK,Cook Islands,WPRO,33,5847,0,1
7/31/2022,CK,Cook Islands,WPRO,195,6042,0,1
8/7/2022,CK,Cook Islands,WPRO,87,6129,0,1
8/14/2022,CK,Cook Islands,WPRO,80,6209,0,1
8/21/2022,CK,Cook Islands,WPRO,56,6265,0,1
8/28/2022,CK,Cook Islands,WPRO,0,6265,0,1
9/4/2022,CK,Cook Islands,WPRO,108,6373,0,1
9/11/2022,CK,Cook Islands,WPRO,13,6386,0,1
9/18/2022,CK,Cook Islands,WPRO,3,6389,0,1
9/25/2022,CK,Cook Islands,WPRO,0,6389,0,1
10/2/2022,CK,Cook Islands,WPRO,0,6389,0,1
10/9/2022,CK,Cook Islands,WPRO,0,6389,0,1
10/16/2022,CK,Cook Islands,WPRO,0,6389,0,1
10/23/2022,CK,Cook Islands,WPRO,0,6389,0,1
10/30/2022,CK,Cook Islands,WPRO,0,6389,0,1
11/6/2022,CK,Cook Islands,WPRO,0,6389,0,1
11/13/2022,CK,Cook Islands,WPRO,0,6389,0,1
11/20/2022,CK,Cook Islands,WPRO,0,6389,0,1
11/27/2022,CK,Cook Islands,WPRO,0,6389,0,1
12/4/2022,CK,Cook Islands,WPRO,0,6389,0,1
12/11/2022,CK,Cook Islands,WPRO,0,6389,0,1
12/18/2022,CK,Cook Islands,WPRO,0,6389,0,1
12/25/2022,CK,Cook Islands,WPRO,236,6625,0,1
1/1/2023,CK,Cook Islands,WPRO,85,6710,0,1
1/8/2023,CK,Cook Islands,WPRO,134,6844,0,1
1/15/2023,CK,Cook Islands,WPRO,108,6952,0,1
1/22/2023,CK,Cook Islands,WPRO,36,6988,0,1
1/29/2023,CK,Cook Islands,WPRO,11,6999,0,1
2/5/2023,CK,Cook Islands,WPRO,20,7019,1,2
2/12/2023,CK,Cook Islands,WPRO,3,7022,0,2
2/19/2023,CK,Cook Islands,WPRO,4,7026,0,2
2/26/2023,CK,Cook Islands,WPRO,2,7028,0,2
3/5/2023,CK,Cook Islands,WPRO,1,7029,0,2
3/12/2023,CK,Cook Islands,WPRO,3,7032,0,2
3/19/2023,CK,Cook Islands,WPRO,1,7033,0,2
3/26/2023,CK,Cook Islands,WPRO,4,7037,0,2
4/2/2023,CK,Cook Islands,WPRO,5,7042,0,2
4/9/2023,CK,Cook Islands,WPRO,8,7050,0,2
4/16/2023,CK,Cook Islands,WPRO,5,7055,0,2
4/23/2023,CK,Cook Islands,WPRO,4,7059,0,2
4/30/2023,CK,Cook Islands,WPRO,3,7062,0,2
5/7/2023,CK,Cook Islands,WPRO,5,7067,0,2
5/14/2023,CK,Cook Islands,WPRO,12,7079,0,2
5/21/2023,CK,Cook Islands,WPRO,27,7106,0,2
5/28/2023,CK,Cook Islands,WPRO,14,7120,0,2
6/4/2023,CK,Cook Islands,WPRO,8,7128,0,2
6/11/2023,CK,Cook Islands,WPRO,9,7137,0,2
6/18/2023,CK,Cook Islands,WPRO,5,7142,0,2
6/25/2023,CK,Cook Islands,WPRO,1,7143,0,2
7/2/2023,CK,Cook Islands,WPRO,1,7144,0,2
7/9/2023,CK,Cook Islands,WPRO,0,7144,0,2
7/16/2023,CK,Cook Islands,WPRO,3,7147,0,2
7/23/2023,CK,Cook Islands,WPRO,2,7149,0,2
7/30/2023,CK,Cook Islands,WPRO,2,7151,0,2
8/6/2023,CK,Cook Islands,WPRO,1,7152,0,2
8/13/2023,CK,Cook Islands,WPRO,0,7152,0,2
8/20/2023,CK,Cook Islands,WPRO,0,7152,0,2
8/27/2023,CK,Cook Islands,WPRO,0,7152,0,2
9/3/2023,CK,Cook Islands,WPRO,0,7152,0,2
9/10/2023,CK,Cook Islands,WPRO,0,7152,0,2
9/17/2023,CK,Cook Islands,WPRO,6,7158,0,2
9/24/2023,CK,Cook Islands,WPRO,0,7158,0,2
10/1/2023,CK,Cook Islands,WPRO,0,7158,0,2
10/8/2023,CK,Cook Islands,WPRO,0,7158,0,2
10/15/2023,CK,Cook Islands,WPRO,10,7168,0,2
10/22/2023,CK,Cook Islands,WPRO,0,7168,0,2
10/29/2023,CK,Cook Islands,WPRO,0,7168,0,2
11/5/2023,CK,Cook Islands,WPRO,0,7168,0,2
11/12/2023,CK,Cook Islands,WPRO,0,7168,0,2
11/19/2023,CK,Cook Islands,WPRO,4,7172,0,2
11/26/2023,CK,Cook Islands,WPRO,2,7174,0,2
12/3/2023,CK,Cook Islands,WPRO,0,7174,0,2
12/10/2023,CK,Cook Islands,WPRO,0,7174,0,2
12/17/2023,CK,Cook Islands,WPRO,0,7174,0,2
12/24/2023,CK,Cook Islands,WPRO,0,7174,0,2
1/5/2020,CR,Costa Rica,AMRO,0,0,0,0
1/12/2020,CR,Costa Rica,AMRO,0,0,0,0
1/19/2020,CR,Costa Rica,AMRO,0,0,0,0
1/26/2020,CR,Costa Rica,AMRO,0,0,0,0
2/2/2020,CR,Costa Rica,AMRO,0,0,0,0
2/9/2020,CR,Costa Rica,AMRO,0,0,0,0
2/16/2020,CR,Costa Rica,AMRO,0,0,0,0
2/23/2020,CR,Costa Rica,AMRO,0,0,0,0
3/1/2020,CR,Costa Rica,AMRO,0,0,0,0
3/8/2020,CR,Costa Rica,AMRO,2,2,0,0
3/15/2020,CR,Costa Rica,AMRO,24,26,0,0
3/22/2020,CR,Costa Rica,AMRO,87,113,2,2
3/29/2020,CR,Costa Rica,AMRO,150,263,0,2
4/5/2020,CR,Costa Rica,AMRO,153,416,0,2
4/12/2020,CR,Costa Rica,AMRO,142,558,1,3
4/19/2020,CR,Costa Rica,AMRO,91,649,1,4
4/26/2020,CR,Costa Rica,AMRO,38,687,2,6
5/3/2020,CR,Costa Rica,AMRO,38,725,0,6
5/10/2020,CR,Costa Rica,AMRO,48,773,0,6
5/17/2020,CR,Costa Rica,AMRO,70,843,2,8
5/24/2020,CR,Costa Rica,AMRO,68,911,2,10
5/31/2020,CR,Costa Rica,AMRO,111,1022,0,10
6/7/2020,CR,Costa Rica,AMRO,206,1228,0,10
6/14/2020,CR,Costa Rica,AMRO,384,1612,2,12
6/21/2020,CR,Costa Rica,AMRO,446,2058,0,12
6/28/2020,CR,Costa Rica,AMRO,778,2836,0,12
7/5/2020,CR,Costa Rica,AMRO,1475,4311,6,18
7/12/2020,CR,Costa Rica,AMRO,2534,6845,8,26
7/19/2020,CR,Costa Rica,AMRO,3124,9969,21,47
7/26/2020,CR,Costa Rica,AMRO,3700,13669,40,87
8/2/2020,CR,Costa Rica,AMRO,4151,17820,63,150
8/9/2020,CR,Costa Rica,AMRO,4261,22081,68,218
8/16/2020,CR,Costa Rica,AMRO,4850,26931,63,281
8/23/2020,CR,Costa Rica,AMRO,5203,32134,59,340
8/30/2020,CR,Costa Rica,AMRO,6351,38485,67,407
9/6/2020,CR,Costa Rica,AMRO,7195,45680,62,469
9/13/2020,CR,Costa Rica,AMRO,8289,53969,114,583
9/20/2020,CR,Costa Rica,AMRO,8405,62374,103,686
9/27/2020,CR,Costa Rica,AMRO,8442,70816,126,812
10/4/2020,CR,Costa Rica,AMRO,7013,77829,118,930
10/11/2020,CR,Costa Rica,AMRO,8224,86053,125,1055
10/18/2020,CR,Costa Rica,AMRO,8295,94348,113,1168
10/25/2020,CR,Costa Rica,AMRO,7478,101826,97,1265
11/1/2020,CR,Costa Rica,AMRO,7040,108866,106,1371
11/8/2020,CR,Costa Rica,AMRO,6551,115417,82,1453
11/15/2020,CR,Costa Rica,AMRO,6706,122123,84,1537
11/22/2020,CR,Costa Rica,AMRO,7295,129418,71,1608
11/29/2020,CR,Costa Rica,AMRO,7675,137093,82,1690
12/6/2020,CR,Costa Rica,AMRO,6592,143685,83,1773
12/13/2020,CR,Costa Rica,AMRO,7262,150947,122,1895
12/20/2020,CR,Costa Rica,AMRO,6525,157472,101,1996
12/27/2020,CR,Costa Rica,AMRO,6590,164062,107,2103
1/3/2021,CR,Costa Rica,AMRO,6529,170591,90,2193
1/10/2021,CR,Costa Rica,AMRO,7023,177614,112,2305
1/17/2021,CR,Costa Rica,AMRO,6573,184187,111,2416
1/24/2021,CR,Costa Rica,AMRO,5121,189308,102,2518
1/31/2021,CR,Costa Rica,AMRO,3968,193276,86,2604
2/7/2021,CR,Costa Rica,AMRO,3162,196438,68,2672
2/14/2021,CR,Costa Rica,AMRO,2749,199187,42,2714
2/21/2021,CR,Costa Rica,AMRO,2491,201678,49,2763
2/28/2021,CR,Costa Rica,AMRO,2663,204341,37,2800
3/7/2021,CR,Costa Rica,AMRO,2299,206640,33,2833
3/14/2021,CR,Costa Rica,AMRO,2453,209093,29,2862
3/21/2021,CR,Costa Rica,AMRO,2810,211903,34,2896
3/28/2021,CR,Costa Rica,AMRO,3275,215178,35,2931
4/4/2021,CR,Costa Rica,AMRO,2978,218156,43,2974
4/11/2021,CR,Costa Rica,AMRO,4388,222544,44,3018
4/18/2021,CR,Costa Rica,AMRO,6033,228577,53,3071
4/25/2021,CR,Costa Rica,AMRO,8353,236930,65,3136
5/2/2021,CR,Costa Rica,AMRO,14061,250991,95,3231
5/9/2021,CR,Costa Rica,AMRO,14495,265486,134,3365
5/16/2021,CR,Costa Rica,AMRO,17255,282741,182,3547
5/23/2021,CR,Costa Rica,AMRO,16478,299219,218,3765
5/30/2021,CR,Costa Rica,AMRO,14883,314102,197,3962
6/6/2021,CR,Costa Rica,AMRO,13877,327979,191,4153
6/13/2021,CR,Costa Rica,AMRO,11921,339900,169,4322
6/20/2021,CR,Costa Rica,AMRO,10730,350630,151,4473
6/27/2021,CR,Costa Rica,AMRO,10375,361005,129,4602
7/4/2021,CR,Costa Rica,AMRO,10201,371206,84,4686
7/11/2021,CR,Costa Rica,AMRO,9276,380482,87,4773
7/18/2021,CR,Costa Rica,AMRO,9316,389798,101,4874
7/25/2021,CR,Costa Rica,AMRO,8810,398608,67,4941
8/1/2021,CR,Costa Rica,AMRO,8206,406814,89,5030
8/8/2021,CR,Costa Rica,AMRO,9863,416677,94,5124
8/15/2021,CR,Costa Rica,AMRO,11618,428295,87,5211
8/22/2021,CR,Costa Rica,AMRO,12352,440647,101,5312
8/29/2021,CR,Costa Rica,AMRO,15137,455784,119,5431
9/5/2021,CR,Costa Rica,AMRO,16531,472315,137,5568
9/12/2021,CR,Costa Rica,AMRO,17469,489784,186,5754
9/19/2021,CR,Costa Rica,AMRO,15379,505163,195,5949
9/26/2021,CR,Costa Rica,AMRO,16019,521182,240,6189
10/3/2021,CR,Costa Rica,AMRO,12691,533873,224,6413
10/10/2021,CR,Costa Rica,AMRO,10148,544021,199,6612
10/17/2021,CR,Costa Rica,AMRO,7123,551144,185,6797
10/24/2021,CR,Costa Rica,AMRO,4826,555970,149,6946
10/31/2021,CR,Costa Rica,AMRO,3728,559698,83,7029
11/7/2021,CR,Costa Rica,AMRO,2618,562316,105,7134
11/14/2021,CR,Costa Rica,AMRO,1843,564159,63,7197
11/21/2021,CR,Costa Rica,AMRO,1389,565548,54,7251
11/28/2021,CR,Costa Rica,AMRO,1012,566560,36,7287
12/5/2021,CR,Costa Rica,AMRO,823,567383,25,7312
12/12/2021,CR,Costa Rica,AMRO,612,567995,20,7332
12/19/2021,CR,Costa Rica,AMRO,543,568538,8,7340
12/26/2021,CR,Costa Rica,AMRO,985,569523,9,7349
1/2/2022,CR,Costa Rica,AMRO,3025,572548,8,7357
1/9/2022,CR,Costa Rica,AMRO,11999,584547,15,7372
1/16/2022,CR,Costa Rica,AMRO,25335,609882,34,7406
1/23/2022,CR,Costa Rica,AMRO,33614,643496,45,7451
1/30/2022,CR,Costa Rica,AMRO,38984,682480,82,7533
2/6/2022,CR,Costa Rica,AMRO,39491,721971,108,7641
2/13/2022,CR,Costa Rica,AMRO,35122,757093,131,7772
2/20/2022,CR,Costa Rica,AMRO,26344,783437,122,7894
2/27/2022,CR,Costa Rica,AMRO,19035,802472,105,7999
3/6/2022,CR,Costa Rica,AMRO,12111,814583,83,8082
3/13/2022,CR,Costa Rica,AMRO,8352,822935,78,8160
3/20/2022,CR,Costa Rica,AMRO,6465,829400,66,8226
3/27/2022,CR,Costa Rica,AMRO,5326,834726,40,8266
4/3/2022,CR,Costa Rica,AMRO,4642,839368,42,8308
4/10/2022,CR,Costa Rica,AMRO,4116,843484,35,8343
4/17/2022,CR,Costa Rica,AMRO,2658,846142,22,8365
4/24/2022,CR,Costa Rica,AMRO,1642,847784,18,8383
5/1/2022,CR,Costa Rica,AMRO,4290,852074,22,8405
5/8/2022,CR,Costa Rica,AMRO,5216,857290,16,8421
5/15/2022,CR,Costa Rica,AMRO,8874,866164,23,8444
5/22/2022,CR,Costa Rica,AMRO,11369,877533,28,8472
5/29/2022,CR,Costa Rica,AMRO,13505,891038,23,8495
6/5/2022,CR,Costa Rica,AMRO,13896,904934,30,8525
6/12/2022,CR,Costa Rica,AMRO,14938,919872,8,8533
6/19/2022,CR,Costa Rica,AMRO,16554,936426,0,8533
6/26/2022,CR,Costa Rica,AMRO,17324,953750,26,8559
7/3/2022,CR,Costa Rica,AMRO,18010,971760,38,8597
7/10/2022,CR,Costa Rica,AMRO,20357,992117,27,8624
7/17/2022,CR,Costa Rica,AMRO,17220,1009337,29,8653
7/24/2022,CR,Costa Rica,AMRO,19038,1028375,37,8690
7/31/2022,CR,Costa Rica,AMRO,16010,1044385,50,8740
8/7/2022,CR,Costa Rica,AMRO,13310,1057695,34,8774
8/14/2022,CR,Costa Rica,AMRO,11467,1069162,26,8800
8/21/2022,CR,Costa Rica,AMRO,10663,1079825,28,8828
8/28/2022,CR,Costa Rica,AMRO,8891,1088716,28,8856
9/4/2022,CR,Costa Rica,AMRO,8913,1097629,31,8887
9/11/2022,CR,Costa Rica,AMRO,8163,1105792,26,8913
9/18/2022,CR,Costa Rica,AMRO,6177,1111969,20,8933
9/25/2022,CR,Costa Rica,AMRO,6020,1117989,20,8953
10/2/2022,CR,Costa Rica,AMRO,5012,1123001,13,8966
10/9/2022,CR,Costa Rica,AMRO,4601,1127602,8,8974
10/16/2022,CR,Costa Rica,AMRO,2966,1130568,8,8982
10/23/2022,CR,Costa Rica,AMRO,2528,1133096,8,8990
10/30/2022,CR,Costa Rica,AMRO,2617,1135713,9,8999
11/6/2022,CR,Costa Rica,AMRO,2703,1138416,10,9009
11/13/2022,CR,Costa Rica,AMRO,2448,1140864,10,9019
11/20/2022,CR,Costa Rica,AMRO,2733,1143597,12,9031
11/27/2022,CR,Costa Rica,AMRO,2538,1146135,7,9038
12/4/2022,CR,Costa Rica,AMRO,2779,1148914,8,9046
12/11/2022,CR,Costa Rica,AMRO,3552,1152466,5,9051
12/18/2022,CR,Costa Rica,AMRO,4031,1156497,8,9059
12/25/2022,CR,Costa Rica,AMRO,5190,1161687,13,9072
1/1/2023,CR,Costa Rica,AMRO,5155,1166842,13,9085
1/8/2023,CR,Costa Rica,AMRO,4960,1171802,19,9104
1/15/2023,CR,Costa Rica,AMRO,5712,1177514,19,9123
1/22/2023,CR,Costa Rica,AMRO,4857,1182371,19,9142
1/29/2023,CR,Costa Rica,AMRO,3805,1186176,16,9158
2/5/2023,CR,Costa Rica,AMRO,4201,1190377,23,9181
2/12/2023,CR,Costa Rica,AMRO,4207,1194584,14,9195
2/19/2023,CR,Costa Rica,AMRO,4471,1199055,19,9214
2/26/2023,CR,Costa Rica,AMRO,5109,1204164,16,9230
3/5/2023,CR,Costa Rica,AMRO,5561,1209725,15,9245
3/12/2023,CR,Costa Rica,AMRO,4926,1214651,21,9266
3/19/2023,CR,Costa Rica,AMRO,4423,1219074,25,9291
3/26/2023,CR,Costa Rica,AMRO,3587,1222661,18,9309
4/2/2023,CR,Costa Rica,AMRO,3654,1226315,17,9326
4/9/2023,CR,Costa Rica,AMRO,0,1226315,0,9326
4/16/2023,CR,Costa Rica,AMRO,0,1226315,0,9326
4/23/2023,CR,Costa Rica,AMRO,1231,1227546,13,9339
4/30/2023,CR,Costa Rica,AMRO,1113,1228659,12,9351
5/7/2023,CR,Costa Rica,AMRO,928,1229587,11,9362
5/14/2023,CR,Costa Rica,AMRO,965,1230552,4,9366
5/21/2023,CR,Costa Rica,AMRO,0,1230552,0,9366
5/28/2023,CR,Costa Rica,AMRO,7,1230559,0,9366
6/4/2023,CR,Costa Rica,AMRO,8,1230567,0,9366
6/11/2023,CR,Costa Rica,AMRO,10,1230577,0,9366
6/18/2023,CR,Costa Rica,AMRO,16,1230593,1,9367
6/25/2023,CR,Costa Rica,AMRO,24,1230617,0,9367
7/2/2023,CR,Costa Rica,AMRO,12,1230629,0,9367
7/9/2023,CR,Costa Rica,AMRO,3,1230632,0,9367
7/16/2023,CR,Costa Rica,AMRO,14,1230646,0,9367
7/23/2023,CR,Costa Rica,AMRO,2,1230648,1,9368
7/30/2023,CR,Costa Rica,AMRO,4,1230652,0,9368
8/6/2023,CR,Costa Rica,AMRO,1,1230653,0,9368
8/13/2023,CR,Costa Rica,AMRO,0,1230653,0,9368
8/20/2023,CR,Costa Rica,AMRO,0,1230653,0,9368
8/27/2023,CR,Costa Rica,AMRO,0,1230653,0,9368
9/3/2023,CR,Costa Rica,AMRO,0,1230653,0,9368
9/10/2023,CR,Costa Rica,AMRO,0,1230653,0,9368
9/17/2023,CR,Costa Rica,AMRO,0,1230653,0,9368
9/24/2023,CR,Costa Rica,AMRO,0,1230653,0,9368
10/1/2023,CR,Costa Rica,AMRO,0,1230653,0,9368
10/8/2023,CR,Costa Rica,AMRO,0,1230653,0,9368
10/15/2023,CR,Costa Rica,AMRO,0,1230653,0,9368
10/22/2023,CR,Costa Rica,AMRO,0,1230653,0,9368
10/29/2023,CR,Costa Rica,AMRO,0,1230653,0,9368
11/5/2023,CR,Costa Rica,AMRO,0,1230653,0,9368
11/12/2023,CR,Costa Rica,AMRO,0,1230653,0,9368
11/19/2023,CR,Costa Rica,AMRO,0,1230653,0,9368
11/26/2023,CR,Costa Rica,AMRO,0,1230653,0,9368
12/3/2023,CR,Costa Rica,AMRO,0,1230653,0,9368
12/10/2023,CR,Costa Rica,AMRO,0,1230653,0,9368
12/17/2023,CR,Costa Rica,AMRO,0,1230653,0,9368
12/24/2023,CR,Costa Rica,AMRO,0,1230653,0,9368
1/5/2020,CI,C?te d'Ivoire,AFRO,0,0,0,0
1/12/2020,CI,C?te d'Ivoire,AFRO,0,0,0,0
1/19/2020,CI,C?te d'Ivoire,AFRO,0,0,0,0
1/26/2020,CI,C?te d'Ivoire,AFRO,0,0,0,0
2/2/2020,CI,C?te d'Ivoire,AFRO,0,0,0,0
2/9/2020,CI,C?te d'Ivoire,AFRO,0,0,0,0
2/16/2020,CI,C?te d'Ivoire,AFRO,0,0,0,0
2/23/2020,CI,C?te d'Ivoire,AFRO,0,0,0,0
3/1/2020,CI,C?te d'Ivoire,AFRO,0,0,0,0
3/8/2020,CI,C?te d'Ivoire,AFRO,0,0,0,0
3/15/2020,CI,C?te d'Ivoire,AFRO,9,9,0,0
3/22/2020,CI,C?te d'Ivoire,AFRO,53,62,0,0
3/29/2020,CI,C?te d'Ivoire,AFRO,116,178,0,0
4/5/2020,CI,C?te d'Ivoire,AFRO,160,338,4,4
4/12/2020,CI,C?te d'Ivoire,AFRO,290,628,1,5
4/19/2020,CI,C?te d'Ivoire,AFRO,240,868,4,9
4/26/2020,CI,C?te d'Ivoire,AFRO,282,1150,6,15
5/3/2020,CI,C?te d'Ivoire,AFRO,212,1362,1,16
5/10/2020,CI,C?te d'Ivoire,AFRO,305,1667,6,22
5/17/2020,CI,C?te d'Ivoire,AFRO,394,2061,4,26
5/24/2020,CI,C?te d'Ivoire,AFRO,305,2366,5,31
5/31/2020,CI,C?te d'Ivoire,AFRO,433,2799,3,34
6/7/2020,CI,C?te d'Ivoire,AFRO,758,3557,3,37
6/14/2020,CI,C?te d'Ivoire,AFRO,1291,4848,9,46
6/21/2020,CI,C?te d'Ivoire,AFRO,2428,7276,7,53
6/28/2020,CI,C?te d'Ivoire,AFRO,1668,8944,14,67
7/5/2020,CI,C?te d'Ivoire,AFRO,1300,10244,6,73
7/12/2020,CI,C?te d'Ivoire,AFRO,2199,12443,10,83
7/19/2020,CI,C?te d'Ivoire,AFRO,1469,13912,9,92
7/26/2020,CI,C?te d'Ivoire,AFRO,1582,15494,3,95
8/2/2020,CI,C?te d'Ivoire,AFRO,615,16109,8,103
8/9/2020,CI,C?te d'Ivoire,AFRO,627,16736,2,105
8/16/2020,CI,C?te d'Ivoire,AFRO,378,17114,4,109
8/23/2020,CI,C?te d'Ivoire,AFRO,376,17490,5,114
8/30/2020,CI,C?te d'Ivoire,AFRO,519,18009,2,116
9/6/2020,CI,C?te d'Ivoire,AFRO,579,18588,4,120
9/13/2020,CI,C?te d'Ivoire,AFRO,399,18987,1,121
9/20/2020,CI,C?te d'Ivoire,AFRO,282,19269,0,121
9/27/2020,CI,C?te d'Ivoire,AFRO,331,19600,0,121
10/4/2020,CI,C?te d'Ivoire,AFRO,249,19849,0,121
10/11/2020,CI,C?te d'Ivoire,AFRO,279,20128,0,121
10/18/2020,CI,C?te d'Ivoire,AFRO,173,20301,1,122
10/25/2020,CI,C?te d'Ivoire,AFRO,128,20429,0,122
11/1/2020,CI,C?te d'Ivoire,AFRO,287,20716,5,127
11/8/2020,CI,C?te d'Ivoire,AFRO,141,20857,0,127
11/15/2020,CI,C?te d'Ivoire,AFRO,132,20989,2,129
11/22/2020,CI,C?te d'Ivoire,AFRO,181,21170,1,130
11/29/2020,CI,C?te d'Ivoire,AFRO,135,21305,2,132
12/6/2020,CI,C?te d'Ivoire,AFRO,180,21485,1,133
12/13/2020,CI,C?te d'Ivoire,AFRO,154,21639,1,134
12/20/2020,CI,C?te d'Ivoire,AFRO,133,21772,0,134
12/27/2020,CI,C?te d'Ivoire,AFRO,309,22081,0,134
1/3/2021,CI,C?te d'Ivoire,AFRO,169,22250,4,138
1/10/2021,CI,C?te d'Ivoire,AFRO,1232,23482,2,140
1/17/2021,CI,C?te d'Ivoire,AFRO,1546,25028,2,142
1/24/2021,CI,C?te d'Ivoire,AFRO,1584,26612,4,146
1/31/2021,CI,C?te d'Ivoire,AFRO,1566,28178,7,153
2/7/2021,CI,C?te d'Ivoire,AFRO,1389,29567,10,163
2/14/2021,CI,C?te d'Ivoire,AFRO,1317,30884,11,174
2/21/2021,CI,C?te d'Ivoire,AFRO,1030,31914,11,185
2/28/2021,CI,C?te d'Ivoire,AFRO,717,32631,7,192
3/7/2021,CI,C?te d'Ivoire,AFRO,2304,34935,8,200
3/14/2021,CI,C?te d'Ivoire,AFRO,2369,37304,11,211
3/21/2021,CI,C?te d'Ivoire,AFRO,2609,39913,6,217
3/28/2021,CI,C?te d'Ivoire,AFRO,2555,42468,12,229
4/4/2021,CI,C?te d'Ivoire,AFRO,1858,44326,18,247
4/11/2021,CI,C?te d'Ivoire,AFRO,819,45145,14,261
4/18/2021,CI,C?te d'Ivoire,AFRO,374,45519,13,274
4/25/2021,CI,C?te d'Ivoire,AFRO,301,45820,7,281
5/2/2021,CI,C?te d'Ivoire,AFRO,294,46114,5,286
5/9/2021,CI,C?te d'Ivoire,AFRO,271,46385,5,291
5/16/2021,CI,C?te d'Ivoire,AFRO,234,46619,6,297
5/23/2021,CI,C?te d'Ivoire,AFRO,323,46942,1,298
5/30/2021,CI,C?te d'Ivoire,AFRO,253,47195,3,301
6/6/2021,CI,C?te d'Ivoire,AFRO,281,47476,5,306
6/13/2021,CI,C?te d'Ivoire,AFRO,186,47662,0,306
6/20/2021,CI,C?te d'Ivoire,AFRO,369,48031,1,307
6/27/2021,CI,C?te d'Ivoire,AFRO,145,48176,4,311
7/4/2021,CI,C?te d'Ivoire,AFRO,337,48513,4,315
7/11/2021,CI,C?te d'Ivoire,AFRO,263,48776,3,318
7/18/2021,CI,C?te d'Ivoire,AFRO,349,49125,2,320
7/25/2021,CI,C?te d'Ivoire,AFRO,429,49554,4,324
8/1/2021,CI,C?te d'Ivoire,AFRO,581,50135,5,329
8/8/2021,CI,C?te d'Ivoire,AFRO,1063,51198,12,341
8/15/2021,CI,C?te d'Ivoire,AFRO,1004,52202,18,359
8/22/2021,CI,C?te d'Ivoire,AFRO,1254,53456,30,389
8/29/2021,CI,C?te d'Ivoire,AFRO,1400,54856,35,424
9/5/2021,CI,C?te d'Ivoire,AFRO,1879,56735,40,464
9/12/2021,CI,C?te d'Ivoire,AFRO,1049,57784,42,506
9/19/2021,CI,C?te d'Ivoire,AFRO,1105,58889,55,561
9/26/2021,CI,C?te d'Ivoire,AFRO,889,59778,32,593
10/3/2021,CI,C?te d'Ivoire,AFRO,598,60376,43,636
10/10/2021,CI,C?te d'Ivoire,AFRO,409,60785,23,659
10/17/2021,CI,C?te d'Ivoire,AFRO,197,60982,15,674
10/24/2021,CI,C?te d'Ivoire,AFRO,196,61178,16,690
10/31/2021,CI,C?te d'Ivoire,AFRO,114,61292,5,695
11/7/2021,CI,C?te d'Ivoire,AFRO,112,61404,4,699
11/14/2021,CI,C?te d'Ivoire,AFRO,99,61503,3,702
11/21/2021,CI,C?te d'Ivoire,AFRO,74,61577,0,702
11/28/2021,CI,C?te d'Ivoire,AFRO,127,61704,2,704
12/5/2021,CI,C?te d'Ivoire,AFRO,113,61817,1,705
12/12/2021,CI,C?te d'Ivoire,AFRO,79,61896,1,706
12/19/2021,CI,C?te d'Ivoire,AFRO,181,62077,0,706
12/26/2021,CI,C?te d'Ivoire,AFRO,1770,63847,1,707
1/2/2022,CI,C?te d'Ivoire,AFRO,7968,71815,11,718
1/9/2022,CI,C?te d'Ivoire,AFRO,4917,76732,15,733
1/16/2022,CI,C?te d'Ivoire,AFRO,2356,79088,20,753
1/23/2022,CI,C?te d'Ivoire,AFRO,1026,80114,25,778
1/30/2022,CI,C?te d'Ivoire,AFRO,509,80623,6,784
2/6/2022,CI,C?te d'Ivoire,AFRO,278,80901,2,786
2/13/2022,CI,C?te d'Ivoire,AFRO,217,81118,3,789
2/20/2022,CI,C?te d'Ivoire,AFRO,228,81346,2,791
2/27/2022,CI,C?te d'Ivoire,AFRO,121,81467,1,792
3/6/2022,CI,C?te d'Ivoire,AFRO,79,81546,3,795
3/13/2022,CI,C?te d'Ivoire,AFRO,31,81577,0,795
3/20/2022,CI,C?te d'Ivoire,AFRO,78,81655,1,796
3/27/2022,CI,C?te d'Ivoire,AFRO,42,81697,0,796
4/3/2022,CI,C?te d'Ivoire,AFRO,64,81761,0,796
4/10/2022,CI,C?te d'Ivoire,AFRO,53,81814,0,796
4/17/2022,CI,C?te d'Ivoire,AFRO,43,81857,1,797
4/24/2022,CI,C?te d'Ivoire,AFRO,30,81887,2,799
5/1/2022,CI,C?te d'Ivoire,AFRO,43,81930,0,799
5/8/2022,CI,C?te d'Ivoire,AFRO,40,81970,0,799
5/15/2022,CI,C?te d'Ivoire,AFRO,22,81992,0,799
5/22/2022,CI,C?te d'Ivoire,AFRO,65,82057,0,799
5/29/2022,CI,C?te d'Ivoire,AFRO,126,82183,0,799
6/5/2022,CI,C?te d'Ivoire,AFRO,97,82280,0,799
6/12/2022,CI,C?te d'Ivoire,AFRO,187,82467,0,799
6/19/2022,CI,C?te d'Ivoire,AFRO,192,82659,2,801
6/26/2022,CI,C?te d'Ivoire,AFRO,340,82999,4,805
7/3/2022,CI,C?te d'Ivoire,AFRO,638,83637,0,805
7/10/2022,CI,C?te d'Ivoire,AFRO,405,84042,0,805
7/17/2022,CI,C?te d'Ivoire,AFRO,459,84501,1,806
7/24/2022,CI,C?te d'Ivoire,AFRO,449,84950,3,809
7/31/2022,CI,C?te d'Ivoire,AFRO,356,85306,2,811
8/7/2022,CI,C?te d'Ivoire,AFRO,406,85712,0,811
8/14/2022,CI,C?te d'Ivoire,AFRO,380,86092,4,815
8/21/2022,CI,C?te d'Ivoire,AFRO,348,86440,2,817
8/28/2022,CI,C?te d'Ivoire,AFRO,166,86606,0,817
9/4/2022,CI,C?te d'Ivoire,AFRO,202,86808,2,819
9/11/2022,CI,C?te d'Ivoire,AFRO,111,86919,3,822
9/18/2022,CI,C?te d'Ivoire,AFRO,100,87019,0,822
9/25/2022,CI,C?te d'Ivoire,AFRO,110,87129,1,823
10/2/2022,CI,C?te d'Ivoire,AFRO,129,87258,3,826
10/9/2022,CI,C?te d'Ivoire,AFRO,164,87422,0,826
10/16/2022,CI,C?te d'Ivoire,AFRO,152,87574,1,827
10/23/2022,CI,C?te d'Ivoire,AFRO,119,87693,0,827
10/30/2022,CI,C?te d'Ivoire,AFRO,71,87764,0,827
11/6/2022,CI,C?te d'Ivoire,AFRO,66,87830,2,829
11/13/2022,CI,C?te d'Ivoire,AFRO,24,87854,0,829
11/20/2022,CI,C?te d'Ivoire,AFRO,16,87870,1,830
11/27/2022,CI,C?te d'Ivoire,AFRO,15,87885,0,830
12/4/2022,CI,C?te d'Ivoire,AFRO,2,87887,0,830
12/11/2022,CI,C?te d'Ivoire,AFRO,7,87894,0,830
12/18/2022,CI,C?te d'Ivoire,AFRO,17,87911,0,830
12/25/2022,CI,C?te d'Ivoire,AFRO,22,87933,0,830
1/1/2023,CI,C?te d'Ivoire,AFRO,8,87941,1,831
1/8/2023,CI,C?te d'Ivoire,AFRO,16,87957,2,833
1/15/2023,CI,C?te d'Ivoire,AFRO,3,87960,0,833
1/22/2023,CI,C?te d'Ivoire,AFRO,6,87966,0,833
1/29/2023,CI,C?te d'Ivoire,AFRO,8,87974,0,833
2/5/2023,CI,C?te d'Ivoire,AFRO,26,88000,0,833
2/12/2023,CI,C?te d'Ivoire,AFRO,58,88058,1,834
2/19/2023,CI,C?te d'Ivoire,AFRO,51,88109,0,834
2/26/2023,CI,C?te d'Ivoire,AFRO,73,88182,0,834
3/5/2023,CI,C?te d'Ivoire,AFRO,58,88240,0,834
3/12/2023,CI,C?te d'Ivoire,AFRO,28,88268,0,834
3/19/2023,CI,C?te d'Ivoire,AFRO,25,88293,0,834
3/26/2023,CI,C?te d'Ivoire,AFRO,4,88297,0,834
4/2/2023,CI,C?te d'Ivoire,AFRO,4,88301,0,834
4/9/2023,CI,C?te d'Ivoire,AFRO,7,88308,0,834
4/16/2023,CI,C?te d'Ivoire,AFRO,8,88316,0,834
4/23/2023,CI,C?te d'Ivoire,AFRO,5,88321,0,834
4/30/2023,CI,C?te d'Ivoire,AFRO,2,88323,0,834
5/7/2023,CI,C?te d'Ivoire,AFRO,3,88326,0,834
5/14/2023,CI,C?te d'Ivoire,AFRO,3,88329,0,834
5/21/2023,CI,C?te d'Ivoire,AFRO,1,88330,0,834
5/28/2023,CI,C?te d'Ivoire,AFRO,0,88330,0,834
6/4/2023,CI,C?te d'Ivoire,AFRO,1,88331,1,835
6/11/2023,CI,C?te d'Ivoire,AFRO,1,88332,0,835
6/18/2023,CI,C?te d'Ivoire,AFRO,0,88332,0,835
6/25/2023,CI,C?te d'Ivoire,AFRO,3,88335,0,835
7/2/2023,CI,C?te d'Ivoire,AFRO,1,88336,0,835
7/9/2023,CI,C?te d'Ivoire,AFRO,0,88336,0,835
7/16/2023,CI,C?te d'Ivoire,AFRO,2,88338,0,835
7/23/2023,CI,C?te d'Ivoire,AFRO,0,88338,0,835
7/30/2023,CI,C?te d'Ivoire,AFRO,0,88338,0,835
8/6/2023,CI,C?te d'Ivoire,AFRO,0,88338,0,835
8/13/2023,CI,C?te d'Ivoire,AFRO,0,88338,0,835
8/20/2023,CI,C?te d'Ivoire,AFRO,0,88338,0,835
8/27/2023,CI,C?te d'Ivoire,AFRO,0,88338,0,835
9/3/2023,CI,C?te d'Ivoire,AFRO,0,88338,0,835
9/10/2023,CI,C?te d'Ivoire,AFRO,0,88338,0,835
9/17/2023,CI,C?te d'Ivoire,AFRO,0,88338,0,835
9/24/2023,CI,C?te d'Ivoire,AFRO,0,88338,0,835
10/1/2023,CI,C?te d'Ivoire,AFRO,0,88338,0,835
10/8/2023,CI,C?te d'Ivoire,AFRO,15,88353,0,835
10/15/2023,CI,C?te d'Ivoire,AFRO,0,88353,0,835
10/22/2023,CI,C?te d'Ivoire,AFRO,4,88357,0,835
10/29/2023,CI,C?te d'Ivoire,AFRO,7,88364,0,835
11/5/2023,CI,C?te d'Ivoire,AFRO,4,88368,0,835
11/12/2023,CI,C?te d'Ivoire,AFRO,1,88369,0,835
11/19/2023,CI,C?te d'Ivoire,AFRO,0,88369,0,835
11/26/2023,CI,C?te d'Ivoire,AFRO,11,88380,0,835
12/3/2023,CI,C?te d'Ivoire,AFRO,0,88380,0,835
12/10/2023,CI,C?te d'Ivoire,AFRO,0,88380,0,835
12/17/2023,CI,C?te d'Ivoire,AFRO,0,88380,0,835
12/24/2023,CI,C?te d'Ivoire,AFRO,0,88380,0,835
1/5/2020,HR,Croatia,EURO,0,0,0,0
1/12/2020,HR,Croatia,EURO,0,0,0,0
1/19/2020,HR,Croatia,EURO,0,0,0,0
1/26/2020,HR,Croatia,EURO,0,0,0,0
2/2/2020,HR,Croatia,EURO,0,0,0,0
2/9/2020,HR,Croatia,EURO,0,0,0,0
2/16/2020,HR,Croatia,EURO,0,0,0,0
2/23/2020,HR,Croatia,EURO,0,0,0,0
3/1/2020,HR,Croatia,EURO,6,6,0,0
3/8/2020,HR,Croatia,EURO,6,12,0,0
3/15/2020,HR,Croatia,EURO,26,38,0,0
3/22/2020,HR,Croatia,EURO,168,206,1,1
3/29/2020,HR,Croatia,EURO,451,657,4,5
4/5/2020,HR,Croatia,EURO,469,1126,7,12
4/12/2020,HR,Croatia,EURO,408,1534,9,21
4/19/2020,HR,Croatia,EURO,298,1832,18,39
4/26/2020,HR,Croatia,EURO,184,2016,15,54
5/3/2020,HR,Croatia,EURO,72,2088,23,77
5/10/2020,HR,Croatia,EURO,88,2176,10,87
5/17/2020,HR,Croatia,EURO,48,2224,8,95
5/24/2020,HR,Croatia,EURO,19,2243,4,99
5/31/2020,HR,Croatia,EURO,3,2246,4,103
6/7/2020,HR,Croatia,EURO,1,2247,1,104
6/14/2020,HR,Croatia,EURO,4,2251,3,107
6/21/2020,HR,Croatia,EURO,48,2299,0,107
6/28/2020,HR,Croatia,EURO,325,2624,0,107
7/5/2020,HR,Croatia,EURO,470,3094,6,113
7/12/2020,HR,Croatia,EURO,578,3672,5,118
7/19/2020,HR,Croatia,EURO,581,4253,2,120
7/26/2020,HR,Croatia,EURO,539,4792,13,133
8/2/2020,HR,Croatia,EURO,432,5224,12,145
8/9/2020,HR,Croatia,EURO,319,5543,12,157
8/16/2020,HR,Croatia,EURO,877,6420,8,165
8/23/2020,HR,Croatia,EURO,1480,7900,5,170
8/30/2020,HR,Croatia,EURO,1961,9861,13,183
9/6/2020,HR,Croatia,EURO,1878,11739,14,197
9/13/2020,HR,Croatia,EURO,1629,13368,21,218
9/20/2020,HR,Croatia,EURO,1357,14725,26,244
9/27/2020,HR,Croatia,EURO,1282,16007,25,269
10/4/2020,HR,Croatia,EURO,1394,17401,24,293
10/11/2020,HR,Croatia,EURO,2531,19932,24,317
10/18/2020,HR,Croatia,EURO,4829,24761,38,355
10/25/2020,HR,Croatia,EURO,9198,33959,74,429
11/1/2020,HR,Croatia,EURO,15357,49316,117,546
11/8/2020,HR,Croatia,EURO,15388,64704,206,752
11/15/2020,HR,Croatia,EURO,17140,81844,254,1006
11/22/2020,HR,Croatia,EURO,18566,100410,298,1304
11/29/2020,HR,Croatia,EURO,23283,123693,351,1655
12/6/2020,HR,Croatia,EURO,23761,147454,447,2102
12/13/2020,HR,Croatia,EURO,25069,172523,460,2562
12/20/2020,HR,Croatia,EURO,20464,192987,539,3101
12/27/2020,HR,Croatia,EURO,11325,204312,512,3613
1/3/2021,HR,Croatia,EURO,7950,212262,403,4016
1/10/2021,HR,Croatia,EURO,7085,219347,326,4342
1/17/2021,HR,Croatia,EURO,5228,224575,246,4588
1/24/2021,HR,Croatia,EURO,3993,228568,211,4799
1/31/2021,HR,Croatia,EURO,3522,232090,199,4998
2/7/2021,HR,Croatia,EURO,3036,235126,146,5144
2/14/2021,HR,Croatia,EURO,2333,237459,155,5299
2/21/2021,HR,Croatia,EURO,2226,239685,121,5420
2/28/2021,HR,Croatia,EURO,2932,242617,91,5511
3/7/2021,HR,Croatia,EURO,3503,246120,74,5585
3/14/2021,HR,Croatia,EURO,4364,250484,85,5670
3/21/2021,HR,Croatia,EURO,6321,256805,83,5753
3/28/2021,HR,Croatia,EURO,9096,265901,119,5872
4/4/2021,HR,Croatia,EURO,12749,278650,153,6025
4/11/2021,HR,Croatia,EURO,12249,290899,244,6269
4/18/2021,HR,Croatia,EURO,15326,306225,254,6523
4/25/2021,HR,Croatia,EURO,15147,321372,292,6815
5/2/2021,HR,Croatia,EURO,12857,334229,315,7130
5/9/2021,HR,Croatia,EURO,9600,343829,294,7424
5/16/2021,HR,Croatia,EURO,6081,349910,263,7687
5/23/2021,HR,Croatia,EURO,3825,353735,196,7883
5/30/2021,HR,Croatia,EURO,2220,355955,119,8002
6/6/2021,HR,Croatia,EURO,1453,357408,78,8080
6/13/2021,HR,Croatia,EURO,1096,358504,52,8132
6/20/2021,HR,Croatia,EURO,611,359115,37,8169
6/27/2021,HR,Croatia,EURO,492,359607,28,8197
7/4/2021,HR,Croatia,EURO,574,360181,18,8215
7/11/2021,HR,Croatia,EURO,587,360768,12,8227
7/18/2021,HR,Croatia,EURO,720,361488,9,8236
7/25/2021,HR,Croatia,EURO,1008,362496,9,8245
8/1/2021,HR,Croatia,EURO,1119,363615,14,8259
8/8/2021,HR,Croatia,EURO,1217,364832,12,8271
8/15/2021,HR,Croatia,EURO,1892,366724,11,8282
8/22/2021,HR,Croatia,EURO,2668,369392,16,8298
8/29/2021,HR,Croatia,EURO,3422,372814,26,8324
9/5/2021,HR,Croatia,EURO,4485,377299,38,8362
9/12/2021,HR,Croatia,EURO,5809,383108,65,8427
9/19/2021,HR,Croatia,EURO,8001,391109,66,8493
9/26/2021,HR,Croatia,EURO,7945,399054,87,8580
10/3/2021,HR,Croatia,EURO,8701,407755,84,8664
10/10/2021,HR,Croatia,EURO,9195,416950,99,8763
10/17/2021,HR,Croatia,EURO,9663,426613,114,8877
10/24/2021,HR,Croatia,EURO,16419,443032,133,9010
10/31/2021,HR,Croatia,EURO,23997,467029,188,9198
11/7/2021,HR,Croatia,EURO,30139,497168,252,9450
11/14/2021,HR,Croatia,EURO,37433,534601,390,9840
11/21/2021,HR,Croatia,EURO,31517,566118,403,10243
11/28/2021,HR,Croatia,EURO,33859,599977,452,10695
12/5/2021,HR,Croatia,EURO,28264,628241,455,11150
12/12/2021,HR,Croatia,EURO,23622,651863,424,11574
12/19/2021,HR,Croatia,EURO,21564,673427,356,11930
12/26/2021,HR,Croatia,EURO,19675,693102,349,12279
1/2/2022,HR,Croatia,EURO,27436,720538,292,12571
1/9/2022,HR,Croatia,EURO,37734,758272,270,12841
1/16/2022,HR,Croatia,EURO,53431,811703,232,13073
1/23/2022,HR,Croatia,EURO,58262,869965,298,13371
1/30/2022,HR,Croatia,EURO,59537,929502,360,13731
2/6/2022,HR,Croatia,EURO,49498,979000,347,14078
2/13/2022,HR,Croatia,EURO,33703,1012703,346,14424
2/20/2022,HR,Croatia,EURO,26454,1039157,349,14773
2/27/2022,HR,Croatia,EURO,14411,1053568,239,15012
3/6/2022,HR,Croatia,EURO,9385,1062953,182,15194
3/13/2022,HR,Croatia,EURO,9477,1072430,127,15321
3/20/2022,HR,Croatia,EURO,10681,1083111,104,15425
3/27/2022,HR,Croatia,EURO,9987,1093098,84,15509
4/3/2022,HR,Croatia,EURO,8823,1101921,83,15592
4/10/2022,HR,Croatia,EURO,6630,1108551,83,15675
4/17/2022,HR,Croatia,EURO,4584,1113135,50,15725
4/24/2022,HR,Croatia,EURO,4040,1117175,53,15778
5/1/2022,HR,Croatia,EURO,5284,1122459,50,15828
5/8/2022,HR,Croatia,EURO,4877,1127336,53,15881
5/15/2022,HR,Croatia,EURO,3769,1131105,44,15925
5/22/2022,HR,Croatia,EURO,2922,1134027,36,15961
5/29/2022,HR,Croatia,EURO,2202,1136229,18,15979
6/5/2022,HR,Croatia,EURO,1635,1137864,19,15998
6/12/2022,HR,Croatia,EURO,1799,1139663,18,16016
6/19/2022,HR,Croatia,EURO,1913,1141576,11,16027
6/26/2022,HR,Croatia,EURO,3477,1145053,21,16048
7/3/2022,HR,Croatia,EURO,5600,1150653,25,16073
7/10/2022,HR,Croatia,EURO,7767,1158420,30,16103
7/17/2022,HR,Croatia,EURO,8712,1167132,44,16147
7/24/2022,HR,Croatia,EURO,9387,1176519,59,16206
7/31/2022,HR,Croatia,EURO,9280,1185799,94,16300
8/7/2022,HR,Croatia,EURO,6756,1192555,89,16389
8/14/2022,HR,Croatia,EURO,7558,1200113,95,16484
8/21/2022,HR,Croatia,EURO,5835,1205948,75,16559
8/28/2022,HR,Croatia,EURO,5471,1211419,87,16646
9/4/2022,HR,Croatia,EURO,4580,1215999,86,16732
9/11/2022,HR,Croatia,EURO,4016,1220015,60,16792
9/18/2022,HR,Croatia,EURO,4351,1224366,45,16837
9/25/2022,HR,Croatia,EURO,4208,1228574,38,16875
10/2/2022,HR,Croatia,EURO,4686,1233260,37,16912
10/9/2022,HR,Croatia,EURO,4427,1237687,47,16959
10/16/2022,HR,Croatia,EURO,3696,1241383,53,17012
10/23/2022,HR,Croatia,EURO,2982,1244365,58,17070
10/30/2022,HR,Croatia,EURO,2366,1246731,58,17128
11/6/2022,HR,Croatia,EURO,1719,1248450,57,17185
11/13/2022,HR,Croatia,EURO,1493,1249943,33,17218
11/20/2022,HR,Croatia,EURO,1282,1251225,42,17260
11/27/2022,HR,Croatia,EURO,1661,1252886,32,17292
12/4/2022,HR,Croatia,EURO,1758,1254644,47,17339
12/11/2022,HR,Croatia,EURO,2174,1256818,57,17396
12/18/2022,HR,Croatia,EURO,2295,1259113,51,17447
12/25/2022,HR,Croatia,EURO,2653,1261766,68,17515
1/1/2023,HR,Croatia,EURO,2135,1263901,81,17596
1/8/2023,HR,Croatia,EURO,1432,1265333,73,17669
1/15/2023,HR,Croatia,EURO,1072,1266405,90,17759
1/22/2023,HR,Croatia,EURO,616,1267021,50,17809
1/29/2023,HR,Croatia,EURO,446,1267467,49,17858
2/5/2023,HR,Croatia,EURO,383,1267850,33,17891
2/12/2023,HR,Croatia,EURO,335,1268185,30,17921
2/19/2023,HR,Croatia,EURO,376,1268561,21,17942
2/26/2023,HR,Croatia,EURO,105,1268666,8,17950
3/5/2023,HR,Croatia,EURO,326,1268992,21,17971
3/12/2023,HR,Croatia,EURO,334,1269326,16,17987
3/19/2023,HR,Croatia,EURO,361,1269687,19,18006
3/26/2023,HR,Croatia,EURO,388,1270075,19,18025
4/2/2023,HR,Croatia,EURO,438,1270513,19,18044
4/9/2023,HR,Croatia,EURO,378,1270891,25,18069
4/16/2023,HR,Croatia,EURO,385,1271276,22,18091
4/23/2023,HR,Croatia,EURO,542,1271818,38,18129
4/30/2023,HR,Croatia,EURO,559,1272377,26,18155
5/7/2023,HR,Croatia,EURO,509,1272886,25,18180
5/14/2023,HR,Croatia,EURO,370,1273256,33,18213
5/21/2023,HR,Croatia,EURO,252,1273508,17,18230
5/28/2023,HR,Croatia,EURO,163,1273671,16,18246
6/4/2023,HR,Croatia,EURO,124,1273795,9,18255
6/11/2023,HR,Croatia,EURO,76,1273871,11,18266
6/18/2023,HR,Croatia,EURO,36,1273907,1,18267
6/25/2023,HR,Croatia,EURO,52,1273959,2,18269
7/2/2023,HR,Croatia,EURO,32,1273991,4,18273
7/9/2023,HR,Croatia,EURO,23,1274014,2,18275
7/16/2023,HR,Croatia,EURO,26,1274040,1,18276
7/23/2023,HR,Croatia,EURO,28,1274068,5,18281
7/30/2023,HR,Croatia,EURO,22,1274090,1,18282
8/6/2023,HR,Croatia,EURO,33,1274123,4,18286
8/13/2023,HR,Croatia,EURO,31,1274154,2,18288
8/20/2023,HR,Croatia,EURO,44,1274198,2,18290
8/27/2023,HR,Croatia,EURO,83,1274281,2,18292
9/3/2023,HR,Croatia,EURO,153,1274434,5,18297
9/10/2023,HR,Croatia,EURO,169,1274603,9,18306
9/17/2023,HR,Croatia,EURO,231,1274834,12,18318
9/24/2023,HR,Croatia,EURO,237,1275071,14,18332
10/1/2023,HR,Croatia,EURO,266,1275337,19,18351
10/8/2023,HR,Croatia,EURO,222,1275559,7,18358
10/15/2023,HR,Croatia,EURO,203,1275762,16,18374
10/22/2023,HR,Croatia,EURO,239,1276001,23,18397
10/29/2023,HR,Croatia,EURO,215,1276216,17,18414
11/5/2023,HR,Croatia,EURO,281,1276497,24,18438
11/12/2023,HR,Croatia,EURO,189,1276686,20,18458
11/19/2023,HR,Croatia,EURO,206,1276892,14,18472
11/26/2023,HR,Croatia,EURO,202,1277094,23,18495
12/3/2023,HR,Croatia,EURO,0,1277094,0,18495
12/10/2023,HR,Croatia,EURO,2833,1279927,-6,18489
12/17/2023,HR,Croatia,EURO,0,1279927,0,18489
12/24/2023,HR,Croatia,EURO,0,1279927,0,18489
1/5/2020,CU,Cuba,AMRO,0,0,0,0
1/12/2020,CU,Cuba,AMRO,0,0,0,0
1/19/2020,CU,Cuba,AMRO,0,0,0,0
1/26/2020,CU,Cuba,AMRO,0,0,0,0
2/2/2020,CU,Cuba,AMRO,0,0,0,0
2/9/2020,CU,Cuba,AMRO,0,0,0,0
2/16/2020,CU,Cuba,AMRO,0,0,0,0
2/23/2020,CU,Cuba,AMRO,0,0,0,0
3/1/2020,CU,Cuba,AMRO,0,0,0,0
3/8/2020,CU,Cuba,AMRO,0,0,0,0
3/15/2020,CU,Cuba,AMRO,4,4,0,0
3/22/2020,CU,Cuba,AMRO,12,16,1,1
3/29/2020,CU,Cuba,AMRO,103,119,2,3
4/5/2020,CU,Cuba,AMRO,169,288,3,6
4/12/2020,CU,Cuba,AMRO,332,620,10,16
4/19/2020,CU,Cuba,AMRO,366,986,16,32
4/26/2020,CU,Cuba,AMRO,351,1337,19,51
5/3/2020,CU,Cuba,AMRO,274,1611,15,66
5/10/2020,CU,Cuba,AMRO,143,1754,8,74
5/17/2020,CU,Cuba,AMRO,108,1862,5,79
5/24/2020,CU,Cuba,AMRO,69,1931,2,81
5/31/2020,CU,Cuba,AMRO,94,2025,2,83
6/7/2020,CU,Cuba,AMRO,148,2173,0,83
6/14/2020,CU,Cuba,AMRO,65,2238,1,84
6/21/2020,CU,Cuba,AMRO,71,2309,1,85
6/28/2020,CU,Cuba,AMRO,21,2330,1,86
7/5/2020,CU,Cuba,AMRO,39,2369,0,86
7/12/2020,CU,Cuba,AMRO,51,2420,1,87
7/19/2020,CU,Cuba,AMRO,25,2445,0,87
7/26/2020,CU,Cuba,AMRO,33,2478,0,87
8/2/2020,CU,Cuba,AMRO,155,2633,0,87
8/9/2020,CU,Cuba,AMRO,255,2888,1,88
8/16/2020,CU,Cuba,AMRO,404,3292,0,88
8/23/2020,CU,Cuba,AMRO,325,3617,1,89
8/30/2020,CU,Cuba,AMRO,308,3925,5,94
9/6/2020,CU,Cuba,AMRO,373,4298,6,100
9/13/2020,CU,Cuba,AMRO,355,4653,8,108
9/20/2020,CU,Cuba,AMRO,402,5055,5,113
9/27/2020,CU,Cuba,AMRO,357,5412,7,120
10/4/2020,CU,Cuba,AMRO,368,5780,2,122
10/11/2020,CU,Cuba,AMRO,168,5948,1,123
10/18/2020,CU,Cuba,AMRO,222,6170,2,125
10/25/2020,CU,Cuba,AMRO,364,6534,3,128
11/1/2020,CU,Cuba,AMRO,353,6887,0,128
11/8/2020,CU,Cuba,AMRO,380,7267,2,130
11/15/2020,CU,Cuba,AMRO,301,7568,1,131
11/22/2020,CU,Cuba,AMRO,230,7798,1,132
11/29/2020,CU,Cuba,AMRO,375,8173,1,133
12/6/2020,CU,Cuba,AMRO,541,8714,3,136
12/13/2020,CU,Cuba,AMRO,640,9354,1,137
12/20/2020,CU,Cuba,AMRO,670,10024,0,137
12/27/2020,CU,Cuba,AMRO,1014,11038,4,141
1/3/2021,CU,Cuba,AMRO,1187,12225,5,146
1/10/2021,CU,Cuba,AMRO,1963,14188,2,148
1/17/2021,CU,Cuba,AMRO,3313,17501,18,166
1/24/2021,CU,Cuba,AMRO,3126,20627,25,191
1/31/2021,CU,Cuba,AMRO,5047,25674,22,213
2/7/2021,CU,Cuba,AMRO,6337,32011,20,233
2/14/2021,CU,Cuba,AMRO,5472,37483,28,261
2/21/2021,CU,Cuba,AMRO,6001,43484,30,291
2/28/2021,CU,Cuba,AMRO,5677,49161,27,318
3/7/2021,CU,Cuba,AMRO,5674,54835,26,344
3/14/2021,CU,Cuba,AMRO,5723,60558,22,366
3/21/2021,CU,Cuba,AMRO,5404,65962,26,392
3/28/2021,CU,Cuba,AMRO,5622,71584,22,414
4/4/2021,CU,Cuba,AMRO,6798,78382,17,431
4/11/2021,CU,Cuba,AMRO,7190,85572,22,453
4/18/2021,CU,Cuba,AMRO,6902,92474,59,512
4/25/2021,CU,Cuba,AMRO,7844,100318,69,581
5/2/2021,CU,Cuba,AMRO,7304,107622,73,654
5/9/2021,CU,Cuba,AMRO,7290,114912,68,722
5/16/2021,CU,Cuba,AMRO,8309,123221,74,796
5/23/2021,CU,Cuba,AMRO,8611,131832,67,863
5/30/2021,CU,Cuba,AMRO,8255,140087,80,943
6/6/2021,CU,Cuba,AMRO,7744,147831,60,1003
6/13/2021,CU,Cuba,AMRO,8407,156238,54,1057
6/20/2021,CU,Cuba,AMRO,10130,166368,91,1148
6/27/2021,CU,Cuba,AMRO,13288,179656,83,1231
7/4/2021,CU,Cuba,AMRO,21072,200728,106,1337
7/11/2021,CU,Cuba,AMRO,30840,231568,122,1459
7/18/2021,CU,Cuba,AMRO,44040,275608,384,1843
7/25/2021,CU,Cuba,AMRO,48507,324115,428,2271
8/1/2021,CU,Cuba,AMRO,60481,384596,487,2758
8/8/2021,CU,Cuba,AMRO,64196,448792,597,3355
8/15/2021,CU,Cuba,AMRO,60240,509032,570,3925
8/22/2021,CU,Cuba,AMRO,64719,573751,556,4481
8/29/2021,CU,Cuba,AMRO,60410,634161,586,5067
9/5/2021,CU,Cuba,AMRO,46292,680453,550,5617
9/12/2021,CU,Cuba,AMRO,56715,737168,602,6219
9/19/2021,CU,Cuba,AMRO,55765,792933,514,6733
9/26/2021,CU,Cuba,AMRO,54561,847494,430,7163
10/3/2021,CU,Cuba,AMRO,39856,887350,371,7534
10/10/2021,CU,Cuba,AMRO,27429,914779,278,7812
10/17/2021,CU,Cuba,AMRO,17989,932768,225,8037
10/24/2021,CU,Cuba,AMRO,11663,944431,130,8167
10/31/2021,CU,Cuba,AMRO,6894,951325,63,8230
11/7/2021,CU,Cuba,AMRO,4173,955498,31,8261
11/14/2021,CU,Cuba,AMRO,2892,958390,18,8279
11/21/2021,CU,Cuba,AMRO,2082,960472,14,8293
11/28/2021,CU,Cuba,AMRO,1595,962067,7,8300
12/5/2021,CU,Cuba,AMRO,935,963002,7,8307
12/12/2021,CU,Cuba,AMRO,564,963566,6,8313
12/19/2021,CU,Cuba,AMRO,469,964035,1,8314
12/26/2021,CU,Cuba,AMRO,572,964607,6,8320
1/2/2022,CU,Cuba,AMRO,1866,966473,3,8323
1/9/2022,CU,Cuba,AMRO,8214,974687,3,8326
1/16/2022,CU,Cuba,AMRO,20944,995631,9,8335
1/23/2022,CU,Cuba,AMRO,22973,1018604,23,8358
1/30/2022,CU,Cuba,AMRO,21238,1039842,32,8390
2/6/2022,CU,Cuba,AMRO,12378,1052220,41,8431
2/13/2022,CU,Cuba,AMRO,7614,1059834,36,8467
2/20/2022,CU,Cuba,AMRO,4923,1064757,19,8486
2/27/2022,CU,Cuba,AMRO,4000,1068757,8,8494
3/6/2022,CU,Cuba,AMRO,3717,1072474,5,8499
3/13/2022,CU,Cuba,AMRO,3755,1076229,4,8503
3/20/2022,CU,Cuba,AMRO,4457,1080686,3,8506
3/27/2022,CU,Cuba,AMRO,5675,1086361,3,8509
4/3/2022,CU,Cuba,AMRO,5491,1091852,3,8512
4/10/2022,CU,Cuba,AMRO,4382,1096234,5,8517
4/17/2022,CU,Cuba,AMRO,3210,1099444,3,8520
4/24/2022,CU,Cuba,AMRO,2042,1101486,3,8523
5/1/2022,CU,Cuba,AMRO,1455,1102941,3,8526
5/8/2022,CU,Cuba,AMRO,935,1103876,1,8527
5/15/2022,CU,Cuba,AMRO,620,1104496,2,8529
5/22/2022,CU,Cuba,AMRO,439,1104935,0,8529
5/29/2022,CU,Cuba,AMRO,292,1105227,0,8529
6/5/2022,CU,Cuba,AMRO,216,1105443,0,8529
6/12/2022,CU,Cuba,AMRO,149,1105592,0,8529
6/19/2022,CU,Cuba,AMRO,137,1105729,0,8529
6/26/2022,CU,Cuba,AMRO,167,1105896,0,8529
7/3/2022,CU,Cuba,AMRO,191,1106087,0,8529
7/10/2022,CU,Cuba,AMRO,278,1106365,0,8529
7/17/2022,CU,Cuba,AMRO,365,1106730,0,8529
7/24/2022,CU,Cuba,AMRO,581,1107311,0,8529
7/31/2022,CU,Cuba,AMRO,674,1107985,0,8529
8/7/2022,CU,Cuba,AMRO,721,1108706,0,8529
8/14/2022,CU,Cuba,AMRO,654,1109360,0,8529
8/21/2022,CU,Cuba,AMRO,551,1109911,0,8529
8/28/2022,CU,Cuba,AMRO,426,1110337,1,8530
9/4/2022,CU,Cuba,AMRO,331,1110668,0,8530
9/11/2022,CU,Cuba,AMRO,190,1110858,0,8530
9/18/2022,CU,Cuba,AMRO,153,1111011,0,8530
9/25/2022,CU,Cuba,AMRO,117,1111128,0,8530
10/2/2022,CU,Cuba,AMRO,66,1111194,0,8530
10/9/2022,CU,Cuba,AMRO,39,1111233,0,8530
10/16/2022,CU,Cuba,AMRO,18,1111251,0,8530
10/23/2022,CU,Cuba,AMRO,15,1111266,0,8530
10/30/2022,CU,Cuba,AMRO,15,1111281,0,8530
11/6/2022,CU,Cuba,AMRO,10,1111291,0,8530
11/13/2022,CU,Cuba,AMRO,26,1111317,0,8530
11/20/2022,CU,Cuba,AMRO,20,1111337,0,8530
11/27/2022,CU,Cuba,AMRO,31,1111368,0,8530
12/4/2022,CU,Cuba,AMRO,53,1111421,0,8530
12/11/2022,CU,Cuba,AMRO,109,1111530,0,8530
12/18/2022,CU,Cuba,AMRO,117,1111647,0,8530
12/25/2022,CU,Cuba,AMRO,180,1111827,0,8530
1/1/2023,CU,Cuba,AMRO,166,1111993,0,8530
1/8/2023,CU,Cuba,AMRO,141,1112134,0,8530
1/15/2023,CU,Cuba,AMRO,129,1112263,0,8530
1/22/2023,CU,Cuba,AMRO,78,1112341,0,8530
1/29/2023,CU,Cuba,AMRO,53,1112394,0,8530
2/5/2023,CU,Cuba,AMRO,79,1112473,0,8530
2/12/2023,CU,Cuba,AMRO,40,1112513,0,8530
2/19/2023,CU,Cuba,AMRO,30,1112543,0,8530
2/26/2023,CU,Cuba,AMRO,35,1112578,0,8530
3/5/2023,CU,Cuba,AMRO,44,1112622,0,8530
3/12/2023,CU,Cuba,AMRO,15,1112637,0,8530
3/19/2023,CU,Cuba,AMRO,60,1112697,0,8530
3/26/2023,CU,Cuba,AMRO,81,1112778,0,8530
4/2/2023,CU,Cuba,AMRO,47,1112825,0,8530
4/9/2023,CU,Cuba,AMRO,28,1112853,0,8530
4/16/2023,CU,Cuba,AMRO,137,1112990,0,8530
4/23/2023,CU,Cuba,AMRO,98,1113088,0,8530
4/30/2023,CU,Cuba,AMRO,0,1113088,0,8530
5/7/2023,CU,Cuba,AMRO,312,1113400,0,8530
5/14/2023,CU,Cuba,AMRO,194,1113594,0,8530
5/21/2023,CU,Cuba,AMRO,236,1113830,0,8530
5/28/2023,CU,Cuba,AMRO,249,1114079,0,8530
6/4/2023,CU,Cuba,AMRO,215,1114294,0,8530
6/11/2023,CU,Cuba,AMRO,166,1114460,0,8530
6/18/2023,CU,Cuba,AMRO,149,1114609,0,8530
6/25/2023,CU,Cuba,AMRO,106,1114715,0,8530
7/2/2023,CU,Cuba,AMRO,108,1114823,0,8530
7/9/2023,CU,Cuba,AMRO,78,1114901,0,8530
7/16/2023,CU,Cuba,AMRO,48,1114949,0,8530
7/23/2023,CU,Cuba,AMRO,40,1114989,0,8530
7/30/2023,CU,Cuba,AMRO,27,1115016,0,8530
8/6/2023,CU,Cuba,AMRO,12,1115028,0,8530
8/13/2023,CU,Cuba,AMRO,15,1115043,0,8530
8/20/2023,CU,Cuba,AMRO,0,1115043,0,8530
8/27/2023,CU,Cuba,AMRO,0,1115043,0,8530
9/3/2023,CU,Cuba,AMRO,0,1115043,0,8530
9/10/2023,CU,Cuba,AMRO,0,1115043,0,8530
9/17/2023,CU,Cuba,AMRO,0,1115043,0,8530
9/24/2023,CU,Cuba,AMRO,0,1115043,0,8530
10/1/2023,CU,Cuba,AMRO,0,1115043,0,8530
10/8/2023,CU,Cuba,AMRO,0,1115043,0,8530
10/15/2023,CU,Cuba,AMRO,0,1115043,0,8530
10/22/2023,CU,Cuba,AMRO,0,1115043,0,8530
10/29/2023,CU,Cuba,AMRO,0,1115043,0,8530
11/5/2023,CU,Cuba,AMRO,0,1115043,0,8530
11/12/2023,CU,Cuba,AMRO,0,1115043,0,8530
11/19/2023,CU,Cuba,AMRO,0,1115043,0,8530
11/26/2023,CU,Cuba,AMRO,0,1115043,0,8530
12/3/2023,CU,Cuba,AMRO,0,1115043,0,8530
12/10/2023,CU,Cuba,AMRO,0,1115043,0,8530
12/17/2023,CU,Cuba,AMRO,0,1115043,0,8530
12/24/2023,CU,Cuba,AMRO,0,1115043,0,8530
1/5/2020,CW,Cura?ao,AMRO,0,0,0,0
1/12/2020,CW,Cura?ao,AMRO,0,0,0,0
1/19/2020,CW,Cura?ao,AMRO,0,0,0,0
1/26/2020,CW,Cura?ao,AMRO,0,0,0,0
2/2/2020,CW,Cura?ao,AMRO,0,0,0,0
2/9/2020,CW,Cura?ao,AMRO,0,0,0,0
2/16/2020,CW,Cura?ao,AMRO,0,0,0,0
2/23/2020,CW,Cura?ao,AMRO,0,0,0,0
3/1/2020,CW,Cura?ao,AMRO,0,0,0,0
3/8/2020,CW,Cura?ao,AMRO,0,0,0,0
3/15/2020,CW,Cura?ao,AMRO,1,1,0,0
3/22/2020,CW,Cura?ao,AMRO,2,3,1,1
3/29/2020,CW,Cura?ao,AMRO,4,7,0,1
4/5/2020,CW,Cura?ao,AMRO,4,11,0,1
4/12/2020,CW,Cura?ao,AMRO,3,14,0,1
4/19/2020,CW,Cura?ao,AMRO,0,14,0,1
4/26/2020,CW,Cura?ao,AMRO,0,14,0,1
5/3/2020,CW,Cura?ao,AMRO,2,16,0,1
5/10/2020,CW,Cura?ao,AMRO,0,16,0,1
5/17/2020,CW,Cura?ao,AMRO,0,16,0,1
5/24/2020,CW,Cura?ao,AMRO,0,16,0,1
5/31/2020,CW,Cura?ao,AMRO,4,20,0,1
6/7/2020,CW,Cura?ao,AMRO,1,21,0,1
6/14/2020,CW,Cura?ao,AMRO,1,22,0,1
6/21/2020,CW,Cura?ao,AMRO,1,23,0,1
6/28/2020,CW,Cura?ao,AMRO,0,23,0,1
7/5/2020,CW,Cura?ao,AMRO,2,25,0,1
7/12/2020,CW,Cura?ao,AMRO,0,25,0,1
7/19/2020,CW,Cura?ao,AMRO,3,28,0,1
7/26/2020,CW,Cura?ao,AMRO,1,29,0,1
8/2/2020,CW,Cura?ao,AMRO,0,29,0,1
8/9/2020,CW,Cura?ao,AMRO,2,31,0,1
8/16/2020,CW,Cura?ao,AMRO,1,32,0,1
8/23/2020,CW,Cura?ao,AMRO,5,37,0,1
8/30/2020,CW,Cura?ao,AMRO,18,55,0,1
9/6/2020,CW,Cura?ao,AMRO,23,78,0,1
9/13/2020,CW,Cura?ao,AMRO,57,135,0,1
9/20/2020,CW,Cura?ao,AMRO,75,210,0,1
9/27/2020,CW,Cura?ao,AMRO,105,315,0,1
10/4/2020,CW,Cura?ao,AMRO,84,399,0,1
10/11/2020,CW,Cura?ao,AMRO,133,532,0,1
10/18/2020,CW,Cura?ao,AMRO,141,673,0,1
10/25/2020,CW,Cura?ao,AMRO,130,803,0,1
11/1/2020,CW,Cura?ao,AMRO,141,944,0,1
11/8/2020,CW,Cura?ao,AMRO,86,1030,1,2
11/15/2020,CW,Cura?ao,AMRO,185,1215,0,2
11/22/2020,CW,Cura?ao,AMRO,346,1561,1,3
11/29/2020,CW,Cura?ao,AMRO,485,2046,0,3
12/6/2020,CW,Cura?ao,AMRO,694,2740,4,7
12/13/2020,CW,Cura?ao,AMRO,664,3404,1,8
12/20/2020,CW,Cura?ao,AMRO,419,3823,3,11
12/27/2020,CW,Cura?ao,AMRO,228,4051,1,12
1/3/2021,CW,Cura?ao,AMRO,179,4230,2,14
1/10/2021,CW,Cura?ao,AMRO,175,4405,4,18
1/17/2021,CW,Cura?ao,AMRO,93,4498,1,19
1/24/2021,CW,Cura?ao,AMRO,39,4537,1,20
1/31/2021,CW,Cura?ao,AMRO,37,4574,0,20
2/7/2021,CW,Cura?ao,AMRO,23,4597,1,21
2/14/2021,CW,Cura?ao,AMRO,36,4633,1,22
2/21/2021,CW,Cura?ao,AMRO,33,4666,0,22
2/28/2021,CW,Cura?ao,AMRO,42,4708,0,22
3/7/2021,CW,Cura?ao,AMRO,43,4751,0,22
3/14/2021,CW,Cura?ao,AMRO,164,4915,0,22
3/21/2021,CW,Cura?ao,AMRO,605,5520,1,23
3/28/2021,CW,Cura?ao,AMRO,1128,6648,4,27
4/4/2021,CW,Cura?ao,AMRO,2186,8834,11,38
4/11/2021,CW,Cura?ao,AMRO,1798,10632,22,60
4/18/2021,CW,Cura?ao,AMRO,1042,11674,20,80
4/25/2021,CW,Cura?ao,AMRO,348,12022,19,99
5/2/2021,CW,Cura?ao,AMRO,159,12181,9,108
5/9/2021,CW,Cura?ao,AMRO,41,12222,5,113
5/16/2021,CW,Cura?ao,AMRO,22,12244,5,118
5/23/2021,CW,Cura?ao,AMRO,22,12266,4,122
5/30/2021,CW,Cura?ao,AMRO,5,12271,0,122
6/6/2021,CW,Cura?ao,AMRO,5,12276,0,122
6/13/2021,CW,Cura?ao,AMRO,15,12291,1,123
6/20/2021,CW,Cura?ao,AMRO,17,12308,0,123
6/27/2021,CW,Cura?ao,AMRO,19,12327,3,126
7/4/2021,CW,Cura?ao,AMRO,16,12343,0,126
7/11/2021,CW,Cura?ao,AMRO,21,12364,0,126
7/18/2021,CW,Cura?ao,AMRO,173,12537,0,126
7/25/2021,CW,Cura?ao,AMRO,501,13038,0,126
8/1/2021,CW,Cura?ao,AMRO,455,13493,0,126
8/8/2021,CW,Cura?ao,AMRO,414,13907,4,130
8/15/2021,CW,Cura?ao,AMRO,489,14396,2,132
8/22/2021,CW,Cura?ao,AMRO,406,14802,4,136
8/29/2021,CW,Cura?ao,AMRO,332,15134,6,142
9/5/2021,CW,Cura?ao,AMRO,245,15379,5,147
9/12/2021,CW,Cura?ao,AMRO,217,15596,6,153
9/19/2021,CW,Cura?ao,AMRO,329,15925,2,155
9/26/2021,CW,Cura?ao,AMRO,329,16254,3,158
10/3/2021,CW,Cura?ao,AMRO,246,16500,5,163
10/10/2021,CW,Cura?ao,AMRO,204,16704,5,168
10/17/2021,CW,Cura?ao,AMRO,181,16885,1,169
10/24/2021,CW,Cura?ao,AMRO,99,16984,3,172
10/31/2021,CW,Cura?ao,AMRO,69,17053,2,174
11/7/2021,CW,Cura?ao,AMRO,58,17111,1,175
11/14/2021,CW,Cura?ao,AMRO,76,17187,0,175
11/21/2021,CW,Cura?ao,AMRO,83,17270,0,175
11/28/2021,CW,Cura?ao,AMRO,104,17374,3,178
12/5/2021,CW,Cura?ao,AMRO,66,17440,1,179
12/12/2021,CW,Cura?ao,AMRO,100,17540,1,180
12/19/2021,CW,Cura?ao,AMRO,153,17693,3,183
12/26/2021,CW,Cura?ao,AMRO,606,18299,3,186
1/2/2022,CW,Cura?ao,AMRO,2411,20710,3,189
1/9/2022,CW,Cura?ao,AMRO,5278,25988,2,191
1/16/2022,CW,Cura?ao,AMRO,5941,31929,8,199
1/23/2022,CW,Cura?ao,AMRO,3378,35307,11,210
1/30/2022,CW,Cura?ao,AMRO,1415,36722,15,225
2/6/2022,CW,Cura?ao,AMRO,804,37526,17,242
2/13/2022,CW,Cura?ao,AMRO,646,38172,7,249
2/20/2022,CW,Cura?ao,AMRO,436,38608,11,260
2/27/2022,CW,Cura?ao,AMRO,259,38867,1,261
3/6/2022,CW,Cura?ao,AMRO,216,39083,0,261
3/13/2022,CW,Cura?ao,AMRO,102,39185,3,264
3/20/2022,CW,Cura?ao,AMRO,375,39560,1,265
3/27/2022,CW,Cura?ao,AMRO,293,39853,0,265
4/3/2022,CW,Cura?ao,AMRO,493,40346,2,267
4/10/2022,CW,Cura?ao,AMRO,456,40802,0,267
4/17/2022,CW,Cura?ao,AMRO,504,41306,4,271
4/24/2022,CW,Cura?ao,AMRO,423,41729,0,271
5/1/2022,CW,Cura?ao,AMRO,306,42035,2,273
5/8/2022,CW,Cura?ao,AMRO,295,42330,1,274
5/15/2022,CW,Cura?ao,AMRO,344,42674,1,275
5/22/2022,CW,Cura?ao,AMRO,475,43149,1,276
5/29/2022,CW,Cura?ao,AMRO,473,43622,1,277
6/5/2022,CW,Cura?ao,AMRO,331,43953,0,277
6/12/2022,CW,Cura?ao,AMRO,174,44127,0,277
6/19/2022,CW,Cura?ao,AMRO,187,44314,1,278
6/26/2022,CW,Cura?ao,AMRO,126,44440,0,278
7/3/2022,CW,Cura?ao,AMRO,105,44545,0,278
7/10/2022,CW,Cura?ao,AMRO,117,44662,0,278
7/17/2022,CW,Cura?ao,AMRO,120,44782,2,280
7/24/2022,CW,Cura?ao,AMRO,150,44932,2,282
7/31/2022,CW,Cura?ao,AMRO,131,45063,0,282
8/7/2022,CW,Cura?ao,AMRO,0,45063,0,282
8/14/2022,CW,Cura?ao,AMRO,146,45209,1,283
8/21/2022,CW,Cura?ao,AMRO,34,45243,2,285
8/28/2022,CW,Cura?ao,AMRO,34,45277,1,286
9/4/2022,CW,Cura?ao,AMRO,25,45302,1,287
9/11/2022,CW,Cura?ao,AMRO,16,45318,0,287
9/18/2022,CW,Cura?ao,AMRO,27,45345,0,287
9/25/2022,CW,Cura?ao,AMRO,12,45357,0,287
10/2/2022,CW,Cura?ao,AMRO,11,45368,0,287
10/9/2022,CW,Cura?ao,AMRO,22,45390,0,287
10/16/2022,CW,Cura?ao,AMRO,16,45406,2,289
10/23/2022,CW,Cura?ao,AMRO,28,45434,0,289
10/30/2022,CW,Cura?ao,AMRO,33,45467,1,290
11/6/2022,CW,Cura?ao,AMRO,22,45489,3,293
11/13/2022,CW,Cura?ao,AMRO,18,45507,0,293
11/20/2022,CW,Cura?ao,AMRO,29,45536,1,294
11/27/2022,CW,Cura?ao,AMRO,23,45559,1,295
12/4/2022,CW,Cura?ao,AMRO,27,45586,0,295
12/11/2022,CW,Cura?ao,AMRO,44,45630,2,297
12/18/2022,CW,Cura?ao,AMRO,39,45669,1,298
12/25/2022,CW,Cura?ao,AMRO,38,45707,1,299
1/1/2023,CW,Cura?ao,AMRO,13,45720,0,299
1/8/2023,CW,Cura?ao,AMRO,14,45734,0,299
1/15/2023,CW,Cura?ao,AMRO,11,45745,0,299
1/22/2023,CW,Cura?ao,AMRO,21,45766,2,301
1/29/2023,CW,Cura?ao,AMRO,7,45773,0,301
2/5/2023,CW,Cura?ao,AMRO,0,45773,0,301
2/12/2023,CW,Cura?ao,AMRO,7,45780,0,301
2/19/2023,CW,Cura?ao,AMRO,1,45781,0,301
2/26/2023,CW,Cura?ao,AMRO,5,45786,0,301
3/5/2023,CW,Cura?ao,AMRO,0,45786,0,301
3/12/2023,CW,Cura?ao,AMRO,1,45787,0,301
3/19/2023,CW,Cura?ao,AMRO,2,45789,0,301
3/26/2023,CW,Cura?ao,AMRO,4,45793,0,301
4/2/2023,CW,Cura?ao,AMRO,5,45798,0,301
4/9/2023,CW,Cura?ao,AMRO,0,45798,0,301
4/16/2023,CW,Cura?ao,AMRO,0,45798,0,301
4/23/2023,CW,Cura?ao,AMRO,0,45798,0,301
4/30/2023,CW,Cura?ao,AMRO,0,45798,0,301
5/7/2023,CW,Cura?ao,AMRO,14,45812,1,302
5/14/2023,CW,Cura?ao,AMRO,0,45812,0,302
5/21/2023,CW,Cura?ao,AMRO,0,45812,0,302
5/28/2023,CW,Cura?ao,AMRO,0,45812,0,302
6/4/2023,CW,Cura?ao,AMRO,5,45817,0,302
6/11/2023,CW,Cura?ao,AMRO,0,45817,0,302
6/18/2023,CW,Cura?ao,AMRO,0,45817,0,302
6/25/2023,CW,Cura?ao,AMRO,0,45817,0,302
7/2/2023,CW,Cura?ao,AMRO,66,45883,3,305
7/9/2023,CW,Cura?ao,AMRO,0,45883,0,305
7/16/2023,CW,Cura?ao,AMRO,0,45883,0,305
7/23/2023,CW,Cura?ao,AMRO,0,45883,0,305
7/30/2023,CW,Cura?ao,AMRO,0,45883,0,305
8/6/2023,CW,Cura?ao,AMRO,0,45883,0,305
8/13/2023,CW,Cura?ao,AMRO,0,45883,0,305
8/20/2023,CW,Cura?ao,AMRO,0,45883,0,305
8/27/2023,CW,Cura?ao,AMRO,0,45883,0,305
9/3/2023,CW,Cura?ao,AMRO,0,45883,0,305
9/10/2023,CW,Cura?ao,AMRO,0,45883,0,305
9/17/2023,CW,Cura?ao,AMRO,0,45883,0,305
9/24/2023,CW,Cura?ao,AMRO,0,45883,0,305
10/1/2023,CW,Cura?ao,AMRO,0,45883,0,305
10/8/2023,CW,Cura?ao,AMRO,0,45883,0,305
10/15/2023,CW,Cura?ao,AMRO,0,45883,0,305
10/22/2023,CW,Cura?ao,AMRO,0,45883,0,305
10/29/2023,CW,Cura?ao,AMRO,0,45883,0,305
11/5/2023,CW,Cura?ao,AMRO,0,45883,0,305
11/12/2023,CW,Cura?ao,AMRO,0,45883,0,305
11/19/2023,CW,Cura?ao,AMRO,0,45883,0,305
11/26/2023,CW,Cura?ao,AMRO,0,45883,0,305
12/3/2023,CW,Cura?ao,AMRO,0,45883,0,305
12/10/2023,CW,Cura?ao,AMRO,0,45883,0,305
12/17/2023,CW,Cura?ao,AMRO,0,45883,0,305
12/24/2023,CW,Cura?ao,AMRO,0,45883,0,305
1/5/2020,CY,Cyprus,EURO,0,0,0,0
1/12/2020,CY,Cyprus,EURO,0,0,0,0
1/19/2020,CY,Cyprus,EURO,0,0,0,0
1/26/2020,CY,Cyprus,EURO,0,0,0,0
2/2/2020,CY,Cyprus,EURO,0,0,0,0
2/9/2020,CY,Cyprus,EURO,0,0,0,0
2/16/2020,CY,Cyprus,EURO,0,0,0,0
2/23/2020,CY,Cyprus,EURO,0,0,0,0
3/1/2020,CY,Cyprus,EURO,0,0,0,0
3/8/2020,CY,Cyprus,EURO,0,0,0,0
3/15/2020,CY,Cyprus,EURO,21,21,0,0
3/22/2020,CY,Cyprus,EURO,63,84,0,0
3/29/2020,CY,Cyprus,EURO,95,179,5,5
4/5/2020,CY,Cyprus,EURO,247,426,4,9
4/12/2020,CY,Cyprus,EURO,190,616,1,10
4/19/2020,CY,Cyprus,EURO,145,761,2,12
4/26/2020,CY,Cyprus,EURO,49,810,2,14
5/3/2020,CY,Cyprus,EURO,54,864,1,15
5/10/2020,CY,Cyprus,EURO,28,892,0,15
5/17/2020,CY,Cyprus,EURO,22,914,2,17
5/24/2020,CY,Cyprus,EURO,13,927,0,17
5/31/2020,CY,Cyprus,EURO,16,943,0,17
6/7/2020,CY,Cyprus,EURO,17,960,1,18
6/14/2020,CY,Cyprus,EURO,20,980,0,18
6/21/2020,CY,Cyprus,EURO,5,985,1,19
6/28/2020,CY,Cyprus,EURO,9,994,0,19
7/5/2020,CY,Cyprus,EURO,8,1002,0,19
7/12/2020,CY,Cyprus,EURO,12,1014,0,19
7/19/2020,CY,Cyprus,EURO,23,1037,0,19
7/26/2020,CY,Cyprus,EURO,16,1053,0,19
8/2/2020,CY,Cyprus,EURO,71,1124,0,19
8/9/2020,CY,Cyprus,EURO,109,1233,0,19
8/16/2020,CY,Cyprus,EURO,99,1332,1,20
8/23/2020,CY,Cyprus,EURO,85,1417,1,21
8/30/2020,CY,Cyprus,EURO,66,1483,0,21
9/6/2020,CY,Cyprus,EURO,24,1507,0,21
9/13/2020,CY,Cyprus,EURO,16,1523,0,21
9/20/2020,CY,Cyprus,EURO,57,1580,1,22
9/27/2020,CY,Cyprus,EURO,104,1684,0,22
10/4/2020,CY,Cyprus,EURO,127,1811,0,22
10/11/2020,CY,Cyprus,EURO,175,1986,3,25
10/18/2020,CY,Cyprus,EURO,393,2379,0,25
10/25/2020,CY,Cyprus,EURO,1065,3444,0,25
11/1/2020,CY,Cyprus,EURO,922,4366,1,26
11/8/2020,CY,Cyprus,EURO,1505,5871,1,27
11/15/2020,CY,Cyprus,EURO,1180,7051,12,39
11/22/2020,CY,Cyprus,EURO,1405,8456,4,43
11/29/2020,CY,Cyprus,EURO,1775,10231,5,48
12/6/2020,CY,Cyprus,EURO,1951,12182,12,60
12/13/2020,CY,Cyprus,EURO,2619,14801,19,79
12/20/2020,CY,Cyprus,EURO,2676,17477,13,92
12/27/2020,CY,Cyprus,EURO,1915,19392,22,114
1/3/2021,CY,Cyprus,EURO,4511,23903,18,132
1/10/2021,CY,Cyprus,EURO,3566,27469,18,150
1/17/2021,CY,Cyprus,EURO,1800,29269,20,170
1/24/2021,CY,Cyprus,EURO,1076,30345,16,186
1/31/2021,CY,Cyprus,EURO,883,31228,14,200
2/7/2021,CY,Cyprus,EURO,928,32156,14,214
2/14/2021,CY,Cyprus,EURO,746,32902,11,225
2/21/2021,CY,Cyprus,EURO,763,33665,9,234
2/28/2021,CY,Cyprus,EURO,1271,34936,2,236
3/7/2021,CY,Cyprus,EURO,2315,37251,1,237
3/14/2021,CY,Cyprus,EURO,2702,39953,6,243
3/21/2021,CY,Cyprus,EURO,2605,42558,4,247
3/28/2021,CY,Cyprus,EURO,2423,44981,8,255
4/4/2021,CY,Cyprus,EURO,3271,48252,11,266
4/11/2021,CY,Cyprus,EURO,3753,52005,11,277
4/18/2021,CY,Cyprus,EURO,4372,56377,18,295
4/25/2021,CY,Cyprus,EURO,6169,62546,10,305
5/2/2021,CY,Cyprus,EURO,4903,67449,15,320
5/9/2021,CY,Cyprus,EURO,2791,70240,21,341
5/16/2021,CY,Cyprus,EURO,1736,71976,12,353
5/23/2021,CY,Cyprus,EURO,937,72913,8,361
5/30/2021,CY,Cyprus,EURO,527,73440,7,368
6/6/2021,CY,Cyprus,EURO,432,73872,3,371
6/13/2021,CY,Cyprus,EURO,407,74279,10,381
6/20/2021,CY,Cyprus,EURO,425,74704,1,382
6/27/2021,CY,Cyprus,EURO,987,75691,0,382
7/4/2021,CY,Cyprus,EURO,3262,78953,0,382
7/11/2021,CY,Cyprus,EURO,5978,84931,6,388
7/18/2021,CY,Cyprus,EURO,6915,91846,5,393
7/25/2021,CY,Cyprus,EURO,6653,98499,15,408
8/1/2021,CY,Cyprus,EURO,5170,103669,24,432
8/8/2021,CY,Cyprus,EURO,3647,107316,18,450
8/15/2021,CY,Cyprus,EURO,3114,110430,23,473
8/22/2021,CY,Cyprus,EURO,2433,112863,23,496
8/29/2021,CY,Cyprus,EURO,1929,114792,22,518
9/5/2021,CY,Cyprus,EURO,1830,116622,18,536
9/12/2021,CY,Cyprus,EURO,1210,117832,15,551
9/19/2021,CY,Cyprus,EURO,1032,118864,10,561
9/26/2021,CY,Cyprus,EURO,826,119690,5,566
10/3/2021,CY,Cyprus,EURO,726,120416,3,569
10/10/2021,CY,Cyprus,EURO,855,121271,4,573
10/17/2021,CY,Cyprus,EURO,993,122264,5,578
10/24/2021,CY,Cyprus,EURO,1005,123269,7,585
10/31/2021,CY,Cyprus,EURO,1064,124333,7,592
11/7/2021,CY,Cyprus,EURO,1482,125815,2,594
11/14/2021,CY,Cyprus,EURO,1663,127478,2,596
11/21/2021,CY,Cyprus,EURO,2410,129888,2,598
11/28/2021,CY,Cyprus,EURO,3049,132937,2,600
12/5/2021,CY,Cyprus,EURO,3588,136525,9,609
12/12/2021,CY,Cyprus,EURO,3933,140458,7,616
12/19/2021,CY,Cyprus,EURO,4255,144713,11,627
12/26/2021,CY,Cyprus,EURO,5135,149848,10,637
1/2/2022,CY,Cyprus,EURO,17631,167479,11,648
1/9/2022,CY,Cyprus,EURO,25723,193202,16,664
1/16/2022,CY,Cyprus,EURO,22407,215609,21,685
1/23/2022,CY,Cyprus,EURO,15773,231382,39,724
1/30/2022,CY,Cyprus,EURO,16980,248362,24,748
2/6/2022,CY,Cyprus,EURO,20295,268657,13,761
2/13/2022,CY,Cyprus,EURO,18231,286888,32,793
2/20/2022,CY,Cyprus,EURO,16440,303328,43,836
2/27/2022,CY,Cyprus,EURO,14348,317676,34,870
3/6/2022,CY,Cyprus,EURO,13832,331508,20,890
3/13/2022,CY,Cyprus,EURO,19180,350688,24,914
3/20/2022,CY,Cyprus,EURO,22970,373658,16,930
3/27/2022,CY,Cyprus,EURO,31886,405544,16,946
4/3/2022,CY,Cyprus,EURO,31405,436949,13,959
4/10/2022,CY,Cyprus,EURO,19015,455964,16,975
4/17/2022,CY,Cyprus,EURO,8240,464204,13,988
4/24/2022,CY,Cyprus,EURO,6115,470319,18,1006
5/1/2022,CY,Cyprus,EURO,9901,480220,9,1015
5/8/2022,CY,Cyprus,EURO,3444,483664,12,1027
5/15/2022,CY,Cyprus,EURO,2422,486086,24,1051
5/22/2022,CY,Cyprus,EURO,2103,488189,6,1057
5/29/2022,CY,Cyprus,EURO,1774,489963,2,1059
6/5/2022,CY,Cyprus,EURO,1814,491777,8,1067
6/12/2022,CY,Cyprus,EURO,2207,493984,1,1068
6/19/2022,CY,Cyprus,EURO,3470,497454,2,1070
6/26/2022,CY,Cyprus,EURO,7263,504717,2,1072
7/3/2022,CY,Cyprus,EURO,10879,515596,3,1075
7/10/2022,CY,Cyprus,EURO,14914,530510,4,1079
7/17/2022,CY,Cyprus,EURO,15386,545896,7,1086
7/24/2022,CY,Cyprus,EURO,10152,556048,13,1099
7/31/2022,CY,Cyprus,EURO,6863,562911,16,1115
8/7/2022,CY,Cyprus,EURO,5472,568383,28,1143
8/14/2022,CY,Cyprus,EURO,3611,571994,6,1149
8/21/2022,CY,Cyprus,EURO,2130,574124,3,1152
8/28/2022,CY,Cyprus,EURO,2154,576278,16,1168
9/4/2022,CY,Cyprus,EURO,1752,578030,4,1172
9/11/2022,CY,Cyprus,EURO,1869,579899,1,1173
9/18/2022,CY,Cyprus,EURO,2482,582381,5,1178
9/25/2022,CY,Cyprus,EURO,2932,585313,2,1180
10/2/2022,CY,Cyprus,EURO,2681,587994,2,1182
10/9/2022,CY,Cyprus,EURO,2789,590783,5,1187
10/16/2022,CY,Cyprus,EURO,2759,593542,2,1189
10/23/2022,CY,Cyprus,EURO,2755,596297,2,1191
10/30/2022,CY,Cyprus,EURO,2821,599118,3,1194
11/6/2022,CY,Cyprus,EURO,3544,602662,6,1200
11/13/2022,CY,Cyprus,EURO,3625,606287,10,1210
11/20/2022,CY,Cyprus,EURO,3736,610023,8,1218
11/27/2022,CY,Cyprus,EURO,4214,614237,8,1226
12/4/2022,CY,Cyprus,EURO,4011,618248,11,1237
12/11/2022,CY,Cyprus,EURO,3854,622102,5,1242
12/18/2022,CY,Cyprus,EURO,3460,625562,8,1250
12/25/2022,CY,Cyprus,EURO,2947,628509,5,1255
1/1/2023,CY,Cyprus,EURO,2602,631111,3,1258
1/8/2023,CY,Cyprus,EURO,3598,634709,4,1262
1/15/2023,CY,Cyprus,EURO,3353,638062,8,1270
1/22/2023,CY,Cyprus,EURO,2667,640729,10,1280
1/29/2023,CY,Cyprus,EURO,1934,642663,7,1287
2/5/2023,CY,Cyprus,EURO,1497,644160,4,1291
2/12/2023,CY,Cyprus,EURO,1355,645515,2,1293
2/19/2023,CY,Cyprus,EURO,1516,647031,4,1297
2/26/2023,CY,Cyprus,EURO,2062,649093,8,1305
3/5/2023,CY,Cyprus,EURO,1592,650685,25,1330
3/12/2023,CY,Cyprus,EURO,1701,652386,5,1335
3/19/2023,CY,Cyprus,EURO,1281,653667,6,1341
3/26/2023,CY,Cyprus,EURO,1047,654714,4,1345
4/2/2023,CY,Cyprus,EURO,950,655664,4,1349
4/9/2023,CY,Cyprus,EURO,1240,656904,1,1350
4/16/2023,CY,Cyprus,EURO,0,656904,0,1350
4/23/2023,CY,Cyprus,EURO,1546,658450,4,1354
4/30/2023,CY,Cyprus,EURO,0,658450,0,1354
5/7/2023,CY,Cyprus,EURO,2404,660854,10,1364
5/14/2023,CY,Cyprus,EURO,0,660854,0,1364
5/21/2023,CY,Cyprus,EURO,0,660854,0,1364
5/28/2023,CY,Cyprus,EURO,0,660854,0,1364
6/4/2023,CY,Cyprus,EURO,0,660854,0,1364
6/11/2023,CY,Cyprus,EURO,0,660854,0,1364
6/18/2023,CY,Cyprus,EURO,0,660854,0,1364
6/25/2023,CY,Cyprus,EURO,0,660854,0,1364
7/2/2023,CY,Cyprus,EURO,0,660854,0,1364
7/9/2023,CY,Cyprus,EURO,0,660854,0,1364
7/16/2023,CY,Cyprus,EURO,0,660854,0,1364
7/23/2023,CY,Cyprus,EURO,0,660854,0,1364
7/30/2023,CY,Cyprus,EURO,0,660854,0,1364
8/6/2023,CY,Cyprus,EURO,0,660854,0,1364
8/13/2023,CY,Cyprus,EURO,0,660854,0,1364
8/20/2023,CY,Cyprus,EURO,0,660854,0,1364
8/27/2023,CY,Cyprus,EURO,0,660854,0,1364
9/3/2023,CY,Cyprus,EURO,0,660854,0,1364
9/10/2023,CY,Cyprus,EURO,0,660854,0,1364
9/17/2023,CY,Cyprus,EURO,0,660854,0,1364
9/24/2023,CY,Cyprus,EURO,0,660854,0,1364
10/1/2023,CY,Cyprus,EURO,0,660854,0,1364
10/8/2023,CY,Cyprus,EURO,0,660854,0,1364
10/15/2023,CY,Cyprus,EURO,0,660854,0,1364
10/22/2023,CY,Cyprus,EURO,0,660854,0,1364
10/29/2023,CY,Cyprus,EURO,0,660854,0,1364
11/5/2023,CY,Cyprus,EURO,0,660854,0,1364
11/12/2023,CY,Cyprus,EURO,0,660854,0,1364
11/19/2023,CY,Cyprus,EURO,0,660854,0,1364
11/26/2023,CY,Cyprus,EURO,0,660854,0,1364
12/3/2023,CY,Cyprus,EURO,0,660854,0,1364
12/10/2023,CY,Cyprus,EURO,0,660854,0,1364
12/17/2023,CY,Cyprus,EURO,0,660854,0,1364
12/24/2023,CY,Cyprus,EURO,0,660854,0,1364
1/5/2020,CZ,Czechia,EURO,0,0,0,0
1/12/2020,CZ,Czechia,EURO,0,0,0,0
1/19/2020,CZ,Czechia,EURO,0,0,0,0
1/26/2020,CZ,Czechia,EURO,0,0,0,0
2/2/2020,CZ,Czechia,EURO,0,0,0,0
2/9/2020,CZ,Czechia,EURO,0,0,0,0
2/16/2020,CZ,Czechia,EURO,0,0,0,0
2/23/2020,CZ,Czechia,EURO,0,0,0,0
3/1/2020,CZ,Czechia,EURO,0,0,0,0
3/8/2020,CZ,Czechia,EURO,27,27,0,0
3/15/2020,CZ,Czechia,EURO,163,190,0,0
3/22/2020,CZ,Czechia,EURO,869,1059,0,0
3/29/2020,CZ,Czechia,EURO,1624,2683,17,17
4/5/2020,CZ,Czechia,EURO,1821,4504,49,66
4/12/2020,CZ,Czechia,EURO,1438,5942,70,136
4/19/2020,CZ,Czechia,EURO,754,6696,44,180
4/26/2020,CZ,Czechia,EURO,701,7397,42,222
5/3/2020,CZ,Czechia,EURO,412,7809,29,251
5/10/2020,CZ,Czechia,EURO,344,8153,26,277
5/17/2020,CZ,Czechia,EURO,372,8525,18,295
5/24/2020,CZ,Czechia,EURO,448,8973,18,313
5/31/2020,CZ,Czechia,EURO,346,9319,5,318
6/7/2020,CZ,Czechia,EURO,351,9670,7,325
6/14/2020,CZ,Czechia,EURO,429,10099,5,330
6/21/2020,CZ,Czechia,EURO,460,10559,8,338
6/28/2020,CZ,Czechia,EURO,853,11412,8,346
7/5/2020,CZ,Czechia,EURO,1142,12554,4,350
7/12/2020,CZ,Czechia,EURO,678,13232,4,354
7/19/2020,CZ,Czechia,EURO,748,13980,6,360
7/26/2020,CZ,Czechia,EURO,1353,15333,11,371
8/2/2020,CZ,Czechia,EURO,1476,16809,13,384
8/9/2020,CZ,Czechia,EURO,1549,18358,8,392
8/16/2020,CZ,Czechia,EURO,1664,20022,8,400
8/23/2020,CZ,Czechia,EURO,1895,21917,15,415
8/30/2020,CZ,Czechia,EURO,2315,24232,10,425
9/6/2020,CZ,Czechia,EURO,3658,27890,15,440
9/13/2020,CZ,Czechia,EURO,7660,35550,27,467
9/20/2020,CZ,Czechia,EURO,12920,48470,55,522
9/27/2020,CZ,Czechia,EURO,15008,63478,89,611
10/4/2020,CZ,Czechia,EURO,17352,80830,127,738
10/11/2020,CZ,Czechia,EURO,33458,114288,293,1031
10/18/2020,CZ,Czechia,EURO,54911,169199,457,1488
10/25/2020,CZ,Czechia,EURO,82219,251418,826,2314
11/1/2020,CZ,Czechia,EURO,84751,336169,1290,3604
11/8/2020,CZ,Czechia,EURO,76531,412700,1552,5156
11/15/2020,CZ,Czechia,EURO,47391,460091,1331,6487
11/22/2020,CZ,Czechia,EURO,32810,492901,1001,7488
11/29/2020,CZ,Czechia,EURO,28065,520966,899,8387
12/6/2020,CZ,Czechia,EURO,27269,548235,760,9147
12/13/2020,CZ,Czechia,EURO,33579,581814,680,9827
12/20/2020,CZ,Czechia,EURO,45475,627289,779,10606
12/27/2020,CZ,Czechia,EURO,47773,675062,761,11367
1/3/2021,CZ,Czechia,EURO,70541,745603,954,12321
1/10/2021,CZ,Czechia,EURO,92118,837721,1187,13508
1/17/2021,CZ,Czechia,EURO,58893,896614,1190,14698
1/24/2021,CZ,Czechia,EURO,49125,945739,1054,15752
1/31/2021,CZ,Czechia,EURO,47939,993678,1002,16754
2/7/2021,CZ,Czechia,EURO,50871,1044549,910,17664
2/14/2021,CZ,Czechia,EURO,53838,1098387,930,18594
2/21/2021,CZ,Czechia,EURO,65983,1164370,1092,19686
2/28/2021,CZ,Czechia,EURO,83422,1247792,1173,20859
3/7/2021,CZ,Czechia,EURO,87158,1334950,1398,22257
3/14/2021,CZ,Czechia,EURO,79038,1413988,1523,23780
3/21/2021,CZ,Czechia,EURO,67088,1481076,1459,25239
3/28/2021,CZ,Czechia,EURO,51053,1532129,1280,26519
4/4/2021,CZ,Czechia,EURO,37537,1569666,1007,27526
4/11/2021,CZ,Czechia,EURO,28894,1598560,847,28373
4/18/2021,CZ,Czechia,EURO,22178,1620738,587,28960
4/25/2021,CZ,Czechia,EURO,17828,1638566,445,29405
5/2/2021,CZ,Czechia,EURO,15073,1653639,358,29763
5/9/2021,CZ,Czechia,EURO,11224,1664863,263,30026
5/16/2021,CZ,Czechia,EURO,7982,1672845,190,30216
5/23/2021,CZ,Czechia,EURO,5241,1678086,108,30324
5/30/2021,CZ,Czechia,EURO,3400,1681486,67,30391
6/6/2021,CZ,Czechia,EURO,2461,1683947,39,30430
6/13/2021,CZ,Czechia,EURO,1542,1685489,28,30458
6/20/2021,CZ,Czechia,EURO,978,1686467,16,30474
6/27/2021,CZ,Czechia,EURO,732,1687199,12,30486
7/4/2021,CZ,Czechia,EURO,1020,1688219,5,30491
7/11/2021,CZ,Czechia,EURO,1393,1689612,3,30494
7/18/2021,CZ,Czechia,EURO,1700,1691312,4,30498
7/25/2021,CZ,Czechia,EURO,1459,1692771,4,30502
8/1/2021,CZ,Czechia,EURO,1252,1694023,2,30504
8/8/2021,CZ,Czechia,EURO,1216,1695239,6,30510
8/15/2021,CZ,Czechia,EURO,1356,1696595,2,30512
8/22/2021,CZ,Czechia,EURO,1322,1697917,13,30525
8/29/2021,CZ,Czechia,EURO,1395,1699312,7,30532
9/5/2021,CZ,Czechia,EURO,1741,1701053,3,30535
9/12/2021,CZ,Czechia,EURO,2674,1703727,6,30541
9/19/2021,CZ,Czechia,EURO,3104,1706831,16,30557
9/26/2021,CZ,Czechia,EURO,3340,1710171,15,30572
10/3/2021,CZ,Czechia,EURO,4525,1714696,11,30583
10/10/2021,CZ,Czechia,EURO,6141,1720837,26,30609
10/17/2021,CZ,Czechia,EURO,9397,1730234,47,30656
10/24/2021,CZ,Czechia,EURO,21024,1751258,79,30735
10/31/2021,CZ,Czechia,EURO,34304,1785562,156,30891
11/7/2021,CZ,Czechia,EURO,54713,1840275,298,31189
11/14/2021,CZ,Czechia,EURO,76286,1916561,441,31630
11/21/2021,CZ,Czechia,EURO,107749,2024310,642,32272
11/28/2021,CZ,Czechia,EURO,131080,2155390,768,33040
12/5/2021,CZ,Czechia,EURO,120518,2275908,848,33888
12/12/2021,CZ,Czechia,EURO,95994,2371902,798,34686
12/19/2021,CZ,Czechia,EURO,70819,2442721,775,35461
12/26/2021,CZ,Czechia,EURO,43730,2486451,527,35988
1/2/2022,CZ,Czechia,EURO,37317,2523768,448,36436
1/9/2022,CZ,Czechia,EURO,49854,2573622,361,36797
1/16/2022,CZ,Czechia,EURO,76148,2649770,239,37036
1/23/2022,CZ,Czechia,EURO,174118,2823888,175,37211
1/30/2022,CZ,Czechia,EURO,279661,3103549,157,37368
2/6/2022,CZ,Czechia,EURO,286572,3390121,289,37657
2/13/2022,CZ,Czechia,EURO,189772,3579893,388,38045
2/20/2022,CZ,Czechia,EURO,129271,3709164,377,38422
2/27/2022,CZ,Czechia,EURO,80424,3789588,357,38779
3/6/2022,CZ,Czechia,EURO,65371,3854959,300,39079
3/13/2022,CZ,Czechia,EURO,63916,3918875,219,39298
3/20/2022,CZ,Czechia,EURO,64737,3983612,192,39490
3/27/2022,CZ,Czechia,EURO,59392,4043004,194,39684
4/3/2022,CZ,Czechia,EURO,50470,4093474,154,39838
4/10/2022,CZ,Czechia,EURO,37781,4131255,172,40010
4/17/2022,CZ,Czechia,EURO,23016,4154271,92,40102
4/24/2022,CZ,Czechia,EURO,16520,4170791,91,40193
5/1/2022,CZ,Czechia,EURO,12147,4182938,77,40270
5/8/2022,CZ,Czechia,EURO,8010,4190948,57,40327
5/15/2022,CZ,Czechia,EURO,4219,4195167,25,40352
5/22/2022,CZ,Czechia,EURO,2686,4197853,15,40367
5/29/2022,CZ,Czechia,EURO,1896,4199749,11,40378
6/5/2022,CZ,Czechia,EURO,1706,4201455,7,40385
6/12/2022,CZ,Czechia,EURO,2275,4203730,8,40393
6/19/2022,CZ,Czechia,EURO,2945,4206675,4,40397
6/26/2022,CZ,Czechia,EURO,4645,4211320,3,40400
7/3/2022,CZ,Czechia,EURO,8243,4219563,10,40410
7/10/2022,CZ,Czechia,EURO,7976,4227539,20,40430
7/17/2022,CZ,Czechia,EURO,14675,4242214,22,40452
7/24/2022,CZ,Czechia,EURO,21407,4263621,43,40495
7/31/2022,CZ,Czechia,EURO,22707,4286328,86,40581
8/7/2022,CZ,Czechia,EURO,20552,4306880,102,40683
8/14/2022,CZ,Czechia,EURO,17817,4324697,83,40766
8/21/2022,CZ,Czechia,EURO,18267,4342964,87,40853
8/28/2022,CZ,Czechia,EURO,15470,4358434,62,40915
9/4/2022,CZ,Czechia,EURO,16021,4374455,45,40960
9/11/2022,CZ,Czechia,EURO,18605,4393060,56,41016
9/18/2022,CZ,Czechia,EURO,22160,4415220,52,41068
9/25/2022,CZ,Czechia,EURO,24278,4439498,65,41133
10/2/2022,CZ,Czechia,EURO,26213,4465711,100,41233
10/9/2022,CZ,Czechia,EURO,26201,4491912,123,41356
10/16/2022,CZ,Czechia,EURO,19903,4511815,142,41498
10/23/2022,CZ,Czechia,EURO,14417,4526232,97,41595
10/30/2022,CZ,Czechia,EURO,8162,4534394,79,41674
11/6/2022,CZ,Czechia,EURO,7155,4541549,63,41737
11/13/2022,CZ,Czechia,EURO,5214,4546763,62,41799
11/20/2022,CZ,Czechia,EURO,4122,4550885,39,41838
11/27/2022,CZ,Czechia,EURO,4863,4555748,41,41879
12/4/2022,CZ,Czechia,EURO,5617,4561365,43,41922
12/11/2022,CZ,Czechia,EURO,6162,4567527,54,41976
12/18/2022,CZ,Czechia,EURO,5531,4573058,54,42030
12/25/2022,CZ,Czechia,EURO,4468,4577526,69,42099
1/1/2023,CZ,Czechia,EURO,2728,4580254,67,42166
1/8/2023,CZ,Czechia,EURO,2915,4583169,62,42228
1/15/2023,CZ,Czechia,EURO,1955,4585124,39,42267
1/22/2023,CZ,Czechia,EURO,1813,4586937,32,42299
1/29/2023,CZ,Czechia,EURO,1964,4588901,16,42315
2/5/2023,CZ,Czechia,EURO,2720,4591621,22,42337
2/12/2023,CZ,Czechia,EURO,3823,4595444,24,42361
2/19/2023,CZ,Czechia,EURO,5723,4601167,35,42396
2/26/2023,CZ,Czechia,EURO,6972,4608139,48,42444
3/5/2023,CZ,Czechia,EURO,6012,4614151,43,42487
3/12/2023,CZ,Czechia,EURO,6289,4620440,36,42523
3/19/2023,CZ,Czechia,EURO,5728,4626168,57,42580
3/26/2023,CZ,Czechia,EURO,4673,4630841,56,42636
4/2/2023,CZ,Czechia,EURO,3359,4634200,46,42682
4/9/2023,CZ,Czechia,EURO,2070,4636270,28,42710
4/16/2023,CZ,Czechia,EURO,1768,4638038,23,42733
4/23/2023,CZ,Czechia,EURO,1406,4639444,22,42755
4/30/2023,CZ,Czechia,EURO,967,4640411,16,42771
5/7/2023,CZ,Czechia,EURO,558,4640969,12,42783
5/14/2023,CZ,Czechia,EURO,453,4641422,11,42794
5/21/2023,CZ,Czechia,EURO,350,4641772,6,42800
5/28/2023,CZ,Czechia,EURO,276,4642048,6,42806
6/4/2023,CZ,Czechia,EURO,232,4642280,3,42809
6/11/2023,CZ,Czechia,EURO,174,4642454,1,42810
6/18/2023,CZ,Czechia,EURO,131,4642585,2,42812
6/25/2023,CZ,Czechia,EURO,139,4642724,0,42812
7/2/2023,CZ,Czechia,EURO,72,4642796,1,42813
7/9/2023,CZ,Czechia,EURO,51,4642847,0,42813
7/16/2023,CZ,Czechia,EURO,67,4642914,2,42815
7/23/2023,CZ,Czechia,EURO,79,4642993,1,42816
7/30/2023,CZ,Czechia,EURO,76,4643069,0,42816
8/6/2023,CZ,Czechia,EURO,123,4643192,0,42816
8/13/2023,CZ,Czechia,EURO,168,4643360,0,42816
8/20/2023,CZ,Czechia,EURO,294,4643654,2,42818
8/27/2023,CZ,Czechia,EURO,398,4644052,1,42819
9/3/2023,CZ,Czechia,EURO,476,4644528,4,42823
9/10/2023,CZ,Czechia,EURO,891,4645419,6,42829
9/17/2023,CZ,Czechia,EURO,1762,4647181,5,42834
9/24/2023,CZ,Czechia,EURO,2251,4649432,10,42844
10/1/2023,CZ,Czechia,EURO,2175,4651607,8,42852
10/8/2023,CZ,Czechia,EURO,3016,4654623,14,42866
10/15/2023,CZ,Czechia,EURO,3035,4657658,20,42886
10/22/2023,CZ,Czechia,EURO,3535,4661193,18,42904
10/29/2023,CZ,Czechia,EURO,4418,4665611,16,42920
11/5/2023,CZ,Czechia,EURO,5122,4670733,36,42956
11/12/2023,CZ,Czechia,EURO,5488,4676221,25,42981
11/19/2023,CZ,Czechia,EURO,5477,4681698,35,43016
11/26/2023,CZ,Czechia,EURO,2535,4684233,3,43019
12/3/2023,CZ,Czechia,EURO,0,4684233,0,43019
12/10/2023,CZ,Czechia,EURO,16272,4700505,71,43090
12/17/2023,CZ,Czechia,EURO,13234,4713739,63,43153
12/24/2023,CZ,Czechia,EURO,15959,4729698,68,43221
1/5/2020,KP,Democratic People's Republic of Korea,SEARO,0,0,0,0
1/12/2020,KP,Democratic People's Republic of Korea,SEARO,0,0,0,0
1/19/2020,KP,Democratic People's Republic of Korea,SEARO,0,0,0,0
1/26/2020,KP,Democratic People's Republic of Korea,SEARO,0,0,0,0
2/2/2020,KP,Democratic People's Republic of Korea,SEARO,0,0,0,0
2/9/2020,KP,Democratic People's Republic of Korea,SEARO,0,0,0,0
2/16/2020,KP,Democratic People's Republic of Korea,SEARO,0,0,0,0
2/23/2020,KP,Democratic People's Republic of Korea,SEARO,0,0,0,0
3/1/2020,KP,Democratic People's Republic of Korea,SEARO,0,0,0,0
3/8/2020,KP,Democratic People's Republic of Korea,SEARO,0,0,0,0
3/15/2020,KP,Democratic People's Republic of Korea,SEARO,0,0,0,0
3/22/2020,KP,Democratic People's Republic of Korea,SEARO,0,0,0,0
3/29/2020,KP,Democratic People's Republic of Korea,SEARO,0,0,0,0
4/5/2020,KP,Democratic People's Republic of Korea,SEARO,0,0,0,0
4/12/2020,KP,Democratic People's Republic of Korea,SEARO,0,0,0,0
4/19/2020,KP,Democratic People's Republic of Korea,SEARO,0,0,0,0
4/26/2020,KP,Democratic People's Republic of Korea,SEARO,0,0,0,0
5/3/2020,KP,Democratic People's Republic of Korea,SEARO,0,0,0,0
5/10/2020,KP,Democratic People's Republic of Korea,SEARO,0,0,0,0
5/17/2020,KP,Democratic People's Republic of Korea,SEARO,0,0,0,0
5/24/2020,KP,Democratic People's Republic of Korea,SEARO,0,0,0,0
5/31/2020,KP,Democratic People's Republic of Korea,SEARO,0,0,0,0
6/7/2020,KP,Democratic People's Republic of Korea,SEARO,0,0,0,0
6/14/2020,KP,Democratic People's Republic of Korea,SEARO,0,0,0,0
6/21/2020,KP,Democratic People's Republic of Korea,SEARO,0,0,0,0
6/28/2020,KP,Democratic People's Republic of Korea,SEARO,0,0,0,0
7/5/2020,KP,Democratic People's Republic of Korea,SEARO,0,0,0,0
7/12/2020,KP,Democratic People's Republic of Korea,SEARO,0,0,0,0
7/19/2020,KP,Democratic People's Republic of Korea,SEARO,0,0,0,0
7/26/2020,KP,Democratic People's Republic of Korea,SEARO,0,0,0,0
8/2/2020,KP,Democratic People's Republic of Korea,SEARO,0,0,0,0
8/9/2020,KP,Democratic People's Republic of Korea,SEARO,0,0,0,0
8/16/2020,KP,Democratic People's Republic of Korea,SEARO,0,0,0,0
8/23/2020,KP,Democratic People's Republic of Korea,SEARO,0,0,0,0
8/30/2020,KP,Democratic People's Republic of Korea,SEARO,0,0,0,0
9/6/2020,KP,Democratic People's Republic of Korea,SEARO,0,0,0,0
9/13/2020,KP,Democratic People's Republic of Korea,SEARO,0,0,0,0
9/20/2020,KP,Democratic People's Republic of Korea,SEARO,0,0,0,0
9/27/2020,KP,Democratic People's Republic of Korea,SEARO,0,0,0,0
10/4/2020,KP,Democratic People's Republic of Korea,SEARO,0,0,0,0
10/11/2020,KP,Democratic People's Republic of Korea,SEARO,0,0,0,0
10/18/2020,KP,Democratic People's Republic of Korea,SEARO,0,0,0,0
10/25/2020,KP,Democratic People's Republic of Korea,SEARO,0,0,0,0
11/1/2020,KP,Democratic People's Republic of Korea,SEARO,0,0,0,0
11/8/2020,KP,Democratic People's Republic of Korea,SEARO,0,0,0,0
11/15/2020,KP,Democratic People's Republic of Korea,SEARO,0,0,0,0
11/22/2020,KP,Democratic People's Republic of Korea,SEARO,0,0,0,0
11/29/2020,KP,Democratic People's Republic of Korea,SEARO,0,0,0,0
12/6/2020,KP,Democratic People's Republic of Korea,SEARO,0,0,0,0
12/13/2020,KP,Democratic People's Republic of Korea,SEARO,0,0,0,0
12/20/2020,KP,Democratic People's Republic of Korea,SEARO,0,0,0,0
12/27/2020,KP,Democratic People's Republic of Korea,SEARO,0,0,0,0
1/3/2021,KP,Democratic People's Republic of Korea,SEARO,0,0,0,0
1/10/2021,KP,Democratic People's Republic of Korea,SEARO,0,0,0,0
1/17/2021,KP,Democratic People's Republic of Korea,SEARO,0,0,0,0
1/24/2021,KP,Democratic People's Republic of Korea,SEARO,0,0,0,0
1/31/2021,KP,Democratic People's Republic of Korea,SEARO,0,0,0,0
2/7/2021,KP,Democratic People's Republic of Korea,SEARO,0,0,0,0
2/14/2021,KP,Democratic People's Republic of Korea,SEARO,0,0,0,0
2/21/2021,KP,Democratic People's Republic of Korea,SEARO,0,0,0,0
2/28/2021,KP,Democratic People's Republic of Korea,SEARO,0,0,0,0
3/7/2021,KP,Democratic People's Republic of Korea,SEARO,0,0,0,0
3/14/2021,KP,Democratic People's Republic of Korea,SEARO,0,0,0,0
3/21/2021,KP,Democratic People's Republic of Korea,SEARO,0,0,0,0
3/28/2021,KP,Democratic People's Republic of Korea,SEARO,0,0,0,0
4/4/2021,KP,Democratic People's Republic of Korea,SEARO,0,0,0,0
4/11/2021,KP,Democratic People's Republic of Korea,SEARO,0,0,0,0
4/18/2021,KP,Democratic People's Republic of Korea,SEARO,0,0,0,0
4/25/2021,KP,Democratic People's Republic of Korea,SEARO,0,0,0,0
5/2/2021,KP,Democratic People's Republic of Korea,SEARO,0,0,0,0
5/9/2021,KP,Democratic People's Republic of Korea,SEARO,0,0,0,0
5/16/2021,KP,Democratic People's Republic of Korea,SEARO,0,0,0,0
5/23/2021,KP,Democratic People's Republic of Korea,SEARO,0,0,0,0
5/30/2021,KP,Democratic People's Republic of Korea,SEARO,0,0,0,0
6/6/2021,KP,Democratic People's Republic of Korea,SEARO,0,0,0,0
6/13/2021,KP,Democratic People's Republic of Korea,SEARO,0,0,0,0
6/20/2021,KP,Democratic People's Republic of Korea,SEARO,0,0,0,0
6/27/2021,KP,Democratic People's Republic of Korea,SEARO,0,0,0,0
7/4/2021,KP,Democratic People's Republic of Korea,SEARO,0,0,0,0
7/11/2021,KP,Democratic People's Republic of Korea,SEARO,0,0,0,0
7/18/2021,KP,Democratic People's Republic of Korea,SEARO,0,0,0,0
7/25/2021,KP,Democratic People's Republic of Korea,SEARO,0,0,0,0
8/1/2021,KP,Democratic People's Republic of Korea,SEARO,0,0,0,0
8/8/2021,KP,Democratic People's Republic of Korea,SEARO,0,0,0,0
8/15/2021,KP,Democratic People's Republic of Korea,SEARO,0,0,0,0
8/22/2021,KP,Democratic People's Republic of Korea,SEARO,0,0,0,0
8/29/2021,KP,Democratic People's Republic of Korea,SEARO,0,0,0,0
9/5/2021,KP,Democratic People's Republic of Korea,SEARO,0,0,0,0
9/12/2021,KP,Democratic People's Republic of Korea,SEARO,0,0,0,0
9/19/2021,KP,Democratic People's Republic of Korea,SEARO,0,0,0,0
9/26/2021,KP,Democratic People's Republic of Korea,SEARO,0,0,0,0
10/3/2021,KP,Democratic People's Republic of Korea,SEARO,0,0,0,0
10/10/2021,KP,Democratic People's Republic of Korea,SEARO,0,0,0,0
10/17/2021,KP,Democratic People's Republic of Korea,SEARO,0,0,0,0
10/24/2021,KP,Democratic People's Republic of Korea,SEARO,0,0,0,0
10/31/2021,KP,Democratic People's Republic of Korea,SEARO,0,0,0,0
11/7/2021,KP,Democratic People's Republic of Korea,SEARO,0,0,0,0
11/14/2021,KP,Democratic People's Republic of Korea,SEARO,0,0,0,0
11/21/2021,KP,Democratic People's Republic of Korea,SEARO,0,0,0,0
11/28/2021,KP,Democratic People's Republic of Korea,SEARO,0,0,0,0
12/5/2021,KP,Democratic People's Republic of Korea,SEARO,0,0,0,0
12/12/2021,KP,Democratic People's Republic of Korea,SEARO,0,0,0,0
12/19/2021,KP,Democratic People's Republic of Korea,SEARO,0,0,0,0
12/26/2021,KP,Democratic People's Republic of Korea,SEARO,0,0,0,0
1/2/2022,KP,Democratic People's Republic of Korea,SEARO,0,0,0,0
1/9/2022,KP,Democratic People's Republic of Korea,SEARO,0,0,0,0
1/16/2022,KP,Democratic People's Republic of Korea,SEARO,0,0,0,0
1/23/2022,KP,Democratic People's Republic of Korea,SEARO,0,0,0,0
1/30/2022,KP,Democratic People's Republic of Korea,SEARO,0,0,0,0
2/6/2022,KP,Democratic People's Republic of Korea,SEARO,0,0,0,0
2/13/2022,KP,Democratic People's Republic of Korea,SEARO,0,0,0,0
2/20/2022,KP,Democratic People's Republic of Korea,SEARO,0,0,0,0
2/27/2022,KP,Democratic People's Republic of Korea,SEARO,0,0,0,0
3/6/2022,KP,Democratic People's Republic of Korea,SEARO,0,0,0,0
3/13/2022,KP,Democratic People's Republic of Korea,SEARO,0,0,0,0
3/20/2022,KP,Democratic People's Republic of Korea,SEARO,0,0,0,0
3/27/2022,KP,Democratic People's Republic of Korea,SEARO,0,0,0,0
4/3/2022,KP,Democratic People's Republic of Korea,SEARO,0,0,0,0
4/10/2022,KP,Democratic People's Republic of Korea,SEARO,0,0,0,0
4/17/2022,KP,Democratic People's Republic of Korea,SEARO,0,0,0,0
4/24/2022,KP,Democratic People's Republic of Korea,SEARO,0,0,0,0
5/1/2022,KP,Democratic People's Republic of Korea,SEARO,0,0,0,0
5/8/2022,KP,Democratic People's Republic of Korea,SEARO,0,0,0,0
5/15/2022,KP,Democratic People's Republic of Korea,SEARO,0,0,0,0
5/22/2022,KP,Democratic People's Republic of Korea,SEARO,0,0,0,0
5/29/2022,KP,Democratic People's Republic of Korea,SEARO,0,0,0,0
6/5/2022,KP,Democratic People's Republic of Korea,SEARO,0,0,0,0
6/12/2022,KP,Democratic People's Republic of Korea,SEARO,0,0,0,0
6/19/2022,KP,Democratic People's Republic of Korea,SEARO,0,0,0,0
6/26/2022,KP,Democratic People's Republic of Korea,SEARO,0,0,0,0
7/3/2022,KP,Democratic People's Republic of Korea,SEARO,0,0,0,0
7/10/2022,KP,Democratic People's Republic of Korea,SEARO,0,0,0,0
7/17/2022,KP,Democratic People's Republic of Korea,SEARO,0,0,0,0
7/24/2022,KP,Democratic People's Republic of Korea,SEARO,0,0,0,0
7/31/2022,KP,Democratic People's Republic of Korea,SEARO,0,0,0,0
8/7/2022,KP,Democratic People's Republic of Korea,SEARO,0,0,0,0
8/14/2022,KP,Democratic People's Republic of Korea,SEARO,0,0,0,0
8/21/2022,KP,Democratic People's Republic of Korea,SEARO,0,0,0,0
8/28/2022,KP,Democratic People's Republic of Korea,SEARO,0,0,0,0
9/4/2022,KP,Democratic People's Republic of Korea,SEARO,0,0,0,0
9/11/2022,KP,Democratic People's Republic of Korea,SEARO,0,0,0,0
9/18/2022,KP,Democratic People's Republic of Korea,SEARO,0,0,0,0
9/25/2022,KP,Democratic People's Republic of Korea,SEARO,0,0,0,0
10/2/2022,KP,Democratic People's Republic of Korea,SEARO,0,0,0,0
10/9/2022,KP,Democratic People's Republic of Korea,SEARO,0,0,0,0
10/16/2022,KP,Democratic People's Republic of Korea,SEARO,0,0,0,0
10/23/2022,KP,Democratic People's Republic of Korea,SEARO,0,0,0,0
10/30/2022,KP,Democratic People's Republic of Korea,SEARO,0,0,0,0
11/6/2022,KP,Democratic People's Republic of Korea,SEARO,0,0,0,0
11/13/2022,KP,Democratic People's Republic of Korea,SEARO,0,0,0,0
11/20/2022,KP,Democratic People's Republic of Korea,SEARO,0,0,0,0
11/27/2022,KP,Democratic People's Republic of Korea,SEARO,0,0,0,0
12/4/2022,KP,Democratic People's Republic of Korea,SEARO,0,0,0,0
12/11/2022,KP,Democratic People's Republic of Korea,SEARO,0,0,0,0
12/18/2022,KP,Democratic People's Republic of Korea,SEARO,0,0,0,0
12/25/2022,KP,Democratic People's Republic of Korea,SEARO,0,0,0,0
1/1/2023,KP,Democratic People's Republic of Korea,SEARO,0,0,0,0
1/8/2023,KP,Democratic People's Republic of Korea,SEARO,0,0,0,0
1/15/2023,KP,Democratic People's Republic of Korea,SEARO,0,0,0,0
1/22/2023,KP,Democratic People's Republic of Korea,SEARO,0,0,0,0
1/29/2023,KP,Democratic People's Republic of Korea,SEARO,0,0,0,0
2/5/2023,KP,Democratic People's Republic of Korea,SEARO,0,0,0,0
2/12/2023,KP,Democratic People's Republic of Korea,SEARO,0,0,0,0
2/19/2023,KP,Democratic People's Republic of Korea,SEARO,0,0,0,0
2/26/2023,KP,Democratic People's Republic of Korea,SEARO,0,0,0,0
3/5/2023,KP,Democratic People's Republic of Korea,SEARO,0,0,0,0
3/12/2023,KP,Democratic People's Republic of Korea,SEARO,0,0,0,0
3/19/2023,KP,Democratic People's Republic of Korea,SEARO,0,0,0,0
3/26/2023,KP,Democratic People's Republic of Korea,SEARO,0,0,0,0
4/2/2023,KP,Democratic People's Republic of Korea,SEARO,0,0,0,0
4/9/2023,KP,Democratic People's Republic of Korea,SEARO,0,0,0,0
4/16/2023,KP,Democratic People's Republic of Korea,SEARO,0,0,0,0
4/23/2023,KP,Democratic People's Republic of Korea,SEARO,0,0,0,0
4/30/2023,KP,Democratic People's Republic of Korea,SEARO,0,0,0,0
5/7/2023,KP,Democratic People's Republic of Korea,SEARO,0,0,0,0
5/14/2023,KP,Democratic People's Republic of Korea,SEARO,0,0,0,0
5/21/2023,KP,Democratic People's Republic of Korea,SEARO,0,0,0,0
5/28/2023,KP,Democratic People's Republic of Korea,SEARO,0,0,0,0
6/4/2023,KP,Democratic People's Republic of Korea,SEARO,0,0,0,0
6/11/2023,KP,Democratic People's Republic of Korea,SEARO,0,0,0,0
6/18/2023,KP,Democratic People's Republic of Korea,SEARO,0,0,0,0
6/25/2023,KP,Democratic People's Republic of Korea,SEARO,0,0,0,0
7/2/2023,KP,Democratic People's Republic of Korea,SEARO,0,0,0,0
7/9/2023,KP,Democratic People's Republic of Korea,SEARO,0,0,0,0
7/16/2023,KP,Democratic People's Republic of Korea,SEARO,0,0,0,0
7/23/2023,KP,Democratic People's Republic of Korea,SEARO,0,0,0,0
7/30/2023,KP,Democratic People's Republic of Korea,SEARO,0,0,0,0
8/6/2023,KP,Democratic People's Republic of Korea,SEARO,0,0,0,0
8/13/2023,KP,Democratic People's Republic of Korea,SEARO,0,0,0,0
8/20/2023,KP,Democratic People's Republic of Korea,SEARO,0,0,0,0
8/27/2023,KP,Democratic People's Republic of Korea,SEARO,0,0,0,0
9/3/2023,KP,Democratic People's Republic of Korea,SEARO,0,0,0,0
9/10/2023,KP,Democratic People's Republic of Korea,SEARO,0,0,0,0
9/17/2023,KP,Democratic People's Republic of Korea,SEARO,0,0,0,0
9/24/2023,KP,Democratic People's Republic of Korea,SEARO,0,0,0,0
10/1/2023,KP,Democratic People's Republic of Korea,SEARO,0,0,0,0
10/8/2023,KP,Democratic People's Republic of Korea,SEARO,0,0,0,0
10/15/2023,KP,Democratic People's Republic of Korea,SEARO,0,0,0,0
10/22/2023,KP,Democratic People's Republic of Korea,SEARO,0,0,0,0
10/29/2023,KP,Democratic People's Republic of Korea,SEARO,0,0,0,0
11/5/2023,KP,Democratic People's Republic of Korea,SEARO,0,0,0,0
11/12/2023,KP,Democratic People's Republic of Korea,SEARO,0,0,0,0
11/19/2023,KP,Democratic People's Republic of Korea,SEARO,0,0,0,0
11/26/2023,KP,Democratic People's Republic of Korea,SEARO,0,0,0,0
12/3/2023,KP,Democratic People's Republic of Korea,SEARO,0,0,0,0
12/10/2023,KP,Democratic People's Republic of Korea,SEARO,0,0,0,0
12/17/2023,KP,Democratic People's Republic of Korea,SEARO,0,0,0,0
12/24/2023,KP,Democratic People's Republic of Korea,SEARO,0,0,0,0
1/5/2020,CD,Democratic Republic of the Congo,AFRO,0,0,0,0
1/12/2020,CD,Democratic Republic of the Congo,AFRO,0,0,0,0
1/19/2020,CD,Democratic Republic of the Congo,AFRO,0,0,0,0
1/26/2020,CD,Democratic Republic of the Congo,AFRO,0,0,0,0
2/2/2020,CD,Democratic Republic of the Congo,AFRO,0,0,0,0
2/9/2020,CD,Democratic Republic of the Congo,AFRO,0,0,0,0
2/16/2020,CD,Democratic Republic of the Congo,AFRO,0,0,0,0
2/23/2020,CD,Democratic Republic of the Congo,AFRO,0,0,0,0
3/1/2020,CD,Democratic Republic of the Congo,AFRO,0,0,0,0
3/8/2020,CD,Democratic Republic of the Congo,AFRO,0,0,0,0
3/15/2020,CD,Democratic Republic of the Congo,AFRO,2,2,0,0
3/22/2020,CD,Democratic Republic of the Congo,AFRO,28,30,0,0
3/29/2020,CD,Democratic Republic of the Congo,AFRO,35,65,0,0
4/5/2020,CD,Democratic Republic of the Congo,AFRO,89,154,0,0
4/12/2020,CD,Democratic Republic of the Congo,AFRO,80,234,0,0
4/19/2020,CD,Democratic Republic of the Congo,AFRO,93,327,213,213
4/26/2020,CD,Democratic Republic of the Congo,AFRO,115,442,3,216
5/3/2020,CD,Democratic Republic of the Congo,AFRO,232,674,5,221
5/10/2020,CD,Democratic Republic of the Congo,AFRO,317,991,8,229
5/17/2020,CD,Democratic Republic of the Congo,AFRO,463,1454,19,248
5/24/2020,CD,Democratic Republic of the Congo,AFRO,686,2140,2,250
5/31/2020,CD,Democratic Republic of the Congo,AFRO,908,3048,9,259
6/7/2020,CD,Democratic Republic of the Congo,AFRO,829,3877,11,270
6/14/2020,CD,Democratic Republic of the Congo,AFRO,900,4777,24,294
6/21/2020,CD,Democratic Republic of the Congo,AFRO,1048,5825,24,318
6/28/2020,CD,Democratic Republic of the Congo,AFRO,1001,6826,28,346
7/5/2020,CD,Democratic Republic of the Congo,AFRO,584,7410,23,369
7/12/2020,CD,Democratic Republic of the Congo,AFRO,622,8032,6,375
7/19/2020,CD,Democratic Republic of the Congo,AFRO,370,8402,5,380
7/26/2020,CD,Democratic Republic of the Congo,AFRO,427,8829,10,390
8/2/2020,CD,Democratic Republic of the Congo,AFRO,285,9114,11,401
8/9/2020,CD,Democratic Republic of the Congo,AFRO,339,9453,10,411
8/16/2020,CD,Democratic Republic of the Congo,AFRO,222,9675,16,427
8/23/2020,CD,Democratic Republic of the Congo,AFRO,154,9829,11,438
8/30/2020,CD,Democratic Republic of the Congo,AFRO,215,10044,7,445
9/6/2020,CD,Democratic Republic of the Congo,AFRO,165,10209,0,445
9/13/2020,CD,Democratic Republic of the Congo,AFRO,180,10389,2,447
9/20/2020,CD,Democratic Republic of the Congo,AFRO,125,10514,6,453
9/27/2020,CD,Democratic Republic of the Congo,AFRO,97,10611,0,453
10/4/2020,CD,Democratic Republic of the Congo,AFRO,148,10759,3,456
10/11/2020,CD,Democratic Republic of the Congo,AFRO,97,10856,2,458
10/18/2020,CD,Democratic Republic of the Congo,AFRO,171,11027,26,484
10/25/2020,CD,Democratic Republic of the Congo,AFRO,133,11160,3,487
11/1/2020,CD,Democratic Republic of the Congo,AFRO,212,11372,3,490
11/8/2020,CD,Democratic Republic of the Congo,AFRO,218,11590,8,498
11/15/2020,CD,Democratic Republic of the Congo,AFRO,248,11838,5,503
11/22/2020,CD,Democratic Republic of the Congo,AFRO,400,12238,7,510
11/29/2020,CD,Democratic Republic of the Congo,AFRO,463,12701,5,515
12/6/2020,CD,Democratic Republic of the Congo,AFRO,825,13526,11,526
12/13/2020,CD,Democratic Republic of the Congo,AFRO,934,14460,12,538
12/20/2020,CD,Democratic Republic of the Congo,AFRO,1033,15493,14,552
12/27/2020,CD,Democratic Republic of the Congo,AFRO,1344,16837,27,579
1/3/2021,CD,Democratic Republic of the Congo,AFRO,1264,18101,22,601
1/10/2021,CD,Democratic Republic of the Congo,AFRO,1333,19434,9,610
1/17/2021,CD,Democratic Republic of the Congo,AFRO,1473,20907,20,630
1/24/2021,CD,Democratic Republic of the Congo,AFRO,961,21868,31,661
1/31/2021,CD,Democratic Republic of the Congo,AFRO,902,22770,10,671
2/7/2021,CD,Democratic Republic of the Congo,AFRO,828,23598,10,681
2/14/2021,CD,Democratic Republic of the Congo,AFRO,696,24294,11,692
2/21/2021,CD,Democratic Republic of the Congo,AFRO,850,25144,8,700
2/28/2021,CD,Democratic Republic of the Congo,AFRO,768,25912,7,707
3/7/2021,CD,Democratic Republic of the Congo,AFRO,628,26540,5,712
3/14/2021,CD,Democratic Republic of the Congo,AFRO,473,27013,5,717
3/21/2021,CD,Democratic Republic of the Congo,AFRO,539,27552,9,726
3/28/2021,CD,Democratic Republic of the Congo,AFRO,377,27929,13,739
4/4/2021,CD,Democratic Republic of the Congo,AFRO,395,28324,6,745
4/11/2021,CD,Democratic Republic of the Congo,AFRO,254,28578,0,745
4/18/2021,CD,Democratic Republic of the Congo,AFRO,377,28955,0,745
4/25/2021,CD,Democratic Republic of the Congo,AFRO,620,29575,11,756
5/2/2021,CD,Democratic Republic of the Congo,AFRO,389,29964,12,768
5/9/2021,CD,Democratic Republic of the Congo,AFRO,358,30322,4,772
5/16/2021,CD,Democratic Republic of the Congo,AFRO,239,30561,4,776
5/23/2021,CD,Democratic Republic of the Congo,AFRO,412,30973,3,779
5/30/2021,CD,Democratic Republic of the Congo,AFRO,583,31556,3,782
6/6/2021,CD,Democratic Republic of the Congo,AFRO,1645,33201,22,804
6/13/2021,CD,Democratic Republic of the Congo,AFRO,2026,35227,30,834
6/20/2021,CD,Democratic Republic of the Congo,AFRO,2581,37808,45,879
6/27/2021,CD,Democratic Republic of the Congo,AFRO,2445,40253,37,916
7/4/2021,CD,Democratic Republic of the Congo,AFRO,1927,42180,44,960
7/11/2021,CD,Democratic Republic of the Congo,AFRO,1958,44138,20,980
7/18/2021,CD,Democratic Republic of the Congo,AFRO,1870,46008,38,1018
7/25/2021,CD,Democratic Republic of the Congo,AFRO,2119,48127,5,1023
8/1/2021,CD,Democratic Republic of the Congo,AFRO,1889,50016,15,1038
8/8/2021,CD,Democratic Republic of the Congo,AFRO,1872,51888,10,1048
8/15/2021,CD,Democratic Republic of the Congo,AFRO,1365,53253,2,1050
8/22/2021,CD,Democratic Republic of the Congo,AFRO,883,54136,5,1055
8/29/2021,CD,Democratic Republic of the Congo,AFRO,726,54862,4,1059
9/5/2021,CD,Democratic Republic of the Congo,AFRO,1135,55997,2,1061
9/12/2021,CD,Democratic Republic of the Congo,AFRO,280,56277,7,1068
9/19/2021,CD,Democratic Republic of the Congo,AFRO,257,56534,0,1068
9/26/2021,CD,Democratic Republic of the Congo,AFRO,402,56936,16,1084
10/3/2021,CD,Democratic Republic of the Congo,AFRO,146,57082,2,1086
10/10/2021,CD,Democratic Republic of the Congo,AFRO,180,57262,1,1087
10/17/2021,CD,Democratic Republic of the Congo,AFRO,99,57361,4,1091
10/24/2021,CD,Democratic Republic of the Congo,AFRO,103,57464,0,1091
10/31/2021,CD,Democratic Republic of the Congo,AFRO,117,57581,7,1098
11/7/2021,CD,Democratic Republic of the Congo,AFRO,79,57660,1,1099
11/14/2021,CD,Democratic Republic of the Congo,AFRO,181,57841,0,1099
11/21/2021,CD,Democratic Republic of the Congo,AFRO,212,58053,5,1104
11/28/2021,CD,Democratic Republic of the Congo,AFRO,252,58305,3,1107
12/5/2021,CD,Democratic Republic of the Congo,AFRO,869,59174,6,1113
12/12/2021,CD,Democratic Republic of the Congo,AFRO,3253,62427,13,1126
12/19/2021,CD,Democratic Republic of the Congo,AFRO,6900,69327,0,1126
12/26/2021,CD,Democratic Republic of the Congo,AFRO,5717,75044,79,1205
1/2/2022,CD,Democratic Republic of the Congo,AFRO,4897,79941,20,1225
1/9/2022,CD,Democratic Republic of the Congo,AFRO,2364,82305,0,1225
1/16/2022,CD,Democratic Republic of the Congo,AFRO,1892,84197,53,1278
1/23/2022,CD,Democratic Republic of the Congo,AFRO,728,84925,0,1278
1/30/2022,CD,Democratic Republic of the Congo,AFRO,584,85509,0,1278
2/6/2022,CD,Democratic Republic of the Congo,AFRO,215,85724,38,1316
2/13/2022,CD,Democratic Republic of the Congo,AFRO,109,85833,0,1316
2/20/2022,CD,Democratic Republic of the Congo,AFRO,123,85956,19,1335
2/27/2022,CD,Democratic Republic of the Congo,AFRO,182,86138,0,1335
3/6/2022,CD,Democratic Republic of the Congo,AFRO,151,86289,0,1335
3/13/2022,CD,Democratic Republic of the Congo,AFRO,171,86460,0,1335
3/20/2022,CD,Democratic Republic of the Congo,AFRO,137,86597,0,1335
3/27/2022,CD,Democratic Republic of the Congo,AFRO,150,86747,2,1337
4/3/2022,CD,Democratic Republic of the Congo,AFRO,125,86872,0,1337
4/10/2022,CD,Democratic Republic of the Congo,AFRO,21,86893,0,1337
4/17/2022,CD,Democratic Republic of the Congo,AFRO,130,87023,0,1337
4/24/2022,CD,Democratic Republic of the Congo,AFRO,128,87151,0,1337
5/1/2022,CD,Democratic Republic of the Congo,AFRO,146,87297,1,1338
5/8/2022,CD,Democratic Republic of the Congo,AFRO,128,87425,0,1338
5/15/2022,CD,Democratic Republic of the Congo,AFRO,208,87633,0,1338
5/22/2022,CD,Democratic Republic of the Congo,AFRO,629,88262,0,1338
5/29/2022,CD,Democratic Republic of the Congo,AFRO,584,88846,0,1338
6/5/2022,CD,Democratic Republic of the Congo,AFRO,875,89721,2,1340
6/12/2022,CD,Democratic Republic of the Congo,AFRO,665,90386,10,1350
6/19/2022,CD,Democratic Republic of the Congo,AFRO,414,90800,4,1354
6/26/2022,CD,Democratic Republic of the Congo,AFRO,555,91355,18,1372
7/3/2022,CD,Democratic Republic of the Congo,AFRO,154,91509,4,1376
7/10/2022,CD,Democratic Republic of the Congo,AFRO,339,91848,1,1377
7/17/2022,CD,Democratic Republic of the Congo,AFRO,80,91928,13,1390
7/24/2022,CD,Democratic Republic of the Congo,AFRO,373,92301,0,1390
7/31/2022,CD,Democratic Republic of the Congo,AFRO,129,92430,1,1391
8/7/2022,CD,Democratic Republic of the Congo,AFRO,93,92523,2,1393
8/14/2022,CD,Democratic Republic of the Congo,AFRO,55,92578,0,1393
8/21/2022,CD,Democratic Republic of the Congo,AFRO,51,92629,3,1396
8/28/2022,CD,Democratic Republic of the Congo,AFRO,54,92683,5,1401
9/4/2022,CD,Democratic Republic of the Congo,AFRO,52,92735,4,1405
9/11/2022,CD,Democratic Republic of the Congo,AFRO,50,92785,18,1423
9/18/2022,CD,Democratic Republic of the Congo,AFRO,56,92841,19,1442
9/25/2022,CD,Democratic Republic of the Congo,AFRO,43,92884,0,1442
10/2/2022,CD,Democratic Republic of the Congo,AFRO,36,92920,1,1443
10/9/2022,CD,Democratic Republic of the Congo,AFRO,47,92967,1,1444
10/16/2022,CD,Democratic Republic of the Congo,AFRO,4,92971,0,1444
10/23/2022,CD,Democratic Republic of the Congo,AFRO,55,93026,1,1445
10/30/2022,CD,Democratic Republic of the Congo,AFRO,59,93085,0,1445
11/6/2022,CD,Democratic Republic of the Congo,AFRO,319,93404,2,1447
11/13/2022,CD,Democratic Republic of the Congo,AFRO,374,93778,2,1449
11/20/2022,CD,Democratic Republic of the Congo,AFRO,376,94154,6,1455
11/27/2022,CD,Democratic Republic of the Congo,AFRO,49,94203,0,1455
12/4/2022,CD,Democratic Republic of the Congo,AFRO,248,94451,1,1456
12/11/2022,CD,Democratic Republic of the Congo,AFRO,262,94713,1,1457
12/18/2022,CD,Democratic Republic of the Congo,AFRO,256,94969,4,1461
12/25/2022,CD,Democratic Republic of the Congo,AFRO,101,95070,1,1462
1/1/2023,CD,Democratic Republic of the Congo,AFRO,102,95172,0,1462
1/8/2023,CD,Democratic Republic of the Congo,AFRO,83,95255,0,1462
1/15/2023,CD,Democratic Republic of the Congo,AFRO,90,95345,1,1463
1/22/2023,CD,Democratic Republic of the Congo,AFRO,127,95472,0,1463
1/29/2023,CD,Democratic Republic of the Congo,AFRO,41,95513,0,1463
2/5/2023,CD,Democratic Republic of the Congo,AFRO,71,95584,0,1463
2/12/2023,CD,Democratic Republic of the Congo,AFRO,61,95645,1,1464
2/19/2023,CD,Democratic Republic of the Congo,AFRO,65,95710,0,1464
2/26/2023,CD,Democratic Republic of the Congo,AFRO,38,95748,0,1464
3/5/2023,CD,Democratic Republic of the Congo,AFRO,31,95779,0,1464
3/12/2023,CD,Democratic Republic of the Congo,AFRO,35,95814,0,1464
3/19/2023,CD,Democratic Republic of the Congo,AFRO,47,95861,0,1464
3/26/2023,CD,Democratic Republic of the Congo,AFRO,34,95895,0,1464
4/2/2023,CD,Democratic Republic of the Congo,AFRO,49,95944,0,1464
4/9/2023,CD,Democratic Republic of the Congo,AFRO,0,95944,0,1464
4/16/2023,CD,Democratic Republic of the Congo,AFRO,0,95944,0,1464
4/23/2023,CD,Democratic Republic of the Congo,AFRO,125,96069,0,1464
4/30/2023,CD,Democratic Republic of the Congo,AFRO,143,96212,0,1464
5/7/2023,CD,Democratic Republic of the Congo,AFRO,191,96403,1,1465
5/14/2023,CD,Democratic Republic of the Congo,AFRO,249,96652,2,1467
5/21/2023,CD,Democratic Republic of the Congo,AFRO,238,96890,0,1467
5/28/2023,CD,Democratic Republic of the Congo,AFRO,122,97012,1,1468
6/4/2023,CD,Democratic Republic of the Congo,AFRO,210,97222,0,1468
6/11/2023,CD,Democratic Republic of the Congo,AFRO,187,97409,0,1468
6/18/2023,CD,Democratic Republic of the Congo,AFRO,0,97409,0,1468
6/25/2023,CD,Democratic Republic of the Congo,AFRO,182,97591,0,1468
7/2/2023,CD,Democratic Republic of the Congo,AFRO,106,97697,0,1468
7/9/2023,CD,Democratic Republic of the Congo,AFRO,0,97697,0,1468
7/16/2023,CD,Democratic Republic of the Congo,AFRO,0,97697,0,1468
7/23/2023,CD,Democratic Republic of the Congo,AFRO,0,97697,0,1468
7/30/2023,CD,Democratic Republic of the Congo,AFRO,0,97697,0,1468
8/6/2023,CD,Democratic Republic of the Congo,AFRO,0,97697,0,1468
8/13/2023,CD,Democratic Republic of the Congo,AFRO,574,98271,0,1468
8/20/2023,CD,Democratic Republic of the Congo,AFRO,221,98492,0,1468
8/27/2023,CD,Democratic Republic of the Congo,AFRO,39,98531,0,1468
9/3/2023,CD,Democratic Republic of the Congo,AFRO,27,98558,0,1468
9/10/2023,CD,Democratic Republic of the Congo,AFRO,272,98830,0,1468
9/17/2023,CD,Democratic Republic of the Congo,AFRO,33,98863,0,1468
9/24/2023,CD,Democratic Republic of the Congo,AFRO,28,98891,0,1468
10/1/2023,CD,Democratic Republic of the Congo,AFRO,290,99181,0,1468
10/8/2023,CD,Democratic Republic of the Congo,AFRO,105,99286,0,1468
10/15/2023,CD,Democratic Republic of the Congo,AFRO,2,99288,0,1468
10/22/2023,CD,Democratic Republic of the Congo,AFRO,3,99291,0,1468
10/29/2023,CD,Democratic Republic of the Congo,AFRO,1,99292,0,1468
11/5/2023,CD,Democratic Republic of the Congo,AFRO,41,99333,0,1468
11/12/2023,CD,Democratic Republic of the Congo,AFRO,0,99333,0,1468
11/19/2023,CD,Democratic Republic of the Congo,AFRO,0,99333,0,1468
11/26/2023,CD,Democratic Republic of the Congo,AFRO,0,99333,0,1468
12/3/2023,CD,Democratic Republic of the Congo,AFRO,0,99333,0,1468
12/10/2023,CD,Democratic Republic of the Congo,AFRO,0,99333,0,1468
12/17/2023,CD,Democratic Republic of the Congo,AFRO,0,99333,0,1468
12/24/2023,CD,Democratic Republic of the Congo,AFRO,0,99333,0,1468
1/5/2020,DK,Denmark,EURO,0,0,0,0
1/12/2020,DK,Denmark,EURO,0,0,0,0
1/19/2020,DK,Denmark,EURO,0,0,0,0
1/26/2020,DK,Denmark,EURO,0,0,0,0
2/2/2020,DK,Denmark,EURO,0,0,0,0
2/9/2020,DK,Denmark,EURO,0,0,0,0
2/16/2020,DK,Denmark,EURO,0,0,0,0
2/23/2020,DK,Denmark,EURO,0,0,0,0
3/1/2020,DK,Denmark,EURO,3,3,0,0
3/8/2020,DK,Denmark,EURO,20,23,0,0
3/15/2020,DK,Denmark,EURO,804,827,2,2
3/22/2020,DK,Denmark,EURO,499,1326,19,21
3/29/2020,DK,Denmark,EURO,875,2201,44,65
4/5/2020,DK,Denmark,EURO,1876,4077,96,161
4/12/2020,DK,Denmark,EURO,1919,5996,99,260
4/19/2020,DK,Denmark,EURO,1246,7242,86,346
4/26/2020,DK,Denmark,EURO,1203,8445,72,418
5/3/2020,DK,Denmark,EURO,962,9407,57,475
5/10/2020,DK,Denmark,EURO,912,10319,51,526
5/17/2020,DK,Denmark,EURO,539,10858,23,549
5/24/2020,DK,Denmark,EURO,431,11289,18,567
5/31/2020,DK,Denmark,EURO,344,11633,10,577
6/7/2020,DK,Denmark,EURO,291,11924,16,593
6/14/2020,DK,Denmark,EURO,215,12139,10,603
6/21/2020,DK,Denmark,EURO,297,12436,3,606
6/28/2020,DK,Denmark,EURO,264,12700,4,610
7/5/2020,DK,Denmark,EURO,147,12847,2,612
7/12/2020,DK,Denmark,EURO,129,12976,3,615
7/19/2020,DK,Denmark,EURO,226,13202,2,617
7/26/2020,DK,Denmark,EURO,272,13474,2,619
8/2/2020,DK,Denmark,EURO,384,13858,2,621
8/9/2020,DK,Denmark,EURO,708,14566,2,623
8/16/2020,DK,Denmark,EURO,933,15499,4,627
8/23/2020,DK,Denmark,EURO,718,16217,0,627
8/30/2020,DK,Denmark,EURO,562,16779,3,630
9/6/2020,DK,Denmark,EURO,957,17736,3,633
9/13/2020,DK,Denmark,EURO,1821,19557,3,636
9/20/2020,DK,Denmark,EURO,2879,22436,5,641
9/27/2020,DK,Denmark,EURO,3777,26213,13,654
10/4/2020,DK,Denmark,EURO,3089,29302,6,660
10/11/2020,DK,Denmark,EURO,2780,32082,13,673
10/18/2020,DK,Denmark,EURO,2859,34941,12,685
10/25/2020,DK,Denmark,EURO,4470,39411,21,706
11/1/2020,DK,Denmark,EURO,6940,46351,21,727
11/8/2020,DK,Denmark,EURO,7879,54230,19,746
11/15/2020,DK,Denmark,EURO,6848,61078,17,763
11/22/2020,DK,Denmark,EURO,8557,69635,24,787
11/29/2020,DK,Denmark,EURO,8719,78354,42,829
12/6/2020,DK,Denmark,EURO,10504,88858,55,884
12/13/2020,DK,Denmark,EURO,18258,107116,57,941
12/20/2020,DK,Denmark,EURO,24490,131606,84,1025
12/27/2020,DK,Denmark,EURO,19561,151167,134,1159
1/3/2021,DK,Denmark,EURO,16374,167541,186,1345
1/10/2021,DK,Denmark,EURO,12699,180240,197,1542
1/17/2021,DK,Denmark,EURO,7959,188199,205,1747
1/24/2021,DK,Denmark,EURO,5718,193917,222,1969
1/31/2021,DK,Denmark,EURO,4178,198095,137,2106
2/7/2021,DK,Denmark,EURO,3091,201186,109,2215
2/14/2021,DK,Denmark,EURO,2881,204067,69,2284
2/21/2021,DK,Denmark,EURO,3014,207081,49,2333
2/28/2021,DK,Denmark,EURO,3651,210732,25,2358
3/7/2021,DK,Denmark,EURO,3594,214326,19,2377
3/14/2021,DK,Denmark,EURO,5592,219918,13,2390
3/21/2021,DK,Denmark,EURO,4930,224848,9,2399
3/28/2021,DK,Denmark,EURO,4701,229549,14,2413
4/4/2021,DK,Denmark,EURO,5669,235218,15,2428
4/11/2021,DK,Denmark,EURO,4383,239601,11,2439
4/18/2021,DK,Denmark,EURO,4630,244231,13,2452
4/25/2021,DK,Denmark,EURO,5279,249510,22,2474
5/2/2021,DK,Denmark,EURO,5035,254545,15,2489
5/9/2021,DK,Denmark,EURO,6137,260682,8,2497
5/16/2021,DK,Denmark,EURO,7357,268039,5,2502
5/23/2021,DK,Denmark,EURO,7120,275159,5,2507
5/30/2021,DK,Denmark,EURO,6775,281934,9,2516
6/6/2021,DK,Denmark,EURO,6202,288136,2,2518
6/13/2021,DK,Denmark,EURO,3923,292059,7,2525
6/20/2021,DK,Denmark,EURO,1904,293963,5,2530
6/27/2021,DK,Denmark,EURO,1306,295269,1,2531
7/4/2021,DK,Denmark,EURO,2156,297425,6,2537
7/11/2021,DK,Denmark,EURO,3689,301114,2,2539
7/18/2021,DK,Denmark,EURO,6845,307959,3,2542
7/25/2021,DK,Denmark,EURO,5417,313376,0,2542
8/1/2021,DK,Denmark,EURO,5931,319307,7,2549
8/8/2021,DK,Denmark,EURO,6158,325465,3,2552
8/15/2021,DK,Denmark,EURO,6962,332427,7,2559
8/22/2021,DK,Denmark,EURO,6819,339246,5,2564
8/29/2021,DK,Denmark,EURO,6605,345851,13,2577
9/5/2021,DK,Denmark,EURO,4996,350847,13,2590
9/12/2021,DK,Denmark,EURO,3592,354439,21,2611
9/19/2021,DK,Denmark,EURO,2454,356893,14,2625
9/26/2021,DK,Denmark,EURO,2291,359184,15,2640
10/3/2021,DK,Denmark,EURO,2979,362163,23,2663
10/10/2021,DK,Denmark,EURO,3693,365856,6,2669
10/17/2021,DK,Denmark,EURO,4704,370560,11,2680
10/24/2021,DK,Denmark,EURO,7005,377565,17,2697
10/31/2021,DK,Denmark,EURO,11186,388751,16,2713
11/7/2021,DK,Denmark,EURO,13894,402645,22,2735
11/14/2021,DK,Denmark,EURO,19954,422599,25,2760
11/21/2021,DK,Denmark,EURO,26577,449176,47,2807
11/28/2021,DK,Denmark,EURO,27961,477137,56,2863
12/5/2021,DK,Denmark,EURO,31448,508585,76,2939
12/12/2021,DK,Denmark,EURO,42315,550900,66,3005
12/19/2021,DK,Denmark,EURO,67015,617915,62,3067
12/26/2021,DK,Denmark,EURO,79648,697563,130,3197
1/2/2022,DK,Denmark,EURO,125719,823282,75,3272
1/9/2022,DK,Denmark,EURO,126955,950237,99,3371
1/16/2022,DK,Denmark,EURO,154800,1105037,113,3484
1/23/2022,DK,Denmark,EURO,250778,1355815,112,3596
1/30/2022,DK,Denmark,EURO,321474,1677289,121,3717
2/6/2022,DK,Denmark,EURO,289241,1966530,146,3863
2/13/2022,DK,Denmark,EURO,322546,2289076,175,4038
2/20/2022,DK,Denmark,EURO,263285,2552361,240,4278
2/27/2022,DK,Denmark,EURO,179445,2731806,260,4538
3/6/2022,DK,Denmark,EURO,121430,2853236,292,4830
3/13/2022,DK,Denmark,EURO,90711,2943947,298,5128
3/20/2022,DK,Denmark,EURO,55976,2999923,247,5375
3/27/2022,DK,Denmark,EURO,39281,3039204,208,5583
4/3/2022,DK,Denmark,EURO,25421,3064625,162,5745
4/10/2022,DK,Denmark,EURO,18807,3083432,140,5885
4/17/2022,DK,Denmark,EURO,13583,3097015,100,5985
4/24/2022,DK,Denmark,EURO,11999,3109014,87,6072
5/1/2022,DK,Denmark,EURO,7641,3116655,86,6158
5/8/2022,DK,Denmark,EURO,6084,3122739,76,6234
5/15/2022,DK,Denmark,EURO,4944,3127683,51,6285
5/22/2022,DK,Denmark,EURO,4289,3131972,35,6320
5/29/2022,DK,Denmark,EURO,3406,3135378,30,6350
6/5/2022,DK,Denmark,EURO,3796,3139174,28,6378
6/12/2022,DK,Denmark,EURO,4975,3144149,25,6403
6/19/2022,DK,Denmark,EURO,7527,3151676,20,6423
6/26/2022,DK,Denmark,EURO,10389,3162065,19,6442
7/3/2022,DK,Denmark,EURO,12802,3174867,34,6476
7/10/2022,DK,Denmark,EURO,15246,3190113,40,6516
7/17/2022,DK,Denmark,EURO,15481,3205594,39,6555
7/24/2022,DK,Denmark,EURO,14446,3220040,42,6597
7/31/2022,DK,Denmark,EURO,10945,3230985,52,6649
8/7/2022,DK,Denmark,EURO,10639,3241624,77,6726
8/14/2022,DK,Denmark,EURO,11809,3253433,74,6800
8/21/2022,DK,Denmark,EURO,9713,3263146,52,6852
8/28/2022,DK,Denmark,EURO,6891,3270037,47,6899
9/4/2022,DK,Denmark,EURO,5151,3275188,42,6941
9/11/2022,DK,Denmark,EURO,5462,3280650,31,6972
9/18/2022,DK,Denmark,EURO,5239,3285889,24,6996
9/25/2022,DK,Denmark,EURO,6252,3292141,34,7030
10/2/2022,DK,Denmark,EURO,8354,3300495,48,7078
10/9/2022,DK,Denmark,EURO,9047,3309542,49,7127
10/16/2022,DK,Denmark,EURO,9203,3318745,53,7180
10/23/2022,DK,Denmark,EURO,8060,3326805,80,7260
10/30/2022,DK,Denmark,EURO,6569,3333374,69,7329
11/6/2022,DK,Denmark,EURO,4564,3337938,66,7395
11/13/2022,DK,Denmark,EURO,4250,3342188,45,7440
11/20/2022,DK,Denmark,EURO,3856,3346044,38,7478
11/27/2022,DK,Denmark,EURO,4332,3350376,39,7517
12/4/2022,DK,Denmark,EURO,6538,3356914,25,7542
12/11/2022,DK,Denmark,EURO,8942,3365856,49,7591
12/18/2022,DK,Denmark,EURO,6909,3372765,51,7642
12/25/2022,DK,Denmark,EURO,9086,3381851,70,7712
1/1/2023,DK,Denmark,EURO,7754,3389605,81,7793
1/8/2023,DK,Denmark,EURO,4858,3394463,116,7909
1/15/2023,DK,Denmark,EURO,2454,3396917,96,8005
1/22/2023,DK,Denmark,EURO,1357,3398274,77,8082
1/29/2023,DK,Denmark,EURO,1064,3399338,46,8128
2/5/2023,DK,Denmark,EURO,1072,3400410,42,8170
2/12/2023,DK,Denmark,EURO,961,3401371,25,8195
2/19/2023,DK,Denmark,EURO,880,3402251,37,8232
2/26/2023,DK,Denmark,EURO,823,3403074,15,8247
3/5/2023,DK,Denmark,EURO,755,3403829,30,8277
3/12/2023,DK,Denmark,EURO,845,3404674,27,8304
3/19/2023,DK,Denmark,EURO,1248,3405922,30,8334
3/26/2023,DK,Denmark,EURO,1584,3407506,18,8352
4/2/2023,DK,Denmark,EURO,1309,3408815,39,8391
4/9/2023,DK,Denmark,EURO,815,3409630,29,8420
4/16/2023,DK,Denmark,EURO,833,3410463,44,8464
4/23/2023,DK,Denmark,EURO,751,3411214,45,8509
4/30/2023,DK,Denmark,EURO,586,3411800,37,8546
5/7/2023,DK,Denmark,EURO,524,3412324,40,8586
5/14/2023,DK,Denmark,EURO,602,3412926,46,8632
5/21/2023,DK,Denmark,EURO,367,3413293,32,8664
5/28/2023,DK,Denmark,EURO,349,3413642,24,8688
6/4/2023,DK,Denmark,EURO,193,3413835,27,8715
6/11/2023,DK,Denmark,EURO,172,3414007,15,8730
6/18/2023,DK,Denmark,EURO,162,3414169,11,8741
6/25/2023,DK,Denmark,EURO,26,3414195,3,8744
7/2/2023,DK,Denmark,EURO,79,3414274,3,8747
7/9/2023,DK,Denmark,EURO,59,3414333,7,8754
7/16/2023,DK,Denmark,EURO,86,3414419,2,8756
7/23/2023,DK,Denmark,EURO,91,3414510,8,8764
7/30/2023,DK,Denmark,EURO,59,3414569,1,8765
8/6/2023,DK,Denmark,EURO,105,3414674,6,8771
8/13/2023,DK,Denmark,EURO,141,3414815,2,8773
8/20/2023,DK,Denmark,EURO,276,3415091,7,8780
8/27/2023,DK,Denmark,EURO,284,3415375,2,8782
9/3/2023,DK,Denmark,EURO,369,3415744,8,8790
9/10/2023,DK,Denmark,EURO,429,3416173,9,8799
9/17/2023,DK,Denmark,EURO,381,3416554,12,8811
9/24/2023,DK,Denmark,EURO,144,3416698,3,8814
10/1/2023,DK,Denmark,EURO,319,3417017,10,8824
10/8/2023,DK,Denmark,EURO,0,3417017,0,8824
10/15/2023,DK,Denmark,EURO,0,3417017,0,8824
10/22/2023,DK,Denmark,EURO,0,3417017,0,8824
10/29/2023,DK,Denmark,EURO,0,3417017,0,8824
11/5/2023,DK,Denmark,EURO,0,3417017,0,8824
11/12/2023,DK,Denmark,EURO,0,3417017,0,8824
11/19/2023,DK,Denmark,EURO,0,3417017,0,8824
11/26/2023,DK,Denmark,EURO,0,3417017,0,8824
12/3/2023,DK,Denmark,EURO,0,3417017,0,8824
12/10/2023,DK,Denmark,EURO,1503,3418520,14,8838
12/17/2023,DK,Denmark,EURO,4656,3423176,91,8929
12/24/2023,DK,Denmark,EURO,0,3423176,0,8929
1/5/2020,,,,0,0,0,0
1/12/2020,,,,0,0,0,0
1/19/2020,,,,0,0,0,0
1/26/2020,,,,0,0,0,0
2/2/2020,,,,0,0,0,0
2/9/2020,,,,74,74,0,0
2/16/2020,,,,285,359,0,0
2/23/2020,,,,336,695,2,2
3/1/2020,,,,5,700,4,6
3/8/2020,,,,0,700,1,7
3/15/2020,,,,12,712,0,7
3/22/2020,,,,0,712,1,8
3/29/2020,,,,0,712,2,10
4/5/2020,,,,0,712,1,11
4/12/2020,,,,0,712,0,11
4/19/2020,,,,0,712,2,13
4/26/2020,,,,0,712,0,13
5/3/2020,,,,0,712,0,13
5/10/2020,,,,0,712,0,13
5/17/2020,,,,0,712,0,13
5/24/2020,,,,0,712,0,13
5/31/2020,,,,0,712,0,13
6/7/2020,,,,0,712,0,13
6/14/2020,,,,0,712,0,13
6/21/2020,,,,0,712,0,13
6/28/2020,,,,0,712,0,13
7/5/2020,,,,0,712,0,13
7/12/2020,,,,0,712,0,13
7/19/2020,,,,0,712,0,13
7/26/2020,,,,0,712,0,13
8/2/2020,,,,0,712,0,13
8/9/2020,,,,0,712,0,13
8/16/2020,,,,0,712,0,13
8/23/2020,,,,0,712,0,13
8/30/2020,,,,0,712,0,13
9/6/2020,,,,0,712,0,13
9/13/2020,,,,0,712,0,13
9/20/2020,,,,0,712,0,13
9/27/2020,,,,0,712,0,13
10/4/2020,,,,0,712,0,13
10/11/2020,,,,0,712,0,13
10/18/2020,,,,0,712,0,13
10/25/2020,,,,0,712,0,13
11/1/2020,,,,0,712,0,13
11/8/2020,,,,0,712,0,13
11/15/2020,,,,0,712,0,13
11/22/2020,,,,0,712,0,13
11/29/2020,,,,0,712,0,13
12/6/2020,,,,0,712,0,13
12/13/2020,,,,0,712,0,13
12/20/2020,,,,0,712,0,13
12/27/2020,,,,0,712,0,13
1/3/2021,,,,0,712,0,13
1/10/2021,,,,0,712,0,13
1/17/2021,,,,0,712,0,13
1/24/2021,,,,0,712,0,13
1/31/2021,,,,0,712,0,13
2/7/2021,,,,0,712,0,13
2/14/2021,,,,0,712,0,13
2/21/2021,,,,0,712,0,13
2/28/2021,,,,0,712,0,13
3/7/2021,,,,0,712,0,13
3/14/2021,,,,0,712,0,13
3/21/2021,,,,0,712,0,13
3/28/2021,,,,0,712,0,13
4/4/2021,,,,0,712,0,13
4/11/2021,,,,0,712,0,13
4/18/2021,,,,0,712,0,13
4/25/2021,,,,0,712,0,13
5/2/2021,,,,0,712,0,13
5/9/2021,,,,0,712,0,13
5/16/2021,,,,0,712,0,13
5/23/2021,,,,0,712,0,13
5/30/2021,,,,0,712,0,13
6/6/2021,,,,0,712,0,13
6/13/2021,,,,0,712,0,13
6/20/2021,,,,0,712,0,13
6/27/2021,,,,0,712,0,13
7/4/2021,,,,0,712,0,13
7/11/2021,,,,0,712,0,13
7/18/2021,,,,0,712,0,13
7/25/2021,,,,0,712,0,13
8/1/2021,,,,0,712,0,13
8/8/2021,,,,0,712,0,13
8/15/2021,,,,0,712,0,13
8/22/2021,,,,0,712,0,13
8/29/2021,,,,0,712,0,13
9/5/2021,,,,0,712,0,13
9/12/2021,,,,0,712,0,13
9/19/2021,,,,0,712,0,13
9/26/2021,,,,0,712,0,13
10/3/2021,,,,0,712,0,13
10/10/2021,,,,0,712,0,13
10/17/2021,,,,0,712,0,13
10/24/2021,,,,0,712,0,13
10/31/2021,,,,0,712,0,13
11/7/2021,,,,0,712,0,13
11/14/2021,,,,0,712,0,13
11/21/2021,,,,0,712,0,13
11/28/2021,,,,0,712,0,13
12/5/2021,,,,0,712,0,13
12/12/2021,,,,0,712,0,13
12/19/2021,,,,0,712,0,13
12/26/2021,,,,0,712,0,13
1/2/2022,,,,0,712,0,13
1/9/2022,,,,0,712,0,13
1/16/2022,,,,0,712,0,13
1/23/2022,,,,0,712,0,13
1/30/2022,,,,0,712,0,13
2/6/2022,,,,0,712,0,13
2/13/2022,,,,0,712,0,13
2/20/2022,,,,0,712,0,13
2/27/2022,,,,0,712,0,13
3/6/2022,,,,0,712,0,13
3/13/2022,,,,0,712,0,13
3/20/2022,,,,0,712,0,13
3/27/2022,,,,0,712,0,13
4/3/2022,,,,0,712,0,13
4/10/2022,,,,0,712,0,13
4/17/2022,,,,0,712,0,13
4/24/2022,,,,0,712,0,13
5/1/2022,,,,0,712,0,13
5/8/2022,,,,0,712,0,13
5/15/2022,,,,0,712,0,13
5/22/2022,,,,0,712,0,13
5/29/2022,,,,0,712,0,13
6/5/2022,,,,0,712,0,13
6/12/2022,,,,0,712,0,13
6/19/2022,,,,0,712,0,13
6/26/2022,,,,0,712,0,13
7/3/2022,,,,0,712,0,13
7/10/2022,,,,0,712,0,13
7/17/2022,,,,0,712,0,13
7/24/2022,,,,0,712,0,13
7/31/2022,,,,0,712,0,13
8/7/2022,,,,0,712,0,13
8/14/2022,,,,0,712,0,13
8/21/2022,,,,0,712,0,13
8/28/2022,,,,0,712,0,13
9/4/2022,,,,0,712,0,13
9/11/2022,,,,0,712,0,13
9/18/2022,,,,0,712,0,13
9/25/2022,,,,0,712,0,13
10/2/2022,,,,0,712,0,13
10/9/2022,,,,0,712,0,13
10/16/2022,,,,0,712,0,13
10/23/2022,,,,0,712,0,13
10/30/2022,,,,0,712,0,13
11/6/2022,,,,0,712,0,13
11/13/2022,,,,0,712,0,13
11/20/2022,,,,0,712,0,13
11/27/2022,,,,0,712,0,13
12/4/2022,,,,0,712,0,13
12/11/2022,,,,0,712,0,13
12/18/2022,,,,0,712,0,13
12/25/2022,,,,0,712,0,13
1/1/2023,,,,0,712,0,13
1/8/2023,,,,0,712,0,13
1/15/2023,,,,0,712,0,13
1/22/2023,,,,0,712,0,13
1/29/2023,,,,0,712,0,13
2/5/2023,,,,0,712,0,13
2/12/2023,,,,0,712,0,13
2/19/2023,,,,0,712,0,13
2/26/2023,,,,0,712,0,13
3/5/2023,,,,0,712,0,13
3/12/2023,,,,0,712,0,13
3/19/2023,,,,0,712,0,13
3/26/2023,,,,0,712,0,13
4/2/2023,,,,0,712,0,13
4/9/2023,,,,0,712,0,13
4/16/2023,,,,0,712,0,13
4/23/2023,,,,0,712,0,13
4/30/2023,,,,0,712,0,13
5/7/2023,,,,0,712,0,13
5/14/2023,,,,0,712,0,13
5/21/2023,,,,0,712,0,13
5/28/2023,,,,0,712,0,13
6/4/2023,,,,0,712,0,13
6/11/2023,,,,0,712,0,13
6/18/2023,,,,0,712,0,13
6/25/2023,,,,0,712,0,13
7/2/2023,,,,0,712,0,13
7/9/2023,,,,0,712,0,13
7/16/2023,,,,0,712,0,13
7/23/2023,,,,0,712,0,13
7/30/2023,,,,0,712,0,13
8/6/2023,,,,0,712,0,13
8/13/2023,,,,0,712,0,13
8/20/2023,,,,0,712,0,13
8/27/2023,,,,0,712,0,13
9/3/2023,,,,0,712,0,13
9/10/2023,,,,0,712,0,13
9/17/2023,,,,0,712,0,13
9/24/2023,,,,0,712,0,13
10/1/2023,,,,0,712,0,13
10/8/2023,,,,0,712,0,13
10/15/2023,,,,0,712,0,13
10/22/2023,,,,0,712,0,13
10/29/2023,,,,0,712,0,13
11/5/2023,,,,0,712,0,13
11/12/2023,,,,0,712,0,13
11/19/2023,,,,0,712,0,13
11/26/2023,,,,0,712,0,13
12/3/2023,,,,0,712,0,13
12/10/2023,,,,0,712,0,13
12/17/2023,,,,0,712,0,13
12/24/2023,,,,0,712,0,13
1/5/2020,DJ,Djibouti,EMRO,0,0,0,0
1/12/2020,DJ,Djibouti,EMRO,0,0,0,0
1/19/2020,DJ,Djibouti,EMRO,0,0,0,0
1/26/2020,DJ,Djibouti,EMRO,0,0,0,0
2/2/2020,DJ,Djibouti,EMRO,0,0,0,0
2/9/2020,DJ,Djibouti,EMRO,0,0,0,0
2/16/2020,DJ,Djibouti,EMRO,0,0,0,0
2/23/2020,DJ,Djibouti,EMRO,0,0,0,0
3/1/2020,DJ,Djibouti,EMRO,0,0,0,0
3/8/2020,DJ,Djibouti,EMRO,0,0,0,0
3/15/2020,DJ,Djibouti,EMRO,0,0,0,0
3/22/2020,DJ,Djibouti,EMRO,1,1,0,0
3/29/2020,DJ,Djibouti,EMRO,14,15,0,0
4/5/2020,DJ,Djibouti,EMRO,36,51,0,0
4/12/2020,DJ,Djibouti,EMRO,136,187,2,2
4/19/2020,DJ,Djibouti,EMRO,545,732,0,2
4/26/2020,DJ,Djibouti,EMRO,276,1008,0,2
5/3/2020,DJ,Djibouti,EMRO,104,1112,0,2
5/10/2020,DJ,Djibouti,EMRO,77,1189,1,3
5/17/2020,DJ,Djibouti,EMRO,142,1331,1,4
5/24/2020,DJ,Djibouti,EMRO,939,2270,6,10
5/31/2020,DJ,Djibouti,EMRO,924,3194,12,22
6/7/2020,DJ,Djibouti,EMRO,975,4169,4,26
6/14/2020,DJ,Djibouti,EMRO,280,4449,15,41
6/21/2020,DJ,Djibouti,EMRO,116,4565,4,45
6/28/2020,DJ,Djibouti,EMRO,78,4643,7,52
7/5/2020,DJ,Djibouti,EMRO,93,4736,3,55
7/12/2020,DJ,Djibouti,EMRO,232,4968,1,56
7/19/2020,DJ,Djibouti,EMRO,35,5003,0,56
7/26/2020,DJ,Djibouti,EMRO,36,5039,2,58
8/2/2020,DJ,Djibouti,EMRO,42,5081,0,58
8/9/2020,DJ,Djibouti,EMRO,257,5338,1,59
8/16/2020,DJ,Djibouti,EMRO,29,5367,0,59
8/23/2020,DJ,Djibouti,EMRO,15,5382,1,60
8/30/2020,DJ,Djibouti,EMRO,3,5385,0,60
9/6/2020,DJ,Djibouti,EMRO,2,5387,0,60
9/13/2020,DJ,Djibouti,EMRO,7,5394,1,61
9/20/2020,DJ,Djibouti,EMRO,9,5403,0,61
9/27/2020,DJ,Djibouti,EMRO,6,5409,0,61
10/4/2020,DJ,Djibouti,EMRO,9,5418,0,61
10/11/2020,DJ,Djibouti,EMRO,5,5423,0,61
10/18/2020,DJ,Djibouti,EMRO,29,5452,0,61
10/25/2020,DJ,Djibouti,EMRO,78,5530,0,61
11/1/2020,DJ,Djibouti,EMRO,31,5561,0,61
11/8/2020,DJ,Djibouti,EMRO,44,5605,0,61
11/15/2020,DJ,Djibouti,EMRO,40,5645,0,61
11/22/2020,DJ,Djibouti,EMRO,16,5661,0,61
11/29/2020,DJ,Djibouti,EMRO,15,5676,0,61
12/6/2020,DJ,Djibouti,EMRO,16,5692,0,61
12/13/2020,DJ,Djibouti,EMRO,33,5725,0,61
12/20/2020,DJ,Djibouti,EMRO,56,5781,0,61
12/27/2020,DJ,Djibouti,EMRO,24,5805,0,61
1/3/2021,DJ,Djibouti,EMRO,36,5841,0,61
1/10/2021,DJ,Djibouti,EMRO,25,5866,0,61
1/17/2021,DJ,Djibouti,EMRO,37,5903,0,61
1/24/2021,DJ,Djibouti,EMRO,15,5918,0,61
1/31/2021,DJ,Djibouti,EMRO,13,5931,1,62
2/7/2021,DJ,Djibouti,EMRO,10,5941,1,63
2/14/2021,DJ,Djibouti,EMRO,27,5968,0,63
2/21/2021,DJ,Djibouti,EMRO,54,6022,0,63
2/28/2021,DJ,Djibouti,EMRO,43,6065,0,63
3/7/2021,DJ,Djibouti,EMRO,69,6134,0,63
3/14/2021,DJ,Djibouti,EMRO,118,6252,0,63
3/21/2021,DJ,Djibouti,EMRO,266,6518,0,63
3/28/2021,DJ,Djibouti,EMRO,731,7249,3,66
4/4/2021,DJ,Djibouti,EMRO,1260,8509,6,72
4/11/2021,DJ,Djibouti,EMRO,1213,9722,21,93
4/18/2021,DJ,Djibouti,EMRO,690,10412,21,114
4/25/2021,DJ,Djibouti,EMRO,334,10746,18,132
5/2/2021,DJ,Djibouti,EMRO,375,11121,13,145
5/9/2021,DJ,Djibouti,EMRO,214,11335,4,149
5/16/2021,DJ,Djibouti,EMRO,79,11414,2,151
5/23/2021,DJ,Djibouti,EMRO,77,11491,1,152
5/30/2021,DJ,Djibouti,EMRO,36,11527,2,154
6/6/2021,DJ,Djibouti,EMRO,29,11556,0,154
6/13/2021,DJ,Djibouti,EMRO,16,11572,0,154
6/20/2021,DJ,Djibouti,EMRO,15,11587,1,155
6/27/2021,DJ,Djibouti,EMRO,13,11600,0,155
7/4/2021,DJ,Djibouti,EMRO,4,11604,0,155
7/11/2021,DJ,Djibouti,EMRO,10,11614,0,155
7/18/2021,DJ,Djibouti,EMRO,8,11622,0,155
7/25/2021,DJ,Djibouti,EMRO,13,11635,0,155
8/1/2021,DJ,Djibouti,EMRO,16,11651,1,156
8/8/2021,DJ,Djibouti,EMRO,8,11659,0,156
8/15/2021,DJ,Djibouti,EMRO,19,11678,0,156
8/22/2021,DJ,Djibouti,EMRO,12,11690,1,157
8/29/2021,DJ,Djibouti,EMRO,38,11728,0,157
9/5/2021,DJ,Djibouti,EMRO,47,11775,0,157
9/12/2021,DJ,Djibouti,EMRO,70,11845,0,157
9/19/2021,DJ,Djibouti,EMRO,160,12005,2,159
9/26/2021,DJ,Djibouti,EMRO,319,12324,3,162
10/3/2021,DJ,Djibouti,EMRO,557,12881,7,169
10/10/2021,DJ,Djibouti,EMRO,335,13216,8,177
10/17/2021,DJ,Djibouti,EMRO,167,13383,2,179
10/24/2021,DJ,Djibouti,EMRO,61,13444,2,181
10/31/2021,DJ,Djibouti,EMRO,34,13478,0,181
11/7/2021,DJ,Djibouti,EMRO,13,13491,5,186
11/14/2021,DJ,Djibouti,EMRO,4,13495,0,186
11/21/2021,DJ,Djibouti,EMRO,6,13501,0,186
11/28/2021,DJ,Djibouti,EMRO,3,13504,0,186
12/5/2021,DJ,Djibouti,EMRO,4,13508,1,187
12/12/2021,DJ,Djibouti,EMRO,6,13514,2,189
12/19/2021,DJ,Djibouti,EMRO,14,13528,0,189
12/26/2021,DJ,Djibouti,EMRO,40,13568,0,189
1/2/2022,DJ,Djibouti,EMRO,100,13668,0,189
1/9/2022,DJ,Djibouti,EMRO,416,14084,0,189
1/16/2022,DJ,Djibouti,EMRO,757,14841,0,189
1/23/2022,DJ,Djibouti,EMRO,430,15271,0,189
1/30/2022,DJ,Djibouti,EMRO,169,15440,0,189
2/6/2022,DJ,Djibouti,EMRO,70,15510,0,189
2/13/2022,DJ,Djibouti,EMRO,21,15531,0,189
2/20/2022,DJ,Djibouti,EMRO,10,15541,0,189
2/27/2022,DJ,Djibouti,EMRO,6,15547,0,189
3/6/2022,DJ,Djibouti,EMRO,3,15550,0,189
3/13/2022,DJ,Djibouti,EMRO,14,15564,0,189
3/20/2022,DJ,Djibouti,EMRO,9,15573,0,189
3/27/2022,DJ,Djibouti,EMRO,7,15580,0,189
4/3/2022,DJ,Djibouti,EMRO,8,15588,0,189
4/10/2022,DJ,Djibouti,EMRO,6,15594,0,189
4/17/2022,DJ,Djibouti,EMRO,4,15598,0,189
4/24/2022,DJ,Djibouti,EMRO,13,15611,0,189
5/1/2022,DJ,Djibouti,EMRO,20,15631,0,189
5/8/2022,DJ,Djibouti,EMRO,0,15631,0,189
5/15/2022,DJ,Djibouti,EMRO,39,15670,0,189
5/22/2022,DJ,Djibouti,EMRO,5,15675,0,189
5/29/2022,DJ,Djibouti,EMRO,5,15680,0,189
6/5/2022,DJ,Djibouti,EMRO,6,15686,0,189
6/12/2022,DJ,Djibouti,EMRO,4,15690,0,189
6/19/2022,DJ,Djibouti,EMRO,0,15690,0,189
6/26/2022,DJ,Djibouti,EMRO,0,15690,0,189
7/3/2022,DJ,Djibouti,EMRO,0,15690,0,189
7/10/2022,DJ,Djibouti,EMRO,0,15690,0,189
7/17/2022,DJ,Djibouti,EMRO,0,15690,0,189
7/24/2022,DJ,Djibouti,EMRO,0,15690,0,189
7/31/2022,DJ,Djibouti,EMRO,0,15690,0,189
8/7/2022,DJ,Djibouti,EMRO,0,15690,0,189
8/14/2022,DJ,Djibouti,EMRO,0,15690,0,189
8/21/2022,DJ,Djibouti,EMRO,0,15690,0,189
8/28/2022,DJ,Djibouti,EMRO,0,15690,0,189
9/4/2022,DJ,Djibouti,EMRO,0,15690,0,189
9/11/2022,DJ,Djibouti,EMRO,0,15690,0,189
9/18/2022,DJ,Djibouti,EMRO,0,15690,0,189
9/25/2022,DJ,Djibouti,EMRO,0,15690,0,189
10/2/2022,DJ,Djibouti,EMRO,0,15690,0,189
10/9/2022,DJ,Djibouti,EMRO,0,15690,0,189
10/16/2022,DJ,Djibouti,EMRO,0,15690,0,189
10/23/2022,DJ,Djibouti,EMRO,0,15690,0,189
10/30/2022,DJ,Djibouti,EMRO,0,15690,0,189
11/6/2022,DJ,Djibouti,EMRO,0,15690,0,189
11/13/2022,DJ,Djibouti,EMRO,0,15690,0,189
11/20/2022,DJ,Djibouti,EMRO,0,15690,0,189
11/27/2022,DJ,Djibouti,EMRO,0,15690,0,189
12/4/2022,DJ,Djibouti,EMRO,0,15690,0,189
12/11/2022,DJ,Djibouti,EMRO,0,15690,0,189
12/18/2022,DJ,Djibouti,EMRO,0,15690,0,189
12/25/2022,DJ,Djibouti,EMRO,0,15690,0,189
1/1/2023,DJ,Djibouti,EMRO,0,15690,0,189
1/8/2023,DJ,Djibouti,EMRO,0,15690,0,189
1/15/2023,DJ,Djibouti,EMRO,0,15690,0,189
1/22/2023,DJ,Djibouti,EMRO,0,15690,0,189
1/29/2023,DJ,Djibouti,EMRO,0,15690,0,189
2/5/2023,DJ,Djibouti,EMRO,0,15690,0,189
2/12/2023,DJ,Djibouti,EMRO,0,15690,0,189
2/19/2023,DJ,Djibouti,EMRO,0,15690,0,189
2/26/2023,DJ,Djibouti,EMRO,0,15690,0,189
3/5/2023,DJ,Djibouti,EMRO,0,15690,0,189
3/12/2023,DJ,Djibouti,EMRO,0,15690,0,189
3/19/2023,DJ,Djibouti,EMRO,0,15690,0,189
3/26/2023,DJ,Djibouti,EMRO,0,15690,0,189
4/2/2023,DJ,Djibouti,EMRO,0,15690,0,189
4/9/2023,DJ,Djibouti,EMRO,0,15690,0,189
4/16/2023,DJ,Djibouti,EMRO,0,15690,0,189
4/23/2023,DJ,Djibouti,EMRO,0,15690,0,189
4/30/2023,DJ,Djibouti,EMRO,0,15690,0,189
5/7/2023,DJ,Djibouti,EMRO,0,15690,0,189
5/14/2023,DJ,Djibouti,EMRO,0,15690,0,189
5/21/2023,DJ,Djibouti,EMRO,0,15690,0,189
5/28/2023,DJ,Djibouti,EMRO,0,15690,0,189
6/4/2023,DJ,Djibouti,EMRO,0,15690,0,189
6/11/2023,DJ,Djibouti,EMRO,0,15690,0,189
6/18/2023,DJ,Djibouti,EMRO,0,15690,0,189
6/25/2023,DJ,Djibouti,EMRO,0,15690,0,189
7/2/2023,DJ,Djibouti,EMRO,0,15690,0,189
7/9/2023,DJ,Djibouti,EMRO,0,15690,0,189
7/16/2023,DJ,Djibouti,EMRO,0,15690,0,189
7/23/2023,DJ,Djibouti,EMRO,0,15690,0,189
7/30/2023,DJ,Djibouti,EMRO,0,15690,0,189
8/6/2023,DJ,Djibouti,EMRO,0,15690,0,189
8/13/2023,DJ,Djibouti,EMRO,0,15690,0,189
8/20/2023,DJ,Djibouti,EMRO,0,15690,0,189
8/27/2023,DJ,Djibouti,EMRO,0,15690,0,189
9/3/2023,DJ,Djibouti,EMRO,0,15690,0,189
9/10/2023,DJ,Djibouti,EMRO,0,15690,0,189
9/17/2023,DJ,Djibouti,EMRO,0,15690,0,189
9/24/2023,DJ,Djibouti,EMRO,0,15690,0,189
10/1/2023,DJ,Djibouti,EMRO,0,15690,0,189
10/8/2023,DJ,Djibouti,EMRO,0,15690,0,189
10/15/2023,DJ,Djibouti,EMRO,0,15690,0,189
10/22/2023,DJ,Djibouti,EMRO,0,15690,0,189
10/29/2023,DJ,Djibouti,EMRO,0,15690,0,189
11/5/2023,DJ,Djibouti,EMRO,0,15690,0,189
11/12/2023,DJ,Djibouti,EMRO,0,15690,0,189
11/19/2023,DJ,Djibouti,EMRO,0,15690,0,189
11/26/2023,DJ,Djibouti,EMRO,0,15690,0,189
12/3/2023,DJ,Djibouti,EMRO,0,15690,0,189
12/10/2023,DJ,Djibouti,EMRO,0,15690,0,189
12/17/2023,DJ,Djibouti,EMRO,0,15690,0,189
12/24/2023,DJ,Djibouti,EMRO,0,15690,0,189
1/5/2020,DM,Dominica,AMRO,0,0,0,0
1/12/2020,DM,Dominica,AMRO,0,0,0,0
1/19/2020,DM,Dominica,AMRO,0,0,0,0
1/26/2020,DM,Dominica,AMRO,0,0,0,0
2/2/2020,DM,Dominica,AMRO,0,0,0,0
2/9/2020,DM,Dominica,AMRO,0,0,0,0
2/16/2020,DM,Dominica,AMRO,0,0,0,0
2/23/2020,DM,Dominica,AMRO,0,0,0,0
3/1/2020,DM,Dominica,AMRO,0,0,0,0
3/8/2020,DM,Dominica,AMRO,0,0,0,0
3/15/2020,DM,Dominica,AMRO,0,0,0,0
3/22/2020,DM,Dominica,AMRO,0,0,0,0
3/29/2020,DM,Dominica,AMRO,11,11,0,0
4/5/2020,DM,Dominica,AMRO,0,11,0,0
4/12/2020,DM,Dominica,AMRO,5,16,0,0
4/19/2020,DM,Dominica,AMRO,0,16,0,0
4/26/2020,DM,Dominica,AMRO,0,16,0,0
5/3/2020,DM,Dominica,AMRO,0,16,0,0
5/10/2020,DM,Dominica,AMRO,0,16,0,0
5/17/2020,DM,Dominica,AMRO,0,16,0,0
5/24/2020,DM,Dominica,AMRO,0,16,0,0
5/31/2020,DM,Dominica,AMRO,0,16,0,0
6/7/2020,DM,Dominica,AMRO,0,16,0,0
6/14/2020,DM,Dominica,AMRO,2,18,0,0
6/21/2020,DM,Dominica,AMRO,0,18,0,0
6/28/2020,DM,Dominica,AMRO,0,18,0,0
7/5/2020,DM,Dominica,AMRO,0,18,0,0
7/12/2020,DM,Dominica,AMRO,0,18,0,0
7/19/2020,DM,Dominica,AMRO,0,18,0,0
7/26/2020,DM,Dominica,AMRO,0,18,0,0
8/2/2020,DM,Dominica,AMRO,0,18,0,0
8/9/2020,DM,Dominica,AMRO,0,18,0,0
8/16/2020,DM,Dominica,AMRO,0,18,0,0
8/23/2020,DM,Dominica,AMRO,1,19,0,0
8/30/2020,DM,Dominica,AMRO,1,20,0,0
9/6/2020,DM,Dominica,AMRO,2,22,0,0
9/13/2020,DM,Dominica,AMRO,2,24,0,0
9/20/2020,DM,Dominica,AMRO,0,24,0,0
9/27/2020,DM,Dominica,AMRO,0,24,0,0
10/4/2020,DM,Dominica,AMRO,7,31,0,0
10/11/2020,DM,Dominica,AMRO,1,32,0,0
10/18/2020,DM,Dominica,AMRO,1,33,0,0
10/25/2020,DM,Dominica,AMRO,5,38,0,0
11/1/2020,DM,Dominica,AMRO,12,50,0,0
11/8/2020,DM,Dominica,AMRO,13,63,0,0
11/15/2020,DM,Dominica,AMRO,5,68,0,0
11/22/2020,DM,Dominica,AMRO,4,72,0,0
11/29/2020,DM,Dominica,AMRO,13,85,0,0
12/6/2020,DM,Dominica,AMRO,0,85,0,0
12/13/2020,DM,Dominica,AMRO,2,87,0,0
12/20/2020,DM,Dominica,AMRO,5,92,0,0
12/27/2020,DM,Dominica,AMRO,4,96,0,0
1/3/2021,DM,Dominica,AMRO,0,96,0,0
1/10/2021,DM,Dominica,AMRO,10,106,0,0
1/17/2021,DM,Dominica,AMRO,4,110,0,0
1/24/2021,DM,Dominica,AMRO,3,113,0,0
1/31/2021,DM,Dominica,AMRO,4,117,0,0
2/7/2021,DM,Dominica,AMRO,4,121,0,0
2/14/2021,DM,Dominica,AMRO,0,121,0,0
2/21/2021,DM,Dominica,AMRO,13,134,0,0
2/28/2021,DM,Dominica,AMRO,8,142,0,0
3/7/2021,DM,Dominica,AMRO,2,144,0,0
3/14/2021,DM,Dominica,AMRO,12,156,0,0
3/21/2021,DM,Dominica,AMRO,1,157,0,0
3/28/2021,DM,Dominica,AMRO,4,161,0,0
4/4/2021,DM,Dominica,AMRO,4,165,0,0
4/11/2021,DM,Dominica,AMRO,0,165,0,0
4/18/2021,DM,Dominica,AMRO,7,172,0,0
4/25/2021,DM,Dominica,AMRO,1,173,0,0
5/2/2021,DM,Dominica,AMRO,1,174,0,0
5/9/2021,DM,Dominica,AMRO,1,175,0,0
5/16/2021,DM,Dominica,AMRO,3,178,0,0
5/23/2021,DM,Dominica,AMRO,6,184,0,0
5/30/2021,DM,Dominica,AMRO,4,188,0,0
6/6/2021,DM,Dominica,AMRO,0,188,0,0
6/13/2021,DM,Dominica,AMRO,1,189,0,0
6/20/2021,DM,Dominica,AMRO,2,191,0,0
6/27/2021,DM,Dominica,AMRO,2,193,0,0
7/4/2021,DM,Dominica,AMRO,1,194,0,0
7/11/2021,DM,Dominica,AMRO,3,197,0,0
7/18/2021,DM,Dominica,AMRO,9,206,0,0
7/25/2021,DM,Dominica,AMRO,3,209,0,0
8/1/2021,DM,Dominica,AMRO,7,216,0,0
8/8/2021,DM,Dominica,AMRO,2,218,0,0
8/15/2021,DM,Dominica,AMRO,358,576,0,0
8/22/2021,DM,Dominica,AMRO,747,1323,1,1
8/29/2021,DM,Dominica,AMRO,315,1638,3,4
9/5/2021,DM,Dominica,AMRO,194,1832,0,4
9/12/2021,DM,Dominica,AMRO,666,2498,3,7
9/19/2021,DM,Dominica,AMRO,260,2758,1,8
9/26/2021,DM,Dominica,AMRO,535,3293,7,15
10/3/2021,DM,Dominica,AMRO,309,3602,6,21
10/10/2021,DM,Dominica,AMRO,418,4020,5,26
10/17/2021,DM,Dominica,AMRO,133,4153,2,28
10/24/2021,DM,Dominica,AMRO,355,4508,2,30
10/31/2021,DM,Dominica,AMRO,275,4783,2,32
11/7/2021,DM,Dominica,AMRO,178,4961,0,32
11/14/2021,DM,Dominica,AMRO,0,4961,0,32
11/21/2021,DM,Dominica,AMRO,480,5441,3,35
11/28/2021,DM,Dominica,AMRO,335,5776,2,37
12/5/2021,DM,Dominica,AMRO,310,6086,5,42
12/12/2021,DM,Dominica,AMRO,171,6257,0,42
12/19/2021,DM,Dominica,AMRO,173,6430,2,44
12/26/2021,DM,Dominica,AMRO,129,6559,1,45
1/2/2022,DM,Dominica,AMRO,303,6862,2,47
1/9/2022,DM,Dominica,AMRO,532,7394,0,47
1/16/2022,DM,Dominica,AMRO,563,7957,1,48
1/23/2022,DM,Dominica,AMRO,560,8517,1,49
1/30/2022,DM,Dominica,AMRO,515,9032,2,51
2/6/2022,DM,Dominica,AMRO,968,10000,0,51
2/13/2022,DM,Dominica,AMRO,527,10527,2,53
2/20/2022,DM,Dominica,AMRO,225,10752,4,57
2/27/2022,DM,Dominica,AMRO,356,11108,0,57
3/6/2022,DM,Dominica,AMRO,140,11248,4,61
3/13/2022,DM,Dominica,AMRO,281,11529,1,62
3/20/2022,DM,Dominica,AMRO,216,11745,0,62
3/27/2022,DM,Dominica,AMRO,60,11805,1,63
4/3/2022,DM,Dominica,AMRO,92,11897,0,63
4/10/2022,DM,Dominica,AMRO,71,11968,0,63
4/17/2022,DM,Dominica,AMRO,20,11988,0,63
4/24/2022,DM,Dominica,AMRO,45,12033,0,63
5/1/2022,DM,Dominica,AMRO,128,12161,0,63
5/8/2022,DM,Dominica,AMRO,332,12493,0,63
5/15/2022,DM,Dominica,AMRO,623,13116,0,63
5/22/2022,DM,Dominica,AMRO,798,13914,0,63
5/29/2022,DM,Dominica,AMRO,381,14295,4,67
6/5/2022,DM,Dominica,AMRO,0,14295,0,67
6/12/2022,DM,Dominica,AMRO,343,14638,0,67
6/19/2022,DM,Dominica,AMRO,143,14781,0,67
6/26/2022,DM,Dominica,AMRO,71,14852,1,68
7/3/2022,DM,Dominica,AMRO,0,14852,0,68
7/10/2022,DM,Dominica,AMRO,0,14852,0,68
7/17/2022,DM,Dominica,AMRO,0,14852,0,68
7/24/2022,DM,Dominica,AMRO,0,14852,0,68
7/31/2022,DM,Dominica,AMRO,0,14852,0,68
8/7/2022,DM,Dominica,AMRO,0,14852,0,68
8/14/2022,DM,Dominica,AMRO,0,14852,0,68
8/21/2022,DM,Dominica,AMRO,0,14852,0,68
8/28/2022,DM,Dominica,AMRO,0,14852,0,68
9/4/2022,DM,Dominica,AMRO,0,14852,0,68
9/11/2022,DM,Dominica,AMRO,0,14852,0,68
9/18/2022,DM,Dominica,AMRO,0,14852,0,68
9/25/2022,DM,Dominica,AMRO,0,14852,0,68
10/2/2022,DM,Dominica,AMRO,895,15747,6,74
10/9/2022,DM,Dominica,AMRO,13,15760,0,74
10/16/2022,DM,Dominica,AMRO,0,15760,0,74
10/23/2022,DM,Dominica,AMRO,0,15760,0,74
10/30/2022,DM,Dominica,AMRO,0,15760,0,74
11/6/2022,DM,Dominica,AMRO,0,15760,0,74
11/13/2022,DM,Dominica,AMRO,0,15760,0,74
11/20/2022,DM,Dominica,AMRO,0,15760,0,74
11/27/2022,DM,Dominica,AMRO,0,15760,0,74
12/4/2022,DM,Dominica,AMRO,0,15760,0,74
12/11/2022,DM,Dominica,AMRO,0,15760,0,74
12/18/2022,DM,Dominica,AMRO,0,15760,0,74
12/25/2022,DM,Dominica,AMRO,0,15760,0,74
1/1/2023,DM,Dominica,AMRO,0,15760,0,74
1/8/2023,DM,Dominica,AMRO,0,15760,0,74
1/15/2023,DM,Dominica,AMRO,0,15760,0,74
1/22/2023,DM,Dominica,AMRO,0,15760,0,74
1/29/2023,DM,Dominica,AMRO,0,15760,0,74
2/5/2023,DM,Dominica,AMRO,0,15760,0,74
2/12/2023,DM,Dominica,AMRO,0,15760,0,74
2/19/2023,DM,Dominica,AMRO,0,15760,0,74
2/26/2023,DM,Dominica,AMRO,0,15760,0,74
3/5/2023,DM,Dominica,AMRO,0,15760,0,74
3/12/2023,DM,Dominica,AMRO,0,15760,0,74
3/19/2023,DM,Dominica,AMRO,0,15760,0,74
3/26/2023,DM,Dominica,AMRO,0,15760,0,74
4/2/2023,DM,Dominica,AMRO,0,15760,0,74
4/9/2023,DM,Dominica,AMRO,0,15760,0,74
4/16/2023,DM,Dominica,AMRO,0,15760,0,74
4/23/2023,DM,Dominica,AMRO,0,15760,0,74
4/30/2023,DM,Dominica,AMRO,0,15760,0,74
5/7/2023,DM,Dominica,AMRO,0,15760,0,74
5/14/2023,DM,Dominica,AMRO,0,15760,0,74
5/21/2023,DM,Dominica,AMRO,0,15760,0,74
5/28/2023,DM,Dominica,AMRO,17,15777,0,74
6/4/2023,DM,Dominica,AMRO,14,15791,0,74
6/11/2023,DM,Dominica,AMRO,17,15808,0,74
6/18/2023,DM,Dominica,AMRO,42,15850,0,74
6/25/2023,DM,Dominica,AMRO,27,15877,0,74
7/2/2023,DM,Dominica,AMRO,37,15914,0,74
7/9/2023,DM,Dominica,AMRO,26,15940,0,74
7/16/2023,DM,Dominica,AMRO,22,15962,0,74
7/23/2023,DM,Dominica,AMRO,8,15970,0,74
7/30/2023,DM,Dominica,AMRO,9,15979,0,74
8/6/2023,DM,Dominica,AMRO,10,15989,0,74
8/13/2023,DM,Dominica,AMRO,4,15993,0,74
8/20/2023,DM,Dominica,AMRO,9,16002,0,74
8/27/2023,DM,Dominica,AMRO,7,16009,0,74
9/3/2023,DM,Dominica,AMRO,0,16009,0,74
9/10/2023,DM,Dominica,AMRO,0,16009,0,74
9/17/2023,DM,Dominica,AMRO,4,16013,0,74
9/24/2023,DM,Dominica,AMRO,6,16019,0,74
10/1/2023,DM,Dominica,AMRO,7,16026,0,74
10/8/2023,DM,Dominica,AMRO,1,16027,0,74
10/15/2023,DM,Dominica,AMRO,3,16030,0,74
10/22/2023,DM,Dominica,AMRO,1,16031,0,74
10/29/2023,DM,Dominica,AMRO,2,16033,0,74
11/5/2023,DM,Dominica,AMRO,1,16034,0,74
11/12/2023,DM,Dominica,AMRO,1,16035,0,74
11/19/2023,DM,Dominica,AMRO,3,16038,0,74
11/26/2023,DM,Dominica,AMRO,0,16038,0,74
12/3/2023,DM,Dominica,AMRO,0,16038,0,74
12/10/2023,DM,Dominica,AMRO,0,16038,0,74
12/17/2023,DM,Dominica,AMRO,0,16038,0,74
12/24/2023,DM,Dominica,AMRO,0,16038,0,74
1/5/2020,DO,Dominican Republic,AMRO,0,0,0,0
1/12/2020,DO,Dominican Republic,AMRO,0,0,0,0
1/19/2020,DO,Dominican Republic,AMRO,0,0,0,0
1/26/2020,DO,Dominican Republic,AMRO,0,0,0,0
2/2/2020,DO,Dominican Republic,AMRO,0,0,0,0
2/9/2020,DO,Dominican Republic,AMRO,0,0,0,0
2/16/2020,DO,Dominican Republic,AMRO,0,0,0,0
2/23/2020,DO,Dominican Republic,AMRO,0,0,0,0
3/1/2020,DO,Dominican Republic,AMRO,0,0,0,0
3/8/2020,DO,Dominican Republic,AMRO,2,2,0,0
3/15/2020,DO,Dominican Republic,AMRO,3,5,0,0
3/22/2020,DO,Dominican Republic,AMRO,67,72,2,2
3/29/2020,DO,Dominican Republic,AMRO,509,581,18,20
4/5/2020,DO,Dominican Republic,AMRO,907,1488,48,68
4/12/2020,DO,Dominican Republic,AMRO,1132,2620,58,126
4/19/2020,DO,Dominican Republic,AMRO,1715,4335,91,217
4/26/2020,DO,Dominican Republic,AMRO,1591,5926,56,273
5/3/2020,DO,Dominican Republic,AMRO,1652,7578,53,326
5/10/2020,DO,Dominican Republic,AMRO,2304,9882,59,385
5/17/2020,DO,Dominican Republic,AMRO,2228,12110,43,428
5/24/2020,DO,Dominican Republic,AMRO,2312,14422,30,458
5/31/2020,DO,Dominican Republic,AMRO,2486,16908,40,498
6/7/2020,DO,Dominican Republic,AMRO,2287,19195,38,536
6/14/2020,DO,Dominican Republic,AMRO,3377,22572,41,577
6/21/2020,DO,Dominican Republic,AMRO,3206,25778,78,655
6/28/2020,DO,Dominican Republic,AMRO,4841,30619,63,718
7/5/2020,DO,Dominican Republic,AMRO,5565,36184,68,786
7/12/2020,DO,Dominican Republic,AMRO,6930,43114,94,880
7/19/2020,DO,Dominican Republic,AMRO,8405,51519,91,971
7/26/2020,DO,Dominican Republic,AMRO,9377,60896,84,1055
8/2/2020,DO,Dominican Republic,AMRO,10519,71415,115,1170
8/9/2020,DO,Dominican Republic,AMRO,7363,78778,119,1289
8/16/2020,DO,Dominican Republic,AMRO,6767,85545,149,1438
8/23/2020,DO,Dominican Republic,AMRO,5016,90561,116,1554
8/30/2020,DO,Dominican Republic,AMRO,3165,93726,119,1673
9/6/2020,DO,Dominican Republic,AMRO,5050,98776,167,1840
9/13/2020,DO,Dominican Republic,AMRO,4316,103092,113,1953
9/20/2020,DO,Dominican Republic,AMRO,4608,107700,91,2044
9/27/2020,DO,Dominican Republic,AMRO,3257,110957,49,2093
10/4/2020,DO,Dominican Republic,AMRO,2969,113926,35,2128
10/11/2020,DO,Dominican Republic,AMRO,4088,118014,39,2167
10/18/2020,DO,Dominican Republic,AMRO,2911,120925,28,2195
10/25/2020,DO,Dominican Republic,AMRO,3093,124018,25,2220
11/1/2020,DO,Dominican Republic,AMRO,3000,127018,25,2245
11/8/2020,DO,Dominican Republic,AMRO,2627,129645,18,2263
11/15/2020,DO,Dominican Republic,AMRO,3580,133225,19,2282
11/22/2020,DO,Dominican Republic,AMRO,4545,137770,26,2308
11/29/2020,DO,Dominican Republic,AMRO,4883,142653,20,2328
12/6/2020,DO,Dominican Republic,AMRO,5002,147655,17,2345
12/13/2020,DO,Dominican Republic,AMRO,5930,153585,15,2360
12/20/2020,DO,Dominican Republic,AMRO,5479,159064,22,2382
12/27/2020,DO,Dominican Republic,AMRO,6876,165940,22,2404
1/3/2021,DO,Dominican Republic,AMRO,7025,172965,12,2416
1/10/2021,DO,Dominican Republic,AMRO,7679,180644,8,2424
1/17/2021,DO,Dominican Republic,AMRO,10695,191339,8,2432
1/24/2021,DO,Dominican Republic,AMRO,11168,202507,81,2513
1/31/2021,DO,Dominican Republic,AMRO,10046,212553,133,2646
2/7/2021,DO,Dominican Republic,AMRO,9595,222148,155,2801
2/14/2021,DO,Dominican Republic,AMRO,6747,228895,131,2932
2/21/2021,DO,Dominican Republic,AMRO,5607,234502,96,3028
2/28/2021,DO,Dominican Republic,AMRO,4507,239009,65,3093
3/7/2021,DO,Dominican Republic,AMRO,3651,242660,69,3162
3/14/2021,DO,Dominican Republic,AMRO,2956,245616,51,3213
3/21/2021,DO,Dominican Republic,AMRO,3373,248989,56,3269
3/28/2021,DO,Dominican Republic,AMRO,2593,251582,33,3302
4/4/2021,DO,Dominican Republic,AMRO,2199,253781,32,3334
4/11/2021,DO,Dominican Republic,AMRO,3405,257186,51,3385
4/18/2021,DO,Dominican Republic,AMRO,3441,260627,29,3414
4/25/2021,DO,Dominican Republic,AMRO,3317,263944,37,3451
5/2/2021,DO,Dominican Republic,AMRO,2917,266861,36,3487
5/9/2021,DO,Dominican Republic,AMRO,3739,270600,36,3523
5/16/2021,DO,Dominican Republic,AMRO,5672,276272,46,3569
5/23/2021,DO,Dominican Republic,AMRO,6413,282685,37,3606
5/30/2021,DO,Dominican Republic,AMRO,7841,290526,22,3628
6/6/2021,DO,Dominican Republic,AMRO,9155,299681,24,3652
6/13/2021,DO,Dominican Republic,AMRO,8166,307847,53,3705
6/20/2021,DO,Dominican Republic,AMRO,7968,315815,49,3754
6/27/2021,DO,Dominican Republic,AMRO,6256,322071,42,3796
7/4/2021,DO,Dominican Republic,AMRO,6305,328376,56,3852
7/11/2021,DO,Dominican Republic,AMRO,4677,333053,37,3889
7/18/2021,DO,Dominican Republic,AMRO,4094,337147,26,3915
7/25/2021,DO,Dominican Republic,AMRO,2522,339669,22,3937
8/1/2021,DO,Dominican Republic,AMRO,2236,341905,26,3963
8/8/2021,DO,Dominican Republic,AMRO,2246,344151,11,3974
8/15/2021,DO,Dominican Republic,AMRO,1809,345960,2,3976
8/22/2021,DO,Dominican Republic,AMRO,1677,347637,13,3989
8/29/2021,DO,Dominican Republic,AMRO,1983,349620,18,4007
9/5/2021,DO,Dominican Republic,AMRO,1833,351453,5,4012
9/12/2021,DO,Dominican Republic,AMRO,1618,353071,2,4014
9/19/2021,DO,Dominican Republic,AMRO,1942,355013,13,4027
9/26/2021,DO,Dominican Republic,AMRO,1921,356934,11,4038
10/3/2021,DO,Dominican Republic,AMRO,3323,360257,11,4049
10/10/2021,DO,Dominican Republic,AMRO,4806,365063,18,4067
10/17/2021,DO,Dominican Republic,AMRO,4637,369700,17,4084
10/24/2021,DO,Dominican Republic,AMRO,5845,375545,22,4106
10/31/2021,DO,Dominican Republic,AMRO,5429,380974,23,4129
11/7/2021,DO,Dominican Republic,AMRO,6295,387269,21,4150
11/14/2021,DO,Dominican Republic,AMRO,7339,394608,16,4166
11/21/2021,DO,Dominican Republic,AMRO,7306,401914,20,4186
11/28/2021,DO,Dominican Republic,AMRO,4597,406511,18,4204
12/5/2021,DO,Dominican Republic,AMRO,1734,408245,8,4212
12/12/2021,DO,Dominican Republic,AMRO,1842,410087,6,4218
12/19/2021,DO,Dominican Republic,AMRO,1179,411266,4,4222
12/26/2021,DO,Dominican Republic,AMRO,2621,413887,15,4237
1/2/2022,DO,Dominican Republic,AMRO,6040,419927,10,4247
1/9/2022,DO,Dominican Republic,AMRO,31258,451185,8,4255
1/16/2022,DO,Dominican Republic,AMRO,43410,494595,13,4268
1/23/2022,DO,Dominican Republic,AMRO,42172,536767,17,4285
1/30/2022,DO,Dominican Republic,AMRO,16064,552831,16,4301
2/6/2022,DO,Dominican Republic,AMRO,8826,561657,21,4322
2/13/2022,DO,Dominican Republic,AMRO,7367,569024,21,4343
2/20/2022,DO,Dominican Republic,AMRO,2528,571552,14,4357
2/27/2022,DO,Dominican Republic,AMRO,2519,574071,11,4368
3/6/2022,DO,Dominican Republic,AMRO,1812,575883,3,4371
3/13/2022,DO,Dominican Republic,AMRO,484,576367,3,4374
3/20/2022,DO,Dominican Republic,AMRO,950,577317,1,4375
3/27/2022,DO,Dominican Republic,AMRO,524,577841,0,4375
4/3/2022,DO,Dominican Republic,AMRO,338,578179,0,4375
4/10/2022,DO,Dominican Republic,AMRO,305,578484,0,4375
4/17/2022,DO,Dominican Republic,AMRO,261,578745,0,4375
4/24/2022,DO,Dominican Republic,AMRO,334,579079,1,4376
5/1/2022,DO,Dominican Republic,AMRO,364,579443,0,4376
5/8/2022,DO,Dominican Republic,AMRO,364,579807,0,4376
5/15/2022,DO,Dominican Republic,AMRO,605,580412,0,4376
5/22/2022,DO,Dominican Republic,AMRO,838,581250,1,4377
5/29/2022,DO,Dominican Republic,AMRO,1909,583159,0,4377
6/5/2022,DO,Dominican Republic,AMRO,2940,586099,0,4377
6/12/2022,DO,Dominican Republic,AMRO,4665,590764,3,4380
6/19/2022,DO,Dominican Republic,AMRO,5918,596682,2,4382
6/26/2022,DO,Dominican Republic,AMRO,5672,602354,1,4383
7/3/2022,DO,Dominican Republic,AMRO,7036,609390,0,4383
7/10/2022,DO,Dominican Republic,AMRO,8263,617653,0,4383
7/17/2022,DO,Dominican Republic,AMRO,4283,621936,0,4383
7/24/2022,DO,Dominican Republic,AMRO,4094,626030,0,4383
7/31/2022,DO,Dominican Republic,AMRO,2695,628725,0,4383
8/7/2022,DO,Dominican Republic,AMRO,3930,632655,1,4384
8/14/2022,DO,Dominican Republic,AMRO,2211,634866,0,4384
8/21/2022,DO,Dominican Republic,AMRO,1550,636416,0,4384
8/28/2022,DO,Dominican Republic,AMRO,1670,638086,0,4384
9/4/2022,DO,Dominican Republic,AMRO,1978,640064,0,4384
9/11/2022,DO,Dominican Republic,AMRO,1899,641963,0,4384
9/18/2022,DO,Dominican Republic,AMRO,2053,644016,0,4384
9/25/2022,DO,Dominican Republic,AMRO,1353,645369,0,4384
10/2/2022,DO,Dominican Republic,AMRO,974,646343,0,4384
10/9/2022,DO,Dominican Republic,AMRO,541,646884,0,4384
10/16/2022,DO,Dominican Republic,AMRO,321,647205,0,4384
10/23/2022,DO,Dominican Republic,AMRO,161,647366,0,4384
10/30/2022,DO,Dominican Republic,AMRO,189,647555,0,4384
11/6/2022,DO,Dominican Republic,AMRO,139,647694,0,4384
11/13/2022,DO,Dominican Republic,AMRO,222,647916,0,4384
11/20/2022,DO,Dominican Republic,AMRO,490,648406,0,4384
11/27/2022,DO,Dominican Republic,AMRO,1278,649684,0,4384
12/4/2022,DO,Dominican Republic,AMRO,1783,651467,0,4384
12/11/2022,DO,Dominican Republic,AMRO,2494,653961,0,4384
12/18/2022,DO,Dominican Republic,AMRO,2845,656806,0,4384
12/25/2022,DO,Dominican Republic,AMRO,1781,658587,0,4384
1/1/2023,DO,Dominican Republic,AMRO,589,659176,0,4384
1/8/2023,DO,Dominican Republic,AMRO,342,659518,0,4384
1/15/2023,DO,Dominican Republic,AMRO,215,659733,0,4384
1/22/2023,DO,Dominican Republic,AMRO,229,659962,0,4384
1/29/2023,DO,Dominican Republic,AMRO,225,660187,0,4384
2/5/2023,DO,Dominican Republic,AMRO,173,660360,0,4384
2/12/2023,DO,Dominican Republic,AMRO,108,660468,0,4384
2/19/2023,DO,Dominican Republic,AMRO,157,660625,0,4384
2/26/2023,DO,Dominican Republic,AMRO,132,660757,0,4384
3/5/2023,DO,Dominican Republic,AMRO,65,660822,0,4384
3/12/2023,DO,Dominican Republic,AMRO,54,660876,0,4384
3/19/2023,DO,Dominican Republic,AMRO,39,660915,0,4384
3/26/2023,DO,Dominican Republic,AMRO,22,660937,0,4384
4/2/2023,DO,Dominican Republic,AMRO,0,660937,0,4384
4/9/2023,DO,Dominican Republic,AMRO,0,660937,0,4384
4/16/2023,DO,Dominican Republic,AMRO,24,660961,0,4384
4/23/2023,DO,Dominican Republic,AMRO,47,661008,0,4384
4/30/2023,DO,Dominican Republic,AMRO,37,661045,0,4384
5/7/2023,DO,Dominican Republic,AMRO,58,661103,0,4384
5/14/2023,DO,Dominican Republic,AMRO,0,661103,0,4384
5/21/2023,DO,Dominican Republic,AMRO,0,661103,0,4384
5/28/2023,DO,Dominican Republic,AMRO,2,661105,0,4384
6/4/2023,DO,Dominican Republic,AMRO,2,661107,0,4384
6/11/2023,DO,Dominican Republic,AMRO,11,661118,0,4384
6/18/2023,DO,Dominican Republic,AMRO,2,661120,0,4384
6/25/2023,DO,Dominican Republic,AMRO,2,661122,0,4384
7/2/2023,DO,Dominican Republic,AMRO,10,661132,0,4384
7/9/2023,DO,Dominican Republic,AMRO,12,661144,0,4384
7/16/2023,DO,Dominican Republic,AMRO,4,661148,0,4384
7/23/2023,DO,Dominican Republic,AMRO,0,661148,0,4384
7/30/2023,DO,Dominican Republic,AMRO,3,661151,0,4384
8/6/2023,DO,Dominican Republic,AMRO,0,661151,0,4384
8/13/2023,DO,Dominican Republic,AMRO,1,661152,0,4384
8/20/2023,DO,Dominican Republic,AMRO,0,661152,0,4384
8/27/2023,DO,Dominican Republic,AMRO,1,661153,0,4384
9/3/2023,DO,Dominican Republic,AMRO,4,661157,0,4384
9/10/2023,DO,Dominican Republic,AMRO,0,661157,0,4384
9/17/2023,DO,Dominican Republic,AMRO,18,661175,0,4384
9/24/2023,DO,Dominican Republic,AMRO,0,661175,0,4384
10/1/2023,DO,Dominican Republic,AMRO,1,661176,0,4384
10/8/2023,DO,Dominican Republic,AMRO,1,661177,0,4384
10/15/2023,DO,Dominican Republic,AMRO,0,661177,0,4384
10/22/2023,DO,Dominican Republic,AMRO,0,661177,0,4384
10/29/2023,DO,Dominican Republic,AMRO,0,661177,0,4384
11/5/2023,DO,Dominican Republic,AMRO,1,661178,0,4384
11/12/2023,DO,Dominican Republic,AMRO,0,661178,0,4384
11/19/2023,DO,Dominican Republic,AMRO,1,661179,0,4384
11/26/2023,DO,Dominican Republic,AMRO,1,661180,0,4384
12/3/2023,DO,Dominican Republic,AMRO,0,661180,0,4384
12/10/2023,DO,Dominican Republic,AMRO,0,661180,0,4384
12/17/2023,DO,Dominican Republic,AMRO,0,661180,0,4384
12/24/2023,DO,Dominican Republic,AMRO,0,661180,0,4384
1/5/2020,EC,Ecuador,AMRO,0,0,0,0
1/12/2020,EC,Ecuador,AMRO,0,0,0,0
1/19/2020,EC,Ecuador,AMRO,0,0,0,0
1/26/2020,EC,Ecuador,AMRO,0,0,0,0
2/2/2020,EC,Ecuador,AMRO,0,0,0,0
2/9/2020,EC,Ecuador,AMRO,0,0,0,0
2/16/2020,EC,Ecuador,AMRO,0,0,0,0
2/23/2020,EC,Ecuador,AMRO,0,0,0,0
3/1/2020,EC,Ecuador,AMRO,0,0,0,0
3/8/2020,EC,Ecuador,AMRO,13,13,0,0
3/15/2020,EC,Ecuador,AMRO,10,23,0,0
3/22/2020,EC,Ecuador,AMRO,483,506,7,7
3/29/2020,EC,Ecuador,AMRO,1317,1823,41,48
4/5/2020,EC,Ecuador,AMRO,1642,3465,124,172
4/12/2020,EC,Ecuador,AMRO,3792,7257,143,315
4/19/2020,EC,Ecuador,AMRO,1765,9022,141,456
4/26/2020,EC,Ecuador,AMRO,13697,22719,120,576
5/3/2020,EC,Ecuador,AMRO,4745,27464,795,1371
5/10/2020,EC,Ecuador,AMRO,1607,29071,346,1717
5/17/2020,EC,Ecuador,AMRO,2396,31467,877,2594
5/24/2020,EC,Ecuador,AMRO,4791,36258,502,3096
5/31/2020,EC,Ecuador,AMRO,2585,38843,250,3346
6/7/2020,EC,Ecuador,AMRO,3885,42728,262,3608
6/14/2020,EC,Ecuador,AMRO,3628,46356,266,3874
6/21/2020,EC,Ecuador,AMRO,3827,50183,325,4199
6/28/2020,EC,Ecuador,AMRO,4391,54574,225,4424
7/5/2020,EC,Ecuador,AMRO,6961,61535,345,4769
7/12/2020,EC,Ecuador,AMRO,5674,67209,262,5031
7/19/2020,EC,Ecuador,AMRO,6173,73382,251,5282
7/26/2020,EC,Ecuador,AMRO,6654,80036,225,5507
8/2/2020,EC,Ecuador,AMRO,6196,86232,229,5736
8/9/2020,EC,Ecuador,AMRO,7340,93572,180,5916
8/16/2020,EC,Ecuador,AMRO,7116,100688,149,6065
8/23/2020,EC,Ecuador,AMRO,6401,107089,212,6277
8/30/2020,EC,Ecuador,AMRO,5817,112906,260,6537
9/6/2020,EC,Ecuador,AMRO,5139,118045,187,6724
9/13/2020,EC,Ecuador,AMRO,-1594,116451,4140,10864
9/20/2020,EC,Ecuador,AMRO,9169,125620,225,11089
9/27/2020,EC,Ecuador,AMRO,8361,133981,184,11273
10/4/2020,EC,Ecuador,AMRO,6370,140351,324,11597
10/11/2020,EC,Ecuador,AMRO,6477,146828,591,12188
10/18/2020,EC,Ecuador,AMRO,5594,152422,187,12375
10/25/2020,EC,Ecuador,AMRO,7192,159614,167,12542
11/1/2020,EC,Ecuador,AMRO,8578,168192,128,12670
11/8/2020,EC,Ecuador,AMRO,5294,173486,145,12815
11/15/2020,EC,Ecuador,AMRO,6141,179627,182,12997
11/22/2020,EC,Ecuador,AMRO,5249,184876,142,13139
11/29/2020,EC,Ecuador,AMRO,6033,190909,232,13371
12/6/2020,EC,Ecuador,AMRO,6482,197391,385,13756
12/13/2020,EC,Ecuador,AMRO,4133,201524,118,13874
12/20/2020,EC,Ecuador,AMRO,4396,205920,74,13948
12/27/2020,EC,Ecuador,AMRO,3354,209274,42,13990
1/3/2021,EC,Ecuador,AMRO,5239,214513,69,14059
1/10/2021,EC,Ecuador,AMRO,5836,220349,118,14177
1/17/2021,EC,Ecuador,AMRO,10459,230808,139,14316
1/24/2021,EC,Ecuador,AMRO,7424,238232,280,14596
1/31/2021,EC,Ecuador,AMRO,11547,249779,255,14851
2/7/2021,EC,Ecuador,AMRO,7336,257115,153,15004
2/14/2021,EC,Ecuador,AMRO,8412,265527,265,15269
2/21/2021,EC,Ecuador,AMRO,7570,273097,244,15513
2/28/2021,EC,Ecuador,AMRO,9502,282599,200,15713
3/7/2021,EC,Ecuador,AMRO,10344,292943,307,16020
3/14/2021,EC,Ecuador,AMRO,7723,300666,195,16215
3/21/2021,EC,Ecuador,AMRO,10202,310868,220,16435
3/28/2021,EC,Ecuador,AMRO,11831,322699,244,16679
4/4/2021,EC,Ecuador,AMRO,10476,333175,250,16929
4/11/2021,EC,Ecuador,AMRO,11702,344877,346,17275
4/18/2021,EC,Ecuador,AMRO,13280,358157,366,17641
4/25/2021,EC,Ecuador,AMRO,14597,372754,517,18158
5/2/2021,EC,Ecuador,AMRO,11835,384589,566,18724
5/9/2021,EC,Ecuador,AMRO,14332,398921,413,19137
5/16/2021,EC,Ecuador,AMRO,10599,409520,555,19692
5/23/2021,EC,Ecuador,AMRO,8320,417840,488,20180
5/30/2021,EC,Ecuador,AMRO,6901,424741,305,20485
6/6/2021,EC,Ecuador,AMRO,6688,431429,288,20773
6/13/2021,EC,Ecuador,AMRO,6679,438108,245,21018
6/20/2021,EC,Ecuador,AMRO,7478,445586,266,21284
6/27/2021,EC,Ecuador,AMRO,7776,453362,201,21485
7/4/2021,EC,Ecuador,AMRO,8780,462142,175,21660
7/11/2021,EC,Ecuador,AMRO,5834,467976,154,21814
7/18/2021,EC,Ecuador,AMRO,7239,475215,119,21933
7/25/2021,EC,Ecuador,AMRO,5505,480720,8864,30797
8/1/2021,EC,Ecuador,AMRO,6652,487372,834,31631
8/8/2021,EC,Ecuador,AMRO,4459,491831,157,31788
8/15/2021,EC,Ecuador,AMRO,2988,494819,166,31954
8/22/2021,EC,Ecuador,AMRO,3795,498614,131,32085
8/29/2021,EC,Ecuador,AMRO,2435,501049,138,32223
9/5/2021,EC,Ecuador,AMRO,2465,503514,111,32334
9/12/2021,EC,Ecuador,AMRO,1561,505075,31,32365
9/19/2021,EC,Ecuador,AMRO,1464,506539,269,32634
9/26/2021,EC,Ecuador,AMRO,1533,508072,98,32732
10/3/2021,EC,Ecuador,AMRO,2547,510619,59,32791
10/10/2021,EC,Ecuador,AMRO,1279,511898,56,32847
10/17/2021,EC,Ecuador,AMRO,1404,513302,79,32926
10/24/2021,EC,Ecuador,AMRO,2009,515311,22,32948
10/31/2021,EC,Ecuador,AMRO,1620,516931,30,32978
11/7/2021,EC,Ecuador,AMRO,2044,518975,10,32988
11/14/2021,EC,Ecuador,AMRO,2304,521279,82,33070
11/21/2021,EC,Ecuador,AMRO,2568,523847,51,33121
11/28/2021,EC,Ecuador,AMRO,2290,526137,64,33185
12/5/2021,EC,Ecuador,AMRO,2453,528590,262,33447
12/12/2021,EC,Ecuador,AMRO,3840,532430,101,33548
12/19/2021,EC,Ecuador,AMRO,3699,536129,45,33593
12/26/2021,EC,Ecuador,AMRO,5239,541368,54,33647
1/2/2022,EC,Ecuador,AMRO,8050,549418,34,33681
1/9/2022,EC,Ecuador,AMRO,11867,561285,21,33702
1/16/2022,EC,Ecuador,AMRO,41657,602942,504,34206
1/23/2022,EC,Ecuador,AMRO,61722,664664,81,34287
1/30/2022,EC,Ecuador,AMRO,52421,717085,202,34489
2/6/2022,EC,Ecuador,AMRO,44236,761321,227,34716
2/13/2022,EC,Ecuador,AMRO,32499,793820,290,35006
2/20/2022,EC,Ecuador,AMRO,21752,815572,137,35143
2/27/2022,EC,Ecuador,AMRO,14240,829812,93,35236
3/6/2022,EC,Ecuador,AMRO,8708,838520,72,35308
3/13/2022,EC,Ecuador,AMRO,9950,848470,32,35340
3/20/2022,EC,Ecuador,AMRO,4941,853411,53,35393
3/27/2022,EC,Ecuador,AMRO,3888,857299,25,35418
4/3/2022,EC,Ecuador,AMRO,4454,861753,26,35444
4/10/2022,EC,Ecuador,AMRO,2324,864077,23,35467
4/17/2022,EC,Ecuador,AMRO,2643,866720,60,35527
4/24/2022,EC,Ecuador,AMRO,1333,868053,54,35581
5/1/2022,EC,Ecuador,AMRO,1396,869449,13,35594
5/8/2022,EC,Ecuador,AMRO,1340,870789,5,35599
5/15/2022,EC,Ecuador,AMRO,1210,871999,7,35606
5/22/2022,EC,Ecuador,AMRO,1610,873609,7,35613
5/29/2022,EC,Ecuador,AMRO,2400,876009,9,35622
6/5/2022,EC,Ecuador,AMRO,7215,883224,27,35649
6/12/2022,EC,Ecuador,AMRO,5224,888448,7,35656
6/19/2022,EC,Ecuador,AMRO,6610,895058,28,35684
6/26/2022,EC,Ecuador,AMRO,8004,903062,26,35710
7/3/2022,EC,Ecuador,AMRO,8120,911182,31,35741
7/10/2022,EC,Ecuador,AMRO,7297,918479,8,35749
7/17/2022,EC,Ecuador,AMRO,11636,930115,20,35769
7/24/2022,EC,Ecuador,AMRO,16372,946487,17,35786
7/31/2022,EC,Ecuador,AMRO,17181,963668,15,35801
8/7/2022,EC,Ecuador,AMRO,15634,979302,10,35811
8/14/2022,EC,Ecuador,AMRO,3624,982926,0,35811
8/21/2022,EC,Ecuador,AMRO,4644,987570,1,35812
8/28/2022,EC,Ecuador,AMRO,6288,993858,18,35830
9/4/2022,EC,Ecuador,AMRO,2927,996785,30,35860
9/11/2022,EC,Ecuador,AMRO,1417,998202,16,35876
9/18/2022,EC,Ecuador,AMRO,2996,1001198,9,35885
9/25/2022,EC,Ecuador,AMRO,1852,1003050,5,35890
10/2/2022,EC,Ecuador,AMRO,1665,1004715,1,35891
10/9/2022,EC,Ecuador,AMRO,1543,1006258,1,35892
10/16/2022,EC,Ecuador,AMRO,664,1006922,2,35894
10/23/2022,EC,Ecuador,AMRO,631,1007553,3,35897
10/30/2022,EC,Ecuador,AMRO,482,1008035,1,35898
11/6/2022,EC,Ecuador,AMRO,910,1008945,2,35900
11/13/2022,EC,Ecuador,AMRO,760,1009705,1,35901
11/20/2022,EC,Ecuador,AMRO,2179,1011884,3,35904
11/27/2022,EC,Ecuador,AMRO,2607,1014491,1,35905
12/4/2022,EC,Ecuador,AMRO,3688,1018179,2,35907
12/11/2022,EC,Ecuador,AMRO,9243,1027422,12,35919
12/18/2022,EC,Ecuador,AMRO,7818,1035240,10,35929
12/25/2022,EC,Ecuador,AMRO,5223,1040463,5,35934
1/1/2023,EC,Ecuador,AMRO,4286,1044749,14,35948
1/8/2023,EC,Ecuador,AMRO,2723,1047472,22,35970
1/15/2023,EC,Ecuador,AMRO,3410,1050882,21,35991
1/22/2023,EC,Ecuador,AMRO,2723,1053605,7,35998
1/29/2023,EC,Ecuador,AMRO,1419,1055024,7,36005
2/5/2023,EC,Ecuador,AMRO,898,1055922,1,36006
2/12/2023,EC,Ecuador,AMRO,530,1056452,4,36010
2/19/2023,EC,Ecuador,AMRO,385,1056837,3,36013
2/26/2023,EC,Ecuador,AMRO,284,1057121,1,36014
3/5/2023,EC,Ecuador,AMRO,487,1057608,1,36015
3/12/2023,EC,Ecuador,AMRO,396,1058004,1,36016
3/19/2023,EC,Ecuador,AMRO,487,1058491,1,36017
3/26/2023,EC,Ecuador,AMRO,518,1059009,0,36017
4/2/2023,EC,Ecuador,AMRO,520,1059529,0,36017
4/9/2023,EC,Ecuador,AMRO,0,1059529,0,36017
4/16/2023,EC,Ecuador,AMRO,998,1060527,1,36018
4/23/2023,EC,Ecuador,AMRO,573,1061100,1,36019
4/30/2023,EC,Ecuador,AMRO,666,1061766,0,36019
5/7/2023,EC,Ecuador,AMRO,0,1061766,0,36019
5/14/2023,EC,Ecuador,AMRO,509,1062275,0,36019
5/21/2023,EC,Ecuador,AMRO,0,1062275,0,36019
5/28/2023,EC,Ecuador,AMRO,62,1062337,3,36022
6/4/2023,EC,Ecuador,AMRO,61,1062398,7,36029
6/11/2023,EC,Ecuador,AMRO,14,1062412,1,36030
6/18/2023,EC,Ecuador,AMRO,16,1062428,1,36031
6/25/2023,EC,Ecuador,AMRO,21,1062449,0,36031
7/2/2023,EC,Ecuador,AMRO,12,1062461,0,36031
7/9/2023,EC,Ecuador,AMRO,8,1062469,0,36031
7/16/2023,EC,Ecuador,AMRO,12,1062481,0,36031
7/23/2023,EC,Ecuador,AMRO,4,1062485,1,36032
7/30/2023,EC,Ecuador,AMRO,2,1062487,0,36032
8/6/2023,EC,Ecuador,AMRO,0,1062487,0,36032
8/13/2023,EC,Ecuador,AMRO,1,1062488,0,36032
8/20/2023,EC,Ecuador,AMRO,1,1062489,0,36032
8/27/2023,EC,Ecuador,AMRO,2,1062491,0,36032
9/3/2023,EC,Ecuador,AMRO,2,1062493,0,36032
9/10/2023,EC,Ecuador,AMRO,2,1062495,1,36033
9/17/2023,EC,Ecuador,AMRO,9,1062504,0,36033
9/24/2023,EC,Ecuador,AMRO,4,1062508,0,36033
10/1/2023,EC,Ecuador,AMRO,4,1062512,0,36033
10/8/2023,EC,Ecuador,AMRO,4,1062516,0,36033
10/15/2023,EC,Ecuador,AMRO,376,1062892,0,36033
10/22/2023,EC,Ecuador,AMRO,244,1063136,0,36033
10/29/2023,EC,Ecuador,AMRO,266,1063402,0,36033
11/5/2023,EC,Ecuador,AMRO,224,1063626,0,36033
11/12/2023,EC,Ecuador,AMRO,209,1063835,1,36034
11/19/2023,EC,Ecuador,AMRO,357,1064192,0,36034
11/26/2023,EC,Ecuador,AMRO,495,1064687,1,36035
12/3/2023,EC,Ecuador,AMRO,690,1065377,1,36036
12/10/2023,EC,Ecuador,AMRO,1032,1066409,0,36036
12/17/2023,EC,Ecuador,AMRO,0,1066409,0,36036
12/24/2023,EC,Ecuador,AMRO,0,1066409,0,36036
1/5/2020,EG,Egypt,EMRO,0,0,0,0
1/12/2020,EG,Egypt,EMRO,0,0,0,0
1/19/2020,EG,Egypt,EMRO,0,0,0,0
1/26/2020,EG,Egypt,EMRO,0,0,0,0
2/2/2020,EG,Egypt,EMRO,0,0,0,0
2/9/2020,EG,Egypt,EMRO,0,0,0,0
2/16/2020,EG,Egypt,EMRO,1,1,0,0
2/23/2020,EG,Egypt,EMRO,0,1,0,0
3/1/2020,EG,Egypt,EMRO,0,1,0,0
3/8/2020,EG,Egypt,EMRO,47,48,0,0
3/15/2020,EG,Egypt,EMRO,62,110,2,2
3/22/2020,EG,Egypt,EMRO,184,294,8,10
3/29/2020,EG,Egypt,EMRO,282,576,26,36
4/5/2020,EG,Egypt,EMRO,494,1070,35,71
4/12/2020,EG,Egypt,EMRO,869,1939,75,146
4/19/2020,EG,Egypt,EMRO,1093,3032,78,224
4/26/2020,EG,Egypt,EMRO,1287,4319,83,307
5/3/2020,EG,Egypt,EMRO,1874,6193,108,415
5/10/2020,EG,Egypt,EMRO,2771,8964,99,514
5/17/2020,EG,Egypt,EMRO,2755,11719,98,612
5/24/2020,EG,Egypt,EMRO,4794,16513,123,735
5/31/2020,EG,Egypt,EMRO,6936,23449,178,913
6/7/2020,EG,Egypt,EMRO,9163,32612,285,1198
6/14/2020,EG,Egypt,EMRO,10368,42980,286,1484
6/21/2020,EG,Egypt,EMRO,10778,53758,622,2106
6/28/2020,EG,Egypt,EMRO,10165,63923,602,2708
7/5/2020,EG,Egypt,EMRO,10112,74035,572,3280
7/12/2020,EG,Egypt,EMRO,7123,81158,489,3769
7/19/2020,EG,Egypt,EMRO,6014,87172,482,4251
7/26/2020,EG,Egypt,EMRO,4411,91583,307,4558
8/2/2020,EG,Egypt,EMRO,2733,94316,276,4834
8/9/2020,EG,Egypt,EMRO,998,95314,158,4992
8/16/2020,EG,Egypt,EMRO,1022,96336,149,5141
8/23/2020,EG,Egypt,EMRO,901,97237,102,5243
8/30/2020,EG,Egypt,EMRO,1260,98497,133,5376
9/6/2020,EG,Egypt,EMRO,1215,99712,135,5511
9/13/2020,EG,Egypt,EMRO,1144,100856,116,5627
9/20/2020,EG,Egypt,EMRO,1044,101900,123,5750
9/27/2020,EG,Egypt,EMRO,836,102736,119,5869
10/4/2020,EG,Egypt,EMRO,839,103575,101,5970
10/11/2020,EG,Egypt,EMRO,812,104387,70,6040
10/18/2020,EG,Egypt,EMRO,910,105297,69,6109
10/25/2020,EG,Egypt,EMRO,1100,106397,78,6187
11/1/2020,EG,Egypt,EMRO,1158,107555,79,6266
11/8/2020,EG,Egypt,EMRO,1407,108962,89,6355
11/15/2020,EG,Egypt,EMRO,1585,110547,87,6442
11/22/2020,EG,Egypt,EMRO,2129,112676,93,6535
11/29/2020,EG,Egypt,EMRO,2507,115183,86,6621
12/6/2020,EG,Egypt,EMRO,2831,118014,129,6750
12/13/2020,EG,Egypt,EMRO,3075,121089,148,6898
12/20/2020,EG,Egypt,EMRO,3802,124891,171,7069
12/27/2020,EG,Egypt,EMRO,6424,131315,283,7352
1/3/2021,EG,Egypt,EMRO,9563,140878,389,7741
1/10/2021,EG,Egypt,EMRO,7921,148799,401,8142
1/17/2021,EG,Egypt,EMRO,6708,155507,385,8527
1/24/2021,EG,Egypt,EMRO,5636,161143,375,8902
1/31/2021,EG,Egypt,EMRO,4275,165418,361,9263
2/7/2021,EG,Egypt,EMRO,3688,169106,341,9604
2/14/2021,EG,Egypt,EMRO,4096,173202,331,9935
2/21/2021,EG,Egypt,EMRO,4341,177543,363,10298
2/28/2021,EG,Egypt,EMRO,4286,181829,341,10639
3/7/2021,EG,Egypt,EMRO,4093,185922,315,10954
3/14/2021,EG,Egypt,EMRO,4358,190280,302,11256
3/21/2021,EG,Egypt,EMRO,4491,194771,301,11557
3/28/2021,EG,Egypt,EMRO,4593,199364,288,11845
4/4/2021,EG,Egypt,EMRO,4892,204256,278,12123
4/11/2021,EG,Egypt,EMRO,5421,209677,282,12405
4/18/2021,EG,Egypt,EMRO,5807,215484,289,12694
4/25/2021,EG,Egypt,EMRO,6086,221570,304,12998
5/2/2021,EG,Egypt,EMRO,7014,228584,404,13402
5/9/2021,EG,Egypt,EMRO,7688,236272,443,13845
5/16/2021,EG,Egypt,EMRO,8248,244520,424,14269
5/23/2021,EG,Egypt,EMRO,8170,252690,401,14670
5/30/2021,EG,Egypt,EMRO,7969,260659,331,15001
6/6/2021,EG,Egypt,EMRO,6512,267171,308,15309
6/13/2021,EG,Egypt,EMRO,5320,272491,273,15582
6/20/2021,EG,Egypt,EMRO,4265,276756,247,15829
6/27/2021,EG,Egypt,EMRO,3249,280005,233,16062
7/4/2021,EG,Egypt,EMRO,1898,281903,180,16242
7/11/2021,EG,Egypt,EMRO,1082,282985,141,16383
7/18/2021,EG,Egypt,EMRO,651,283636,56,16439
7/25/2021,EG,Egypt,EMRO,349,283985,42,16481
8/1/2021,EG,Egypt,EMRO,277,284262,43,16524
8/8/2021,EG,Egypt,EMRO,379,284641,42,16566
8/15/2021,EG,Egypt,EMRO,616,285257,49,16615
8/22/2021,EG,Egypt,EMRO,911,286168,48,16663
8/29/2021,EG,Egypt,EMRO,1476,287644,51,16714
9/5/2021,EG,Egypt,EMRO,2040,289684,62,16776
9/12/2021,EG,Egypt,EMRO,2792,292476,84,16860
9/19/2021,EG,Egypt,EMRO,3800,296276,91,16951
9/26/2021,EG,Egypt,EMRO,4669,300945,198,17149
10/3/2021,EG,Egypt,EMRO,5085,306030,250,17399
10/10/2021,EG,Egypt,EMRO,5546,311576,259,17658
10/17/2021,EG,Egypt,EMRO,6009,317585,268,17926
10/24/2021,EG,Egypt,EMRO,6148,323733,316,18242
10/31/2021,EG,Egypt,EMRO,6351,330084,350,18592
11/7/2021,EG,Egypt,EMRO,6498,336582,419,19011
11/14/2021,EG,Egypt,EMRO,6444,343026,424,19435
11/21/2021,EG,Egypt,EMRO,6487,349513,437,19872
11/28/2021,EG,Egypt,EMRO,6254,355767,433,20305
12/5/2021,EG,Egypt,EMRO,6493,362260,377,20682
12/12/2021,EG,Egypt,EMRO,6075,368335,333,21015
12/19/2021,EG,Egypt,EMRO,6076,374411,300,21315
12/26/2021,EG,Egypt,EMRO,6109,380520,256,21571
1/2/2022,EG,Egypt,EMRO,5838,386358,197,21768
1/9/2022,EG,Egypt,EMRO,5587,391945,170,21938
1/16/2022,EG,Egypt,EMRO,6934,398879,185,22123
1/23/2022,EG,Egypt,EMRO,9616,408495,207,22330
1/30/2022,EG,Egypt,EMRO,12983,421478,236,22566
2/6/2022,EG,Egypt,EMRO,15872,437350,311,22877
2/13/2022,EG,Egypt,EMRO,15471,452821,415,23292
2/20/2022,EG,Egypt,EMRO,14627,467448,402,23694
2/27/2022,EG,Egypt,EMRO,13279,480727,298,23992
3/6/2022,EG,Egypt,EMRO,9149,489876,180,24172
3/13/2022,EG,Egypt,EMRO,5497,495373,105,24277
3/20/2022,EG,Egypt,EMRO,5516,500889,84,24361
3/27/2022,EG,Egypt,EMRO,4375,505264,56,24417
4/3/2022,EG,Egypt,EMRO,3913,509177,56,24473
4/10/2022,EG,Egypt,EMRO,2800,511977,49,24522
4/17/2022,EG,Egypt,EMRO,868,512845,42,24564
4/24/2022,EG,Egypt,EMRO,623,513468,42,24606
5/1/2022,EG,Egypt,EMRO,322,513790,35,24641
5/8/2022,EG,Egypt,EMRO,56,513846,28,24669
5/15/2022,EG,Egypt,EMRO,35,513881,21,24690
5/22/2022,EG,Egypt,EMRO,35,513916,14,24704
5/29/2022,EG,Egypt,EMRO,28,513944,14,24718
6/5/2022,EG,Egypt,EMRO,31,513975,1,24719
6/12/2022,EG,Egypt,EMRO,33,514008,1,24720
6/19/2022,EG,Egypt,EMRO,39,514047,2,24722
6/26/2022,EG,Egypt,EMRO,41,514088,1,24723
7/3/2022,EG,Egypt,EMRO,45,514133,1,24724
7/10/2022,EG,Egypt,EMRO,49,514182,1,24725
7/17/2022,EG,Egypt,EMRO,231,514413,25,24750
7/24/2022,EG,Egypt,EMRO,246,514659,15,24765
7/31/2022,EG,Egypt,EMRO,232,514891,10,24775
8/7/2022,EG,Egypt,EMRO,191,515082,6,24781
8/14/2022,EG,Egypt,EMRO,116,515198,5,24786
8/21/2022,EG,Egypt,EMRO,66,515264,5,24791
8/28/2022,EG,Egypt,EMRO,44,515308,3,24794
9/4/2022,EG,Egypt,EMRO,27,515335,2,24796
9/11/2022,EG,Egypt,EMRO,13,515348,0,24796
9/18/2022,EG,Egypt,EMRO,13,515361,1,24797
9/25/2022,EG,Egypt,EMRO,10,515371,0,24797
10/2/2022,EG,Egypt,EMRO,10,515381,0,24797
10/9/2022,EG,Egypt,EMRO,7,515388,0,24797
10/16/2022,EG,Egypt,EMRO,9,515397,1,24798
10/23/2022,EG,Egypt,EMRO,4,515401,0,24798
10/30/2022,EG,Egypt,EMRO,5,515406,0,24798
11/6/2022,EG,Egypt,EMRO,6,515412,0,24798
11/13/2022,EG,Egypt,EMRO,8,515420,0,24798
11/20/2022,EG,Egypt,EMRO,11,515431,0,24798
11/27/2022,EG,Egypt,EMRO,11,515442,0,24798
12/4/2022,EG,Egypt,EMRO,14,515456,1,24799
12/11/2022,EG,Egypt,EMRO,19,515475,1,24800
12/18/2022,EG,Egypt,EMRO,18,515493,1,24801
12/25/2022,EG,Egypt,EMRO,21,515514,1,24802
1/1/2023,EG,Egypt,EMRO,19,515533,0,24802
1/8/2023,EG,Egypt,EMRO,23,515556,1,24803
1/15/2023,EG,Egypt,EMRO,24,515580,2,24805
1/22/2023,EG,Egypt,EMRO,29,515609,0,24805
1/29/2023,EG,Egypt,EMRO,26,515635,1,24806
2/5/2023,EG,Egypt,EMRO,31,515666,1,24807
2/12/2023,EG,Egypt,EMRO,32,515698,2,24809
2/19/2023,EG,Egypt,EMRO,31,515729,1,24810
2/26/2023,EG,Egypt,EMRO,30,515759,2,24812
3/5/2023,EG,Egypt,EMRO,33,515792,3,24815
3/12/2023,EG,Egypt,EMRO,31,515823,2,24817
3/19/2023,EG,Egypt,EMRO,29,515852,2,24819
3/26/2023,EG,Egypt,EMRO,30,515882,2,24821
4/2/2023,EG,Egypt,EMRO,31,515913,2,24823
4/9/2023,EG,Egypt,EMRO,29,515942,1,24824
4/16/2023,EG,Egypt,EMRO,28,515970,2,24826
4/23/2023,EG,Egypt,EMRO,26,515996,2,24828
4/30/2023,EG,Egypt,EMRO,27,516023,2,24830
5/7/2023,EG,Egypt,EMRO,0,516023,0,24830
5/14/2023,EG,Egypt,EMRO,0,516023,0,24830
5/21/2023,EG,Egypt,EMRO,0,516023,0,24830
5/28/2023,EG,Egypt,EMRO,0,516023,0,24830
6/4/2023,EG,Egypt,EMRO,0,516023,0,24830
6/11/2023,EG,Egypt,EMRO,0,516023,0,24830
6/18/2023,EG,Egypt,EMRO,0,516023,0,24830
6/25/2023,EG,Egypt,EMRO,0,516023,0,24830
7/2/2023,EG,Egypt,EMRO,0,516023,0,24830
7/9/2023,EG,Egypt,EMRO,0,516023,0,24830
7/16/2023,EG,Egypt,EMRO,0,516023,0,24830
7/23/2023,EG,Egypt,EMRO,0,516023,0,24830
7/30/2023,EG,Egypt,EMRO,0,516023,0,24830
8/6/2023,EG,Egypt,EMRO,0,516023,0,24830
8/13/2023,EG,Egypt,EMRO,0,516023,0,24830
8/20/2023,EG,Egypt,EMRO,0,516023,0,24830
8/27/2023,EG,Egypt,EMRO,0,516023,0,24830
9/3/2023,EG,Egypt,EMRO,0,516023,0,24830
9/10/2023,EG,Egypt,EMRO,0,516023,0,24830
9/17/2023,EG,Egypt,EMRO,0,516023,0,24830
9/24/2023,EG,Egypt,EMRO,0,516023,0,24830
10/1/2023,EG,Egypt,EMRO,0,516023,0,24830
10/8/2023,EG,Egypt,EMRO,0,516023,0,24830
10/15/2023,EG,Egypt,EMRO,0,516023,0,24830
10/22/2023,EG,Egypt,EMRO,0,516023,0,24830
10/29/2023,EG,Egypt,EMRO,0,516023,0,24830
11/5/2023,EG,Egypt,EMRO,0,516023,0,24830
11/12/2023,EG,Egypt,EMRO,0,516023,0,24830
11/19/2023,EG,Egypt,EMRO,0,516023,0,24830
11/26/2023,EG,Egypt,EMRO,0,516023,0,24830
12/3/2023,EG,Egypt,EMRO,0,516023,0,24830
12/10/2023,EG,Egypt,EMRO,0,516023,0,24830
12/17/2023,EG,Egypt,EMRO,0,516023,0,24830
12/24/2023,EG,Egypt,EMRO,0,516023,0,24830
1/5/2020,SV,El Salvador,AMRO,0,0,0,0
1/12/2020,SV,El Salvador,AMRO,0,0,0,0
1/19/2020,SV,El Salvador,AMRO,0,0,0,0
1/26/2020,SV,El Salvador,AMRO,0,0,0,0
2/2/2020,SV,El Salvador,AMRO,0,0,0,0
2/9/2020,SV,El Salvador,AMRO,0,0,0,0
2/16/2020,SV,El Salvador,AMRO,0,0,0,0
2/23/2020,SV,El Salvador,AMRO,0,0,0,0
3/1/2020,SV,El Salvador,AMRO,0,0,0,0
3/8/2020,SV,El Salvador,AMRO,0,0,0,0
3/15/2020,SV,El Salvador,AMRO,0,0,0,0
3/22/2020,SV,El Salvador,AMRO,1,1,0,0
3/29/2020,SV,El Salvador,AMRO,18,19,0,0
4/5/2020,SV,El Salvador,AMRO,37,56,3,3
4/12/2020,SV,El Salvador,AMRO,62,118,3,6
4/19/2020,SV,El Salvador,AMRO,72,190,1,7
4/26/2020,SV,El Salvador,AMRO,84,274,1,8
5/3/2020,SV,El Salvador,AMRO,172,446,2,10
5/10/2020,SV,El Salvador,AMRO,338,784,6,16
5/17/2020,SV,El Salvador,AMRO,481,1265,9,25
5/24/2020,SV,El Salvador,AMRO,554,1819,8,33
5/31/2020,SV,El Salvador,AMRO,576,2395,11,44
6/7/2020,SV,El Salvador,AMRO,539,2934,9,53
6/14/2020,SV,El Salvador,AMRO,669,3603,19,72
6/21/2020,SV,El Salvador,AMRO,872,4475,21,93
6/28/2020,SV,El Salvador,AMRO,1252,5727,50,143
7/5/2020,SV,El Salvador,AMRO,1780,7507,67,210
7/12/2020,SV,El Salvador,AMRO,1884,9391,44,254
7/19/2020,SV,El Salvador,AMRO,2117,11508,70,324
7/26/2020,SV,El Salvador,AMRO,2713,14221,66,390
8/2/2020,SV,El Salvador,AMRO,2829,17050,69,459
8/9/2020,SV,El Salvador,AMRO,2928,19978,77,536
8/16/2020,SV,El Salvador,AMRO,2641,22619,67,603
8/23/2020,SV,El Salvador,AMRO,1801,24420,51,654
8/30/2020,SV,El Salvador,AMRO,1117,25537,54,708
9/6/2020,SV,El Salvador,AMRO,669,26206,44,752
9/13/2020,SV,El Salvador,AMRO,645,26851,30,782
9/20/2020,SV,El Salvador,AMRO,577,27428,26,808
9/27/2020,SV,El Salvador,AMRO,987,28415,18,826
10/4/2020,SV,El Salvador,AMRO,943,29358,31,857
10/11/2020,SV,El Salvador,AMRO,712,30070,30,887
10/18/2020,SV,El Salvador,AMRO,1386,31456,30,917
10/25/2020,SV,El Salvador,AMRO,1129,32585,27,944
11/1/2020,SV,El Salvador,AMRO,860,33445,31,975
11/8/2020,SV,El Salvador,AMRO,1700,35145,31,1006
11/15/2020,SV,El Salvador,AMRO,1213,36358,33,1039
11/22/2020,SV,El Salvador,AMRO,892,37250,31,1070
11/29/2020,SV,El Salvador,AMRO,1155,38405,37,1107
12/6/2020,SV,El Salvador,AMRO,1313,39718,46,1153
12/13/2020,SV,El Salvador,AMRO,1676,41394,40,1193
12/20/2020,SV,El Salvador,AMRO,1801,43195,49,1242
12/27/2020,SV,El Salvador,AMRO,1424,44619,55,1297
1/3/2021,SV,El Salvador,AMRO,1623,46242,54,1351
1/10/2021,SV,El Salvador,AMRO,2332,48574,57,1408
1/17/2021,SV,El Salvador,AMRO,1583,50157,71,1479
1/24/2021,SV,El Salvador,AMRO,2515,52672,72,1551
1/31/2021,SV,El Salvador,AMRO,1317,53989,63,1614
2/7/2021,SV,El Salvador,AMRO,2248,56237,59,1673
2/14/2021,SV,El Salvador,AMRO,1191,57428,61,1734
2/21/2021,SV,El Salvador,AMRO,1118,58546,58,1792
2/28/2021,SV,El Salvador,AMRO,1320,59866,55,1847
3/7/2021,SV,El Salvador,AMRO,934,60800,47,1894
3/14/2021,SV,El Salvador,AMRO,1286,62086,51,1945
3/21/2021,SV,El Salvador,AMRO,445,62531,30,1975
3/28/2021,SV,El Salvador,AMRO,1235,63766,23,1998
4/4/2021,SV,El Salvador,AMRO,665,64431,23,2021
4/11/2021,SV,El Salvador,AMRO,1060,65491,27,2048
4/18/2021,SV,El Salvador,AMRO,1913,67404,24,2072
4/25/2021,SV,El Salvador,AMRO,914,68318,26,2098
5/2/2021,SV,El Salvador,AMRO,880,69198,30,2128
5/9/2021,SV,El Salvador,AMRO,1057,70255,22,2150
5/16/2021,SV,El Salvador,AMRO,660,70915,32,2182
5/23/2021,SV,El Salvador,AMRO,1305,72220,29,2211
5/30/2021,SV,El Salvador,AMRO,1026,73246,30,2241
6/6/2021,SV,El Salvador,AMRO,895,74141,25,2266
6/13/2021,SV,El Salvador,AMRO,1210,75351,26,2292
6/20/2021,SV,El Salvador,AMRO,1346,76697,35,2327
6/27/2021,SV,El Salvador,AMRO,787,77484,34,2361
7/4/2021,SV,El Salvador,AMRO,2306,79790,36,2397
7/11/2021,SV,El Salvador,AMRO,1142,80932,42,2439
7/18/2021,SV,El Salvador,AMRO,1920,82852,45,2484
7/25/2021,SV,El Salvador,AMRO,1839,84691,63,2547
8/1/2021,SV,El Salvador,AMRO,1929,86620,82,2629
8/8/2021,SV,El Salvador,AMRO,1751,88371,74,2703
8/15/2021,SV,El Salvador,AMRO,1758,90129,78,2781
8/22/2021,SV,El Salvador,AMRO,2557,92686,50,2831
8/29/2021,SV,El Salvador,AMRO,1374,94060,59,2890
9/5/2021,SV,El Salvador,AMRO,2007,96067,62,2952
9/12/2021,SV,El Salvador,AMRO,2989,99056,61,3013
9/19/2021,SV,El Salvador,AMRO,645,99701,77,3090
9/26/2021,SV,El Salvador,AMRO,3977,103678,84,3174
10/3/2021,SV,El Salvador,AMRO,670,104348,88,3262
10/10/2021,SV,El Salvador,AMRO,3316,107664,106,3368
10/17/2021,SV,El Salvador,AMRO,2524,110188,92,3460
10/24/2021,SV,El Salvador,AMRO,2102,112290,94,3554
10/31/2021,SV,El Salvador,AMRO,1132,113422,68,3622
11/7/2021,SV,El Salvador,AMRO,2836,116258,53,3675
11/14/2021,SV,El Salvador,AMRO,1464,117722,46,3721
11/21/2021,SV,El Salvador,AMRO,319,118041,30,3751
11/28/2021,SV,El Salvador,AMRO,0,118041,18,3769
12/5/2021,SV,El Salvador,AMRO,1762,119803,12,3781
12/12/2021,SV,El Salvador,AMRO,0,119803,12,3793
12/19/2021,SV,El Salvador,AMRO,1681,121484,12,3805
12/26/2021,SV,El Salvador,AMRO,257,121741,13,3818
1/2/2022,SV,El Salvador,AMRO,204,121945,6,3824
1/9/2022,SV,El Salvador,AMRO,289,122234,3,3827
1/16/2022,SV,El Salvador,AMRO,1343,123577,5,3832
1/23/2022,SV,El Salvador,AMRO,3435,127012,19,3851
1/30/2022,SV,El Salvador,AMRO,6250,133262,33,3884
2/6/2022,SV,El Salvador,AMRO,1847,135109,49,3933
2/13/2022,SV,El Salvador,AMRO,0,135109,56,3989
2/20/2022,SV,El Salvador,AMRO,12677,147786,43,4032
2/27/2022,SV,El Salvador,AMRO,0,147786,36,4068
3/6/2022,SV,El Salvador,AMRO,8578,156364,18,4086
3/13/2022,SV,El Salvador,AMRO,0,156364,9,4095
3/20/2022,SV,El Salvador,AMRO,4688,161052,14,4109
3/27/2022,SV,El Salvador,AMRO,0,161052,7,4116
4/3/2022,SV,El Salvador,AMRO,0,161052,3,4119
4/10/2022,SV,El Salvador,AMRO,518,161570,2,4121
4/17/2022,SV,El Salvador,AMRO,519,162089,3,4124
4/24/2022,SV,El Salvador,AMRO,0,162089,3,4127
5/1/2022,SV,El Salvador,AMRO,0,162089,1,4128
5/8/2022,SV,El Salvador,AMRO,0,162089,0,4128
5/15/2022,SV,El Salvador,AMRO,0,162089,1,4129
5/22/2022,SV,El Salvador,AMRO,0,162089,1,4130
5/29/2022,SV,El Salvador,AMRO,666,162755,1,4131
6/5/2022,SV,El Salvador,AMRO,0,162755,1,4132
6/12/2022,SV,El Salvador,AMRO,1379,164134,2,4134
6/19/2022,SV,El Salvador,AMRO,0,164134,3,4137
6/26/2022,SV,El Salvador,AMRO,5512,169646,2,4139
7/3/2022,SV,El Salvador,AMRO,0,169646,7,4146
7/10/2022,SV,El Salvador,AMRO,11324,180970,10,4156
7/17/2022,SV,El Salvador,AMRO,0,180970,11,4167
7/24/2022,SV,El Salvador,AMRO,0,180970,17,4184
7/31/2022,SV,El Salvador,AMRO,9848,190818,10,4194
8/7/2022,SV,El Salvador,AMRO,0,190818,14,4208
8/14/2022,SV,El Salvador,AMRO,0,190818,9,4217
8/21/2022,SV,El Salvador,AMRO,0,190818,1,4218
8/28/2022,SV,El Salvador,AMRO,0,190818,2,4220
9/4/2022,SV,El Salvador,AMRO,10967,201785,4,4224
9/11/2022,SV,El Salvador,AMRO,0,201785,3,4227
9/18/2022,SV,El Salvador,AMRO,0,201785,1,4228
9/25/2022,SV,El Salvador,AMRO,0,201785,1,4229
10/2/2022,SV,El Salvador,AMRO,0,201785,0,4229
10/9/2022,SV,El Salvador,AMRO,0,201785,1,4230
10/16/2022,SV,El Salvador,AMRO,0,201785,0,4230
10/23/2022,SV,El Salvador,AMRO,0,201785,0,4230
10/30/2022,SV,El Salvador,AMRO,0,201785,0,4230
11/6/2022,SV,El Salvador,AMRO,0,201785,0,4230
11/13/2022,SV,El Salvador,AMRO,0,201785,0,4230
11/20/2022,SV,El Salvador,AMRO,0,201785,0,4230
11/27/2022,SV,El Salvador,AMRO,0,201785,0,4230
12/4/2022,SV,El Salvador,AMRO,0,201785,0,4230
12/11/2022,SV,El Salvador,AMRO,0,201785,0,4230
12/18/2022,SV,El Salvador,AMRO,0,201785,0,4230
12/25/2022,SV,El Salvador,AMRO,0,201785,0,4230
1/1/2023,SV,El Salvador,AMRO,0,201785,0,4230
1/8/2023,SV,El Salvador,AMRO,0,201785,0,4230
1/15/2023,SV,El Salvador,AMRO,0,201785,0,4230
1/22/2023,SV,El Salvador,AMRO,0,201785,0,4230
1/29/2023,SV,El Salvador,AMRO,0,201785,0,4230
2/5/2023,SV,El Salvador,AMRO,0,201785,0,4230
2/12/2023,SV,El Salvador,AMRO,0,201785,0,4230
2/19/2023,SV,El Salvador,AMRO,0,201785,0,4230
2/26/2023,SV,El Salvador,AMRO,0,201785,0,4230
3/5/2023,SV,El Salvador,AMRO,0,201785,0,4230
3/12/2023,SV,El Salvador,AMRO,0,201785,0,4230
3/19/2023,SV,El Salvador,AMRO,0,201785,0,4230
3/26/2023,SV,El Salvador,AMRO,0,201785,0,4230
4/2/2023,SV,El Salvador,AMRO,0,201785,0,4230
4/9/2023,SV,El Salvador,AMRO,0,201785,0,4230
4/16/2023,SV,El Salvador,AMRO,0,201785,0,4230
4/23/2023,SV,El Salvador,AMRO,0,201785,0,4230
4/30/2023,SV,El Salvador,AMRO,0,201785,0,4230
5/7/2023,SV,El Salvador,AMRO,0,201785,0,4230
5/14/2023,SV,El Salvador,AMRO,0,201785,0,4230
5/21/2023,SV,El Salvador,AMRO,0,201785,0,4230
5/28/2023,SV,El Salvador,AMRO,0,201785,0,4230
6/4/2023,SV,El Salvador,AMRO,1,201786,0,4230
6/11/2023,SV,El Salvador,AMRO,0,201786,0,4230
6/18/2023,SV,El Salvador,AMRO,1,201787,0,4230
6/25/2023,SV,El Salvador,AMRO,0,201787,0,4230
7/2/2023,SV,El Salvador,AMRO,0,201787,0,4230
7/9/2023,SV,El Salvador,AMRO,3,201790,0,4230
7/16/2023,SV,El Salvador,AMRO,5,201795,0,4230
7/23/2023,SV,El Salvador,AMRO,5,201800,0,4230
7/30/2023,SV,El Salvador,AMRO,3,201803,0,4230
8/6/2023,SV,El Salvador,AMRO,4,201807,0,4230
8/13/2023,SV,El Salvador,AMRO,6,201813,0,4230
8/20/2023,SV,El Salvador,AMRO,3,201816,0,4230
8/27/2023,SV,El Salvador,AMRO,6,201822,0,4230
9/3/2023,SV,El Salvador,AMRO,6,201828,0,4230
9/10/2023,SV,El Salvador,AMRO,1,201829,0,4230
9/17/2023,SV,El Salvador,AMRO,0,201829,0,4230
9/24/2023,SV,El Salvador,AMRO,0,201829,0,4230
10/1/2023,SV,El Salvador,AMRO,1,201830,0,4230
10/8/2023,SV,El Salvador,AMRO,0,201830,0,4230
10/15/2023,SV,El Salvador,AMRO,0,201830,0,4230
10/22/2023,SV,El Salvador,AMRO,2,201832,0,4230
10/29/2023,SV,El Salvador,AMRO,0,201832,0,4230
11/5/2023,SV,El Salvador,AMRO,0,201832,0,4230
11/12/2023,SV,El Salvador,AMRO,1,201833,0,4230
11/19/2023,SV,El Salvador,AMRO,0,201833,0,4230
11/26/2023,SV,El Salvador,AMRO,0,201833,0,4230
12/3/2023,SV,El Salvador,AMRO,0,201833,0,4230
12/10/2023,SV,El Salvador,AMRO,0,201833,0,4230
12/17/2023,SV,El Salvador,AMRO,0,201833,0,4230
12/24/2023,SV,El Salvador,AMRO,0,201833,0,4230
1/5/2020,GQ,Equatorial Guinea,AFRO,0,0,0,0
1/12/2020,GQ,Equatorial Guinea,AFRO,0,0,0,0
1/19/2020,GQ,Equatorial Guinea,AFRO,0,0,0,0
1/26/2020,GQ,Equatorial Guinea,AFRO,0,0,0,0
2/2/2020,GQ,Equatorial Guinea,AFRO,0,0,0,0
2/9/2020,GQ,Equatorial Guinea,AFRO,0,0,0,0
2/16/2020,GQ,Equatorial Guinea,AFRO,0,0,0,0
2/23/2020,GQ,Equatorial Guinea,AFRO,0,0,0,0
3/1/2020,GQ,Equatorial Guinea,AFRO,0,0,0,0
3/8/2020,GQ,Equatorial Guinea,AFRO,0,0,0,0
3/15/2020,GQ,Equatorial Guinea,AFRO,1,1,0,0
3/22/2020,GQ,Equatorial Guinea,AFRO,5,6,0,0
3/29/2020,GQ,Equatorial Guinea,AFRO,7,13,0,0
4/5/2020,GQ,Equatorial Guinea,AFRO,3,16,0,0
4/12/2020,GQ,Equatorial Guinea,AFRO,5,21,0,0
4/19/2020,GQ,Equatorial Guinea,AFRO,58,79,0,0
4/26/2020,GQ,Equatorial Guinea,AFRO,206,285,1,1
5/3/2020,GQ,Equatorial Guinea,AFRO,220,505,3,4
5/10/2020,GQ,Equatorial Guinea,AFRO,183,688,3,7
5/17/2020,GQ,Equatorial Guinea,AFRO,239,927,0,7
5/24/2020,GQ,Equatorial Guinea,AFRO,386,1313,5,12
5/31/2020,GQ,Equatorial Guinea,AFRO,415,1728,0,12
6/7/2020,GQ,Equatorial Guinea,AFRO,460,2188,0,12
6/14/2020,GQ,Equatorial Guinea,AFRO,306,2494,0,12
6/21/2020,GQ,Equatorial Guinea,AFRO,298,2792,29,41
6/28/2020,GQ,Equatorial Guinea,AFRO,683,3475,0,41
7/5/2020,GQ,Equatorial Guinea,AFRO,446,3921,0,41
7/12/2020,GQ,Equatorial Guinea,AFRO,316,4237,0,41
7/19/2020,GQ,Equatorial Guinea,AFRO,398,4635,0,41
7/26/2020,GQ,Equatorial Guinea,AFRO,143,4778,0,41
8/2/2020,GQ,Equatorial Guinea,AFRO,43,4821,42,83
8/9/2020,GQ,Equatorial Guinea,AFRO,0,4821,0,83
8/16/2020,GQ,Equatorial Guinea,AFRO,0,4821,0,83
8/23/2020,GQ,Equatorial Guinea,AFRO,105,4926,0,83
8/30/2020,GQ,Equatorial Guinea,AFRO,15,4941,0,83
9/6/2020,GQ,Equatorial Guinea,AFRO,31,4972,0,83
9/13/2020,GQ,Equatorial Guinea,AFRO,24,4996,0,83
9/20/2020,GQ,Equatorial Guinea,AFRO,6,5002,0,83
9/27/2020,GQ,Equatorial Guinea,AFRO,26,5028,0,83
10/4/2020,GQ,Equatorial Guinea,AFRO,17,5045,0,83
10/11/2020,GQ,Equatorial Guinea,AFRO,21,5066,0,83
10/18/2020,GQ,Equatorial Guinea,AFRO,4,5070,0,83
10/25/2020,GQ,Equatorial Guinea,AFRO,9,5079,0,83
11/1/2020,GQ,Equatorial Guinea,AFRO,9,5088,0,83
11/8/2020,GQ,Equatorial Guinea,AFRO,4,5092,2,85
11/15/2020,GQ,Equatorial Guinea,AFRO,12,5104,0,85
11/22/2020,GQ,Equatorial Guinea,AFRO,26,5130,0,85
11/29/2020,GQ,Equatorial Guinea,AFRO,23,5153,0,85
12/6/2020,GQ,Equatorial Guinea,AFRO,13,5166,0,85
12/13/2020,GQ,Equatorial Guinea,AFRO,19,5185,0,85
12/20/2020,GQ,Equatorial Guinea,AFRO,29,5214,0,85
12/27/2020,GQ,Equatorial Guinea,AFRO,22,5236,1,86
1/3/2021,GQ,Equatorial Guinea,AFRO,43,5279,0,86
1/10/2021,GQ,Equatorial Guinea,AFRO,17,5296,0,86
1/17/2021,GQ,Equatorial Guinea,AFRO,69,5365,0,86
1/24/2021,GQ,Equatorial Guinea,AFRO,89,5454,0,86
1/31/2021,GQ,Equatorial Guinea,AFRO,80,5534,0,86
2/7/2021,GQ,Equatorial Guinea,AFRO,80,5614,1,87
2/14/2021,GQ,Equatorial Guinea,AFRO,80,5694,0,87
2/21/2021,GQ,Equatorial Guinea,AFRO,104,5798,2,89
2/28/2021,GQ,Equatorial Guinea,AFRO,297,6095,3,92
3/7/2021,GQ,Equatorial Guinea,AFRO,276,6371,4,96
3/14/2021,GQ,Equatorial Guinea,AFRO,191,6562,2,98
3/21/2021,GQ,Equatorial Guinea,AFRO,174,6736,3,101
3/28/2021,GQ,Equatorial Guinea,AFRO,178,6914,1,102
4/4/2021,GQ,Equatorial Guinea,AFRO,145,7059,2,104
4/11/2021,GQ,Equatorial Guinea,AFRO,160,7219,2,106
4/18/2021,GQ,Equatorial Guinea,AFRO,40,7259,0,106
4/25/2021,GQ,Equatorial Guinea,AFRO,300,7559,1,107
5/2/2021,GQ,Equatorial Guinea,AFRO,135,7694,5,112
5/9/2021,GQ,Equatorial Guinea,AFRO,0,7694,0,112
5/16/2021,GQ,Equatorial Guinea,AFRO,0,7694,0,112
5/23/2021,GQ,Equatorial Guinea,AFRO,782,8476,1,113
5/30/2021,GQ,Equatorial Guinea,AFRO,53,8529,5,118
6/6/2021,GQ,Equatorial Guinea,AFRO,97,8626,0,118
6/13/2021,GQ,Equatorial Guinea,AFRO,36,8662,2,120
6/20/2021,GQ,Equatorial Guinea,AFRO,46,8708,0,120
6/27/2021,GQ,Equatorial Guinea,AFRO,15,8723,1,121
7/4/2021,GQ,Equatorial Guinea,AFRO,36,8759,1,122
7/11/2021,GQ,Equatorial Guinea,AFRO,56,8815,0,122
7/18/2021,GQ,Equatorial Guinea,AFRO,33,8848,1,123
7/25/2021,GQ,Equatorial Guinea,AFRO,32,8880,0,123
8/1/2021,GQ,Equatorial Guinea,AFRO,31,8911,0,123
8/8/2021,GQ,Equatorial Guinea,AFRO,40,8951,0,123
8/15/2021,GQ,Equatorial Guinea,AFRO,21,8972,0,123
8/22/2021,GQ,Equatorial Guinea,AFRO,124,9096,0,123
8/29/2021,GQ,Equatorial Guinea,AFRO,230,9326,1,124
9/5/2021,GQ,Equatorial Guinea,AFRO,613,9939,5,129
9/12/2021,GQ,Equatorial Guinea,AFRO,559,10498,2,131
9/19/2021,GQ,Equatorial Guinea,AFRO,565,11063,6,137
9/26/2021,GQ,Equatorial Guinea,AFRO,743,11806,5,142
10/3/2021,GQ,Equatorial Guinea,AFRO,726,12532,8,150
10/10/2021,GQ,Equatorial Guinea,AFRO,254,12786,5,155
10/17/2021,GQ,Equatorial Guinea,AFRO,234,13020,6,161
10/24/2021,GQ,Equatorial Guinea,AFRO,146,13166,2,163
10/31/2021,GQ,Equatorial Guinea,AFRO,211,13377,4,167
11/7/2021,GQ,Equatorial Guinea,AFRO,30,13407,1,168
11/14/2021,GQ,Equatorial Guinea,AFRO,52,13459,0,168
11/21/2021,GQ,Equatorial Guinea,AFRO,79,13538,2,170
11/28/2021,GQ,Equatorial Guinea,AFRO,41,13579,3,173
12/5/2021,GQ,Equatorial Guinea,AFRO,20,13599,2,175
12/12/2021,GQ,Equatorial Guinea,AFRO,13,13612,0,175
12/19/2021,GQ,Equatorial Guinea,AFRO,6,13618,0,175
12/26/2021,GQ,Equatorial Guinea,AFRO,12,13630,0,175
1/2/2022,GQ,Equatorial Guinea,AFRO,80,13710,0,175
1/9/2022,GQ,Equatorial Guinea,AFRO,1161,14871,2,177
1/16/2022,GQ,Equatorial Guinea,AFRO,621,15492,1,178
1/23/2022,GQ,Equatorial Guinea,AFRO,240,15732,3,181
1/30/2022,GQ,Equatorial Guinea,AFRO,70,15802,1,182
2/6/2022,GQ,Equatorial Guinea,AFRO,43,15845,0,182
2/13/2022,GQ,Equatorial Guinea,AFRO,8,15853,0,182
2/20/2022,GQ,Equatorial Guinea,AFRO,21,15874,0,182
2/27/2022,GQ,Equatorial Guinea,AFRO,10,15884,0,182
3/6/2022,GQ,Equatorial Guinea,AFRO,10,15894,1,183
3/13/2022,GQ,Equatorial Guinea,AFRO,4,15898,0,183
3/20/2022,GQ,Equatorial Guinea,AFRO,-98,15800,0,183
3/27/2022,GQ,Equatorial Guinea,AFRO,103,15903,0,183
4/3/2022,GQ,Equatorial Guinea,AFRO,1,15904,0,183
4/10/2022,GQ,Equatorial Guinea,AFRO,0,15904,0,183
4/17/2022,GQ,Equatorial Guinea,AFRO,3,15907,0,183
4/24/2022,GQ,Equatorial Guinea,AFRO,0,15907,0,183
5/1/2022,GQ,Equatorial Guinea,AFRO,0,15907,0,183
5/8/2022,GQ,Equatorial Guinea,AFRO,3,15910,0,183
5/15/2022,GQ,Equatorial Guinea,AFRO,0,15910,0,183
5/22/2022,GQ,Equatorial Guinea,AFRO,0,15910,0,183
5/29/2022,GQ,Equatorial Guinea,AFRO,11,15921,0,183
6/5/2022,GQ,Equatorial Guinea,AFRO,3,15924,0,183
6/12/2022,GQ,Equatorial Guinea,AFRO,21,15945,0,183
6/19/2022,GQ,Equatorial Guinea,AFRO,6,15951,0,183
6/26/2022,GQ,Equatorial Guinea,AFRO,44,15995,0,183
7/3/2022,GQ,Equatorial Guinea,AFRO,119,16114,0,183
7/10/2022,GQ,Equatorial Guinea,AFRO,353,16467,0,183
7/17/2022,GQ,Equatorial Guinea,AFRO,154,16621,0,183
7/24/2022,GQ,Equatorial Guinea,AFRO,33,16654,0,183
7/31/2022,GQ,Equatorial Guinea,AFRO,87,16741,0,183
8/7/2022,GQ,Equatorial Guinea,AFRO,44,16785,0,183
8/14/2022,GQ,Equatorial Guinea,AFRO,16,16801,0,183
8/21/2022,GQ,Equatorial Guinea,AFRO,39,16840,0,183
8/28/2022,GQ,Equatorial Guinea,AFRO,13,16853,0,183
9/4/2022,GQ,Equatorial Guinea,AFRO,7,16860,0,183
9/11/2022,GQ,Equatorial Guinea,AFRO,13,16873,0,183
9/18/2022,GQ,Equatorial Guinea,AFRO,24,16897,0,183
9/25/2022,GQ,Equatorial Guinea,AFRO,16,16913,0,183
10/2/2022,GQ,Equatorial Guinea,AFRO,6,16919,0,183
10/9/2022,GQ,Equatorial Guinea,AFRO,30,16949,0,183
10/16/2022,GQ,Equatorial Guinea,AFRO,71,17020,0,183
10/23/2022,GQ,Equatorial Guinea,AFRO,36,17056,0,183
10/30/2022,GQ,Equatorial Guinea,AFRO,20,17076,0,183
11/6/2022,GQ,Equatorial Guinea,AFRO,5,17081,0,183
11/13/2022,GQ,Equatorial Guinea,AFRO,4,17085,0,183
11/20/2022,GQ,Equatorial Guinea,AFRO,0,17085,0,183
11/27/2022,GQ,Equatorial Guinea,AFRO,1,17086,0,183
12/4/2022,GQ,Equatorial Guinea,AFRO,1,17087,0,183
12/11/2022,GQ,Equatorial Guinea,AFRO,1,17088,0,183
12/18/2022,GQ,Equatorial Guinea,AFRO,1,17089,0,183
12/25/2022,GQ,Equatorial Guinea,AFRO,0,17089,0,183
1/1/2023,GQ,Equatorial Guinea,AFRO,0,17089,0,183
1/8/2023,GQ,Equatorial Guinea,AFRO,0,17089,0,183
1/15/2023,GQ,Equatorial Guinea,AFRO,0,17089,0,183
1/22/2023,GQ,Equatorial Guinea,AFRO,0,17089,0,183
1/29/2023,GQ,Equatorial Guinea,AFRO,4,17093,0,183
2/5/2023,GQ,Equatorial Guinea,AFRO,20,17113,0,183
2/12/2023,GQ,Equatorial Guinea,AFRO,2,17115,0,183
2/19/2023,GQ,Equatorial Guinea,AFRO,15,17130,0,183
2/26/2023,GQ,Equatorial Guinea,AFRO,0,17130,0,183
3/5/2023,GQ,Equatorial Guinea,AFRO,0,17130,0,183
3/12/2023,GQ,Equatorial Guinea,AFRO,0,17130,0,183
3/19/2023,GQ,Equatorial Guinea,AFRO,0,17130,0,183
3/26/2023,GQ,Equatorial Guinea,AFRO,0,17130,0,183
4/2/2023,GQ,Equatorial Guinea,AFRO,0,17130,0,183
4/9/2023,GQ,Equatorial Guinea,AFRO,0,17130,0,183
4/16/2023,GQ,Equatorial Guinea,AFRO,0,17130,0,183
4/23/2023,GQ,Equatorial Guinea,AFRO,0,17130,0,183
4/30/2023,GQ,Equatorial Guinea,AFRO,0,17130,0,183
5/7/2023,GQ,Equatorial Guinea,AFRO,0,17130,0,183
5/14/2023,GQ,Equatorial Guinea,AFRO,0,17130,0,183
5/21/2023,GQ,Equatorial Guinea,AFRO,0,17130,0,183
5/28/2023,GQ,Equatorial Guinea,AFRO,0,17130,0,183
6/4/2023,GQ,Equatorial Guinea,AFRO,0,17130,0,183
6/11/2023,GQ,Equatorial Guinea,AFRO,0,17130,0,183
6/18/2023,GQ,Equatorial Guinea,AFRO,0,17130,0,183
6/25/2023,GQ,Equatorial Guinea,AFRO,0,17130,0,183
7/2/2023,GQ,Equatorial Guinea,AFRO,0,17130,0,183
7/9/2023,GQ,Equatorial Guinea,AFRO,0,17130,0,183
7/16/2023,GQ,Equatorial Guinea,AFRO,0,17130,0,183
7/23/2023,GQ,Equatorial Guinea,AFRO,0,17130,0,183
7/30/2023,GQ,Equatorial Guinea,AFRO,0,17130,0,183
8/6/2023,GQ,Equatorial Guinea,AFRO,0,17130,0,183
8/13/2023,GQ,Equatorial Guinea,AFRO,0,17130,0,183
8/20/2023,GQ,Equatorial Guinea,AFRO,0,17130,0,183
8/27/2023,GQ,Equatorial Guinea,AFRO,0,17130,0,183
9/3/2023,GQ,Equatorial Guinea,AFRO,0,17130,0,183
9/10/2023,GQ,Equatorial Guinea,AFRO,0,17130,0,183
9/17/2023,GQ,Equatorial Guinea,AFRO,0,17130,0,183
9/24/2023,GQ,Equatorial Guinea,AFRO,0,17130,0,183
10/1/2023,GQ,Equatorial Guinea,AFRO,0,17130,0,183
10/8/2023,GQ,Equatorial Guinea,AFRO,0,17130,0,183
10/15/2023,GQ,Equatorial Guinea,AFRO,0,17130,0,183
10/22/2023,GQ,Equatorial Guinea,AFRO,0,17130,0,183
10/29/2023,GQ,Equatorial Guinea,AFRO,0,17130,0,183
11/5/2023,GQ,Equatorial Guinea,AFRO,0,17130,0,183
11/12/2023,GQ,Equatorial Guinea,AFRO,0,17130,0,183
11/19/2023,GQ,Equatorial Guinea,AFRO,0,17130,0,183
11/26/2023,GQ,Equatorial Guinea,AFRO,0,17130,0,183
12/3/2023,GQ,Equatorial Guinea,AFRO,0,17130,0,183
12/10/2023,GQ,Equatorial Guinea,AFRO,0,17130,0,183
12/17/2023,GQ,Equatorial Guinea,AFRO,0,17130,0,183
12/24/2023,GQ,Equatorial Guinea,AFRO,0,17130,0,183
1/5/2020,ER,Eritrea,AFRO,0,0,0,0
1/12/2020,ER,Eritrea,AFRO,0,0,0,0
1/19/2020,ER,Eritrea,AFRO,0,0,0,0
1/26/2020,ER,Eritrea,AFRO,0,0,0,0
2/2/2020,ER,Eritrea,AFRO,0,0,0,0
2/9/2020,ER,Eritrea,AFRO,0,0,0,0
2/16/2020,ER,Eritrea,AFRO,0,0,0,0
2/23/2020,ER,Eritrea,AFRO,0,0,0,0
3/1/2020,ER,Eritrea,AFRO,0,0,0,0
3/8/2020,ER,Eritrea,AFRO,0,0,0,0
3/15/2020,ER,Eritrea,AFRO,0,0,0,0
3/22/2020,ER,Eritrea,AFRO,1,1,0,0
3/29/2020,ER,Eritrea,AFRO,5,6,0,0
4/5/2020,ER,Eritrea,AFRO,14,20,0,0
4/12/2020,ER,Eritrea,AFRO,14,34,0,0
4/19/2020,ER,Eritrea,AFRO,5,39,0,0
4/26/2020,ER,Eritrea,AFRO,0,39,0,0
5/3/2020,ER,Eritrea,AFRO,0,39,0,0
5/10/2020,ER,Eritrea,AFRO,0,39,0,0
5/17/2020,ER,Eritrea,AFRO,0,39,0,0
5/24/2020,ER,Eritrea,AFRO,0,39,0,0
5/31/2020,ER,Eritrea,AFRO,0,39,0,0
6/7/2020,ER,Eritrea,AFRO,2,41,0,0
6/14/2020,ER,Eritrea,AFRO,24,65,0,0
6/21/2020,ER,Eritrea,AFRO,78,143,0,0
6/28/2020,ER,Eritrea,AFRO,48,191,0,0
7/5/2020,ER,Eritrea,AFRO,24,215,0,0
7/12/2020,ER,Eritrea,AFRO,17,232,0,0
7/19/2020,ER,Eritrea,AFRO,19,251,0,0
7/26/2020,ER,Eritrea,AFRO,12,263,0,0
8/2/2020,ER,Eritrea,AFRO,16,279,0,0
8/9/2020,ER,Eritrea,AFRO,6,285,0,0
8/16/2020,ER,Eritrea,AFRO,0,285,0,0
8/23/2020,ER,Eritrea,AFRO,21,306,0,0
8/30/2020,ER,Eritrea,AFRO,12,318,0,0
9/6/2020,ER,Eritrea,AFRO,12,330,0,0
9/13/2020,ER,Eritrea,AFRO,31,361,0,0
9/20/2020,ER,Eritrea,AFRO,3,364,0,0
9/27/2020,ER,Eritrea,AFRO,11,375,0,0
10/4/2020,ER,Eritrea,AFRO,23,398,0,0
10/11/2020,ER,Eritrea,AFRO,16,414,0,0
10/18/2020,ER,Eritrea,AFRO,38,452,0,0
10/25/2020,ER,Eritrea,AFRO,9,461,0,0
11/1/2020,ER,Eritrea,AFRO,2,463,0,0
11/8/2020,ER,Eritrea,AFRO,28,491,0,0
11/15/2020,ER,Eritrea,AFRO,2,493,0,0
11/22/2020,ER,Eritrea,AFRO,58,551,0,0
11/29/2020,ER,Eritrea,AFRO,26,577,0,0
12/6/2020,ER,Eritrea,AFRO,55,632,0,0
12/13/2020,ER,Eritrea,AFRO,79,711,0,0
12/20/2020,ER,Eritrea,AFRO,43,754,0,0
12/27/2020,ER,Eritrea,AFRO,243,997,1,1
1/3/2021,ER,Eritrea,AFRO,323,1320,2,3
1/10/2021,ER,Eritrea,AFRO,236,1556,3,6
1/17/2021,ER,Eritrea,AFRO,321,1877,0,6
1/24/2021,ER,Eritrea,AFRO,63,1940,0,6
1/31/2021,ER,Eritrea,AFRO,195,2135,1,7
2/7/2021,ER,Eritrea,AFRO,191,2326,0,7
2/14/2021,ER,Eritrea,AFRO,103,2429,0,7
2/21/2021,ER,Eritrea,AFRO,256,2685,0,7
2/28/2021,ER,Eritrea,AFRO,162,2847,0,7
3/7/2021,ER,Eritrea,AFRO,97,2944,0,7
3/14/2021,ER,Eritrea,AFRO,94,3038,0,7
3/21/2021,ER,Eritrea,AFRO,80,3118,0,7
3/28/2021,ER,Eritrea,AFRO,90,3208,2,9
4/4/2021,ER,Eritrea,AFRO,126,3334,1,10
4/11/2021,ER,Eritrea,AFRO,113,3447,0,10
4/18/2021,ER,Eritrea,AFRO,44,3491,0,10
4/25/2021,ER,Eritrea,AFRO,114,3605,0,10
5/2/2021,ER,Eritrea,AFRO,66,3671,0,10
5/9/2021,ER,Eritrea,AFRO,71,3742,2,12
5/16/2021,ER,Eritrea,AFRO,102,3844,0,12
5/23/2021,ER,Eritrea,AFRO,88,3932,2,14
5/30/2021,ER,Eritrea,AFRO,129,4061,0,14
6/6/2021,ER,Eritrea,AFRO,400,4461,0,14
6/13/2021,ER,Eritrea,AFRO,387,4848,2,16
6/20/2021,ER,Eritrea,AFRO,488,5336,3,19
6/27/2021,ER,Eritrea,AFRO,444,5780,2,21
7/4/2021,ER,Eritrea,AFRO,294,6074,4,25
7/11/2021,ER,Eritrea,AFRO,203,6277,4,29
7/18/2021,ER,Eritrea,AFRO,125,6402,1,30
7/25/2021,ER,Eritrea,AFRO,93,6495,3,33
8/1/2021,ER,Eritrea,AFRO,52,6547,2,35
8/8/2021,ER,Eritrea,AFRO,29,6576,0,35
8/15/2021,ER,Eritrea,AFRO,25,6601,2,37
8/22/2021,ER,Eritrea,AFRO,19,6620,0,37
8/29/2021,ER,Eritrea,AFRO,19,6639,0,37
9/5/2021,ER,Eritrea,AFRO,8,6647,1,38
9/12/2021,ER,Eritrea,AFRO,8,6655,2,40
9/19/2021,ER,Eritrea,AFRO,16,6671,0,40
9/26/2021,ER,Eritrea,AFRO,23,6694,2,42
10/3/2021,ER,Eritrea,AFRO,28,6722,0,42
10/10/2021,ER,Eritrea,AFRO,19,6741,0,42
10/17/2021,ER,Eritrea,AFRO,32,6773,2,44
10/24/2021,ER,Eritrea,AFRO,16,6789,1,45
10/31/2021,ER,Eritrea,AFRO,42,6831,0,45
11/7/2021,ER,Eritrea,AFRO,112,6943,1,46
11/14/2021,ER,Eritrea,AFRO,108,7051,2,48
11/21/2021,ER,Eritrea,AFRO,105,7156,6,54
11/28/2021,ER,Eritrea,AFRO,149,7305,6,60
12/5/2021,ER,Eritrea,AFRO,153,7458,1,61
12/12/2021,ER,Eritrea,AFRO,171,7629,2,63
12/19/2021,ER,Eritrea,AFRO,124,7753,5,68
12/26/2021,ER,Eritrea,AFRO,120,7873,4,72
1/2/2022,ER,Eritrea,AFRO,153,8026,4,76
1/9/2022,ER,Eritrea,AFRO,277,8303,6,82
1/16/2022,ER,Eritrea,AFRO,573,8876,4,86
1/23/2022,ER,Eritrea,AFRO,374,9250,5,91
1/30/2022,ER,Eritrea,AFRO,258,9508,6,97
2/6/2022,ER,Eritrea,AFRO,123,9631,3,100
2/13/2022,ER,Eritrea,AFRO,33,9664,3,103
2/20/2022,ER,Eritrea,AFRO,23,9687,0,103
2/27/2022,ER,Eritrea,AFRO,13,9700,0,103
3/6/2022,ER,Eritrea,AFRO,15,9715,0,103
3/13/2022,ER,Eritrea,AFRO,6,9721,0,103
3/20/2022,ER,Eritrea,AFRO,2,9723,0,103
3/27/2022,ER,Eritrea,AFRO,1,9724,0,103
4/3/2022,ER,Eritrea,AFRO,4,9728,0,103
4/10/2022,ER,Eritrea,AFRO,1,9729,0,103
4/17/2022,ER,Eritrea,AFRO,4,9733,0,103
4/24/2022,ER,Eritrea,AFRO,1,9734,0,103
5/1/2022,ER,Eritrea,AFRO,0,9734,0,103
5/8/2022,ER,Eritrea,AFRO,3,9737,0,103
5/15/2022,ER,Eritrea,AFRO,8,9745,0,103
5/22/2022,ER,Eritrea,AFRO,9,9754,0,103
5/29/2022,ER,Eritrea,AFRO,3,9757,0,103
6/5/2022,ER,Eritrea,AFRO,10,9767,0,103
6/12/2022,ER,Eritrea,AFRO,2,9769,0,103
6/19/2022,ER,Eritrea,AFRO,8,9777,0,103
6/26/2022,ER,Eritrea,AFRO,11,9788,0,103
7/3/2022,ER,Eritrea,AFRO,13,9801,0,103
7/10/2022,ER,Eritrea,AFRO,23,9824,0,103
7/17/2022,ER,Eritrea,AFRO,40,9864,0,103
7/24/2022,ER,Eritrea,AFRO,64,9928,0,103
7/31/2022,ER,Eritrea,AFRO,104,10032,0,103
8/7/2022,ER,Eritrea,AFRO,84,10116,0,103
8/14/2022,ER,Eritrea,AFRO,18,10134,0,103
8/21/2022,ER,Eritrea,AFRO,15,10149,0,103
8/28/2022,ER,Eritrea,AFRO,2,10151,0,103
9/4/2022,ER,Eritrea,AFRO,4,10155,0,103
9/11/2022,ER,Eritrea,AFRO,8,10163,0,103
9/18/2022,ER,Eritrea,AFRO,1,10164,0,103
9/25/2022,ER,Eritrea,AFRO,4,10168,0,103
10/2/2022,ER,Eritrea,AFRO,2,10170,0,103
10/9/2022,ER,Eritrea,AFRO,7,10177,0,103
10/16/2022,ER,Eritrea,AFRO,5,10182,0,103
10/23/2022,ER,Eritrea,AFRO,3,10185,0,103
10/30/2022,ER,Eritrea,AFRO,3,10188,0,103
11/6/2022,ER,Eritrea,AFRO,1,10189,0,103
11/13/2022,ER,Eritrea,AFRO,0,10189,0,103
11/20/2022,ER,Eritrea,AFRO,0,10189,0,103
11/27/2022,ER,Eritrea,AFRO,0,10189,0,103
12/4/2022,ER,Eritrea,AFRO,0,10189,0,103
12/11/2022,ER,Eritrea,AFRO,0,10189,0,103
12/18/2022,ER,Eritrea,AFRO,0,10189,0,103
12/25/2022,ER,Eritrea,AFRO,0,10189,0,103
1/1/2023,ER,Eritrea,AFRO,0,10189,0,103
1/8/2023,ER,Eritrea,AFRO,0,10189,0,103
1/15/2023,ER,Eritrea,AFRO,0,10189,0,103
1/22/2023,ER,Eritrea,AFRO,0,10189,0,103
1/29/2023,ER,Eritrea,AFRO,0,10189,0,103
2/5/2023,ER,Eritrea,AFRO,0,10189,0,103
2/12/2023,ER,Eritrea,AFRO,0,10189,0,103
2/19/2023,ER,Eritrea,AFRO,0,10189,0,103
2/26/2023,ER,Eritrea,AFRO,0,10189,0,103
3/5/2023,ER,Eritrea,AFRO,0,10189,0,103
3/12/2023,ER,Eritrea,AFRO,0,10189,0,103
3/19/2023,ER,Eritrea,AFRO,0,10189,0,103
3/26/2023,ER,Eritrea,AFRO,0,10189,0,103
4/2/2023,ER,Eritrea,AFRO,0,10189,0,103
4/9/2023,ER,Eritrea,AFRO,0,10189,0,103
4/16/2023,ER,Eritrea,AFRO,0,10189,0,103
4/23/2023,ER,Eritrea,AFRO,0,10189,0,103
4/30/2023,ER,Eritrea,AFRO,0,10189,0,103
5/7/2023,ER,Eritrea,AFRO,0,10189,0,103
5/14/2023,ER,Eritrea,AFRO,0,10189,0,103
5/21/2023,ER,Eritrea,AFRO,0,10189,0,103
5/28/2023,ER,Eritrea,AFRO,0,10189,0,103
6/4/2023,ER,Eritrea,AFRO,0,10189,0,103
6/11/2023,ER,Eritrea,AFRO,0,10189,0,103
6/18/2023,ER,Eritrea,AFRO,0,10189,0,103
6/25/2023,ER,Eritrea,AFRO,0,10189,0,103
7/2/2023,ER,Eritrea,AFRO,0,10189,0,103
7/9/2023,ER,Eritrea,AFRO,0,10189,0,103
7/16/2023,ER,Eritrea,AFRO,0,10189,0,103
7/23/2023,ER,Eritrea,AFRO,0,10189,0,103
7/30/2023,ER,Eritrea,AFRO,0,10189,0,103
8/6/2023,ER,Eritrea,AFRO,0,10189,0,103
8/13/2023,ER,Eritrea,AFRO,0,10189,0,103
8/20/2023,ER,Eritrea,AFRO,0,10189,0,103
8/27/2023,ER,Eritrea,AFRO,0,10189,0,103
9/3/2023,ER,Eritrea,AFRO,0,10189,0,103
9/10/2023,ER,Eritrea,AFRO,0,10189,0,103
9/17/2023,ER,Eritrea,AFRO,0,10189,0,103
9/24/2023,ER,Eritrea,AFRO,0,10189,0,103
10/1/2023,ER,Eritrea,AFRO,0,10189,0,103
10/8/2023,ER,Eritrea,AFRO,0,10189,0,103
10/15/2023,ER,Eritrea,AFRO,0,10189,0,103
10/22/2023,ER,Eritrea,AFRO,0,10189,0,103
10/29/2023,ER,Eritrea,AFRO,0,10189,0,103
11/5/2023,ER,Eritrea,AFRO,0,10189,0,103
11/12/2023,ER,Eritrea,AFRO,0,10189,0,103
11/19/2023,ER,Eritrea,AFRO,0,10189,0,103
11/26/2023,ER,Eritrea,AFRO,0,10189,0,103
12/3/2023,ER,Eritrea,AFRO,0,10189,0,103
12/10/2023,ER,Eritrea,AFRO,0,10189,0,103
12/17/2023,ER,Eritrea,AFRO,0,10189,0,103
12/24/2023,ER,Eritrea,AFRO,0,10189,0,103
1/5/2020,EE,Estonia,EURO,0,0,0,0
1/12/2020,EE,Estonia,EURO,0,0,0,0
1/19/2020,EE,Estonia,EURO,0,0,0,0
1/26/2020,EE,Estonia,EURO,0,0,0,0
2/2/2020,EE,Estonia,EURO,0,0,0,0
2/9/2020,EE,Estonia,EURO,0,0,0,0
2/16/2020,EE,Estonia,EURO,0,0,0,0
2/23/2020,EE,Estonia,EURO,0,0,0,0
3/1/2020,EE,Estonia,EURO,1,1,0,0
3/8/2020,EE,Estonia,EURO,9,10,0,0
3/15/2020,EE,Estonia,EURO,210,220,0,0
3/22/2020,EE,Estonia,EURO,165,385,0,0
3/29/2020,EE,Estonia,EURO,5570,5955,73,73
4/5/2020,EE,Estonia,EURO,404,6359,16,89
4/12/2020,EE,Estonia,EURO,223,6582,9,98
4/19/2020,EE,Estonia,EURO,199,6781,14,112
4/26/2020,EE,Estonia,EURO,109,6890,9,121
5/3/2020,EE,Estonia,EURO,56,6946,4,125
5/10/2020,EE,Estonia,EURO,38,6984,4,129
5/17/2020,EE,Estonia,EURO,43,7027,2,131
5/24/2020,EE,Estonia,EURO,39,7066,1,132
5/31/2020,EE,Estonia,EURO,46,7112,3,135
6/7/2020,EE,Estonia,EURO,71,7183,1,136
6/14/2020,EE,Estonia,EURO,35,7218,1,137
6/21/2020,EE,Estonia,EURO,8,7226,0,137
6/28/2020,EE,Estonia,EURO,6,7232,0,137
7/5/2020,EE,Estonia,EURO,6,7238,0,137
7/12/2020,EE,Estonia,EURO,21,7259,0,137
7/19/2020,EE,Estonia,EURO,4,7263,0,137
7/26/2020,EE,Estonia,EURO,11,7274,0,137
8/2/2020,EE,Estonia,EURO,45,7319,0,137
8/9/2020,EE,Estonia,EURO,74,7393,0,137
8/16/2020,EE,Estonia,EURO,35,7428,0,137
8/23/2020,EE,Estonia,EURO,88,7516,1,138
8/30/2020,EE,Estonia,EURO,100,7616,0,138
9/6/2020,EE,Estonia,EURO,157,7773,0,138
9/13/2020,EE,Estonia,EURO,160,7933,0,138
9/20/2020,EE,Estonia,EURO,244,8177,0,138
9/27/2020,EE,Estonia,EURO,337,8514,0,138
10/4/2020,EE,Estonia,EURO,344,8858,3,141
10/11/2020,EE,Estonia,EURO,255,9113,1,142
10/18/2020,EE,Estonia,EURO,211,9324,0,142
10/25/2020,EE,Estonia,EURO,343,9667,5,147
11/1/2020,EE,Estonia,EURO,614,10281,0,147
11/8/2020,EE,Estonia,EURO,1202,11483,3,150
11/15/2020,EE,Estonia,EURO,1591,13074,5,155
11/22/2020,EE,Estonia,EURO,2104,15178,10,165
11/29/2020,EE,Estonia,EURO,2350,17528,24,189
12/6/2020,EE,Estonia,EURO,2921,20449,16,205
12/13/2020,EE,Estonia,EURO,3156,23605,19,224
12/20/2020,EE,Estonia,EURO,3696,27301,28,252
12/27/2020,EE,Estonia,EURO,3730,31031,32,284
1/3/2021,EE,Estonia,EURO,3709,34740,39,323
1/10/2021,EE,Estonia,EURO,4276,39016,34,357
1/17/2021,EE,Estonia,EURO,3543,42559,48,405
1/24/2021,EE,Estonia,EURO,3631,46190,47,452
1/31/2021,EE,Estonia,EURO,3604,49794,42,494
2/7/2021,EE,Estonia,EURO,3762,53556,42,536
2/14/2021,EE,Estonia,EURO,4561,58117,36,572
2/21/2021,EE,Estonia,EURO,5572,63689,38,610
2/28/2021,EE,Estonia,EURO,8183,71872,57,667
3/7/2021,EE,Estonia,EURO,9570,81442,66,733
3/14/2021,EE,Estonia,EURO,9905,91347,59,792
3/21/2021,EE,Estonia,EURO,10309,101656,69,861
3/28/2021,EE,Estonia,EURO,7822,109478,82,943
4/4/2021,EE,Estonia,EURO,423,109901,3,946
4/11/2021,EE,Estonia,EURO,4663,114564,86,1032
4/18/2021,EE,Estonia,EURO,3341,117905,60,1092
4/25/2021,EE,Estonia,EURO,2604,120509,49,1141
5/2/2021,EE,Estonia,EURO,2402,122911,26,1167
5/9/2021,EE,Estonia,EURO,2283,125194,31,1198
5/16/2021,EE,Estonia,EURO,1870,127064,21,1219
5/23/2021,EE,Estonia,EURO,1465,128529,14,1233
5/30/2021,EE,Estonia,EURO,876,129405,13,1246
6/6/2021,EE,Estonia,EURO,612,130017,11,1257
6/13/2021,EE,Estonia,EURO,380,130397,2,1259
6/20/2021,EE,Estonia,EURO,282,130679,2,1261
6/27/2021,EE,Estonia,EURO,165,130844,1,1262
7/4/2021,EE,Estonia,EURO,227,131071,1,1263
7/11/2021,EE,Estonia,EURO,301,131372,0,1263
7/18/2021,EE,Estonia,EURO,375,131747,1,1264
7/25/2021,EE,Estonia,EURO,645,132392,0,1264
8/1/2021,EE,Estonia,EURO,1246,133638,1,1265
8/8/2021,EE,Estonia,EURO,1472,135110,4,1269
8/15/2021,EE,Estonia,EURO,1942,137052,2,1271
8/22/2021,EE,Estonia,EURO,1970,139022,5,1276
8/29/2021,EE,Estonia,EURO,2476,141498,7,1283
9/5/2021,EE,Estonia,EURO,2405,143903,11,1294
9/12/2021,EE,Estonia,EURO,2976,146879,11,1305
9/19/2021,EE,Estonia,EURO,3258,150137,14,1319
9/26/2021,EE,Estonia,EURO,3784,153921,22,1341
10/3/2021,EE,Estonia,EURO,4970,158891,23,1364
10/10/2021,EE,Estonia,EURO,6455,165346,27,1391
10/17/2021,EE,Estonia,EURO,7999,173345,31,1422
10/24/2021,EE,Estonia,EURO,9988,183333,37,1459
10/31/2021,EE,Estonia,EURO,12069,195402,72,1531
11/7/2021,EE,Estonia,EURO,173,195575,0,1531
11/14/2021,EE,Estonia,EURO,6726,202301,72,1603
11/21/2021,EE,Estonia,EURO,5181,207482,53,1656
11/28/2021,EE,Estonia,EURO,4077,211559,55,1711
12/5/2021,EE,Estonia,EURO,3437,214996,27,1738
12/12/2021,EE,Estonia,EURO,3305,218301,38,1776
12/19/2021,EE,Estonia,EURO,3913,222214,23,1799
12/26/2021,EE,Estonia,EURO,4595,226809,29,1828
1/2/2022,EE,Estonia,EURO,6140,232949,23,1851
1/9/2022,EE,Estonia,EURO,5742,238691,16,1867
1/16/2022,EE,Estonia,EURO,15424,254115,28,1895
1/23/2022,EE,Estonia,EURO,27269,281384,24,1919
1/30/2022,EE,Estonia,EURO,41085,322469,25,1944
2/6/2022,EE,Estonia,EURO,48031,370500,32,1976
2/13/2022,EE,Estonia,EURO,37947,408447,45,2021
2/20/2022,EE,Estonia,EURO,39239,447686,54,2075
2/27/2022,EE,Estonia,EURO,31712,479398,64,2139
3/6/2022,EE,Estonia,EURO,22671,502069,59,2198
3/13/2022,EE,Estonia,EURO,14983,517052,58,2256
3/20/2022,EE,Estonia,EURO,10967,528019,33,2289
3/27/2022,EE,Estonia,EURO,9226,537245,40,2329
4/3/2022,EE,Estonia,EURO,6835,544080,22,2351
4/10/2022,EE,Estonia,EURO,5185,549265,29,2380
4/17/2022,EE,Estonia,EURO,3337,552602,22,2402
4/24/2022,EE,Estonia,EURO,2756,555358,13,2415
5/1/2022,EE,Estonia,EURO,2039,557397,9,2424
5/8/2022,EE,Estonia,EURO,1489,558886,8,2432
5/15/2022,EE,Estonia,EURO,1173,560059,3,2435
5/22/2022,EE,Estonia,EURO,953,561012,5,2440
5/29/2022,EE,Estonia,EURO,821,561833,8,2448
6/5/2022,EE,Estonia,EURO,781,562614,10,2458
6/12/2022,EE,Estonia,EURO,840,563454,2,2460
6/19/2022,EE,Estonia,EURO,822,564276,2,2462
6/26/2022,EE,Estonia,EURO,798,565074,3,2465
7/3/2022,EE,Estonia,EURO,1345,566419,8,2473
7/10/2022,EE,Estonia,EURO,1161,567580,8,2481
7/17/2022,EE,Estonia,EURO,1552,569132,4,2485
7/24/2022,EE,Estonia,EURO,2007,571139,8,2493
7/31/2022,EE,Estonia,EURO,2229,573368,8,2501
8/7/2022,EE,Estonia,EURO,2239,575607,6,2507
8/14/2022,EE,Estonia,EURO,1933,577540,8,2515
8/21/2022,EE,Estonia,EURO,1426,578966,5,2520
8/28/2022,EE,Estonia,EURO,1107,580073,4,2524
9/4/2022,EE,Estonia,EURO,822,580895,6,2530
9/11/2022,EE,Estonia,EURO,914,581809,4,2534
9/18/2022,EE,Estonia,EURO,1189,582998,6,2540
9/25/2022,EE,Estonia,EURO,1188,584186,14,2554
10/2/2022,EE,Estonia,EURO,1316,585502,11,2565
10/9/2022,EE,Estonia,EURO,1196,586698,21,2586
10/16/2022,EE,Estonia,EURO,1063,587761,16,2602
10/23/2022,EE,Estonia,EURO,1055,588816,10,2612
10/30/2022,EE,Estonia,EURO,733,589549,9,2621
11/6/2022,EE,Estonia,EURO,553,590102,9,2630
11/13/2022,EE,Estonia,EURO,490,590592,15,2645
11/20/2022,EE,Estonia,EURO,491,591083,9,2654
11/27/2022,EE,Estonia,EURO,474,591557,9,2663
12/4/2022,EE,Estonia,EURO,536,592093,9,2672
12/11/2022,EE,Estonia,EURO,624,592717,15,2687
12/18/2022,EE,Estonia,EURO,819,593536,23,2710
12/25/2022,EE,Estonia,EURO,681,594217,17,2727
1/1/2023,EE,Estonia,EURO,541,594758,19,2746
1/8/2023,EE,Estonia,EURO,397,595155,13,2759
1/15/2023,EE,Estonia,EURO,377,595532,12,2771
1/22/2023,EE,Estonia,EURO,301,595833,8,2779
1/29/2023,EE,Estonia,EURO,384,596217,8,2787
2/5/2023,EE,Estonia,EURO,306,596523,7,2794
2/12/2023,EE,Estonia,EURO,328,596851,7,2801
2/19/2023,EE,Estonia,EURO,322,597173,8,2809
2/26/2023,EE,Estonia,EURO,271,597444,6,2815
3/5/2023,EE,Estonia,EURO,305,597749,6,2821
3/12/2023,EE,Estonia,EURO,312,598061,3,2824
3/19/2023,EE,Estonia,EURO,364,598425,8,2832
3/26/2023,EE,Estonia,EURO,349,598774,8,2840
4/2/2023,EE,Estonia,EURO,382,599156,6,2846
4/9/2023,EE,Estonia,EURO,392,599548,8,2854
4/16/2023,EE,Estonia,EURO,365,599913,7,2861
4/23/2023,EE,Estonia,EURO,330,600243,14,2875
4/30/2023,EE,Estonia,EURO,284,600527,9,2884
5/7/2023,EE,Estonia,EURO,208,600735,1,2885
5/14/2023,EE,Estonia,EURO,193,600928,3,2888
5/21/2023,EE,Estonia,EURO,181,601109,3,2891
5/28/2023,EE,Estonia,EURO,149,601258,2,2893
6/4/2023,EE,Estonia,EURO,120,601378,2,2895
6/11/2023,EE,Estonia,EURO,96,601474,2,2897
6/18/2023,EE,Estonia,EURO,63,601537,0,2897
6/25/2023,EE,Estonia,EURO,51,601588,1,2898
7/2/2023,EE,Estonia,EURO,36,601624,0,2898
7/9/2023,EE,Estonia,EURO,31,601655,0,2898
7/16/2023,EE,Estonia,EURO,44,601699,1,2899
7/23/2023,EE,Estonia,EURO,47,601746,1,2900
7/30/2023,EE,Estonia,EURO,0,601746,0,2900
8/6/2023,EE,Estonia,EURO,27,601773,1,2901
8/13/2023,EE,Estonia,EURO,17,601790,0,2901
8/20/2023,EE,Estonia,EURO,23,601813,0,2901
8/27/2023,EE,Estonia,EURO,38,601851,0,2901
9/3/2023,EE,Estonia,EURO,60,601911,0,2901
9/10/2023,EE,Estonia,EURO,85,601996,0,2901
9/17/2023,EE,Estonia,EURO,90,602086,0,2901
9/24/2023,EE,Estonia,EURO,101,602187,1,2902
10/1/2023,EE,Estonia,EURO,108,602295,0,2902
10/8/2023,EE,Estonia,EURO,82,602377,0,2902
10/15/2023,EE,Estonia,EURO,101,602478,0,2902
10/22/2023,EE,Estonia,EURO,158,602636,1,2903
10/29/2023,EE,Estonia,EURO,273,602909,3,2906
11/5/2023,EE,Estonia,EURO,0,602909,0,2906
11/12/2023,EE,Estonia,EURO,0,602909,0,2906
11/19/2023,EE,Estonia,EURO,0,602909,0,2906
11/26/2023,EE,Estonia,EURO,0,602909,0,2906
12/3/2023,EE,Estonia,EURO,0,602909,0,2906
12/10/2023,EE,Estonia,EURO,1297,604206,13,2919
12/17/2023,EE,Estonia,EURO,744,604950,15,2934
12/24/2023,EE,Estonia,EURO,808,605758,15,2949
1/5/2020,SZ,Eswatini,AFRO,0,0,0,0
1/12/2020,SZ,Eswatini,AFRO,0,0,0,0
1/19/2020,SZ,Eswatini,AFRO,0,0,0,0
1/26/2020,SZ,Eswatini,AFRO,0,0,0,0
2/2/2020,SZ,Eswatini,AFRO,0,0,0,0
2/9/2020,SZ,Eswatini,AFRO,0,0,0,0
2/16/2020,SZ,Eswatini,AFRO,0,0,0,0
2/23/2020,SZ,Eswatini,AFRO,0,0,0,0
3/1/2020,SZ,Eswatini,AFRO,0,0,0,0
3/8/2020,SZ,Eswatini,AFRO,0,0,0,0
3/15/2020,SZ,Eswatini,AFRO,1,1,0,0
3/22/2020,SZ,Eswatini,AFRO,0,1,0,0
3/29/2020,SZ,Eswatini,AFRO,8,9,0,0
4/5/2020,SZ,Eswatini,AFRO,0,9,0,0
4/12/2020,SZ,Eswatini,AFRO,5,14,0,0
4/19/2020,SZ,Eswatini,AFRO,8,22,1,1
4/26/2020,SZ,Eswatini,AFRO,34,56,0,1
5/3/2020,SZ,Eswatini,AFRO,52,108,0,1
5/10/2020,SZ,Eswatini,AFRO,55,163,1,2
5/17/2020,SZ,Eswatini,AFRO,39,202,0,2
5/24/2020,SZ,Eswatini,AFRO,36,238,0,2
5/31/2020,SZ,Eswatini,AFRO,45,283,0,2
6/7/2020,SZ,Eswatini,AFRO,50,333,1,3
6/14/2020,SZ,Eswatini,AFRO,153,486,0,3
6/21/2020,SZ,Eswatini,AFRO,141,627,2,5
6/28/2020,SZ,Eswatini,AFRO,118,745,3,8
7/5/2020,SZ,Eswatini,AFRO,209,954,5,13
7/12/2020,SZ,Eswatini,AFRO,357,1311,5,18
7/19/2020,SZ,Eswatini,AFRO,418,1729,3,21
7/26/2020,SZ,Eswatini,AFRO,413,2142,7,28
8/2/2020,SZ,Eswatini,AFRO,564,2706,14,42
8/9/2020,SZ,Eswatini,AFRO,422,3128,14,56
8/16/2020,SZ,Eswatini,AFRO,617,3745,13,69
8/23/2020,SZ,Eswatini,AFRO,444,4189,12,81
8/30/2020,SZ,Eswatini,AFRO,321,4510,10,91
9/6/2020,SZ,Eswatini,AFRO,309,4819,3,94
9/13/2020,SZ,Eswatini,AFRO,231,5050,4,98
9/20/2020,SZ,Eswatini,AFRO,195,5245,6,104
9/27/2020,SZ,Eswatini,AFRO,174,5419,4,108
10/4/2020,SZ,Eswatini,AFRO,111,5530,4,112
10/11/2020,SZ,Eswatini,AFRO,130,5660,1,113
10/18/2020,SZ,Eswatini,AFRO,105,5765,2,115
10/25/2020,SZ,Eswatini,AFRO,82,5847,1,116
11/1/2020,SZ,Eswatini,AFRO,70,5917,1,117
11/8/2020,SZ,Eswatini,AFRO,72,5989,0,117
11/15/2020,SZ,Eswatini,AFRO,104,6093,2,119
11/22/2020,SZ,Eswatini,AFRO,112,6205,0,119
11/29/2020,SZ,Eswatini,AFRO,201,6406,2,121
12/6/2020,SZ,Eswatini,AFRO,89,6495,1,122
12/13/2020,SZ,Eswatini,AFRO,219,6714,5,127
12/20/2020,SZ,Eswatini,AFRO,591,7305,10,137
12/27/2020,SZ,Eswatini,AFRO,1060,8365,26,163
1/3/2021,SZ,Eswatini,AFRO,1115,9480,64,227
1/10/2021,SZ,Eswatini,AFRO,1700,11180,64,291
1/17/2021,SZ,Eswatini,AFRO,1556,12736,69,360
1/24/2021,SZ,Eswatini,AFRO,1594,14330,98,458
1/31/2021,SZ,Eswatini,AFRO,1336,15666,104,562
2/7/2021,SZ,Eswatini,AFRO,515,16181,42,604
2/14/2021,SZ,Eswatini,AFRO,307,16488,26,630
2/21/2021,SZ,Eswatini,AFRO,276,16764,15,645
2/28/2021,SZ,Eswatini,AFRO,238,17002,5,650
3/7/2021,SZ,Eswatini,AFRO,171,17173,8,658
3/14/2021,SZ,Eswatini,AFRO,61,17234,3,661
3/21/2021,SZ,Eswatini,AFRO,49,17283,4,665
3/28/2021,SZ,Eswatini,AFRO,35,17318,1,666
4/4/2021,SZ,Eswatini,AFRO,31,17349,2,668
4/11/2021,SZ,Eswatini,AFRO,24,17373,1,669
4/18/2021,SZ,Eswatini,AFRO,1042,18415,2,671
4/25/2021,SZ,Eswatini,AFRO,25,18440,0,671
5/2/2021,SZ,Eswatini,AFRO,18,18458,0,671
5/9/2021,SZ,Eswatini,AFRO,19,18477,0,671
5/16/2021,SZ,Eswatini,AFRO,42,18519,1,672
5/23/2021,SZ,Eswatini,AFRO,31,18550,0,672
5/30/2021,SZ,Eswatini,AFRO,39,18589,0,672
6/6/2021,SZ,Eswatini,AFRO,47,18636,1,673
6/13/2021,SZ,Eswatini,AFRO,96,18732,3,676
6/20/2021,SZ,Eswatini,AFRO,79,18811,1,677
6/27/2021,SZ,Eswatini,AFRO,207,19018,1,678
7/4/2021,SZ,Eswatini,AFRO,66,19084,0,678
7/11/2021,SZ,Eswatini,AFRO,786,19870,9,687
7/18/2021,SZ,Eswatini,AFRO,1192,21062,16,703
7/25/2021,SZ,Eswatini,AFRO,1625,22687,44,747
8/1/2021,SZ,Eswatini,AFRO,3292,25979,40,787
8/8/2021,SZ,Eswatini,AFRO,4808,30787,57,844
8/15/2021,SZ,Eswatini,AFRO,5064,35851,80,924
8/22/2021,SZ,Eswatini,AFRO,4432,40283,67,991
8/29/2021,SZ,Eswatini,AFRO,2436,42719,76,1067
9/5/2021,SZ,Eswatini,AFRO,1415,44134,77,1144
9/12/2021,SZ,Eswatini,AFRO,697,44831,25,1169
9/19/2021,SZ,Eswatini,AFRO,521,45352,25,1194
9/26/2021,SZ,Eswatini,AFRO,390,45742,18,1212
10/3/2021,SZ,Eswatini,AFRO,263,46005,12,1224
10/10/2021,SZ,Eswatini,AFRO,268,46273,3,1227
10/17/2021,SZ,Eswatini,AFRO,88,46361,6,1233
10/24/2021,SZ,Eswatini,AFRO,23,46384,8,1241
10/31/2021,SZ,Eswatini,AFRO,29,46413,1,1242
11/7/2021,SZ,Eswatini,AFRO,44,46457,2,1244
11/14/2021,SZ,Eswatini,AFRO,15,46472,1,1245
11/21/2021,SZ,Eswatini,AFRO,14,46486,3,1248
11/28/2021,SZ,Eswatini,AFRO,42,46528,0,1248
12/5/2021,SZ,Eswatini,AFRO,840,47368,0,1248
12/12/2021,SZ,Eswatini,AFRO,4806,52174,0,1248
12/19/2021,SZ,Eswatini,AFRO,7540,59714,12,1260
12/26/2021,SZ,Eswatini,AFRO,4667,64381,12,1272
1/2/2022,SZ,Eswatini,AFRO,1860,66241,36,1308
1/9/2022,SZ,Eswatini,AFRO,999,67240,24,1332
1/16/2022,SZ,Eswatini,AFRO,590,67830,25,1357
1/23/2022,SZ,Eswatini,AFRO,231,68061,10,1367
1/30/2022,SZ,Eswatini,AFRO,268,68329,7,1374
2/6/2022,SZ,Eswatini,AFRO,222,68551,3,1377
2/13/2022,SZ,Eswatini,AFRO,230,68781,6,1383
2/20/2022,SZ,Eswatini,AFRO,191,68972,5,1388
2/27/2022,SZ,Eswatini,AFRO,153,69125,2,1390
3/6/2022,SZ,Eswatini,AFRO,172,69297,1,1391
3/13/2022,SZ,Eswatini,AFRO,132,69429,1,1392
3/20/2022,SZ,Eswatini,AFRO,119,69548,0,1392
3/27/2022,SZ,Eswatini,AFRO,115,69663,1,1393
4/3/2022,SZ,Eswatini,AFRO,175,69838,1,1394
4/10/2022,SZ,Eswatini,AFRO,128,69966,1,1395
4/17/2022,SZ,Eswatini,AFRO,132,70098,0,1395
4/24/2022,SZ,Eswatini,AFRO,186,70284,2,1397
5/1/2022,SZ,Eswatini,AFRO,359,70643,0,1397
5/8/2022,SZ,Eswatini,AFRO,446,71089,3,1400
5/15/2022,SZ,Eswatini,AFRO,609,71698,2,1402
5/22/2022,SZ,Eswatini,AFRO,427,72125,2,1404
5/29/2022,SZ,Eswatini,AFRO,265,72390,2,1406
6/5/2022,SZ,Eswatini,AFRO,295,72685,4,1410
6/12/2022,SZ,Eswatini,AFRO,194,72879,0,1410
6/19/2022,SZ,Eswatini,AFRO,124,73003,4,1414
6/26/2022,SZ,Eswatini,AFRO,68,73071,1,1415
7/3/2022,SZ,Eswatini,AFRO,62,73133,1,1416
7/10/2022,SZ,Eswatini,AFRO,80,73213,1,1417
7/17/2022,SZ,Eswatini,AFRO,29,73242,0,1417
7/24/2022,SZ,Eswatini,AFRO,11,73253,0,1417
7/31/2022,SZ,Eswatini,AFRO,26,73279,0,1417
8/7/2022,SZ,Eswatini,AFRO,22,73301,2,1419
8/14/2022,SZ,Eswatini,AFRO,25,73326,0,1419
8/21/2022,SZ,Eswatini,AFRO,18,73344,0,1419
8/28/2022,SZ,Eswatini,AFRO,14,73358,3,1422
9/4/2022,SZ,Eswatini,AFRO,10,73368,0,1422
9/11/2022,SZ,Eswatini,AFRO,6,73374,0,1422
9/18/2022,SZ,Eswatini,AFRO,5,73379,0,1422
9/25/2022,SZ,Eswatini,AFRO,11,73390,0,1422
10/2/2022,SZ,Eswatini,AFRO,20,73410,0,1422
10/9/2022,SZ,Eswatini,AFRO,26,73436,0,1422
10/16/2022,SZ,Eswatini,AFRO,0,73436,0,1422
10/23/2022,SZ,Eswatini,AFRO,90,73526,0,1422
10/30/2022,SZ,Eswatini,AFRO,32,73558,0,1422
11/6/2022,SZ,Eswatini,AFRO,60,73618,0,1422
11/13/2022,SZ,Eswatini,AFRO,90,73708,0,1422
11/20/2022,SZ,Eswatini,AFRO,62,73770,0,1422
11/27/2022,SZ,Eswatini,AFRO,0,73770,0,1422
12/4/2022,SZ,Eswatini,AFRO,138,73908,0,1422
12/11/2022,SZ,Eswatini,AFRO,54,73962,0,1422
12/18/2022,SZ,Eswatini,AFRO,30,73992,0,1422
12/25/2022,SZ,Eswatini,AFRO,29,74021,0,1422
1/1/2023,SZ,Eswatini,AFRO,13,74034,0,1422
1/8/2023,SZ,Eswatini,AFRO,19,74053,0,1422
1/15/2023,SZ,Eswatini,AFRO,33,74086,0,1422
1/22/2023,SZ,Eswatini,AFRO,28,74114,0,1422
1/29/2023,SZ,Eswatini,AFRO,19,74133,0,1422
2/5/2023,SZ,Eswatini,AFRO,10,74143,1,1423
2/12/2023,SZ,Eswatini,AFRO,15,74158,0,1423
2/19/2023,SZ,Eswatini,AFRO,41,74199,0,1423
2/26/2023,SZ,Eswatini,AFRO,0,74199,0,1423
3/5/2023,SZ,Eswatini,AFRO,68,74267,2,1425
3/12/2023,SZ,Eswatini,AFRO,56,74323,0,1425
3/19/2023,SZ,Eswatini,AFRO,0,74323,0,1425
3/26/2023,SZ,Eswatini,AFRO,0,74323,0,1425
4/2/2023,SZ,Eswatini,AFRO,0,74323,0,1425
4/9/2023,SZ,Eswatini,AFRO,197,74520,0,1425
4/16/2023,SZ,Eswatini,AFRO,66,74586,0,1425
4/23/2023,SZ,Eswatini,AFRO,41,74627,0,1425
4/30/2023,SZ,Eswatini,AFRO,43,74670,0,1425
5/7/2023,SZ,Eswatini,AFRO,28,74698,0,1425
5/14/2023,SZ,Eswatini,AFRO,30,74728,0,1425
5/21/2023,SZ,Eswatini,AFRO,32,74760,1,1426
5/28/2023,SZ,Eswatini,AFRO,45,74805,1,1427
6/4/2023,SZ,Eswatini,AFRO,47,74852,0,1427
6/11/2023,SZ,Eswatini,AFRO,30,74882,0,1427
6/18/2023,SZ,Eswatini,AFRO,0,74882,0,1427
6/25/2023,SZ,Eswatini,AFRO,0,74882,0,1427
7/2/2023,SZ,Eswatini,AFRO,0,74882,0,1427
7/9/2023,SZ,Eswatini,AFRO,0,74882,0,1427
7/16/2023,SZ,Eswatini,AFRO,0,74882,0,1427
7/23/2023,SZ,Eswatini,AFRO,0,74882,0,1427
7/30/2023,SZ,Eswatini,AFRO,0,74882,0,1427
8/6/2023,SZ,Eswatini,AFRO,0,74882,0,1427
8/13/2023,SZ,Eswatini,AFRO,100,74982,0,1427
8/20/2023,SZ,Eswatini,AFRO,2,74984,0,1427
8/27/2023,SZ,Eswatini,AFRO,3,74987,0,1427
9/3/2023,SZ,Eswatini,AFRO,0,74987,0,1427
9/10/2023,SZ,Eswatini,AFRO,2,74989,0,1427
9/17/2023,SZ,Eswatini,AFRO,2,74991,0,1427
9/24/2023,SZ,Eswatini,AFRO,5,74996,0,1427
10/1/2023,SZ,Eswatini,AFRO,4,75000,0,1427
10/8/2023,SZ,Eswatini,AFRO,7,75007,0,1427
10/15/2023,SZ,Eswatini,AFRO,45,75052,0,1427
10/22/2023,SZ,Eswatini,AFRO,42,75094,0,1427
10/29/2023,SZ,Eswatini,AFRO,33,75127,0,1427
11/5/2023,SZ,Eswatini,AFRO,22,75149,0,1427
11/12/2023,SZ,Eswatini,AFRO,17,75166,0,1427
11/19/2023,SZ,Eswatini,AFRO,5,75171,0,1427
11/26/2023,SZ,Eswatini,AFRO,13,75184,0,1427
12/3/2023,SZ,Eswatini,AFRO,4,75188,0,1427
12/10/2023,SZ,Eswatini,AFRO,1,75189,0,1427
12/17/2023,SZ,Eswatini,AFRO,0,75189,0,1427
12/24/2023,SZ,Eswatini,AFRO,0,75189,0,1427
1/5/2020,ET,Ethiopia,AFRO,0,0,0,0
1/12/2020,ET,Ethiopia,AFRO,0,0,0,0
1/19/2020,ET,Ethiopia,AFRO,0,0,0,0
1/26/2020,ET,Ethiopia,AFRO,0,0,0,0
2/2/2020,ET,Ethiopia,AFRO,0,0,0,0
2/9/2020,ET,Ethiopia,AFRO,0,0,0,0
2/16/2020,ET,Ethiopia,AFRO,0,0,0,0
2/23/2020,ET,Ethiopia,AFRO,0,0,0,0
3/1/2020,ET,Ethiopia,AFRO,0,0,0,0
3/8/2020,ET,Ethiopia,AFRO,0,0,0,0
3/15/2020,ET,Ethiopia,AFRO,1,1,0,0
3/22/2020,ET,Ethiopia,AFRO,8,9,0,0
3/29/2020,ET,Ethiopia,AFRO,7,16,0,0
4/5/2020,ET,Ethiopia,AFRO,22,38,0,0
4/12/2020,ET,Ethiopia,AFRO,31,69,23,23
4/19/2020,ET,Ethiopia,AFRO,36,105,0,23
4/26/2020,ET,Ethiopia,AFRO,17,122,1,24
5/3/2020,ET,Ethiopia,AFRO,11,133,0,24
5/10/2020,ET,Ethiopia,AFRO,77,210,1,25
5/17/2020,ET,Ethiopia,AFRO,96,306,0,25
5/24/2020,ET,Ethiopia,AFRO,188,494,0,25
5/31/2020,ET,Ethiopia,AFRO,569,1063,3,28
6/7/2020,ET,Ethiopia,AFRO,871,1934,9,37
6/14/2020,ET,Ethiopia,AFRO,1232,3166,35,72
6/21/2020,ET,Ethiopia,AFRO,1303,4469,17,89
6/28/2020,ET,Ethiopia,AFRO,1101,5570,22,111
7/5/2020,ET,Ethiopia,AFRO,816,6386,22,133
7/12/2020,ET,Ethiopia,AFRO,1174,7560,11,144
7/19/2020,ET,Ethiopia,AFRO,1943,9503,38,182
7/26/2020,ET,Ethiopia,AFRO,3745,13248,42,224
8/2/2020,ET,Ethiopia,AFRO,4751,17999,75,299
8/9/2020,ET,Ethiopia,AFRO,4254,22253,108,407
8/16/2020,ET,Ethiopia,AFRO,6641,28894,119,526
8/23/2020,ET,Ethiopia,AFRO,10139,39033,153,679
8/30/2020,ET,Ethiopia,AFRO,10621,49654,92,771
9/6/2020,ET,Ethiopia,AFRO,7812,57466,127,898
9/13/2020,ET,Ethiopia,AFRO,6422,63888,99,997
9/20/2020,ET,Ethiopia,AFRO,4243,68131,93,1090
9/27/2020,ET,Ethiopia,AFRO,4569,72700,76,1166
10/4/2020,ET,Ethiopia,AFRO,5160,77860,48,1214
10/11/2020,ET,Ethiopia,AFRO,5569,83429,63,1277
10/18/2020,ET,Ethiopia,AFRO,5005,88434,69,1346
10/25/2020,ET,Ethiopia,AFRO,4424,92858,73,1419
11/1/2020,ET,Ethiopia,AFRO,3311,96169,50,1469
11/8/2020,ET,Ethiopia,AFRO,3035,99204,49,1518
11/15/2020,ET,Ethiopia,AFRO,3117,102321,47,1565
11/22/2020,ET,Ethiopia,AFRO,3031,105352,71,1636
11/29/2020,ET,Ethiopia,AFRO,3578,108930,59,1695
12/6/2020,ET,Ethiopia,AFRO,3810,112740,50,1745
12/13/2020,ET,Ethiopia,AFRO,3557,116297,58,1803
12/20/2020,ET,Ethiopia,AFRO,3197,119494,43,1846
12/27/2020,ET,Ethiopia,AFRO,2919,122413,55,1901
1/3/2021,ET,Ethiopia,AFRO,2636,125049,43,1944
1/10/2021,ET,Ethiopia,AFRO,2743,127792,41,1985
1/17/2021,ET,Ethiopia,AFRO,2980,130772,44,2029
1/24/2021,ET,Ethiopia,AFRO,2526,133298,34,2063
1/31/2021,ET,Ethiopia,AFRO,3723,137021,28,2091
2/7/2021,ET,Ethiopia,AFRO,4432,141453,54,2145
2/14/2021,ET,Ethiopia,AFRO,4251,145704,36,2181
2/21/2021,ET,Ethiopia,AFRO,6153,151857,90,2271
2/28/2021,ET,Ethiopia,AFRO,6201,158058,83,2354
3/7/2021,ET,Ethiopia,AFRO,6971,165029,66,2420
3/14/2021,ET,Ethiopia,AFRO,9025,174054,120,2540
3/21/2021,ET,Ethiopia,AFRO,11587,185641,107,2647
3/28/2021,ET,Ethiopia,AFRO,13153,198794,137,2784
4/4/2021,ET,Ethiopia,AFRO,14517,213311,152,2936
4/11/2021,ET,Ethiopia,AFRO,13944,227255,210,3146
4/18/2021,ET,Ethiopia,AFRO,12981,240236,182,3328
4/25/2021,ET,Ethiopia,AFRO,10719,250955,203,3531
5/2/2021,ET,Ethiopia,AFRO,7107,258062,178,3709
5/9/2021,ET,Ethiopia,AFRO,4155,262217,162,3871
5/16/2021,ET,Ethiopia,AFRO,3615,265832,105,3976
5/23/2021,ET,Ethiopia,AFRO,3069,268901,92,4068
5/30/2021,ET,Ethiopia,AFRO,2299,271200,75,4143
6/6/2021,ET,Ethiopia,AFRO,1605,272805,58,4201
6/13/2021,ET,Ethiopia,AFRO,1223,274028,36,4237
6/20/2021,ET,Ethiopia,AFRO,1008,275036,43,4280
6/27/2021,ET,Ethiopia,AFRO,845,275881,29,4309
7/4/2021,ET,Ethiopia,AFRO,487,276368,21,4330
7/11/2021,ET,Ethiopia,AFRO,616,276984,13,4343
7/18/2021,ET,Ethiopia,AFRO,631,277615,11,4354
7/25/2021,ET,Ethiopia,AFRO,831,278446,13,4367
8/1/2021,ET,Ethiopia,AFRO,1919,280365,18,4385
8/8/2021,ET,Ethiopia,AFRO,3302,283667,36,4421
8/15/2021,ET,Ethiopia,AFRO,5121,288788,50,4471
8/22/2021,ET,Ethiopia,AFRO,6231,295019,82,4553
8/29/2021,ET,Ethiopia,AFRO,10058,305077,78,4631
9/5/2021,ET,Ethiopia,AFRO,8391,313468,118,4749
9/12/2021,ET,Ethiopia,AFRO,9269,322737,158,4907
9/19/2021,ET,Ethiopia,AFRO,9266,332003,208,5115
9/26/2021,ET,Ethiopia,AFRO,8842,340845,254,5369
10/3/2021,ET,Ethiopia,AFRO,7127,347972,306,5675
10/10/2021,ET,Ethiopia,AFRO,6061,354033,275,5950
10/17/2021,ET,Ethiopia,AFRO,4706,358739,247,6197
10/24/2021,ET,Ethiopia,AFRO,2908,361647,136,6333
10/31/2021,ET,Ethiopia,AFRO,3313,364960,118,6451
11/7/2021,ET,Ethiopia,AFRO,2102,367062,80,6531
11/14/2021,ET,Ethiopia,AFRO,1584,368646,82,6613
11/21/2021,ET,Ethiopia,AFRO,1408,370054,59,6672
11/28/2021,ET,Ethiopia,AFRO,1123,371177,64,6736
12/5/2021,ET,Ethiopia,AFRO,913,372090,58,6794
12/12/2021,ET,Ethiopia,AFRO,910,373000,35,6829
12/19/2021,ET,Ethiopia,AFRO,2810,375810,32,6861
12/26/2021,ET,Ethiopia,AFRO,19940,395750,33,6894
1/2/2022,ET,Ethiopia,AFRO,28590,424340,53,6947
1/9/2022,ET,Ethiopia,AFRO,18999,443339,73,7020
1/16/2022,ET,Ethiopia,AFRO,12940,456279,111,7131
1/23/2022,ET,Ethiopia,AFRO,5454,461733,105,7236
1/30/2022,ET,Ethiopia,AFRO,3021,464754,91,7327
2/6/2022,ET,Ethiopia,AFRO,1701,466455,29,7356
2/13/2022,ET,Ethiopia,AFRO,944,467399,65,7421
2/20/2022,ET,Ethiopia,AFRO,885,468284,17,7438
2/27/2022,ET,Ethiopia,AFRO,341,468625,20,7458
3/6/2022,ET,Ethiopia,AFRO,305,468930,18,7476
3/13/2022,ET,Ethiopia,AFRO,240,469170,9,7485
3/20/2022,ET,Ethiopia,AFRO,271,469441,4,7489
3/27/2022,ET,Ethiopia,AFRO,170,469611,3,7492
4/3/2022,ET,Ethiopia,AFRO,195,469806,12,7504
4/10/2022,ET,Ethiopia,AFRO,219,470025,5,7509
4/17/2022,ET,Ethiopia,AFRO,234,470259,0,7509
4/24/2022,ET,Ethiopia,AFRO,158,470417,1,7510
5/1/2022,ET,Ethiopia,AFRO,151,470568,0,7510
5/8/2022,ET,Ethiopia,AFRO,162,470730,0,7510
5/15/2022,ET,Ethiopia,AFRO,207,470937,0,7510
5/22/2022,ET,Ethiopia,AFRO,406,471343,2,7512
5/29/2022,ET,Ethiopia,AFRO,889,472232,1,7513
6/5/2022,ET,Ethiopia,AFRO,2483,474715,2,7515
6/12/2022,ET,Ethiopia,AFRO,3829,478544,1,7516
6/19/2022,ET,Ethiopia,AFRO,5195,483739,6,7522
6/26/2022,ET,Ethiopia,AFRO,3478,487217,8,7530
7/3/2022,ET,Ethiopia,AFRO,2038,489255,8,7538
7/10/2022,ET,Ethiopia,AFRO,1041,490296,13,7551
7/17/2022,ET,Ethiopia,AFRO,735,491031,10,7561
7/24/2022,ET,Ethiopia,AFRO,698,491729,5,7566
7/31/2022,ET,Ethiopia,AFRO,465,492194,2,7568
8/7/2022,ET,Ethiopia,AFRO,282,492476,1,7569
8/14/2022,ET,Ethiopia,AFRO,262,492738,0,7569
8/21/2022,ET,Ethiopia,AFRO,222,492960,2,7571
8/28/2022,ET,Ethiopia,AFRO,172,493132,0,7571
9/4/2022,ET,Ethiopia,AFRO,102,493234,1,7572
9/11/2022,ET,Ethiopia,AFRO,106,493340,0,7572
9/18/2022,ET,Ethiopia,AFRO,89,493429,0,7572
9/25/2022,ET,Ethiopia,AFRO,76,493505,0,7572
10/2/2022,ET,Ethiopia,AFRO,82,493587,0,7572
10/9/2022,ET,Ethiopia,AFRO,95,493682,0,7572
10/16/2022,ET,Ethiopia,AFRO,99,493781,0,7572
10/23/2022,ET,Ethiopia,AFRO,83,493864,0,7572
10/30/2022,ET,Ethiopia,AFRO,75,493939,0,7572
11/6/2022,ET,Ethiopia,AFRO,100,494039,0,7572
11/13/2022,ET,Ethiopia,AFRO,141,494180,0,7572
11/20/2022,ET,Ethiopia,AFRO,120,494300,0,7572
11/27/2022,ET,Ethiopia,AFRO,162,494462,0,7572
12/4/2022,ET,Ethiopia,AFRO,264,494726,0,7572
12/11/2022,ET,Ethiopia,AFRO,470,495196,0,7572
12/18/2022,ET,Ethiopia,AFRO,887,496083,0,7572
12/25/2022,ET,Ethiopia,AFRO,1013,497096,0,7572
1/1/2023,ET,Ethiopia,AFRO,905,498001,0,7572
1/8/2023,ET,Ethiopia,AFRO,659,498660,0,7572
1/15/2023,ET,Ethiopia,AFRO,422,499082,0,7572
1/22/2023,ET,Ethiopia,AFRO,213,499295,0,7572
1/29/2023,ET,Ethiopia,AFRO,171,499466,0,7572
2/5/2023,ET,Ethiopia,AFRO,177,499643,0,7572
2/12/2023,ET,Ethiopia,AFRO,118,499761,0,7572
2/19/2023,ET,Ethiopia,AFRO,98,499859,0,7572
2/26/2023,ET,Ethiopia,AFRO,100,499959,0,7572
3/5/2023,ET,Ethiopia,AFRO,80,500039,0,7572
3/12/2023,ET,Ethiopia,AFRO,111,500150,0,7572
3/19/2023,ET,Ethiopia,AFRO,109,500259,0,7572
3/26/2023,ET,Ethiopia,AFRO,177,500436,1,7573
4/2/2023,ET,Ethiopia,AFRO,128,500564,0,7573
4/9/2023,ET,Ethiopia,AFRO,143,500707,0,7573
4/16/2023,ET,Ethiopia,AFRO,67,500774,1,7574
4/23/2023,ET,Ethiopia,AFRO,40,500814,0,7574
4/30/2023,ET,Ethiopia,AFRO,17,500831,0,7574
5/7/2023,ET,Ethiopia,AFRO,22,500853,0,7574
5/14/2023,ET,Ethiopia,AFRO,15,500868,0,7574
5/21/2023,ET,Ethiopia,AFRO,9,500877,0,7574
5/28/2023,ET,Ethiopia,AFRO,13,500890,0,7574
6/4/2023,ET,Ethiopia,AFRO,18,500908,0,7574
6/11/2023,ET,Ethiopia,AFRO,8,500916,0,7574
6/18/2023,ET,Ethiopia,AFRO,4,500920,0,7574
6/25/2023,ET,Ethiopia,AFRO,0,500920,0,7574
7/2/2023,ET,Ethiopia,AFRO,0,500920,0,7574
7/9/2023,ET,Ethiopia,AFRO,23,500943,0,7574
7/16/2023,ET,Ethiopia,AFRO,3,500946,0,7574
7/23/2023,ET,Ethiopia,AFRO,0,500946,0,7574
7/30/2023,ET,Ethiopia,AFRO,0,500946,0,7574
8/6/2023,ET,Ethiopia,AFRO,45,500991,0,7574
8/13/2023,ET,Ethiopia,AFRO,0,500991,0,7574
8/20/2023,ET,Ethiopia,AFRO,0,500991,0,7574
8/27/2023,ET,Ethiopia,AFRO,0,500991,0,7574
9/3/2023,ET,Ethiopia,AFRO,46,501037,0,7574
9/10/2023,ET,Ethiopia,AFRO,12,501049,0,7574
9/17/2023,ET,Ethiopia,AFRO,11,501060,0,7574
9/24/2023,ET,Ethiopia,AFRO,0,501060,0,7574
10/1/2023,ET,Ethiopia,AFRO,0,501060,0,7574
10/8/2023,ET,Ethiopia,AFRO,4,501064,0,7574
10/15/2023,ET,Ethiopia,AFRO,1,501065,0,7574
10/22/2023,ET,Ethiopia,AFRO,7,501072,0,7574
10/29/2023,ET,Ethiopia,AFRO,5,501077,0,7574
11/5/2023,ET,Ethiopia,AFRO,10,501087,0,7574
11/12/2023,ET,Ethiopia,AFRO,5,501092,0,7574
11/19/2023,ET,Ethiopia,AFRO,1,501093,0,7574
11/26/2023,ET,Ethiopia,AFRO,11,501104,0,7574
12/3/2023,ET,Ethiopia,AFRO,13,501117,0,7574
12/10/2023,ET,Ethiopia,AFRO,0,501117,0,7574
12/17/2023,ET,Ethiopia,AFRO,0,501117,0,7574
12/24/2023,ET,Ethiopia,AFRO,0,501117,0,7574
1/5/2020,FK,Falkland Islands (Malvinas),,0,0,0,0
1/12/2020,FK,Falkland Islands (Malvinas),,0,0,0,0
1/19/2020,FK,Falkland Islands (Malvinas),,0,0,0,0
1/26/2020,FK,Falkland Islands (Malvinas),,0,0,0,0
2/2/2020,FK,Falkland Islands (Malvinas),,0,0,0,0
2/9/2020,FK,Falkland Islands (Malvinas),,0,0,0,0
2/16/2020,FK,Falkland Islands (Malvinas),,0,0,0,0
2/23/2020,FK,Falkland Islands (Malvinas),,0,0,0,0
3/1/2020,FK,Falkland Islands (Malvinas),,0,0,0,0
3/8/2020,FK,Falkland Islands (Malvinas),,0,0,0,0
3/15/2020,FK,Falkland Islands (Malvinas),,0,0,0,0
3/22/2020,FK,Falkland Islands (Malvinas),,0,0,0,0
3/29/2020,FK,Falkland Islands (Malvinas),,0,0,0,0
4/5/2020,FK,Falkland Islands (Malvinas),,1,1,0,0
4/12/2020,FK,Falkland Islands (Malvinas),,4,5,0,0
4/19/2020,FK,Falkland Islands (Malvinas),,6,11,0,0
4/26/2020,FK,Falkland Islands (Malvinas),,2,13,0,0
5/3/2020,FK,Falkland Islands (Malvinas),,0,13,0,0
5/10/2020,FK,Falkland Islands (Malvinas),,0,13,0,0
5/17/2020,FK,Falkland Islands (Malvinas),,0,13,0,0
5/24/2020,FK,Falkland Islands (Malvinas),,0,13,0,0
5/31/2020,FK,Falkland Islands (Malvinas),,0,13,0,0
6/7/2020,FK,Falkland Islands (Malvinas),,0,13,0,0
6/14/2020,FK,Falkland Islands (Malvinas),,0,13,0,0
6/21/2020,FK,Falkland Islands (Malvinas),,0,13,0,0
6/28/2020,FK,Falkland Islands (Malvinas),,0,13,0,0
7/5/2020,FK,Falkland Islands (Malvinas),,0,13,0,0
7/12/2020,FK,Falkland Islands (Malvinas),,0,13,0,0
7/19/2020,FK,Falkland Islands (Malvinas),,0,13,0,0
7/26/2020,FK,Falkland Islands (Malvinas),,0,13,0,0
8/2/2020,FK,Falkland Islands (Malvinas),,0,13,0,0
8/9/2020,FK,Falkland Islands (Malvinas),,0,13,0,0
8/16/2020,FK,Falkland Islands (Malvinas),,0,13,0,0
8/23/2020,FK,Falkland Islands (Malvinas),,0,13,0,0
8/30/2020,FK,Falkland Islands (Malvinas),,0,13,0,0
9/6/2020,FK,Falkland Islands (Malvinas),,0,13,0,0
9/13/2020,FK,Falkland Islands (Malvinas),,0,13,0,0
9/20/2020,FK,Falkland Islands (Malvinas),,0,13,0,0
9/27/2020,FK,Falkland Islands (Malvinas),,0,13,0,0
10/4/2020,FK,Falkland Islands (Malvinas),,0,13,0,0
10/11/2020,FK,Falkland Islands (Malvinas),,0,13,0,0
10/18/2020,FK,Falkland Islands (Malvinas),,0,13,0,0
10/25/2020,FK,Falkland Islands (Malvinas),,0,13,0,0
11/1/2020,FK,Falkland Islands (Malvinas),,0,13,0,0
11/8/2020,FK,Falkland Islands (Malvinas),,0,13,0,0
11/15/2020,FK,Falkland Islands (Malvinas),,2,15,0,0
11/22/2020,FK,Falkland Islands (Malvinas),,1,16,0,0
11/29/2020,FK,Falkland Islands (Malvinas),,1,17,0,0
12/6/2020,FK,Falkland Islands (Malvinas),,0,17,0,0
12/13/2020,FK,Falkland Islands (Malvinas),,2,19,0,0
12/20/2020,FK,Falkland Islands (Malvinas),,4,23,0,0
12/27/2020,FK,Falkland Islands (Malvinas),,6,29,0,0
1/3/2021,FK,Falkland Islands (Malvinas),,0,29,0,0
1/10/2021,FK,Falkland Islands (Malvinas),,0,29,0,0
1/17/2021,FK,Falkland Islands (Malvinas),,3,32,0,0
1/24/2021,FK,Falkland Islands (Malvinas),,5,37,0,0
1/31/2021,FK,Falkland Islands (Malvinas),,3,40,0,0
2/7/2021,FK,Falkland Islands (Malvinas),,4,44,0,0
2/14/2021,FK,Falkland Islands (Malvinas),,5,49,0,0
2/21/2021,FK,Falkland Islands (Malvinas),,0,49,0,0
2/28/2021,FK,Falkland Islands (Malvinas),,2,51,0,0
3/7/2021,FK,Falkland Islands (Malvinas),,0,51,0,0
3/14/2021,FK,Falkland Islands (Malvinas),,0,51,0,0
3/21/2021,FK,Falkland Islands (Malvinas),,0,51,0,0
3/28/2021,FK,Falkland Islands (Malvinas),,0,51,0,0
4/4/2021,FK,Falkland Islands (Malvinas),,1,52,0,0
4/11/2021,FK,Falkland Islands (Malvinas),,8,60,0,0
4/18/2021,FK,Falkland Islands (Malvinas),,0,60,0,0
4/25/2021,FK,Falkland Islands (Malvinas),,0,60,0,0
5/2/2021,FK,Falkland Islands (Malvinas),,0,60,0,0
5/9/2021,FK,Falkland Islands (Malvinas),,0,60,0,0
5/16/2021,FK,Falkland Islands (Malvinas),,0,60,0,0
5/23/2021,FK,Falkland Islands (Malvinas),,0,60,0,0
5/30/2021,FK,Falkland Islands (Malvinas),,0,60,0,0
6/6/2021,FK,Falkland Islands (Malvinas),,0,60,0,0
6/13/2021,FK,Falkland Islands (Malvinas),,0,60,0,0
6/20/2021,FK,Falkland Islands (Malvinas),,0,60,0,0
6/27/2021,FK,Falkland Islands (Malvinas),,0,60,0,0
7/4/2021,FK,Falkland Islands (Malvinas),,0,60,0,0
7/11/2021,FK,Falkland Islands (Malvinas),,0,60,0,0
7/18/2021,FK,Falkland Islands (Malvinas),,0,60,0,0
7/25/2021,FK,Falkland Islands (Malvinas),,0,60,0,0
8/1/2021,FK,Falkland Islands (Malvinas),,0,60,0,0
8/8/2021,FK,Falkland Islands (Malvinas),,4,64,0,0
8/15/2021,FK,Falkland Islands (Malvinas),,0,64,0,0
8/22/2021,FK,Falkland Islands (Malvinas),,0,64,0,0
8/29/2021,FK,Falkland Islands (Malvinas),,0,64,0,0
9/5/2021,FK,Falkland Islands (Malvinas),,0,64,0,0
9/12/2021,FK,Falkland Islands (Malvinas),,0,64,0,0
9/19/2021,FK,Falkland Islands (Malvinas),,0,64,0,0
9/26/2021,FK,Falkland Islands (Malvinas),,3,67,0,0
10/3/2021,FK,Falkland Islands (Malvinas),,0,67,0,0
10/10/2021,FK,Falkland Islands (Malvinas),,2,69,0,0
10/17/2021,FK,Falkland Islands (Malvinas),,0,69,0,0
10/24/2021,FK,Falkland Islands (Malvinas),,0,69,0,0
10/31/2021,FK,Falkland Islands (Malvinas),,0,69,0,0
11/7/2021,FK,Falkland Islands (Malvinas),,9,78,0,0
11/14/2021,FK,Falkland Islands (Malvinas),,1,79,0,0
11/21/2021,FK,Falkland Islands (Malvinas),,0,79,0,0
11/28/2021,FK,Falkland Islands (Malvinas),,0,79,0,0
12/5/2021,FK,Falkland Islands (Malvinas),,0,79,0,0
12/12/2021,FK,Falkland Islands (Malvinas),,1,80,0,0
12/19/2021,FK,Falkland Islands (Malvinas),,1,81,0,0
12/26/2021,FK,Falkland Islands (Malvinas),,0,81,0,0
1/2/2022,FK,Falkland Islands (Malvinas),,1,82,0,0
1/9/2022,FK,Falkland Islands (Malvinas),,3,85,0,0
1/16/2022,FK,Falkland Islands (Malvinas),,0,85,0,0
1/23/2022,FK,Falkland Islands (Malvinas),,1,86,0,0
1/30/2022,FK,Falkland Islands (Malvinas),,3,89,0,0
2/6/2022,FK,Falkland Islands (Malvinas),,2,91,0,0
2/13/2022,FK,Falkland Islands (Malvinas),,7,98,0,0
2/20/2022,FK,Falkland Islands (Malvinas),,7,105,0,0
2/27/2022,FK,Falkland Islands (Malvinas),,5,110,0,0
3/6/2022,FK,Falkland Islands (Malvinas),,5,115,0,0
3/13/2022,FK,Falkland Islands (Malvinas),,3,118,0,0
3/20/2022,FK,Falkland Islands (Malvinas),,1,119,0,0
3/27/2022,FK,Falkland Islands (Malvinas),,0,119,0,0
4/3/2022,FK,Falkland Islands (Malvinas),,5,124,0,0
4/10/2022,FK,Falkland Islands (Malvinas),,5,129,0,0
4/17/2022,FK,Falkland Islands (Malvinas),,2,131,0,0
4/24/2022,FK,Falkland Islands (Malvinas),,21,152,0,0
5/1/2022,FK,Falkland Islands (Malvinas),,29,181,0,0
5/8/2022,FK,Falkland Islands (Malvinas),,211,392,0,0
5/15/2022,FK,Falkland Islands (Malvinas),,734,1126,0,0
5/22/2022,FK,Falkland Islands (Malvinas),,0,1126,0,0
5/29/2022,FK,Falkland Islands (Malvinas),,537,1663,0,0
6/5/2022,FK,Falkland Islands (Malvinas),,54,1717,0,0
6/12/2022,FK,Falkland Islands (Malvinas),,16,1733,0,0
6/19/2022,FK,Falkland Islands (Malvinas),,23,1756,0,0
6/26/2022,FK,Falkland Islands (Malvinas),,51,1807,0,0
7/3/2022,FK,Falkland Islands (Malvinas),,8,1815,0,0
7/10/2022,FK,Falkland Islands (Malvinas),,16,1831,0,0
7/17/2022,FK,Falkland Islands (Malvinas),,0,1831,0,0
7/24/2022,FK,Falkland Islands (Malvinas),,4,1835,0,0
7/31/2022,FK,Falkland Islands (Malvinas),,4,1839,0,0
8/7/2022,FK,Falkland Islands (Malvinas),,8,1847,0,0
8/14/2022,FK,Falkland Islands (Malvinas),,20,1867,0,0
8/21/2022,FK,Falkland Islands (Malvinas),,14,1881,0,0
8/28/2022,FK,Falkland Islands (Malvinas),,5,1886,0,0
9/4/2022,FK,Falkland Islands (Malvinas),,0,1886,0,0
9/11/2022,FK,Falkland Islands (Malvinas),,0,1886,0,0
9/18/2022,FK,Falkland Islands (Malvinas),,0,1886,0,0
9/25/2022,FK,Falkland Islands (Malvinas),,0,1886,0,0
10/2/2022,FK,Falkland Islands (Malvinas),,37,1923,0,0
10/9/2022,FK,Falkland Islands (Malvinas),,0,1923,0,0
10/16/2022,FK,Falkland Islands (Malvinas),,0,1923,0,0
10/23/2022,FK,Falkland Islands (Malvinas),,0,1923,0,0
10/30/2022,FK,Falkland Islands (Malvinas),,0,1923,0,0
11/6/2022,FK,Falkland Islands (Malvinas),,0,1923,0,0
11/13/2022,FK,Falkland Islands (Malvinas),,0,1923,0,0
11/20/2022,FK,Falkland Islands (Malvinas),,0,1923,0,0
11/27/2022,FK,Falkland Islands (Malvinas),,0,1923,0,0
12/4/2022,FK,Falkland Islands (Malvinas),,0,1923,0,0
12/11/2022,FK,Falkland Islands (Malvinas),,0,1923,0,0
12/18/2022,FK,Falkland Islands (Malvinas),,0,1923,0,0
12/25/2022,FK,Falkland Islands (Malvinas),,0,1923,0,0
1/1/2023,FK,Falkland Islands (Malvinas),,0,1923,0,0
1/8/2023,FK,Falkland Islands (Malvinas),,0,1923,0,0
1/15/2023,FK,Falkland Islands (Malvinas),,0,1923,0,0
1/22/2023,FK,Falkland Islands (Malvinas),,0,1923,0,0
1/29/2023,FK,Falkland Islands (Malvinas),,0,1923,0,0
2/5/2023,FK,Falkland Islands (Malvinas),,0,1923,0,0
2/12/2023,FK,Falkland Islands (Malvinas),,0,1923,0,0
2/19/2023,FK,Falkland Islands (Malvinas),,0,1923,0,0
2/26/2023,FK,Falkland Islands (Malvinas),,0,1923,0,0
3/5/2023,FK,Falkland Islands (Malvinas),,0,1923,0,0
3/12/2023,FK,Falkland Islands (Malvinas),,0,1923,0,0
3/19/2023,FK,Falkland Islands (Malvinas),,0,1923,0,0
3/26/2023,FK,Falkland Islands (Malvinas),,0,1923,0,0
4/2/2023,FK,Falkland Islands (Malvinas),,0,1923,0,0
4/9/2023,FK,Falkland Islands (Malvinas),,0,1923,0,0
4/16/2023,FK,Falkland Islands (Malvinas),,0,1923,0,0
4/23/2023,FK,Falkland Islands (Malvinas),,0,1923,0,0
4/30/2023,FK,Falkland Islands (Malvinas),,0,1923,0,0
5/7/2023,FK,Falkland Islands (Malvinas),,0,1923,0,0
5/14/2023,FK,Falkland Islands (Malvinas),,0,1923,0,0
5/21/2023,FK,Falkland Islands (Malvinas),,0,1923,0,0
5/28/2023,FK,Falkland Islands (Malvinas),,0,1923,0,0
6/4/2023,FK,Falkland Islands (Malvinas),,0,1923,0,0
6/11/2023,FK,Falkland Islands (Malvinas),,0,1923,0,0
6/18/2023,FK,Falkland Islands (Malvinas),,0,1923,0,0
6/25/2023,FK,Falkland Islands (Malvinas),,0,1923,0,0
7/2/2023,FK,Falkland Islands (Malvinas),,0,1923,0,0
7/9/2023,FK,Falkland Islands (Malvinas),,0,1923,0,0
7/16/2023,FK,Falkland Islands (Malvinas),,0,1923,0,0
7/23/2023,FK,Falkland Islands (Malvinas),,0,1923,0,0
7/30/2023,FK,Falkland Islands (Malvinas),,0,1923,0,0
8/6/2023,FK,Falkland Islands (Malvinas),,0,1923,0,0
8/13/2023,FK,Falkland Islands (Malvinas),,0,1923,0,0
8/20/2023,FK,Falkland Islands (Malvinas),,0,1923,0,0
8/27/2023,FK,Falkland Islands (Malvinas),,0,1923,0,0
9/3/2023,FK,Falkland Islands (Malvinas),,0,1923,0,0
9/10/2023,FK,Falkland Islands (Malvinas),,0,1923,0,0
9/17/2023,FK,Falkland Islands (Malvinas),,0,1923,0,0
9/24/2023,FK,Falkland Islands (Malvinas),,0,1923,0,0
10/1/2023,FK,Falkland Islands (Malvinas),,0,1923,0,0
10/8/2023,FK,Falkland Islands (Malvinas),,0,1923,0,0
10/15/2023,FK,Falkland Islands (Malvinas),,0,1923,0,0
10/22/2023,FK,Falkland Islands (Malvinas),,0,1923,0,0
10/29/2023,FK,Falkland Islands (Malvinas),,0,1923,0,0
11/5/2023,FK,Falkland Islands (Malvinas),,0,1923,0,0
11/12/2023,FK,Falkland Islands (Malvinas),,0,1923,0,0
11/19/2023,FK,Falkland Islands (Malvinas),,0,1923,0,0
11/26/2023,FK,Falkland Islands (Malvinas),,0,1923,0,0
12/3/2023,FK,Falkland Islands (Malvinas),,0,1923,0,0
12/10/2023,FK,Falkland Islands (Malvinas),,0,1923,0,0
12/17/2023,FK,Falkland Islands (Malvinas),,0,1923,0,0
12/24/2023,FK,Falkland Islands (Malvinas),,0,1923,0,0
1/5/2020,FO,Faroe Islands,,0,0,0,0
1/12/2020,FO,Faroe Islands,,0,0,0,0
1/19/2020,FO,Faroe Islands,,0,0,0,0
1/26/2020,FO,Faroe Islands,,0,0,0,0
2/2/2020,FO,Faroe Islands,,0,0,0,0
2/9/2020,FO,Faroe Islands,,0,0,0,0
2/16/2020,FO,Faroe Islands,,0,0,0,0
2/23/2020,FO,Faroe Islands,,0,0,0,0
3/1/2020,FO,Faroe Islands,,0,0,0,0
3/8/2020,FO,Faroe Islands,,2,2,0,0
3/15/2020,FO,Faroe Islands,,8,10,0,0
3/22/2020,FO,Faroe Islands,,90,100,0,0
3/29/2020,FO,Faroe Islands,,56,156,0,0
4/5/2020,FO,Faroe Islands,,25,181,0,0
4/12/2020,FO,Faroe Islands,,3,184,0,0
4/19/2020,FO,Faroe Islands,,1,185,0,0
4/26/2020,FO,Faroe Islands,,2,187,0,0
5/3/2020,FO,Faroe Islands,,0,187,0,0
5/10/2020,FO,Faroe Islands,,0,187,0,0
5/17/2020,FO,Faroe Islands,,0,187,0,0
5/24/2020,FO,Faroe Islands,,0,187,0,0
5/31/2020,FO,Faroe Islands,,0,187,0,0
6/7/2020,FO,Faroe Islands,,0,187,0,0
6/14/2020,FO,Faroe Islands,,0,187,0,0
6/21/2020,FO,Faroe Islands,,0,187,0,0
6/28/2020,FO,Faroe Islands,,0,187,0,0
7/5/2020,FO,Faroe Islands,,0,187,0,0
7/12/2020,FO,Faroe Islands,,1,188,0,0
7/19/2020,FO,Faroe Islands,,0,188,0,0
7/26/2020,FO,Faroe Islands,,26,214,0,0
8/2/2020,FO,Faroe Islands,,11,225,0,0
8/9/2020,FO,Faroe Islands,,81,306,0,0
8/16/2020,FO,Faroe Islands,,64,370,0,0
8/23/2020,FO,Faroe Islands,,14,384,0,0
8/30/2020,FO,Faroe Islands,,30,414,0,0
9/6/2020,FO,Faroe Islands,,2,416,0,0
9/13/2020,FO,Faroe Islands,,5,421,0,0
9/20/2020,FO,Faroe Islands,,13,434,0,0
9/27/2020,FO,Faroe Islands,,29,463,0,0
10/4/2020,FO,Faroe Islands,,13,476,0,0
10/11/2020,FO,Faroe Islands,,4,480,0,0
10/18/2020,FO,Faroe Islands,,6,486,0,0
10/25/2020,FO,Faroe Islands,,7,493,0,0
11/1/2020,FO,Faroe Islands,,5,498,0,0
11/8/2020,FO,Faroe Islands,,0,498,0,0
11/15/2020,FO,Faroe Islands,,2,500,0,0
11/22/2020,FO,Faroe Islands,,2,502,0,0
11/29/2020,FO,Faroe Islands,,3,505,0,0
12/6/2020,FO,Faroe Islands,,4,509,0,0
12/13/2020,FO,Faroe Islands,,19,528,0,0
12/20/2020,FO,Faroe Islands,,14,542,0,0
12/27/2020,FO,Faroe Islands,,32,574,0,0
1/3/2021,FO,Faroe Islands,,43,617,0,0
1/10/2021,FO,Faroe Islands,,32,649,1,1
1/17/2021,FO,Faroe Islands,,3,652,0,1
1/24/2021,FO,Faroe Islands,,3,655,0,1
1/31/2021,FO,Faroe Islands,,2,657,0,1
2/7/2021,FO,Faroe Islands,,1,658,0,1
2/14/2021,FO,Faroe Islands,,2,660,0,1
2/21/2021,FO,Faroe Islands,,1,661,0,1
2/28/2021,FO,Faroe Islands,,0,661,0,1
3/7/2021,FO,Faroe Islands,,0,661,0,1
3/14/2021,FO,Faroe Islands,,3,664,0,1
3/21/2021,FO,Faroe Islands,,0,664,0,1
3/28/2021,FO,Faroe Islands,,0,664,0,1
4/4/2021,FO,Faroe Islands,,0,664,0,1
4/11/2021,FO,Faroe Islands,,0,664,0,1
4/18/2021,FO,Faroe Islands,,1,665,0,1
4/25/2021,FO,Faroe Islands,,1,666,0,1
5/2/2021,FO,Faroe Islands,,1,667,0,1
5/9/2021,FO,Faroe Islands,,4,671,0,1
5/16/2021,FO,Faroe Islands,,2,673,0,1
5/23/2021,FO,Faroe Islands,,3,676,0,1
5/30/2021,FO,Faroe Islands,,39,715,0,1
6/6/2021,FO,Faroe Islands,,29,744,0,1
6/13/2021,FO,Faroe Islands,,14,758,0,1
6/20/2021,FO,Faroe Islands,,6,764,0,1
6/27/2021,FO,Faroe Islands,,10,774,0,1
7/4/2021,FO,Faroe Islands,,10,784,0,1
7/11/2021,FO,Faroe Islands,,64,848,0,1
7/18/2021,FO,Faroe Islands,,76,924,0,1
7/25/2021,FO,Faroe Islands,,49,973,0,1
8/1/2021,FO,Faroe Islands,,13,986,0,1
8/8/2021,FO,Faroe Islands,,5,991,1,2
8/15/2021,FO,Faroe Islands,,4,995,0,2
8/22/2021,FO,Faroe Islands,,3,998,0,2
8/29/2021,FO,Faroe Islands,,5,1003,0,2
9/5/2021,FO,Faroe Islands,,6,1009,0,2
9/12/2021,FO,Faroe Islands,,29,1038,0,2
9/19/2021,FO,Faroe Islands,,24,1062,0,2
9/26/2021,FO,Faroe Islands,,56,1118,0,2
10/3/2021,FO,Faroe Islands,,95,1213,0,2
10/10/2021,FO,Faroe Islands,,69,1282,0,2
10/17/2021,FO,Faroe Islands,,61,1343,0,2
10/24/2021,FO,Faroe Islands,,197,1540,0,2
10/31/2021,FO,Faroe Islands,,546,2086,0,2
11/7/2021,FO,Faroe Islands,,505,2591,3,5
11/14/2021,FO,Faroe Islands,,318,2909,2,7
11/21/2021,FO,Faroe Islands,,265,3174,5,12
11/28/2021,FO,Faroe Islands,,302,3476,1,13
12/5/2021,FO,Faroe Islands,,387,3863,0,13
12/12/2021,FO,Faroe Islands,,479,4342,0,13
12/19/2021,FO,Faroe Islands,,363,4705,0,13
12/26/2021,FO,Faroe Islands,,445,5150,0,13
1/2/2022,FO,Faroe Islands,,936,6086,1,14
1/9/2022,FO,Faroe Islands,,1473,7559,1,15
1/16/2022,FO,Faroe Islands,,2210,9769,0,15
1/23/2022,FO,Faroe Islands,,4062,13831,2,17
1/30/2022,FO,Faroe Islands,,4791,18622,1,18
2/6/2022,FO,Faroe Islands,,4973,23595,2,20
2/13/2022,FO,Faroe Islands,,4835,28430,2,22
2/20/2022,FO,Faroe Islands,,3454,31884,2,24
2/27/2022,FO,Faroe Islands,,2254,34138,4,28
3/6/2022,FO,Faroe Islands,,520,34658,0,28
3/13/2022,FO,Faroe Islands,,0,34658,0,28
3/20/2022,FO,Faroe Islands,,0,34658,0,28
3/27/2022,FO,Faroe Islands,,0,34658,0,28
4/3/2022,FO,Faroe Islands,,0,34658,0,28
4/10/2022,FO,Faroe Islands,,0,34658,0,28
4/17/2022,FO,Faroe Islands,,0,34658,0,28
4/24/2022,FO,Faroe Islands,,0,34658,0,28
5/1/2022,FO,Faroe Islands,,0,34658,0,28
5/8/2022,FO,Faroe Islands,,0,34658,0,28
5/15/2022,FO,Faroe Islands,,0,34658,0,28
5/22/2022,FO,Faroe Islands,,0,34658,0,28
5/29/2022,FO,Faroe Islands,,0,34658,0,28
6/5/2022,FO,Faroe Islands,,0,34658,0,28
6/12/2022,FO,Faroe Islands,,0,34658,0,28
6/19/2022,FO,Faroe Islands,,0,34658,0,28
6/26/2022,FO,Faroe Islands,,0,34658,0,28
7/3/2022,FO,Faroe Islands,,0,34658,0,28
7/10/2022,FO,Faroe Islands,,0,34658,0,28
7/17/2022,FO,Faroe Islands,,0,34658,0,28
7/24/2022,FO,Faroe Islands,,0,34658,0,28
7/31/2022,FO,Faroe Islands,,0,34658,0,28
8/7/2022,FO,Faroe Islands,,0,34658,0,28
8/14/2022,FO,Faroe Islands,,0,34658,0,28
8/21/2022,FO,Faroe Islands,,0,34658,0,28
8/28/2022,FO,Faroe Islands,,0,34658,0,28
9/4/2022,FO,Faroe Islands,,0,34658,0,28
9/11/2022,FO,Faroe Islands,,0,34658,0,28
9/18/2022,FO,Faroe Islands,,0,34658,0,28
9/25/2022,FO,Faroe Islands,,0,34658,0,28
10/2/2022,FO,Faroe Islands,,0,34658,0,28
10/9/2022,FO,Faroe Islands,,0,34658,0,28
10/16/2022,FO,Faroe Islands,,0,34658,0,28
10/23/2022,FO,Faroe Islands,,0,34658,0,28
10/30/2022,FO,Faroe Islands,,0,34658,0,28
11/6/2022,FO,Faroe Islands,,0,34658,0,28
11/13/2022,FO,Faroe Islands,,0,34658,0,28
11/20/2022,FO,Faroe Islands,,0,34658,0,28
11/27/2022,FO,Faroe Islands,,0,34658,0,28
12/4/2022,FO,Faroe Islands,,0,34658,0,28
12/11/2022,FO,Faroe Islands,,0,34658,0,28
12/18/2022,FO,Faroe Islands,,0,34658,0,28
12/25/2022,FO,Faroe Islands,,0,34658,0,28
1/1/2023,FO,Faroe Islands,,0,34658,0,28
1/8/2023,FO,Faroe Islands,,0,34658,0,28
1/15/2023,FO,Faroe Islands,,0,34658,0,28
1/22/2023,FO,Faroe Islands,,0,34658,0,28
1/29/2023,FO,Faroe Islands,,0,34658,0,28
2/5/2023,FO,Faroe Islands,,0,34658,0,28
2/12/2023,FO,Faroe Islands,,0,34658,0,28
2/19/2023,FO,Faroe Islands,,0,34658,0,28
2/26/2023,FO,Faroe Islands,,0,34658,0,28
3/5/2023,FO,Faroe Islands,,0,34658,0,28
3/12/2023,FO,Faroe Islands,,0,34658,0,28
3/19/2023,FO,Faroe Islands,,0,34658,0,28
3/26/2023,FO,Faroe Islands,,0,34658,0,28
4/2/2023,FO,Faroe Islands,,0,34658,0,28
4/9/2023,FO,Faroe Islands,,0,34658,0,28
4/16/2023,FO,Faroe Islands,,0,34658,0,28
4/23/2023,FO,Faroe Islands,,0,34658,0,28
4/30/2023,FO,Faroe Islands,,0,34658,0,28
5/7/2023,FO,Faroe Islands,,0,34658,0,28
5/14/2023,FO,Faroe Islands,,0,34658,0,28
5/21/2023,FO,Faroe Islands,,0,34658,0,28
5/28/2023,FO,Faroe Islands,,0,34658,0,28
6/4/2023,FO,Faroe Islands,,0,34658,0,28
6/11/2023,FO,Faroe Islands,,0,34658,0,28
6/18/2023,FO,Faroe Islands,,0,34658,0,28
6/25/2023,FO,Faroe Islands,,0,34658,0,28
7/2/2023,FO,Faroe Islands,,0,34658,0,28
7/9/2023,FO,Faroe Islands,,0,34658,0,28
7/16/2023,FO,Faroe Islands,,0,34658,0,28
7/23/2023,FO,Faroe Islands,,0,34658,0,28
7/30/2023,FO,Faroe Islands,,0,34658,0,28
8/6/2023,FO,Faroe Islands,,0,34658,0,28
8/13/2023,FO,Faroe Islands,,0,34658,0,28
8/20/2023,FO,Faroe Islands,,0,34658,0,28
8/27/2023,FO,Faroe Islands,,0,34658,0,28
9/3/2023,FO,Faroe Islands,,0,34658,0,28
9/10/2023,FO,Faroe Islands,,0,34658,0,28
9/17/2023,FO,Faroe Islands,,0,34658,0,28
9/24/2023,FO,Faroe Islands,,0,34658,0,28
10/1/2023,FO,Faroe Islands,,0,34658,0,28
10/8/2023,FO,Faroe Islands,,0,34658,0,28
10/15/2023,FO,Faroe Islands,,0,34658,0,28
10/22/2023,FO,Faroe Islands,,0,34658,0,28
10/29/2023,FO,Faroe Islands,,0,34658,0,28
11/5/2023,FO,Faroe Islands,,0,34658,0,28
11/12/2023,FO,Faroe Islands,,0,34658,0,28
11/19/2023,FO,Faroe Islands,,0,34658,0,28
11/26/2023,FO,Faroe Islands,,0,34658,0,28
12/3/2023,FO,Faroe Islands,,0,34658,0,28
12/10/2023,FO,Faroe Islands,,0,34658,0,28
12/17/2023,FO,Faroe Islands,,0,34658,0,28
12/24/2023,FO,Faroe Islands,,0,34658,0,28
1/5/2020,,,,0,0,0,0
1/12/2020,,,,0,0,0,0
1/19/2020,,,,0,0,0,0
1/26/2020,,,,0,0,0,0
2/2/2020,,,,0,0,0,0
2/9/2020,,,,0,0,0,0
2/16/2020,,,,0,0,0,0
2/23/2020,,,,0,0,0,0
3/1/2020,,,,0,0,0,0
3/8/2020,,,,0,0,0,0
3/15/2020,,,,0,0,0,0
3/22/2020,,,,0,0,0,0
3/29/2020,,,,0,0,0,0
4/5/2020,,,,0,0,0,0
4/12/2020,,,,0,0,0,0
4/19/2020,,,,0,0,0,0
4/26/2020,,,,0,0,0,0
5/3/2020,,,,0,0,0,0
5/10/2020,,,,0,0,0,0
5/17/2020,,,,0,0,0,0
5/24/2020,,,,0,0,0,0
5/31/2020,,,,0,0,0,0
6/7/2020,,,,0,0,0,0
6/14/2020,,,,0,0,0,0
6/21/2020,,,,0,0,0,0
6/28/2020,,,,0,0,0,0
7/5/2020,,,,0,0,0,0
7/12/2020,,,,0,0,0,0
7/19/2020,,,,0,0,0,0
7/26/2020,,,,0,0,0,0
8/2/2020,,,,0,0,0,0
8/9/2020,,,,0,0,0,0
8/16/2020,,,,0,0,0,0
8/23/2020,,,,0,0,0,0
8/30/2020,,,,0,0,0,0
9/6/2020,,,,0,0,0,0
9/13/2020,,,,0,0,0,0
9/20/2020,,,,0,0,0,0
9/27/2020,,,,0,0,0,0
10/4/2020,,,,0,0,0,0
10/11/2020,,,,0,0,0,0
10/18/2020,,,,0,0,0,0
10/25/2020,,,,0,0,0,0
11/1/2020,,,,0,0,0,0
11/8/2020,,,,0,0,0,0
11/15/2020,,,,0,0,0,0
11/22/2020,,,,0,0,0,0
11/29/2020,,,,0,0,0,0
12/6/2020,,,,0,0,0,0
12/13/2020,,,,3,3,0,0
12/20/2020,,,,0,3,0,0
12/27/2020,,,,1,4,0,0
1/3/2021,,,,0,4,0,0
1/10/2021,,,,0,4,0,0
1/17/2021,,,,0,4,0,0
1/24/2021,,,,0,4,0,0
1/31/2021,,,,0,4,0,0
2/7/2021,,,,0,4,0,0
2/14/2021,,,,0,4,0,0
2/21/2021,,,,0,4,0,0
2/28/2021,,,,0,4,0,0
3/7/2021,,,,0,4,0,0
3/14/2021,,,,0,4,0,0
3/21/2021,,,,0,4,0,0
3/28/2021,,,,0,4,0,0
4/4/2021,,,,0,4,0,0
4/11/2021,,,,0,4,0,0
4/18/2021,,,,0,4,0,0
4/25/2021,,,,0,4,0,0
5/2/2021,,,,0,4,0,0
5/9/2021,,,,0,4,0,0
5/16/2021,,,,0,4,0,0
5/23/2021,,,,0,4,0,0
5/30/2021,,,,0,4,0,0
6/6/2021,,,,0,4,0,0
6/13/2021,,,,0,4,0,0
6/20/2021,,,,0,4,0,0
6/27/2021,,,,0,4,0,0
7/4/2021,,,,0,4,0,0
7/11/2021,,,,0,4,0,0
7/18/2021,,,,0,4,0,0
7/25/2021,,,,0,4,0,0
8/1/2021,,,,0,4,0,0
8/8/2021,,,,0,4,0,0
8/15/2021,,,,0,4,0,0
8/22/2021,,,,0,4,0,0
8/29/2021,,,,0,4,0,0
9/5/2021,,,,0,4,0,0
9/12/2021,,,,0,4,0,0
9/19/2021,,,,0,4,0,0
9/26/2021,,,,0,4,0,0
10/3/2021,,,,0,4,0,0
10/10/2021,,,,0,4,0,0
10/17/2021,,,,0,4,0,0
10/24/2021,,,,0,4,0,0
10/31/2021,,,,0,4,0,0
11/7/2021,,,,0,4,0,0
11/14/2021,,,,0,4,0,0
11/21/2021,,,,0,4,0,0
11/28/2021,,,,0,4,0,0
12/5/2021,,,,0,4,0,0
12/12/2021,,,,0,4,0,0
12/19/2021,,,,0,4,0,0
12/26/2021,,,,0,4,0,0
1/2/2022,,,,0,4,0,0
1/9/2022,,,,0,4,0,0
1/16/2022,,,,0,4,0,0
1/23/2022,,,,0,4,0,0
1/30/2022,,,,0,4,0,0
2/6/2022,,,,0,4,0,0
2/13/2022,,,,0,4,0,0
2/20/2022,,,,0,4,0,0
2/27/2022,,,,0,4,0,0
3/6/2022,,,,0,4,0,0
3/13/2022,,,,0,4,0,0
3/20/2022,,,,0,4,0,0
3/27/2022,,,,0,4,0,0
4/3/2022,,,,0,4,0,0
4/10/2022,,,,0,4,0,0
4/17/2022,,,,0,4,0,0
4/24/2022,,,,0,4,0,0
5/1/2022,,,,0,4,0,0
5/8/2022,,,,0,4,0,0
5/15/2022,,,,0,4,0,0
5/22/2022,,,,0,4,0,0
5/29/2022,,,,0,4,0,0
6/5/2022,,,,0,4,0,0
6/12/2022,,,,0,4,0,0
6/19/2022,,,,0,4,0,0
6/26/2022,,,,0,4,0,0
7/3/2022,,,,0,4,0,0
7/10/2022,,,,0,4,0,0
7/17/2022,,,,0,4,0,0
7/24/2022,,,,0,4,0,0
7/31/2022,,,,0,4,0,0
8/7/2022,,,,0,4,0,0
8/14/2022,,,,0,4,0,0
8/21/2022,,,,0,4,0,0
8/28/2022,,,,0,4,0,0
9/4/2022,,,,0,4,0,0
9/11/2022,,,,0,4,0,0
9/18/2022,,,,0,4,0,0
9/25/2022,,,,0,4,0,0
10/2/2022,,,,0,4,0,0
10/9/2022,,,,0,4,0,0
10/16/2022,,,,0,4,0,0
10/23/2022,,,,0,4,0,0
10/30/2022,,,,0,4,0,0
11/6/2022,,,,0,4,0,0
11/13/2022,,,,0,4,0,0
11/20/2022,,,,0,4,0,0
11/27/2022,,,,0,4,0,0
12/4/2022,,,,0,4,0,0
12/11/2022,,,,0,4,0,0
12/18/2022,,,,0,4,0,0
12/25/2022,,,,0,4,0,0
1/1/2023,,,,0,4,0,0
1/8/2023,,,,0,4,0,0
1/15/2023,,,,0,4,0,0
1/22/2023,,,,0,4,0,0
1/29/2023,,,,0,4,0,0
2/5/2023,,,,0,4,0,0
2/12/2023,,,,0,4,0,0
2/19/2023,,,,0,4,0,0
2/26/2023,,,,0,4,0,0
3/5/2023,,,,0,4,0,0
3/12/2023,,,,0,4,0,0
3/19/2023,,,,0,4,0,0
3/26/2023,,,,0,4,0,0
4/2/2023,,,,0,4,0,0
4/9/2023,,,,0,4,0,0
4/16/2023,,,,0,4,0,0
4/23/2023,,,,0,4,0,0
4/30/2023,,,,0,4,0,0
5/7/2023,,,,0,4,0,0
5/14/2023,,,,0,4,0,0
5/21/2023,,,,0,4,0,0
5/28/2023,,,,0,4,0,0
6/4/2023,,,,0,4,0,0
6/11/2023,,,,0,4,0,0
6/18/2023,,,,0,4,0,0
6/25/2023,,,,0,4,0,0
7/2/2023,,,,0,4,0,0
7/9/2023,,,,0,4,0,0
7/16/2023,,,,0,4,0,0
7/23/2023,,,,0,4,0,0
7/30/2023,,,,0,4,0,0
8/6/2023,,,,0,4,0,0
8/13/2023,,,,0,4,0,0
8/20/2023,,,,0,4,0,0
8/27/2023,,,,0,4,0,0
9/3/2023,,,,0,4,0,0
9/10/2023,,,,0,4,0,0
9/17/2023,,,,0,4,0,0
9/24/2023,,,,0,4,0,0
10/1/2023,,,,0,4,0,0
10/8/2023,,,,0,4,0,0
10/15/2023,,,,0,4,0,0
10/22/2023,,,,0,4,0,0
10/29/2023,,,,0,4,0,0
11/5/2023,,,,0,4,0,0
11/12/2023,,,,0,4,0,0
11/19/2023,,,,0,4,0,0
11/26/2023,,,,0,4,0,0
12/3/2023,,,,0,4,0,0
12/10/2023,,,,0,4,0,0
12/17/2023,,,,0,4,0,0
12/24/2023,,,,0,4,0,0
1/5/2020,FJ,Fiji,WPRO,0,0,0,0
1/12/2020,FJ,Fiji,WPRO,0,0,0,0
1/19/2020,FJ,Fiji,WPRO,0,0,0,0
1/26/2020,FJ,Fiji,WPRO,0,0,0,0
2/2/2020,FJ,Fiji,WPRO,0,0,0,0
2/9/2020,FJ,Fiji,WPRO,0,0,0,0
2/16/2020,FJ,Fiji,WPRO,0,0,0,0
2/23/2020,FJ,Fiji,WPRO,0,0,0,0
3/1/2020,FJ,Fiji,WPRO,0,0,0,0
3/8/2020,FJ,Fiji,WPRO,0,0,0,0
3/15/2020,FJ,Fiji,WPRO,0,0,0,0
3/22/2020,FJ,Fiji,WPRO,2,2,0,0
3/29/2020,FJ,Fiji,WPRO,3,5,0,0
4/5/2020,FJ,Fiji,WPRO,7,12,0,0
4/12/2020,FJ,Fiji,WPRO,4,16,0,0
4/19/2020,FJ,Fiji,WPRO,1,17,0,0
4/26/2020,FJ,Fiji,WPRO,1,18,0,0
5/3/2020,FJ,Fiji,WPRO,0,18,0,0
5/10/2020,FJ,Fiji,WPRO,0,18,0,0
5/17/2020,FJ,Fiji,WPRO,0,18,0,0
5/24/2020,FJ,Fiji,WPRO,0,18,0,0
5/31/2020,FJ,Fiji,WPRO,0,18,0,0
6/7/2020,FJ,Fiji,WPRO,0,18,0,0
6/14/2020,FJ,Fiji,WPRO,0,18,0,0
6/21/2020,FJ,Fiji,WPRO,0,18,0,0
6/28/2020,FJ,Fiji,WPRO,0,18,0,0
7/5/2020,FJ,Fiji,WPRO,0,18,0,0
7/12/2020,FJ,Fiji,WPRO,8,26,0,0
7/19/2020,FJ,Fiji,WPRO,0,26,0,0
7/26/2020,FJ,Fiji,WPRO,1,27,0,0
8/2/2020,FJ,Fiji,WPRO,0,27,1,1
8/9/2020,FJ,Fiji,WPRO,0,27,0,1
8/16/2020,FJ,Fiji,WPRO,1,28,0,1
8/23/2020,FJ,Fiji,WPRO,0,28,0,1
8/30/2020,FJ,Fiji,WPRO,0,28,1,2
9/6/2020,FJ,Fiji,WPRO,3,31,0,2
9/13/2020,FJ,Fiji,WPRO,1,32,0,2
9/20/2020,FJ,Fiji,WPRO,0,32,0,2
9/27/2020,FJ,Fiji,WPRO,0,32,0,2
10/4/2020,FJ,Fiji,WPRO,0,32,0,2
10/11/2020,FJ,Fiji,WPRO,0,32,0,2
10/18/2020,FJ,Fiji,WPRO,0,32,0,2
10/25/2020,FJ,Fiji,WPRO,1,33,0,2
11/1/2020,FJ,Fiji,WPRO,1,34,0,2
11/8/2020,FJ,Fiji,WPRO,0,34,0,2
11/15/2020,FJ,Fiji,WPRO,1,35,0,2
11/22/2020,FJ,Fiji,WPRO,0,35,0,2
11/29/2020,FJ,Fiji,WPRO,3,38,0,2
12/6/2020,FJ,Fiji,WPRO,6,44,0,2
12/13/2020,FJ,Fiji,WPRO,0,44,0,2
12/20/2020,FJ,Fiji,WPRO,2,46,0,2
12/27/2020,FJ,Fiji,WPRO,0,46,0,2
1/3/2021,FJ,Fiji,WPRO,3,49,0,2
1/10/2021,FJ,Fiji,WPRO,4,53,0,2
1/17/2021,FJ,Fiji,WPRO,2,55,0,2
1/24/2021,FJ,Fiji,WPRO,0,55,0,2
1/31/2021,FJ,Fiji,WPRO,0,55,0,2
2/7/2021,FJ,Fiji,WPRO,1,56,0,2
2/14/2021,FJ,Fiji,WPRO,0,56,0,2
2/21/2021,FJ,Fiji,WPRO,0,56,0,2
2/28/2021,FJ,Fiji,WPRO,3,59,0,2
3/7/2021,FJ,Fiji,WPRO,4,63,0,2
3/14/2021,FJ,Fiji,WPRO,3,66,0,2
3/21/2021,FJ,Fiji,WPRO,1,67,0,2
3/28/2021,FJ,Fiji,WPRO,0,67,0,2
4/4/2021,FJ,Fiji,WPRO,0,67,0,2
4/11/2021,FJ,Fiji,WPRO,1,68,0,2
4/18/2021,FJ,Fiji,WPRO,6,74,0,2
4/25/2021,FJ,Fiji,WPRO,17,91,0,2
5/2/2021,FJ,Fiji,WPRO,28,119,0,2
5/9/2021,FJ,Fiji,WPRO,20,139,1,3
5/16/2021,FJ,Fiji,WPRO,33,172,1,4
5/23/2021,FJ,Fiji,WPRO,58,230,0,4
5/30/2021,FJ,Fiji,WPRO,171,401,0,4
6/6/2021,FJ,Fiji,WPRO,286,687,0,4
6/13/2021,FJ,Fiji,WPRO,430,1117,0,4
6/20/2021,FJ,Fiji,WPRO,847,1964,3,7
6/27/2021,FJ,Fiji,WPRO,1627,3591,8,15
7/4/2021,FJ,Fiji,WPRO,2570,6161,15,30
7/11/2021,FJ,Fiji,WPRO,4351,10512,25,55
7/18/2021,FJ,Fiji,WPRO,7002,17514,43,98
7/25/2021,FJ,Fiji,WPRO,5625,23139,88,186
8/1/2021,FJ,Fiji,WPRO,7274,30413,55,241
8/8/2021,FJ,Fiji,WPRO,6566,36979,58,299
8/15/2021,FJ,Fiji,WPRO,3258,40237,72,371
8/22/2021,FJ,Fiji,WPRO,3360,43597,67,438
8/29/2021,FJ,Fiji,WPRO,2430,46027,41,479
9/5/2021,FJ,Fiji,WPRO,1838,47865,29,508
9/12/2021,FJ,Fiji,WPRO,1121,48986,27,535
9/19/2021,FJ,Fiji,WPRO,973,49959,31,566
9/26/2021,FJ,Fiji,WPRO,796,50755,24,590
10/3/2021,FJ,Fiji,WPRO,447,51202,43,633
10/10/2021,FJ,Fiji,WPRO,297,51499,20,653
10/17/2021,FJ,Fiji,WPRO,202,51701,8,661
10/24/2021,FJ,Fiji,WPRO,313,52014,12,673
10/31/2021,FJ,Fiji,WPRO,157,52171,1,674
11/7/2021,FJ,Fiji,WPRO,105,52276,0,674
11/14/2021,FJ,Fiji,WPRO,133,52409,20,694
11/21/2021,FJ,Fiji,WPRO,51,52460,1,695
11/28/2021,FJ,Fiji,WPRO,34,52494,1,696
12/5/2021,FJ,Fiji,WPRO,58,52552,1,697
12/12/2021,FJ,Fiji,WPRO,37,52589,0,697
12/19/2021,FJ,Fiji,WPRO,57,52646,0,697
12/26/2021,FJ,Fiji,WPRO,298,52944,0,697
1/2/2022,FJ,Fiji,WPRO,1890,54834,3,700
1/9/2022,FJ,Fiji,WPRO,2922,57756,9,709
1/16/2022,FJ,Fiji,WPRO,1700,59456,21,730
1/23/2022,FJ,Fiji,WPRO,1525,60981,38,768
1/30/2022,FJ,Fiji,WPRO,1414,62395,30,798
2/6/2022,FJ,Fiji,WPRO,886,63281,13,811
2/13/2022,FJ,Fiji,WPRO,220,63501,8,819
2/20/2022,FJ,Fiji,WPRO,123,63624,5,824
2/27/2022,FJ,Fiji,WPRO,203,63827,9,833
3/6/2022,FJ,Fiji,WPRO,192,64019,1,834
3/13/2022,FJ,Fiji,WPRO,48,64067,0,834
3/20/2022,FJ,Fiji,WPRO,242,64309,0,834
3/27/2022,FJ,Fiji,WPRO,67,64376,0,834
4/3/2022,FJ,Fiji,WPRO,41,64417,0,834
4/10/2022,FJ,Fiji,WPRO,75,64492,0,834
4/17/2022,FJ,Fiji,WPRO,10,64502,28,862
4/24/2022,FJ,Fiji,WPRO,22,64524,0,862
5/1/2022,FJ,Fiji,WPRO,110,64634,0,862
5/8/2022,FJ,Fiji,WPRO,65,64699,0,862
5/15/2022,FJ,Fiji,WPRO,74,64773,0,862
5/22/2022,FJ,Fiji,WPRO,68,64841,0,862
5/29/2022,FJ,Fiji,WPRO,100,64941,1,863
6/5/2022,FJ,Fiji,WPRO,121,65062,1,864
6/12/2022,FJ,Fiji,WPRO,95,65157,1,865
6/19/2022,FJ,Fiji,WPRO,109,65266,0,865
6/26/2022,FJ,Fiji,WPRO,197,65463,0,865
7/3/2022,FJ,Fiji,WPRO,250,65713,1,866
7/10/2022,FJ,Fiji,WPRO,403,66116,3,869
7/17/2022,FJ,Fiji,WPRO,591,66707,1,870
7/24/2022,FJ,Fiji,WPRO,480,67187,0,870
7/31/2022,FJ,Fiji,WPRO,362,67549,3,873
8/7/2022,FJ,Fiji,WPRO,254,67803,1,874
8/14/2022,FJ,Fiji,WPRO,119,67922,1,875
8/21/2022,FJ,Fiji,WPRO,106,68028,2,877
8/28/2022,FJ,Fiji,WPRO,88,68116,1,878
9/4/2022,FJ,Fiji,WPRO,61,68177,0,878
9/11/2022,FJ,Fiji,WPRO,29,68206,0,878
9/18/2022,FJ,Fiji,WPRO,15,68221,0,878
9/25/2022,FJ,Fiji,WPRO,21,68242,0,878
10/2/2022,FJ,Fiji,WPRO,3,68245,0,878
10/9/2022,FJ,Fiji,WPRO,0,68245,0,878
10/16/2022,FJ,Fiji,WPRO,3,68248,0,878
10/23/2022,FJ,Fiji,WPRO,9,68257,0,878
10/30/2022,FJ,Fiji,WPRO,7,68264,0,878
11/6/2022,FJ,Fiji,WPRO,6,68270,0,878
11/13/2022,FJ,Fiji,WPRO,17,68287,0,878
11/20/2022,FJ,Fiji,WPRO,20,68307,0,878
11/27/2022,FJ,Fiji,WPRO,68,68375,0,878
12/4/2022,FJ,Fiji,WPRO,76,68451,0,878
12/11/2022,FJ,Fiji,WPRO,102,68553,0,878
12/18/2022,FJ,Fiji,WPRO,72,68625,0,878
12/25/2022,FJ,Fiji,WPRO,77,68702,3,881
1/1/2023,FJ,Fiji,WPRO,48,68750,0,881
1/8/2023,FJ,Fiji,WPRO,21,68771,2,883
1/15/2023,FJ,Fiji,WPRO,22,68793,0,883
1/22/2023,FJ,Fiji,WPRO,15,68808,0,883
1/29/2023,FJ,Fiji,WPRO,12,68820,0,883
2/5/2023,FJ,Fiji,WPRO,28,68848,0,883
2/12/2023,FJ,Fiji,WPRO,16,68864,0,883
2/19/2023,FJ,Fiji,WPRO,12,68876,0,883
2/26/2023,FJ,Fiji,WPRO,13,68889,0,883
3/5/2023,FJ,Fiji,WPRO,8,68897,0,883
3/12/2023,FJ,Fiji,WPRO,1,68898,0,883
3/19/2023,FJ,Fiji,WPRO,6,68904,0,883
3/26/2023,FJ,Fiji,WPRO,7,68911,0,883
4/2/2023,FJ,Fiji,WPRO,3,68914,0,883
4/9/2023,FJ,Fiji,WPRO,3,68917,0,883
4/16/2023,FJ,Fiji,WPRO,1,68918,0,883
4/23/2023,FJ,Fiji,WPRO,0,68918,0,883
4/30/2023,FJ,Fiji,WPRO,3,68921,0,883
5/7/2023,FJ,Fiji,WPRO,0,68921,0,883
5/14/2023,FJ,Fiji,WPRO,0,68921,0,883
5/21/2023,FJ,Fiji,WPRO,0,68921,0,883
5/28/2023,FJ,Fiji,WPRO,0,68921,0,883
6/4/2023,FJ,Fiji,WPRO,0,68921,0,883
6/11/2023,FJ,Fiji,WPRO,108,69029,1,884
6/18/2023,FJ,Fiji,WPRO,7,69036,1,885
6/25/2023,FJ,Fiji,WPRO,0,69036,0,885
7/2/2023,FJ,Fiji,WPRO,11,69047,0,885
7/9/2023,FJ,Fiji,WPRO,0,69047,0,885
7/16/2023,FJ,Fiji,WPRO,0,69047,0,885
7/23/2023,FJ,Fiji,WPRO,0,69047,0,885
7/30/2023,FJ,Fiji,WPRO,0,69047,0,885
8/6/2023,FJ,Fiji,WPRO,0,69047,0,885
8/13/2023,FJ,Fiji,WPRO,0,69047,0,885
8/20/2023,FJ,Fiji,WPRO,0,69047,0,885
8/27/2023,FJ,Fiji,WPRO,0,69047,0,885
9/3/2023,FJ,Fiji,WPRO,0,69047,0,885
9/10/2023,FJ,Fiji,WPRO,0,69047,0,885
9/17/2023,FJ,Fiji,WPRO,0,69047,0,885
9/24/2023,FJ,Fiji,WPRO,0,69047,0,885
10/1/2023,FJ,Fiji,WPRO,0,69047,0,885
10/8/2023,FJ,Fiji,WPRO,0,69047,0,885
10/15/2023,FJ,Fiji,WPRO,-7,69040,0,885
10/22/2023,FJ,Fiji,WPRO,7,69047,0,885
10/29/2023,FJ,Fiji,WPRO,0,69047,0,885
11/5/2023,FJ,Fiji,WPRO,0,69047,0,885
11/12/2023,FJ,Fiji,WPRO,0,69047,0,885
11/19/2023,FJ,Fiji,WPRO,0,69047,0,885
11/26/2023,FJ,Fiji,WPRO,0,69047,0,885
12/3/2023,FJ,Fiji,WPRO,0,69047,0,885
12/10/2023,FJ,Fiji,WPRO,0,69047,0,885
12/17/2023,FJ,Fiji,WPRO,0,69047,0,885
12/24/2023,FJ,Fiji,WPRO,0,69047,0,885
1/5/2020,FI,Finland,EURO,0,0,0,0
1/12/2020,FI,Finland,EURO,0,0,0,0
1/19/2020,FI,Finland,EURO,0,0,0,0
1/26/2020,FI,Finland,EURO,0,0,0,0
2/2/2020,FI,Finland,EURO,1,1,0,0
2/9/2020,FI,Finland,EURO,0,1,0,0
2/16/2020,FI,Finland,EURO,1,2,0,0
2/23/2020,FI,Finland,EURO,0,2,0,0
3/1/2020,FI,Finland,EURO,6,8,0,0
3/8/2020,FI,Finland,EURO,112,120,1,1
3/15/2020,FI,Finland,EURO,652,772,18,19
3/22/2020,FI,Finland,EURO,806,1578,43,62
3/29/2020,FI,Finland,EURO,1105,2683,62,124
4/5/2020,FI,Finland,EURO,769,3452,65,189
4/12/2020,FI,Finland,EURO,743,4195,43,232
4/19/2020,FI,Finland,EURO,699,4894,22,254
4/26/2020,FI,Finland,EURO,627,5521,28,282
5/3/2020,FI,Finland,EURO,444,5965,8,290
5/10/2020,FI,Finland,EURO,260,6225,6,296
5/17/2020,FI,Finland,EURO,190,6415,2,298
5/24/2020,FI,Finland,EURO,112,6527,1,299
5/31/2020,FI,Finland,EURO,64,6591,0,299
6/7/2020,FI,Finland,EURO,56,6647,0,299
6/14/2020,FI,Finland,EURO,57,6704,3,302
6/21/2020,FI,Finland,EURO,47,6751,1,303
6/28/2020,FI,Finland,EURO,39,6790,0,303
7/5/2020,FI,Finland,EURO,35,6825,0,303
7/12/2020,FI,Finland,EURO,52,6877,1,304
7/19/2020,FI,Finland,EURO,63,6940,2,306
7/26/2020,FI,Finland,EURO,151,7091,1,307
8/2/2020,FI,Finland,EURO,152,7243,0,307
8/9/2020,FI,Finland,EURO,224,7467,1,308
8/16/2020,FI,Finland,EURO,136,7603,0,308
8/23/2020,FI,Finland,EURO,210,7813,2,310
8/30/2020,FI,Finland,EURO,308,8121,5,315
9/6/2020,FI,Finland,EURO,398,8519,4,319
9/13/2020,FI,Finland,EURO,663,9182,3,322
9/20/2020,FI,Finland,EURO,890,10072,3,325
9/27/2020,FI,Finland,EURO,1670,11742,5,330
10/4/2020,FI,Finland,EURO,1318,13060,5,335
10/11/2020,FI,Finland,EURO,1249,14309,5,340
10/18/2020,FI,Finland,EURO,1390,15699,3,343
10/25/2020,FI,Finland,EURO,1450,17149,1,344
11/1/2020,FI,Finland,EURO,1515,18664,19,363
11/8/2020,FI,Finland,EURO,2229,20893,19,382
11/15/2020,FI,Finland,EURO,3069,23962,41,423
11/22/2020,FI,Finland,EURO,3042,27004,38,461
11/29/2020,FI,Finland,EURO,2941,29945,41,502
12/6/2020,FI,Finland,EURO,2471,32416,39,541
12/13/2020,FI,Finland,EURO,1952,34368,27,568
12/20/2020,FI,Finland,EURO,1785,36153,23,591
12/27/2020,FI,Finland,EURO,1899,38052,27,618
1/3/2021,FI,Finland,EURO,1772,39824,36,654
1/10/2021,FI,Finland,EURO,2219,42043,23,677
1/17/2021,FI,Finland,EURO,2594,44637,15,692
1/24/2021,FI,Finland,EURO,2633,47270,16,708
1/31/2021,FI,Finland,EURO,2443,49713,16,724
2/7/2021,FI,Finland,EURO,3278,52991,20,744
2/14/2021,FI,Finland,EURO,3726,56717,30,774
2/21/2021,FI,Finland,EURO,4513,61230,17,791
2/28/2021,FI,Finland,EURO,4665,65895,26,817
3/7/2021,FI,Finland,EURO,4876,70771,17,834
3/14/2021,FI,Finland,EURO,4342,75113,29,863
3/21/2021,FI,Finland,EURO,3677,78790,16,879
3/28/2021,FI,Finland,EURO,2740,81530,13,892
4/4/2021,FI,Finland,EURO,2157,83687,12,904
4/11/2021,FI,Finland,EURO,1654,85341,13,917
4/18/2021,FI,Finland,EURO,1495,86836,10,927
4/25/2021,FI,Finland,EURO,1465,88301,7,934
5/2/2021,FI,Finland,EURO,1363,89664,7,941
5/9/2021,FI,Finland,EURO,1495,91159,22,963
5/16/2021,FI,Finland,EURO,984,92143,5,968
5/23/2021,FI,Finland,EURO,778,92921,3,971
5/30/2021,FI,Finland,EURO,618,93539,4,975
6/6/2021,FI,Finland,EURO,491,94030,2,977
6/13/2021,FI,Finland,EURO,744,94774,2,979
6/20/2021,FI,Finland,EURO,1333,96107,0,979
6/27/2021,FI,Finland,EURO,1485,97592,2,981
7/4/2021,FI,Finland,EURO,2048,99640,5,986
7/11/2021,FI,Finland,EURO,2602,102242,2,988
7/18/2021,FI,Finland,EURO,4208,106450,12,1000
7/25/2021,FI,Finland,EURO,4968,111418,12,1012
8/1/2021,FI,Finland,EURO,5280,116698,10,1022
8/8/2021,FI,Finland,EURO,4491,121189,10,1032
8/15/2021,FI,Finland,EURO,4110,125299,11,1043
8/22/2021,FI,Finland,EURO,4299,129598,14,1057
8/29/2021,FI,Finland,EURO,3239,132837,13,1070
9/5/2021,FI,Finland,EURO,3013,135850,11,1081
9/12/2021,FI,Finland,EURO,2851,138701,14,1095
9/19/2021,FI,Finland,EURO,3729,142430,21,1116
9/26/2021,FI,Finland,EURO,4133,146563,29,1145
10/3/2021,FI,Finland,EURO,3916,150479,31,1176
10/10/2021,FI,Finland,EURO,3586,154065,18,1194
10/17/2021,FI,Finland,EURO,4087,158152,41,1235
10/24/2021,FI,Finland,EURO,4805,162957,40,1275
10/31/2021,FI,Finland,EURO,5725,168682,55,1330
11/7/2021,FI,Finland,EURO,6973,175655,49,1379
11/14/2021,FI,Finland,EURO,7953,183608,60,1439
11/21/2021,FI,Finland,EURO,8925,192533,58,1497
11/28/2021,FI,Finland,EURO,9936,202469,44,1541
12/5/2021,FI,Finland,EURO,12486,214955,47,1588
12/12/2021,FI,Finland,EURO,19191,234146,47,1635
12/19/2021,FI,Finland,EURO,36453,270599,83,1718
12/26/2021,FI,Finland,EURO,52236,322835,118,1836
1/2/2022,FI,Finland,EURO,61448,384283,130,1966
1/9/2022,FI,Finland,EURO,59617,443900,137,2103
1/16/2022,FI,Finland,EURO,50478,494378,119,2222
1/23/2022,FI,Finland,EURO,45303,539681,140,2362
1/30/2022,FI,Finland,EURO,45279,584960,122,2484
2/6/2022,FI,Finland,EURO,44745,629705,131,2615
2/13/2022,FI,Finland,EURO,45014,674719,156,2771
2/20/2022,FI,Finland,EURO,44912,719631,161,2932
2/27/2022,FI,Finland,EURO,48818,768449,191,3123
3/6/2022,FI,Finland,EURO,54053,822502,208,3331
3/13/2022,FI,Finland,EURO,54223,876725,255,3586
3/20/2022,FI,Finland,EURO,48332,925057,211,3797
3/27/2022,FI,Finland,EURO,38754,963811,200,3997
4/3/2022,FI,Finland,EURO,33726,997537,205,4202
4/10/2022,FI,Finland,EURO,26539,1024076,151,4353
4/17/2022,FI,Finland,EURO,20917,1044993,139,4492
4/24/2022,FI,Finland,EURO,17852,1062845,84,4576
5/1/2022,FI,Finland,EURO,15720,1078565,82,4658
5/8/2022,FI,Finland,EURO,11808,1090373,80,4738
5/15/2022,FI,Finland,EURO,10247,1100620,76,4814
5/22/2022,FI,Finland,EURO,11545,1112165,44,4858
5/29/2022,FI,Finland,EURO,10612,1122777,62,4920
6/5/2022,FI,Finland,EURO,10572,1133349,62,4982
6/12/2022,FI,Finland,EURO,11536,1144885,53,5035
6/19/2022,FI,Finland,EURO,11488,1156373,56,5091
6/26/2022,FI,Finland,EURO,11565,1167938,82,5173
7/3/2022,FI,Finland,EURO,14574,1182512,86,5259
7/10/2022,FI,Finland,EURO,16971,1199483,92,5351
7/17/2022,FI,Finland,EURO,17749,1217232,111,5462
7/24/2022,FI,Finland,EURO,15829,1233061,108,5570
7/31/2022,FI,Finland,EURO,13367,1246428,121,5691
8/7/2022,FI,Finland,EURO,11624,1258052,104,5795
8/14/2022,FI,Finland,EURO,7926,1265978,75,5870
8/21/2022,FI,Finland,EURO,6134,1272112,59,5929
8/28/2022,FI,Finland,EURO,6404,1278516,79,6008
9/4/2022,FI,Finland,EURO,8414,1286930,105,6113
9/11/2022,FI,Finland,EURO,8323,1295253,92,6205
9/18/2022,FI,Finland,EURO,10024,1305277,142,6347
9/25/2022,FI,Finland,EURO,12296,1317573,168,6515
10/2/2022,FI,Finland,EURO,13920,1331493,201,6716
10/9/2022,FI,Finland,EURO,13466,1344959,213,6929
10/16/2022,FI,Finland,EURO,12837,1357796,178,7107
10/23/2022,FI,Finland,EURO,12153,1369949,189,7296
10/30/2022,FI,Finland,EURO,12416,1382365,206,7502
11/6/2022,FI,Finland,EURO,12234,1394599,172,7674
11/13/2022,FI,Finland,EURO,11580,1406179,158,7832
11/20/2022,FI,Finland,EURO,11967,1418146,140,7972
11/27/2022,FI,Finland,EURO,11488,1429634,164,8136
12/4/2022,FI,Finland,EURO,10908,1440542,142,8278
12/11/2022,FI,Finland,EURO,8283,1448825,163,8441
12/18/2022,FI,Finland,EURO,4406,1453231,135,8576
12/25/2022,FI,Finland,EURO,2918,1456149,122,8698
1/1/2023,FI,Finland,EURO,1521,1457670,77,8775
1/8/2023,FI,Finland,EURO,1003,1458673,49,8824
1/15/2023,FI,Finland,EURO,715,1459388,36,8860
1/22/2023,FI,Finland,EURO,648,1460036,34,8894
1/29/2023,FI,Finland,EURO,579,1460615,22,8916
2/5/2023,FI,Finland,EURO,570,1461185,24,8940
2/12/2023,FI,Finland,EURO,651,1461836,43,8983
2/19/2023,FI,Finland,EURO,693,1462529,29,9012
2/26/2023,FI,Finland,EURO,747,1463276,30,9042
3/5/2023,FI,Finland,EURO,838,1464114,39,9081
3/12/2023,FI,Finland,EURO,1155,1465269,43,9124
3/19/2023,FI,Finland,EURO,1391,1466660,78,9202
3/26/2023,FI,Finland,EURO,1522,1468182,84,9286
4/2/2023,FI,Finland,EURO,1721,1469903,74,9360
4/9/2023,FI,Finland,EURO,1811,1471714,104,9464
4/16/2023,FI,Finland,EURO,1978,1473692,97,9561
4/23/2023,FI,Finland,EURO,1690,1475382,97,9658
4/30/2023,FI,Finland,EURO,1483,1476865,90,9748
5/7/2023,FI,Finland,EURO,1325,1478190,71,9819
5/14/2023,FI,Finland,EURO,979,1479169,69,9888
5/21/2023,FI,Finland,EURO,734,1479903,35,9923
5/28/2023,FI,Finland,EURO,605,1480508,35,9958
6/4/2023,FI,Finland,EURO,628,1481136,58,10016
6/11/2023,FI,Finland,EURO,531,1481667,41,10057
6/18/2023,FI,Finland,EURO,335,1482002,29,10086
6/25/2023,FI,Finland,EURO,226,1482228,21,10107
7/2/2023,FI,Finland,EURO,194,1482422,12,10119
7/9/2023,FI,Finland,EURO,155,1482577,13,10132
7/16/2023,FI,Finland,EURO,164,1482741,13,10145
7/23/2023,FI,Finland,EURO,174,1482915,11,10156
7/30/2023,FI,Finland,EURO,187,1483102,18,10174
8/6/2023,FI,Finland,EURO,246,1483348,15,10189
8/13/2023,FI,Finland,EURO,234,1483582,16,10205
8/20/2023,FI,Finland,EURO,315,1483897,22,10227
8/27/2023,FI,Finland,EURO,346,1484243,22,10249
9/3/2023,FI,Finland,EURO,436,1484679,31,10280
9/10/2023,FI,Finland,EURO,492,1485171,28,10308
9/17/2023,FI,Finland,EURO,564,1485735,36,10344
9/24/2023,FI,Finland,EURO,624,1486359,51,10395
10/1/2023,FI,Finland,EURO,842,1487201,74,10469
10/8/2023,FI,Finland,EURO,1241,1488442,90,10559
10/15/2023,FI,Finland,EURO,1935,1490377,119,10678
10/22/2023,FI,Finland,EURO,2857,1493234,114,10792
10/29/2023,FI,Finland,EURO,3629,1496863,59,10851
11/5/2023,FI,Finland,EURO,2585,1499448,10,10861
11/12/2023,FI,Finland,EURO,264,1499712,3,10864
11/19/2023,FI,Finland,EURO,0,1499712,0,10864
11/26/2023,FI,Finland,EURO,0,1499712,0,10864
12/3/2023,FI,Finland,EURO,0,1499712,0,10864
12/10/2023,FI,Finland,EURO,0,1499712,0,10864
12/17/2023,FI,Finland,EURO,0,1499712,19,10883
12/24/2023,FI,Finland,EURO,0,1499712,18,10901
1/5/2020,FR,France,EURO,0,0,0,0
1/12/2020,FR,France,EURO,0,0,0,0
1/19/2020,FR,France,EURO,0,0,0,0
1/26/2020,FR,France,EURO,3,3,0,0
2/2/2020,FR,France,EURO,3,6,0,0
2/9/2020,FR,France,EURO,6,12,0,0
2/16/2020,FR,France,EURO,0,12,0,0
2/23/2020,FR,France,EURO,4,16,0,0
3/1/2020,FR,France,EURO,0,16,0,0
3/8/2020,FR,France,EURO,0,16,0,0
3/15/2020,FR,France,EURO,0,16,43,43
3/22/2020,FR,France,EURO,0,16,670,713
3/29/2020,FR,France,EURO,0,16,1999,2712
4/5/2020,FR,France,EURO,0,16,3276,5988
4/12/2020,FR,France,EURO,0,16,3344,9332
4/19/2020,FR,France,EURO,0,16,2730,12062
4/26/2020,FR,France,EURO,0,16,2096,14158
5/3/2020,FR,France,EURO,0,16,1406,15564
5/10/2020,FR,France,EURO,0,16,1056,16620
5/17/2020,FR,France,EURO,677,693,810,17430
5/24/2020,FR,France,EURO,4340,5033,562,17992
5/31/2020,FR,France,EURO,3436,8469,471,18463
6/7/2020,FR,France,EURO,2745,11214,331,18794
6/14/2020,FR,France,EURO,2627,13841,258,19052
6/21/2020,FR,France,EURO,2267,16108,159,19211
6/28/2020,FR,France,EURO,2024,18132,111,19322
7/5/2020,FR,France,EURO,2324,20456,100,19422
7/12/2020,FR,France,EURO,2853,23309,120,19542
7/19/2020,FR,France,EURO,3510,26819,94,19636
7/26/2020,FR,France,EURO,5565,32384,98,19734
8/2/2020,FR,France,EURO,7676,40060,77,19811
8/9/2020,FR,France,EURO,10899,50959,69,19880
8/16/2020,FR,France,EURO,16650,67609,92,19972
8/23/2020,FR,France,EURO,25208,92817,118,20090
8/30/2020,FR,France,EURO,37753,130570,111,20201
9/6/2020,FR,France,EURO,50197,180767,126,20327
9/13/2020,FR,France,EURO,61432,242199,258,20585
9/20/2020,FR,France,EURO,73481,315680,429,21014
9/27/2020,FR,France,EURO,72509,388189,559,21573
10/4/2020,FR,France,EURO,74819,463008,561,22134
10/11/2020,FR,France,EURO,116159,579167,690,22824
10/18/2020,FR,France,EURO,167835,747002,963,23787
10/25/2020,FR,France,EURO,261329,1008331,1774,25561
11/1/2020,FR,France,EURO,332505,1340836,3154,28715
11/8/2020,FR,France,EURO,303116,1643952,4794,33509
11/15/2020,FR,France,EURO,176429,1820381,5487,38996
11/22/2020,FR,France,EURO,114947,1935328,5602,44598
11/29/2020,FR,France,EURO,77077,2012405,4679,49277
12/6/2020,FR,France,EURO,71372,2083777,3963,53240
12/13/2020,FR,France,EURO,77674,2161451,3792,57032
12/20/2020,FR,France,EURO,92919,2254370,3383,60415
12/27/2020,FR,France,EURO,83888,2338258,3119,63534
1/3/2021,FR,France,EURO,88948,2427206,2915,66449
1/10/2021,FR,France,EURO,122263,2549469,3429,69878
1/17/2021,FR,France,EURO,118842,2668311,3454,73332
1/24/2021,FR,France,EURO,130149,2798460,3414,76746
1/31/2021,FR,France,EURO,132624,2931084,3159,79905
2/7/2021,FR,France,EURO,128451,3059535,3069,82974
2/14/2021,FR,France,EURO,110436,3169971,2892,85866
2/21/2021,FR,France,EURO,117551,3287522,2516,88382
2/28/2021,FR,France,EURO,127696,3415218,2151,90533
3/7/2021,FR,France,EURO,124259,3539477,2033,92566
3/14/2021,FR,France,EURO,142978,3682455,1872,94438
3/21/2021,FR,France,EURO,183823,3866278,1799,96237
3/28/2021,FR,France,EURO,223964,4090242,1834,98071
4/4/2021,FR,France,EURO,242407,4332649,1959,100030
4/11/2021,FR,France,EURO,203218,4535867,2120,102150
4/18/2021,FR,France,EURO,202154,4738021,1967,104117
4/25/2021,FR,France,EURO,179462,4917483,2062,106179
5/2/2021,FR,France,EURO,142908,5060391,1954,108133
5/9/2021,FR,France,EURO,106629,5167020,1533,109666
5/16/2021,FR,France,EURO,80870,5247890,1189,110855
5/23/2021,FR,France,EURO,83455,5331345,940,111795
5/30/2021,FR,France,EURO,60391,5391736,772,112567
6/6/2021,FR,France,EURO,46483,5438219,565,113132
6/13/2021,FR,France,EURO,27004,5465223,355,113487
6/20/2021,FR,France,EURO,14820,5480043,309,113796
6/27/2021,FR,France,EURO,10690,5490733,234,114030
7/4/2021,FR,France,EURO,13906,5504639,171,114201
7/11/2021,FR,France,EURO,23318,5527957,142,114343
7/18/2021,FR,France,EURO,46656,5574613,96,114439
7/25/2021,FR,France,EURO,118078,5692691,119,114558
8/1/2021,FR,France,EURO,143183,5835874,240,114798
8/8/2021,FR,France,EURO,147135,5983009,282,115080
8/15/2021,FR,France,EURO,150930,6133939,353,115433
8/22/2021,FR,France,EURO,133571,6267510,699,116132
8/29/2021,FR,France,EURO,112124,6379634,464,116596
9/5/2021,FR,France,EURO,85782,6465416,489,117085
9/12/2021,FR,France,EURO,64820,6530236,437,117522
9/19/2021,FR,France,EURO,46736,6576972,386,117908
9/26/2021,FR,France,EURO,36114,6613086,331,118239
10/3/2021,FR,France,EURO,30916,6644002,276,118515
10/10/2021,FR,France,EURO,26346,6670348,191,118706
10/17/2021,FR,France,EURO,31095,6701443,175,118881
10/24/2021,FR,France,EURO,34241,6735684,179,119060
10/31/2021,FR,France,EURO,38425,6774109,177,119237
11/7/2021,FR,France,EURO,48057,6822166,212,119449
11/14/2021,FR,France,EURO,66361,6888527,233,119682
11/21/2021,FR,France,EURO,119701,7008228,317,119999
11/28/2021,FR,France,EURO,195222,7203450,454,120453
12/5/2021,FR,France,EURO,288799,7492249,619,121072
12/12/2021,FR,France,EURO,337285,7829534,903,121975
12/19/2021,FR,France,EURO,360652,8190186,1033,123008
12/26/2021,FR,France,EURO,519740,8709926,1157,124165
1/2/2022,FR,France,EURO,1140724,9850650,1315,125480
1/9/2022,FR,France,EURO,1726217,11576867,1484,126964
1/16/2022,FR,France,EURO,1961912,13538779,1499,128463
1/23/2022,FR,France,EURO,2417043,15955822,1658,130121
1/30/2022,FR,France,EURO,2329374,18285196,1933,132054
2/6/2022,FR,France,EURO,1707588,19992784,1996,134050
2/13/2022,FR,France,EURO,958639,20951423,1988,136038
2/20/2022,FR,France,EURO,565947,21517370,1745,137783
2/27/2022,FR,France,EURO,393549,21910919,1331,139114
3/6/2022,FR,France,EURO,348284,22259203,1094,140208
3/13/2022,FR,France,EURO,419228,22678431,820,141028
3/20/2022,FR,France,EURO,586328,23264759,792,141820
3/27/2022,FR,France,EURO,851993,24116752,727,142547
4/3/2022,FR,France,EURO,959358,25076110,801,143348
4/10/2022,FR,France,EURO,928373,26004483,788,144136
4/17/2022,FR,France,EURO,822438,26826921,852,144988
4/24/2022,FR,France,EURO,539161,27366082,889,145877
5/1/2022,FR,France,EURO,376510,27742592,867,146744
5/8/2022,FR,France,EURO,264928,28007520,749,147493
5/15/2022,FR,France,EURO,216715,28224235,614,148107
5/22/2022,FR,France,EURO,162239,28386474,466,148573
5/29/2022,FR,France,EURO,113355,28499829,300,148873
6/5/2022,FR,France,EURO,148073,28647902,329,149202
6/12/2022,FR,France,EURO,193813,28841715,237,149439
6/19/2022,FR,France,EURO,297927,29139642,265,149704
6/26/2022,FR,France,EURO,456705,29596347,291,149995
7/3/2022,FR,France,EURO,731586,30327933,264,150259
7/10/2022,FR,France,EURO,903969,31231902,424,150683
7/17/2022,FR,France,EURO,683784,31915686,585,151268
7/24/2022,FR,France,EURO,522296,32437982,731,151999
7/31/2022,FR,France,EURO,329431,32767413,597,152596
8/7/2022,FR,France,EURO,212195,32979608,529,153125
8/14/2022,FR,France,EURO,151186,33130794,518,153643
8/21/2022,FR,France,EURO,119216,33250010,413,154056
8/28/2022,FR,France,EURO,117039,33367049,317,154373
9/4/2022,FR,France,EURO,106571,33473620,302,154675
9/11/2022,FR,France,EURO,112374,33585994,263,154938
9/18/2022,FR,France,EURO,188853,33774847,202,155140
9/25/2022,FR,France,EURO,230732,34005579,217,155357
10/2/2022,FR,France,EURO,310114,34315693,217,155574
10/9/2022,FR,France,EURO,385474,34701167,314,155888
10/16/2022,FR,France,EURO,392073,35093240,414,156302
10/23/2022,FR,France,EURO,348646,35441886,522,156824
10/30/2022,FR,France,EURO,222885,35664771,495,157319
11/6/2022,FR,France,EURO,153617,35818388,445,157764
11/13/2022,FR,France,EURO,151055,35969443,397,158161
11/20/2022,FR,France,EURO,221689,36191132,469,158630
11/27/2022,FR,France,EURO,293632,36484764,455,159085
12/4/2022,FR,France,EURO,384070,36868834,485,159570
12/11/2022,FR,France,EURO,429679,37298513,569,160139
12/18/2022,FR,France,EURO,391192,37689705,721,160860
12/25/2022,FR,France,EURO,299842,37989547,807,161667
1/1/2023,FR,France,EURO,151707,38141254,808,162475
1/8/2023,FR,France,EURO,80829,38222083,775,163250
1/15/2023,FR,France,EURO,43524,38265607,506,163756
1/22/2023,FR,France,EURO,31693,38297300,398,164154
1/29/2023,FR,France,EURO,29999,38327299,326,164480
2/5/2023,FR,France,EURO,26127,38353426,260,164740
2/12/2023,FR,France,EURO,22545,38375971,171,164911
2/19/2023,FR,France,EURO,24116,38400087,180,165091
2/26/2023,FR,France,EURO,26274,38426361,170,165261
3/5/2023,FR,France,EURO,25318,38451679,152,165413
3/12/2023,FR,France,EURO,35851,38487530,125,165538
3/19/2023,FR,France,EURO,46305,38533835,163,165701
3/26/2023,FR,France,EURO,54593,38588428,168,165869
4/2/2023,FR,France,EURO,57282,38645710,210,166079
4/9/2023,FR,France,EURO,55344,38701054,188,166267
4/16/2023,FR,France,EURO,52509,38753563,162,166429
4/23/2023,FR,France,EURO,48578,38802141,280,166709
4/30/2023,FR,France,EURO,40443,38842584,249,166958
5/7/2023,FR,France,EURO,31332,38873916,239,167197
5/14/2023,FR,France,EURO,24280,38898196,160,167357
5/21/2023,FR,France,EURO,20650,38918846,132,167489
5/28/2023,FR,France,EURO,25230,38944076,149,167638
6/4/2023,FR,France,EURO,18614,38962690,112,167750
6/11/2023,FR,France,EURO,15618,38978308,106,167856
6/18/2023,FR,France,EURO,11200,38989508,67,167923
6/25/2023,FR,France,EURO,7982,38997490,62,167985
7/2/2023,FR,France,EURO,0,38997490,0,167985
7/9/2023,FR,France,EURO,0,38997490,0,167985
7/16/2023,FR,France,EURO,0,38997490,0,167985
7/23/2023,FR,France,EURO,0,38997490,0,167985
7/30/2023,FR,France,EURO,0,38997490,0,167985
8/6/2023,FR,France,EURO,0,38997490,0,167985
8/13/2023,FR,France,EURO,0,38997490,0,167985
8/20/2023,FR,France,EURO,0,38997490,0,167985
8/27/2023,FR,France,EURO,0,38997490,0,167985
9/3/2023,FR,France,EURO,0,38997490,0,167985
9/10/2023,FR,France,EURO,0,38997490,0,167985
9/17/2023,FR,France,EURO,0,38997490,0,167985
9/24/2023,FR,France,EURO,0,38997490,0,167985
10/1/2023,FR,France,EURO,0,38997490,0,167985
10/8/2023,FR,France,EURO,0,38997490,0,167985
10/15/2023,FR,France,EURO,0,38997490,0,167985
10/22/2023,FR,France,EURO,0,38997490,0,167985
10/29/2023,FR,France,EURO,0,38997490,0,167985
11/5/2023,FR,France,EURO,0,38997490,0,167985
11/12/2023,FR,France,EURO,0,38997490,0,167985
11/19/2023,FR,France,EURO,0,38997490,0,167985
11/26/2023,FR,France,EURO,0,38997490,0,167985
12/3/2023,FR,France,EURO,0,38997490,0,167985
12/10/2023,FR,France,EURO,0,38997490,0,167985
12/17/2023,FR,France,EURO,0,38997490,0,167985
12/24/2023,FR,France,EURO,0,38997490,0,167985
1/5/2020,GF,French Guiana,,0,0,0,0
1/12/2020,GF,French Guiana,,0,0,0,0
1/19/2020,GF,French Guiana,,0,0,0,0
1/26/2020,GF,French Guiana,,0,0,0,0
2/2/2020,GF,French Guiana,,0,0,0,0
2/9/2020,GF,French Guiana,,0,0,0,0
2/16/2020,GF,French Guiana,,0,0,0,0
2/23/2020,GF,French Guiana,,0,0,0,0
3/1/2020,GF,French Guiana,,0,0,0,0
3/8/2020,GF,French Guiana,,5,5,0,0
3/15/2020,GF,French Guiana,,1,6,0,0
3/22/2020,GF,French Guiana,,9,15,0,0
3/29/2020,GF,French Guiana,,16,31,0,0
4/5/2020,GF,French Guiana,,31,62,0,0
4/12/2020,GF,French Guiana,,24,86,0,0
4/19/2020,GF,French Guiana,,10,96,0,0
4/26/2020,GF,French Guiana,,13,109,1,1
5/3/2020,GF,French Guiana,,19,128,0,1
5/10/2020,GF,French Guiana,,13,141,0,1
5/17/2020,GF,French Guiana,,48,189,0,1
5/24/2020,GF,French Guiana,,72,261,0,1
5/31/2020,GF,French Guiana,,175,436,0,1
6/7/2020,GF,French Guiana,,203,639,0,1
6/14/2020,GF,French Guiana,,522,1161,1,2
6/21/2020,GF,French Guiana,,1002,2163,3,5
6/28/2020,GF,French Guiana,,1298,3461,7,12
7/5/2020,GF,French Guiana,,1452,4913,4,16
7/12/2020,GF,French Guiana,,1036,5949,10,26
7/19/2020,GF,French Guiana,,706,6655,11,37
7/26/2020,GF,French Guiana,,677,7332,4,41
8/2/2020,GF,French Guiana,,525,7857,2,43
8/9/2020,GF,French Guiana,,410,8267,5,48
8/16/2020,GF,French Guiana,,321,8588,5,53
8/23/2020,GF,French Guiana,,209,8797,2,55
8/30/2020,GF,French Guiana,,279,9076,3,58
9/6/2020,GF,French Guiana,,246,9322,4,62
9/13/2020,GF,French Guiana,,199,9521,1,63
9/20/2020,GF,French Guiana,,171,9692,2,65
9/27/2020,GF,French Guiana,,171,9863,0,65
10/4/2020,GF,French Guiana,,166,10029,2,67
10/11/2020,GF,French Guiana,,115,10144,2,69
10/18/2020,GF,French Guiana,,95,10239,0,69
10/25/2020,GF,French Guiana,,137,10376,0,69
11/1/2020,GF,French Guiana,,160,10536,1,70
11/8/2020,GF,French Guiana,,168,10704,0,70
11/15/2020,GF,French Guiana,,140,10844,0,70
11/22/2020,GF,French Guiana,,170,11014,0,70
11/29/2020,GF,French Guiana,,165,11179,0,70
12/6/2020,GF,French Guiana,,228,11407,1,71
12/13/2020,GF,French Guiana,,393,11800,0,71
12/20/2020,GF,French Guiana,,569,12369,0,71
12/27/2020,GF,French Guiana,,404,12773,0,71
1/3/2021,GF,French Guiana,,500,13273,0,71
1/10/2021,GF,French Guiana,,840,14113,3,74
1/17/2021,GF,French Guiana,,862,14975,1,75
1/24/2021,GF,French Guiana,,689,15664,1,76
1/31/2021,GF,French Guiana,,419,16083,0,76
2/7/2021,GF,French Guiana,,213,16296,3,79
2/14/2021,GF,French Guiana,,160,16456,1,80
2/21/2021,GF,French Guiana,,73,16529,3,83
2/28/2021,GF,French Guiana,,98,16627,2,85
3/7/2021,GF,French Guiana,,66,16693,2,87
3/14/2021,GF,French Guiana,,71,16764,0,87
3/21/2021,GF,French Guiana,,0,16764,0,87
3/28/2021,GF,French Guiana,,158,16922,2,89
4/4/2021,GF,French Guiana,,210,17132,4,93
4/11/2021,GF,French Guiana,,417,17549,1,94
4/18/2021,GF,French Guiana,,532,18081,1,95
4/25/2021,GF,French Guiana,,745,18826,3,98
5/2/2021,GF,French Guiana,,717,19543,3,101
5/9/2021,GF,French Guiana,,823,20366,3,104
5/16/2021,GF,French Guiana,,1099,21465,4,108
5/23/2021,GF,French Guiana,,1315,22780,4,112
5/30/2021,GF,French Guiana,,983,23763,4,116
6/6/2021,GF,French Guiana,,962,24725,5,121
6/13/2021,GF,French Guiana,,781,25506,12,133
6/20/2021,GF,French Guiana,,944,26450,8,141
6/27/2021,GF,French Guiana,,836,27286,1,142
7/4/2021,GF,French Guiana,,444,27730,6,148
7/11/2021,GF,French Guiana,,551,28281,9,157
7/18/2021,GF,French Guiana,,522,28803,6,163
7/25/2021,GF,French Guiana,,730,29533,11,174
8/1/2021,GF,French Guiana,,631,30164,13,187
8/8/2021,GF,French Guiana,,711,30875,6,193
8/15/2021,GF,French Guiana,,951,31826,5,198
8/22/2021,GF,French Guiana,,1234,33060,6,204
8/29/2021,GF,French Guiana,,1315,34375,11,215
9/5/2021,GF,French Guiana,,1346,35721,6,221
9/12/2021,GF,French Guiana,,1138,36859,6,227
9/19/2021,GF,French Guiana,,1407,38266,8,235
9/26/2021,GF,French Guiana,,1524,39790,21,256
10/3/2021,GF,French Guiana,,1535,41325,12,268
10/10/2021,GF,French Guiana,,1218,42543,18,286
10/17/2021,GF,French Guiana,,833,43376,9,295
10/24/2021,GF,French Guiana,,684,44060,4,299
10/31/2021,GF,French Guiana,,569,44629,9,308
11/7/2021,GF,French Guiana,,399,45028,7,315
11/14/2021,GF,French Guiana,,338,45366,7,322
11/21/2021,GF,French Guiana,,250,45616,0,322
11/28/2021,GF,French Guiana,,248,45864,4,326
12/5/2021,GF,French Guiana,,278,46142,2,328
12/12/2021,GF,French Guiana,,279,46421,4,332
12/19/2021,GF,French Guiana,,311,46732,4,336
12/26/2021,GF,French Guiana,,497,47229,1,337
1/2/2022,GF,French Guiana,,1708,48937,2,339
1/9/2022,GF,French Guiana,,7043,55980,4,343
1/16/2022,GF,French Guiana,,11295,67275,5,348
1/23/2022,GF,French Guiana,,5544,72819,11,359
1/30/2022,GF,French Guiana,,2423,75242,12,371
2/6/2022,GF,French Guiana,,1267,76509,12,383
2/13/2022,GF,French Guiana,,655,77164,1,384
2/20/2022,GF,French Guiana,,290,77454,3,387
2/27/2022,GF,French Guiana,,198,77652,4,391
3/6/2022,GF,French Guiana,,130,77782,2,393
3/13/2022,GF,French Guiana,,293,78075,1,394
3/20/2022,GF,French Guiana,,251,78326,0,394
3/27/2022,GF,French Guiana,,353,78679,0,394
4/3/2022,GF,French Guiana,,396,79075,0,394
4/10/2022,GF,French Guiana,,454,79529,0,394
4/17/2022,GF,French Guiana,,506,80035,0,394
4/24/2022,GF,French Guiana,,387,80422,0,394
5/1/2022,GF,French Guiana,,437,80859,1,395
5/8/2022,GF,French Guiana,,0,80859,0,395
5/15/2022,GF,French Guiana,,925,81784,2,397
5/22/2022,GF,French Guiana,,529,82313,0,397
5/29/2022,GF,French Guiana,,639,82952,0,397
6/5/2022,GF,French Guiana,,719,83671,0,397
6/12/2022,GF,French Guiana,,836,84507,2,399
6/19/2022,GF,French Guiana,,1089,85596,1,400
6/26/2022,GF,French Guiana,,1315,86911,1,401
7/3/2022,GF,French Guiana,,1451,88362,0,401
7/10/2022,GF,French Guiana,,1417,89779,1,402
7/17/2022,GF,French Guiana,,1142,90921,0,402
7/24/2022,GF,French Guiana,,891,91812,2,404
7/31/2022,GF,French Guiana,,763,92575,3,407
8/7/2022,GF,French Guiana,,414,92989,0,407
8/14/2022,GF,French Guiana,,288,93277,1,408
8/21/2022,GF,French Guiana,,143,93420,0,408
8/28/2022,GF,French Guiana,,166,93586,0,408
9/4/2022,GF,French Guiana,,149,93735,0,408
9/11/2022,GF,French Guiana,,102,93837,1,409
9/18/2022,GF,French Guiana,,88,93925,1,410
9/25/2022,GF,French Guiana,,49,93974,0,410
10/2/2022,GF,French Guiana,,49,94023,0,410
10/9/2022,GF,French Guiana,,50,94073,0,410
10/16/2022,GF,French Guiana,,55,94128,0,410
10/23/2022,GF,French Guiana,,68,94196,1,411
10/30/2022,GF,French Guiana,,63,94259,0,411
11/6/2022,GF,French Guiana,,50,94309,0,411
11/13/2022,GF,French Guiana,,112,94421,0,411
11/20/2022,GF,French Guiana,,308,94729,0,411
11/27/2022,GF,French Guiana,,722,95451,0,411
12/4/2022,GF,French Guiana,,938,96389,0,411
12/11/2022,GF,French Guiana,,708,97097,0,411
12/18/2022,GF,French Guiana,,429,97526,1,412
12/25/2022,GF,French Guiana,,250,97776,1,413
1/1/2023,GF,French Guiana,,103,97879,0,413
1/8/2023,GF,French Guiana,,67,97946,0,413
1/15/2023,GF,French Guiana,,36,97982,0,413
1/22/2023,GF,French Guiana,,30,98012,0,413
1/29/2023,GF,French Guiana,,16,98028,0,413
2/5/2023,GF,French Guiana,,13,98041,0,413
2/12/2023,GF,French Guiana,,0,98041,0,413
2/19/2023,GF,French Guiana,,0,98041,0,413
2/26/2023,GF,French Guiana,,0,98041,0,413
3/5/2023,GF,French Guiana,,0,98041,0,413
3/12/2023,GF,French Guiana,,0,98041,0,413
3/19/2023,GF,French Guiana,,0,98041,0,413
3/26/2023,GF,French Guiana,,0,98041,0,413
4/2/2023,GF,French Guiana,,0,98041,0,413
4/9/2023,GF,French Guiana,,0,98041,0,413
4/16/2023,GF,French Guiana,,0,98041,0,413
4/23/2023,GF,French Guiana,,0,98041,0,413
4/30/2023,GF,French Guiana,,0,98041,0,413
5/7/2023,GF,French Guiana,,0,98041,0,413
5/14/2023,GF,French Guiana,,0,98041,0,413
5/21/2023,GF,French Guiana,,0,98041,0,413
5/28/2023,GF,French Guiana,,0,98041,0,413
6/4/2023,GF,French Guiana,,0,98041,0,413
6/11/2023,GF,French Guiana,,0,98041,0,413
6/18/2023,GF,French Guiana,,0,98041,0,413
6/25/2023,GF,French Guiana,,0,98041,0,413
7/2/2023,GF,French Guiana,,0,98041,0,413
7/9/2023,GF,French Guiana,,0,98041,0,413
7/16/2023,GF,French Guiana,,0,98041,0,413
7/23/2023,GF,French Guiana,,0,98041,0,413
7/30/2023,GF,French Guiana,,0,98041,0,413
8/6/2023,GF,French Guiana,,0,98041,0,413
8/13/2023,GF,French Guiana,,0,98041,0,413
8/20/2023,GF,French Guiana,,0,98041,0,413
8/27/2023,GF,French Guiana,,0,98041,0,413
9/3/2023,GF,French Guiana,,0,98041,0,413
9/10/2023,GF,French Guiana,,0,98041,0,413
9/17/2023,GF,French Guiana,,0,98041,0,413
9/24/2023,GF,French Guiana,,0,98041,0,413
10/1/2023,GF,French Guiana,,0,98041,0,413
10/8/2023,GF,French Guiana,,0,98041,0,413
10/15/2023,GF,French Guiana,,0,98041,0,413
10/22/2023,GF,French Guiana,,0,98041,0,413
10/29/2023,GF,French Guiana,,0,98041,0,413
11/5/2023,GF,French Guiana,,0,98041,0,413
11/12/2023,GF,French Guiana,,0,98041,0,413
11/19/2023,GF,French Guiana,,0,98041,0,413
11/26/2023,GF,French Guiana,,0,98041,0,413
12/3/2023,GF,French Guiana,,0,98041,0,413
12/10/2023,GF,French Guiana,,0,98041,0,413
12/17/2023,GF,French Guiana,,0,98041,0,413
12/24/2023,GF,French Guiana,,0,98041,0,413
1/5/2020,PF,French Polynesia,WPRO,0,0,0,0
1/12/2020,PF,French Polynesia,WPRO,0,0,0,0
1/19/2020,PF,French Polynesia,WPRO,0,0,0,0
1/26/2020,PF,French Polynesia,WPRO,0,0,0,0
2/2/2020,PF,French Polynesia,WPRO,0,0,0,0
2/9/2020,PF,French Polynesia,WPRO,0,0,0,0
2/16/2020,PF,French Polynesia,WPRO,0,0,0,0
2/23/2020,PF,French Polynesia,WPRO,0,0,0,0
3/1/2020,PF,French Polynesia,WPRO,0,0,0,0
3/8/2020,PF,French Polynesia,WPRO,0,0,0,0
3/15/2020,PF,French Polynesia,WPRO,3,3,0,0
3/22/2020,PF,French Polynesia,WPRO,15,18,0,0
3/29/2020,PF,French Polynesia,WPRO,17,35,0,0
4/5/2020,PF,French Polynesia,WPRO,5,40,0,0
4/12/2020,PF,French Polynesia,WPRO,11,51,0,0
4/19/2020,PF,French Polynesia,WPRO,4,55,0,0
4/26/2020,PF,French Polynesia,WPRO,2,57,0,0
5/3/2020,PF,French Polynesia,WPRO,1,58,0,0
5/10/2020,PF,French Polynesia,WPRO,2,60,0,0
5/17/2020,PF,French Polynesia,WPRO,0,60,0,0
5/24/2020,PF,French Polynesia,WPRO,0,60,0,0
5/31/2020,PF,French Polynesia,WPRO,0,60,0,0
6/7/2020,PF,French Polynesia,WPRO,0,60,0,0
6/14/2020,PF,French Polynesia,WPRO,0,60,0,0
6/21/2020,PF,French Polynesia,WPRO,0,60,0,0
6/28/2020,PF,French Polynesia,WPRO,2,62,0,0
7/5/2020,PF,French Polynesia,WPRO,0,62,0,0
7/12/2020,PF,French Polynesia,WPRO,0,62,0,0
7/19/2020,PF,French Polynesia,WPRO,0,62,0,0
7/26/2020,PF,French Polynesia,WPRO,0,62,0,0
8/2/2020,PF,French Polynesia,WPRO,0,62,0,0
8/9/2020,PF,French Polynesia,WPRO,7,69,0,0
8/16/2020,PF,French Polynesia,WPRO,97,166,0,0
8/23/2020,PF,French Polynesia,WPRO,132,298,0,0
8/30/2020,PF,French Polynesia,WPRO,184,482,0,0
9/6/2020,PF,French Polynesia,WPRO,238,720,0,0
9/13/2020,PF,French Polynesia,WPRO,300,1020,2,2
9/20/2020,PF,French Polynesia,WPRO,298,1318,0,2
9/27/2020,PF,French Polynesia,WPRO,261,1579,4,6
10/4/2020,PF,French Polynesia,WPRO,447,2026,2,8
10/11/2020,PF,French Polynesia,WPRO,728,2754,2,10
10/18/2020,PF,French Polynesia,WPRO,1043,3797,4,14
10/25/2020,PF,French Polynesia,WPRO,2062,5859,6,20
11/1/2020,PF,French Polynesia,WPRO,1403,7262,9,29
11/8/2020,PF,French Polynesia,WPRO,2733,9995,10,39
11/15/2020,PF,French Polynesia,WPRO,1711,11706,14,53
11/22/2020,PF,French Polynesia,WPRO,1272,12978,10,63
11/29/2020,PF,French Polynesia,WPRO,1118,14096,10,73
12/6/2020,PF,French Polynesia,WPRO,1011,15107,6,79
12/13/2020,PF,French Polynesia,WPRO,511,15618,12,91
12/20/2020,PF,French Polynesia,WPRO,564,16182,12,103
12/27/2020,PF,French Polynesia,WPRO,368,16550,5,108
1/3/2021,PF,French Polynesia,WPRO,376,16926,6,114
1/10/2021,PF,French Polynesia,WPRO,315,17241,8,122
1/17/2021,PF,French Polynesia,WPRO,394,17635,4,126
1/24/2021,PF,French Polynesia,WPRO,217,17852,2,128
1/31/2021,PF,French Polynesia,WPRO,208,18060,3,131
2/7/2021,PF,French Polynesia,WPRO,125,18185,2,133
2/14/2021,PF,French Polynesia,WPRO,78,18263,2,135
2/21/2021,PF,French Polynesia,WPRO,83,18346,2,137
2/28/2021,PF,French Polynesia,WPRO,41,18387,2,139
3/7/2021,PF,French Polynesia,WPRO,72,18459,1,140
3/14/2021,PF,French Polynesia,WPRO,68,18527,1,141
3/21/2021,PF,French Polynesia,WPRO,49,18576,0,141
3/28/2021,PF,French Polynesia,WPRO,31,18607,0,141
4/4/2021,PF,French Polynesia,WPRO,26,18633,0,141
4/11/2021,PF,French Polynesia,WPRO,19,18652,0,141
4/18/2021,PF,French Polynesia,WPRO,44,18696,0,141
4/25/2021,PF,French Polynesia,WPRO,38,18734,0,141
5/2/2021,PF,French Polynesia,WPRO,24,18758,0,141
5/9/2021,PF,French Polynesia,WPRO,32,18790,0,141
5/16/2021,PF,French Polynesia,WPRO,25,18815,0,141
5/23/2021,PF,French Polynesia,WPRO,29,18844,0,141
5/30/2021,PF,French Polynesia,WPRO,16,18860,1,142
6/6/2021,PF,French Polynesia,WPRO,29,18889,0,142
6/13/2021,PF,French Polynesia,WPRO,41,18930,0,142
6/20/2021,PF,French Polynesia,WPRO,33,18963,0,142
6/27/2021,PF,French Polynesia,WPRO,31,18994,0,142
7/4/2021,PF,French Polynesia,WPRO,17,19011,0,142
7/11/2021,PF,French Polynesia,WPRO,15,19026,2,144
7/18/2021,PF,French Polynesia,WPRO,59,19085,0,144
7/25/2021,PF,French Polynesia,WPRO,200,19285,1,145
8/1/2021,PF,French Polynesia,WPRO,763,20048,4,149
8/8/2021,PF,French Polynesia,WPRO,2411,22459,8,157
8/15/2021,PF,French Polynesia,WPRO,5871,28330,31,188
8/22/2021,PF,French Polynesia,WPRO,8042,36372,69,257
8/29/2021,PF,French Polynesia,WPRO,3806,40178,128,385
9/5/2021,PF,French Polynesia,WPRO,1931,42109,95,480
9/12/2021,PF,French Polynesia,WPRO,1602,43711,71,551
9/19/2021,PF,French Polynesia,WPRO,901,44612,42,593
9/26/2021,PF,French Polynesia,WPRO,330,44942,18,611
10/3/2021,PF,French Polynesia,WPRO,239,45181,12,623
10/10/2021,PF,French Polynesia,WPRO,178,45359,3,626
10/17/2021,PF,French Polynesia,WPRO,80,45439,7,633
10/24/2021,PF,French Polynesia,WPRO,67,45506,2,635
10/31/2021,PF,French Polynesia,WPRO,35,45541,1,636
11/7/2021,PF,French Polynesia,WPRO,32,45573,0,636
11/14/2021,PF,French Polynesia,WPRO,28,45601,0,636
11/21/2021,PF,French Polynesia,WPRO,13,45614,0,636
11/28/2021,PF,French Polynesia,WPRO,17,45631,0,636
12/5/2021,PF,French Polynesia,WPRO,693,46324,0,636
12/12/2021,PF,French Polynesia,WPRO,10,46334,0,636
12/19/2021,PF,French Polynesia,WPRO,8,46342,0,636
12/26/2021,PF,French Polynesia,WPRO,40,46382,0,636
1/2/2022,PF,French Polynesia,WPRO,43,46425,0,636
1/9/2022,PF,French Polynesia,WPRO,109,46534,0,636
1/16/2022,PF,French Polynesia,WPRO,598,47132,0,636
1/23/2022,PF,French Polynesia,WPRO,524,47656,0,636
1/30/2022,PF,French Polynesia,WPRO,610,48266,0,636
2/6/2022,PF,French Polynesia,WPRO,1255,49521,0,636
2/13/2022,PF,French Polynesia,WPRO,7137,56658,1,637
2/20/2022,PF,French Polynesia,WPRO,5913,62571,0,637
2/27/2022,PF,French Polynesia,WPRO,4128,66699,2,639
3/6/2022,PF,French Polynesia,WPRO,2276,68975,4,643
3/13/2022,PF,French Polynesia,WPRO,1461,70436,2,645
3/20/2022,PF,French Polynesia,WPRO,1033,71469,0,645
3/27/2022,PF,French Polynesia,WPRO,589,72058,1,646
4/3/2022,PF,French Polynesia,WPRO,328,72386,1,647
4/10/2022,PF,French Polynesia,WPRO,184,72570,1,648
4/17/2022,PF,French Polynesia,WPRO,26,72596,0,648
4/24/2022,PF,French Polynesia,WPRO,82,72678,0,648
5/1/2022,PF,French Polynesia,WPRO,68,72746,0,648
5/8/2022,PF,French Polynesia,WPRO,40,72786,0,648
5/15/2022,PF,French Polynesia,WPRO,50,72836,1,649
5/22/2022,PF,French Polynesia,WPRO,40,72876,0,649
5/29/2022,PF,French Polynesia,WPRO,46,72922,0,649
6/5/2022,PF,French Polynesia,WPRO,92,73014,0,649
6/12/2022,PF,French Polynesia,WPRO,92,73106,0,649
6/19/2022,PF,French Polynesia,WPRO,60,73166,0,649
6/26/2022,PF,French Polynesia,WPRO,102,73268,0,649
7/3/2022,PF,French Polynesia,WPRO,118,73386,0,649
7/10/2022,PF,French Polynesia,WPRO,302,73688,0,649
7/17/2022,PF,French Polynesia,WPRO,425,74113,0,649
7/24/2022,PF,French Polynesia,WPRO,696,74809,0,649
7/31/2022,PF,French Polynesia,WPRO,631,75440,0,649
8/7/2022,PF,French Polynesia,WPRO,518,75958,0,649
8/14/2022,PF,French Polynesia,WPRO,239,76197,0,649
8/21/2022,PF,French Polynesia,WPRO,123,76320,0,649
8/28/2022,PF,French Polynesia,WPRO,119,76439,0,649
9/4/2022,PF,French Polynesia,WPRO,61,76500,0,649
9/11/2022,PF,French Polynesia,WPRO,42,76542,0,649
9/18/2022,PF,French Polynesia,WPRO,36,76578,0,649
9/25/2022,PF,French Polynesia,WPRO,10,76588,0,649
10/2/2022,PF,French Polynesia,WPRO,115,76703,0,649
10/9/2022,PF,French Polynesia,WPRO,3,76706,0,649
10/16/2022,PF,French Polynesia,WPRO,25,76731,0,649
10/23/2022,PF,French Polynesia,WPRO,0,76731,0,649
10/30/2022,PF,French Polynesia,WPRO,27,76758,0,649
11/6/2022,PF,French Polynesia,WPRO,6,76764,0,649
11/13/2022,PF,French Polynesia,WPRO,63,76827,0,649
11/20/2022,PF,French Polynesia,WPRO,0,76827,0,649
11/27/2022,PF,French Polynesia,WPRO,72,76899,0,649
12/4/2022,PF,French Polynesia,WPRO,376,77275,0,649
12/11/2022,PF,French Polynesia,WPRO,429,77704,0,649
12/18/2022,PF,French Polynesia,WPRO,68,77772,0,649
12/25/2022,PF,French Polynesia,WPRO,138,77910,0,649
1/1/2023,PF,French Polynesia,WPRO,47,77957,0,649
1/8/2023,PF,French Polynesia,WPRO,0,77957,0,649
1/15/2023,PF,French Polynesia,WPRO,0,77957,0,649
1/22/2023,PF,French Polynesia,WPRO,0,77957,0,649
1/29/2023,PF,French Polynesia,WPRO,0,77957,0,649
2/5/2023,PF,French Polynesia,WPRO,0,77957,0,649
2/12/2023,PF,French Polynesia,WPRO,0,77957,0,649
2/19/2023,PF,French Polynesia,WPRO,0,77957,0,649
2/26/2023,PF,French Polynesia,WPRO,86,78043,0,649
3/5/2023,PF,French Polynesia,WPRO,12,78055,0,649
3/12/2023,PF,French Polynesia,WPRO,22,78077,0,649
3/19/2023,PF,French Polynesia,WPRO,24,78101,0,649
3/26/2023,PF,French Polynesia,WPRO,52,78153,0,649
4/2/2023,PF,French Polynesia,WPRO,66,78219,0,649
4/9/2023,PF,French Polynesia,WPRO,78,78297,0,649
4/16/2023,PF,French Polynesia,WPRO,81,78378,0,649
4/23/2023,PF,French Polynesia,WPRO,40,78418,0,649
4/30/2023,PF,French Polynesia,WPRO,30,78448,0,649
5/7/2023,PF,French Polynesia,WPRO,70,78518,0,649
5/14/2023,PF,French Polynesia,WPRO,27,78545,0,649
5/21/2023,PF,French Polynesia,WPRO,24,78569,0,649
5/28/2023,PF,French Polynesia,WPRO,12,78581,0,649
6/4/2023,PF,French Polynesia,WPRO,9,78590,0,649
6/11/2023,PF,French Polynesia,WPRO,6,78596,0,649
6/18/2023,PF,French Polynesia,WPRO,4,78600,0,649
6/25/2023,PF,French Polynesia,WPRO,1,78601,0,649
7/2/2023,PF,French Polynesia,WPRO,0,78601,0,649
7/9/2023,PF,French Polynesia,WPRO,12,78613,0,649
7/16/2023,PF,French Polynesia,WPRO,2,78615,0,649
7/23/2023,PF,French Polynesia,WPRO,1,78616,0,649
7/30/2023,PF,French Polynesia,WPRO,1,78617,0,649
8/6/2023,PF,French Polynesia,WPRO,0,78617,0,649
8/13/2023,PF,French Polynesia,WPRO,2,78619,0,649
8/20/2023,PF,French Polynesia,WPRO,2,78621,0,649
8/27/2023,PF,French Polynesia,WPRO,2,78623,0,649
9/3/2023,PF,French Polynesia,WPRO,2,78625,0,649
9/10/2023,PF,French Polynesia,WPRO,0,78625,0,649
9/17/2023,PF,French Polynesia,WPRO,2,78627,0,649
9/24/2023,PF,French Polynesia,WPRO,5,78632,0,649
10/1/2023,PF,French Polynesia,WPRO,0,78632,0,649
10/8/2023,PF,French Polynesia,WPRO,7,78639,0,649
10/15/2023,PF,French Polynesia,WPRO,3,78642,0,649
10/22/2023,PF,French Polynesia,WPRO,7,78649,0,649
10/29/2023,PF,French Polynesia,WPRO,4,78653,0,649
11/5/2023,PF,French Polynesia,WPRO,6,78659,0,649
11/12/2023,PF,French Polynesia,WPRO,11,78670,0,649
11/19/2023,PF,French Polynesia,WPRO,30,78700,0,649
11/26/2023,PF,French Polynesia,WPRO,0,78700,0,649
12/3/2023,PF,French Polynesia,WPRO,0,78700,0,649
12/10/2023,PF,French Polynesia,WPRO,0,78700,0,649
12/17/2023,PF,French Polynesia,WPRO,0,78700,0,649
12/24/2023,PF,French Polynesia,WPRO,0,78700,0,649
1/5/2020,GA,Gabon,AFRO,0,0,0,0
1/12/2020,GA,Gabon,AFRO,0,0,0,0
1/19/2020,GA,Gabon,AFRO,0,0,0,0
1/26/2020,GA,Gabon,AFRO,0,0,0,0
2/2/2020,GA,Gabon,AFRO,0,0,0,0
2/9/2020,GA,Gabon,AFRO,0,0,0,0
2/16/2020,GA,Gabon,AFRO,0,0,0,0
2/23/2020,GA,Gabon,AFRO,0,0,0,0
3/1/2020,GA,Gabon,AFRO,0,0,0,0
3/8/2020,GA,Gabon,AFRO,0,0,0,0
3/15/2020,GA,Gabon,AFRO,1,1,0,0
3/22/2020,GA,Gabon,AFRO,5,6,0,0
3/29/2020,GA,Gabon,AFRO,1,7,0,0
4/5/2020,GA,Gabon,AFRO,14,21,3,3
4/12/2020,GA,Gabon,AFRO,29,50,0,3
4/19/2020,GA,Gabon,AFRO,60,110,0,3
4/26/2020,GA,Gabon,AFRO,67,177,2,5
5/3/2020,GA,Gabon,AFRO,159,336,2,7
5/10/2020,GA,Gabon,AFRO,325,661,1,8
5/17/2020,GA,Gabon,AFRO,659,1320,3,11
5/24/2020,GA,Gabon,AFRO,614,1934,1,12
5/31/2020,GA,Gabon,AFRO,721,2655,5,17
6/7/2020,GA,Gabon,AFRO,446,3101,4,21
6/14/2020,GA,Gabon,AFRO,362,3463,2,23
6/21/2020,GA,Gabon,AFRO,965,4428,11,34
6/28/2020,GA,Gabon,AFRO,781,5209,6,40
7/5/2020,GA,Gabon,AFRO,411,5620,4,44
7/12/2020,GA,Gabon,AFRO,322,5942,2,46
7/19/2020,GA,Gabon,AFRO,373,6315,0,46
7/26/2020,GA,Gabon,AFRO,669,6984,3,49
8/2/2020,GA,Gabon,AFRO,547,7531,1,50
8/9/2020,GA,Gabon,AFRO,392,7923,1,51
8/16/2020,GA,Gabon,AFRO,302,8225,0,51
8/23/2020,GA,Gabon,AFRO,163,8388,2,53
8/30/2020,GA,Gabon,AFRO,117,8505,0,53
9/6/2020,GA,Gabon,AFRO,96,8601,0,53
9/13/2020,GA,Gabon,AFRO,42,8643,0,53
9/20/2020,GA,Gabon,AFRO,53,8696,0,53
9/27/2020,GA,Gabon,AFRO,32,8728,1,54
10/4/2020,GA,Gabon,AFRO,69,8797,0,54
10/11/2020,GA,Gabon,AFRO,18,8815,0,54
10/18/2020,GA,Gabon,AFRO,66,8881,0,54
10/25/2020,GA,Gabon,AFRO,38,8919,0,54
11/1/2020,GA,Gabon,AFRO,49,8968,1,55
11/8/2020,GA,Gabon,AFRO,54,9022,0,55
11/15/2020,GA,Gabon,AFRO,40,9062,3,58
11/22/2020,GA,Gabon,AFRO,69,9131,1,59
11/29/2020,GA,Gabon,AFRO,60,9191,0,59
12/6/2020,GA,Gabon,AFRO,63,9254,1,60
12/13/2020,GA,Gabon,AFRO,76,9330,3,63
12/20/2020,GA,Gabon,AFRO,70,9400,1,64
12/27/2020,GA,Gabon,AFRO,97,9497,0,64
1/3/2021,GA,Gabon,AFRO,74,9571,0,64
1/10/2021,GA,Gabon,AFRO,123,9694,2,66
1/17/2021,GA,Gabon,AFRO,205,9899,0,66
1/24/2021,GA,Gabon,AFRO,379,10278,1,67
1/31/2021,GA,Gabon,AFRO,470,10748,1,68
2/7/2021,GA,Gabon,AFRO,709,11457,3,71
2/14/2021,GA,Gabon,AFRO,1120,12577,2,73
2/21/2021,GA,Gabon,AFRO,976,13553,2,75
2/28/2021,GA,Gabon,AFRO,1011,14564,8,83
3/7/2021,GA,Gabon,AFRO,953,15517,7,90
3/14/2021,GA,Gabon,AFRO,1143,16660,6,96
3/21/2021,GA,Gabon,AFRO,637,17297,9,105
3/28/2021,GA,Gabon,AFRO,1129,18426,4,109
4/4/2021,GA,Gabon,AFRO,1437,19863,10,119
4/11/2021,GA,Gabon,AFRO,773,20636,8,127
4/18/2021,GA,Gabon,AFRO,1222,21858,6,133
4/25/2021,GA,Gabon,AFRO,575,22433,5,138
5/2/2021,GA,Gabon,AFRO,642,23075,1,139
5/9/2021,GA,Gabon,AFRO,357,23432,4,143
5/16/2021,GA,Gabon,AFRO,367,23799,0,143
5/23/2021,GA,Gabon,AFRO,308,24107,4,147
5/30/2021,GA,Gabon,AFRO,258,24365,3,150
6/6/2021,GA,Gabon,AFRO,226,24591,4,154
6/13/2021,GA,Gabon,AFRO,145,24736,2,156
6/20/2021,GA,Gabon,AFRO,0,24736,0,156
6/27/2021,GA,Gabon,AFRO,248,24984,3,159
7/4/2021,GA,Gabon,AFRO,92,25076,0,159
7/11/2021,GA,Gabon,AFRO,88,25164,3,162
7/18/2021,GA,Gabon,AFRO,96,25260,0,162
7/25/2021,GA,Gabon,AFRO,65,25325,1,163
8/1/2021,GA,Gabon,AFRO,59,25384,1,164
8/8/2021,GA,Gabon,AFRO,78,25462,1,165
8/15/2021,GA,Gabon,AFRO,102,25564,0,165
8/22/2021,GA,Gabon,AFRO,103,25667,0,165
8/29/2021,GA,Gabon,AFRO,152,25819,0,165
9/5/2021,GA,Gabon,AFRO,260,26079,2,167
9/12/2021,GA,Gabon,AFRO,559,26638,3,170
9/19/2021,GA,Gabon,AFRO,1005,27643,5,175
9/26/2021,GA,Gabon,AFRO,1483,29126,3,178
10/3/2021,GA,Gabon,AFRO,1522,30648,12,190
10/10/2021,GA,Gabon,AFRO,1487,32135,11,201
10/17/2021,GA,Gabon,AFRO,1307,33442,12,213
10/24/2021,GA,Gabon,AFRO,1159,34601,11,224
10/31/2021,GA,Gabon,AFRO,924,35525,15,239
11/7/2021,GA,Gabon,AFRO,669,36194,15,254
11/14/2021,GA,Gabon,AFRO,498,36692,12,266
11/21/2021,GA,Gabon,AFRO,353,37045,7,273
11/28/2021,GA,Gabon,AFRO,253,37298,6,279
12/5/2021,GA,Gabon,AFRO,44,37342,0,279
12/12/2021,GA,Gabon,AFRO,249,37591,3,282
12/19/2021,GA,Gabon,AFRO,152,37743,3,285
12/26/2021,GA,Gabon,AFRO,1127,38870,2,287
1/2/2022,GA,Gabon,AFRO,2928,41798,1,288
1/9/2022,GA,Gabon,AFRO,2141,43939,7,295
1/16/2022,GA,Gabon,AFRO,1213,45152,2,297
1/23/2022,GA,Gabon,AFRO,1046,46198,3,300
1/30/2022,GA,Gabon,AFRO,524,46722,1,301
2/6/2022,GA,Gabon,AFRO,426,47148,0,301
2/13/2022,GA,Gabon,AFRO,251,47399,1,302
2/20/2022,GA,Gabon,AFRO,85,47484,1,303
2/27/2022,GA,Gabon,AFRO,50,47534,0,303
3/6/2022,GA,Gabon,AFRO,25,47559,0,303
3/13/2022,GA,Gabon,AFRO,5,47564,0,303
3/20/2022,GA,Gabon,AFRO,6,47570,0,303
3/27/2022,GA,Gabon,AFRO,14,47584,0,303
4/3/2022,GA,Gabon,AFRO,2,47586,0,303
4/10/2022,GA,Gabon,AFRO,5,47591,0,303
4/17/2022,GA,Gabon,AFRO,3,47594,0,303
4/24/2022,GA,Gabon,AFRO,3,47597,0,303
5/1/2022,GA,Gabon,AFRO,5,47602,1,304
5/8/2022,GA,Gabon,AFRO,0,47602,0,304
5/15/2022,GA,Gabon,AFRO,6,47608,0,304
5/22/2022,GA,Gabon,AFRO,14,47622,0,304
5/29/2022,GA,Gabon,AFRO,28,47650,0,304
6/5/2022,GA,Gabon,AFRO,27,47677,0,304
6/12/2022,GA,Gabon,AFRO,34,47711,0,304
6/19/2022,GA,Gabon,AFRO,31,47742,0,304
6/26/2022,GA,Gabon,AFRO,82,47824,1,305
7/3/2022,GA,Gabon,AFRO,115,47939,0,305
7/10/2022,GA,Gabon,AFRO,218,48157,0,305
7/17/2022,GA,Gabon,AFRO,132,48289,1,306
7/24/2022,GA,Gabon,AFRO,128,48417,0,306
7/31/2022,GA,Gabon,AFRO,94,48511,0,306
8/7/2022,GA,Gabon,AFRO,81,48592,0,306
8/14/2022,GA,Gabon,AFRO,43,48635,0,306
8/21/2022,GA,Gabon,AFRO,0,48635,0,306
8/28/2022,GA,Gabon,AFRO,14,48649,0,306
9/4/2022,GA,Gabon,AFRO,6,48655,0,306
9/11/2022,GA,Gabon,AFRO,13,48668,0,306
9/18/2022,GA,Gabon,AFRO,14,48682,0,306
9/25/2022,GA,Gabon,AFRO,9,48691,0,306
10/2/2022,GA,Gabon,AFRO,22,48713,0,306
10/9/2022,GA,Gabon,AFRO,59,48772,0,306
10/16/2022,GA,Gabon,AFRO,38,48810,0,306
10/23/2022,GA,Gabon,AFRO,104,48914,0,306
10/30/2022,GA,Gabon,AFRO,31,48945,0,306
11/6/2022,GA,Gabon,AFRO,14,48959,0,306
11/13/2022,GA,Gabon,AFRO,0,48959,0,306
11/20/2022,GA,Gabon,AFRO,13,48972,0,306
11/27/2022,GA,Gabon,AFRO,1,48973,0,306
12/4/2022,GA,Gabon,AFRO,0,48973,0,306
12/11/2022,GA,Gabon,AFRO,0,48973,0,306
12/18/2022,GA,Gabon,AFRO,3,48976,0,306
12/25/2022,GA,Gabon,AFRO,3,48979,0,306
1/1/2023,GA,Gabon,AFRO,1,48980,0,306
1/8/2023,GA,Gabon,AFRO,0,48980,0,306
1/15/2023,GA,Gabon,AFRO,0,48980,0,306
1/22/2023,GA,Gabon,AFRO,1,48981,0,306
1/29/2023,GA,Gabon,AFRO,0,48981,0,306
2/5/2023,GA,Gabon,AFRO,0,48981,0,306
2/12/2023,GA,Gabon,AFRO,0,48981,0,306
2/19/2023,GA,Gabon,AFRO,0,48981,0,306
2/26/2023,GA,Gabon,AFRO,0,48981,0,306
3/5/2023,GA,Gabon,AFRO,0,48981,0,306
3/12/2023,GA,Gabon,AFRO,0,48981,0,306
3/19/2023,GA,Gabon,AFRO,0,48981,0,306
3/26/2023,GA,Gabon,AFRO,0,48981,0,306
4/2/2023,GA,Gabon,AFRO,0,48981,0,306
4/9/2023,GA,Gabon,AFRO,11,48992,1,307
4/16/2023,GA,Gabon,AFRO,0,48992,0,307
4/23/2023,GA,Gabon,AFRO,0,48992,0,307
4/30/2023,GA,Gabon,AFRO,0,48992,0,307
5/7/2023,GA,Gabon,AFRO,0,48992,0,307
5/14/2023,GA,Gabon,AFRO,0,48992,0,307
5/21/2023,GA,Gabon,AFRO,0,48992,0,307
5/28/2023,GA,Gabon,AFRO,0,48992,0,307
6/4/2023,GA,Gabon,AFRO,0,48992,0,307
6/11/2023,GA,Gabon,AFRO,0,48992,0,307
6/18/2023,GA,Gabon,AFRO,0,48992,0,307
6/25/2023,GA,Gabon,AFRO,0,48992,0,307
7/2/2023,GA,Gabon,AFRO,0,48992,0,307
7/9/2023,GA,Gabon,AFRO,0,48992,0,307
7/16/2023,GA,Gabon,AFRO,0,48992,0,307
7/23/2023,GA,Gabon,AFRO,0,48992,0,307
7/30/2023,GA,Gabon,AFRO,0,48992,0,307
8/6/2023,GA,Gabon,AFRO,0,48992,0,307
8/13/2023,GA,Gabon,AFRO,0,48992,0,307
8/20/2023,GA,Gabon,AFRO,0,48992,0,307
8/27/2023,GA,Gabon,AFRO,0,48992,0,307
9/3/2023,GA,Gabon,AFRO,0,48992,0,307
9/10/2023,GA,Gabon,AFRO,0,48992,0,307
9/17/2023,GA,Gabon,AFRO,0,48992,0,307
9/24/2023,GA,Gabon,AFRO,0,48992,0,307
10/1/2023,GA,Gabon,AFRO,0,48992,0,307
10/8/2023,GA,Gabon,AFRO,1,48993,0,307
10/15/2023,GA,Gabon,AFRO,2,48995,0,307
10/22/2023,GA,Gabon,AFRO,0,48995,0,307
10/29/2023,GA,Gabon,AFRO,0,48995,0,307
11/5/2023,GA,Gabon,AFRO,12,49007,0,307
11/12/2023,GA,Gabon,AFRO,10,49017,0,307
11/19/2023,GA,Gabon,AFRO,32,49049,0,307
11/26/2023,GA,Gabon,AFRO,0,49049,0,307
12/3/2023,GA,Gabon,AFRO,0,49049,0,307
12/10/2023,GA,Gabon,AFRO,2,49051,0,307
12/17/2023,GA,Gabon,AFRO,0,49051,0,307
12/24/2023,GA,Gabon,AFRO,0,49051,0,307
1/5/2020,GM,Gambia,AFRO,0,0,0,0
1/12/2020,GM,Gambia,AFRO,0,0,0,0
1/19/2020,GM,Gambia,AFRO,0,0,0,0
1/26/2020,GM,Gambia,AFRO,0,0,0,0
2/2/2020,GM,Gambia,AFRO,0,0,0,0
2/9/2020,GM,Gambia,AFRO,0,0,0,0
2/16/2020,GM,Gambia,AFRO,0,0,0,0
2/23/2020,GM,Gambia,AFRO,0,0,0,0
3/1/2020,GM,Gambia,AFRO,0,0,0,0
3/8/2020,GM,Gambia,AFRO,0,0,0,0
3/15/2020,GM,Gambia,AFRO,0,0,0,0
3/22/2020,GM,Gambia,AFRO,1,1,0,0
3/29/2020,GM,Gambia,AFRO,2,3,0,0
4/5/2020,GM,Gambia,AFRO,1,4,0,0
4/12/2020,GM,Gambia,AFRO,5,9,0,0
4/19/2020,GM,Gambia,AFRO,0,9,0,0
4/26/2020,GM,Gambia,AFRO,1,10,0,0
5/3/2020,GM,Gambia,AFRO,7,17,0,0
5/10/2020,GM,Gambia,AFRO,3,20,0,0
5/17/2020,GM,Gambia,AFRO,4,24,0,0
5/24/2020,GM,Gambia,AFRO,1,25,0,0
5/31/2020,GM,Gambia,AFRO,0,25,0,0
6/7/2020,GM,Gambia,AFRO,1,26,0,0
6/14/2020,GM,Gambia,AFRO,2,28,0,0
6/21/2020,GM,Gambia,AFRO,9,37,0,0
6/28/2020,GM,Gambia,AFRO,8,45,0,0
7/5/2020,GM,Gambia,AFRO,12,57,0,0
7/12/2020,GM,Gambia,AFRO,7,64,0,0
7/19/2020,GM,Gambia,AFRO,48,112,0,0
7/26/2020,GM,Gambia,AFRO,165,277,0,0
8/2/2020,GM,Gambia,AFRO,207,484,0,0
8/9/2020,GM,Gambia,AFRO,848,1332,0,0
8/16/2020,GM,Gambia,AFRO,526,1858,0,0
8/23/2020,GM,Gambia,AFRO,727,2585,0,0
8/30/2020,GM,Gambia,AFRO,378,2963,0,0
9/6/2020,GM,Gambia,AFRO,233,3196,0,0
9/13/2020,GM,Gambia,AFRO,209,3405,0,0
9/20/2020,GM,Gambia,AFRO,121,3526,0,0
9/27/2020,GM,Gambia,AFRO,43,3569,0,0
10/4/2020,GM,Gambia,AFRO,25,3594,115,115
10/11/2020,GM,Gambia,AFRO,38,3632,2,117
10/18/2020,GM,Gambia,AFRO,17,3649,1,118
10/25/2020,GM,Gambia,AFRO,11,3660,1,119
11/1/2020,GM,Gambia,AFRO,12,3672,0,119
11/8/2020,GM,Gambia,AFRO,12,3684,2,121
11/15/2020,GM,Gambia,AFRO,18,3702,1,122
11/22/2020,GM,Gambia,AFRO,24,3726,1,123
11/29/2020,GM,Gambia,AFRO,8,3734,0,123
12/6/2020,GM,Gambia,AFRO,36,3770,0,123
12/13/2020,GM,Gambia,AFRO,12,3782,0,123
12/20/2020,GM,Gambia,AFRO,6,3788,0,123
12/27/2020,GM,Gambia,AFRO,4,3792,0,123
1/3/2021,GM,Gambia,AFRO,10,3802,1,124
1/10/2021,GM,Gambia,AFRO,55,3857,1,125
1/17/2021,GM,Gambia,AFRO,53,3910,3,128
1/24/2021,GM,Gambia,AFRO,62,3972,0,128
1/31/2021,GM,Gambia,AFRO,118,4090,0,128
2/7/2021,GM,Gambia,AFRO,147,4237,6,134
2/14/2021,GM,Gambia,AFRO,177,4414,4,138
2/21/2021,GM,Gambia,AFRO,140,4554,6,144
2/28/2021,GM,Gambia,AFRO,158,4712,6,150
3/7/2021,GM,Gambia,AFRO,80,4792,3,153
3/14/2021,GM,Gambia,AFRO,227,5019,0,153
3/21/2021,GM,Gambia,AFRO,236,5255,8,161
3/28/2021,GM,Gambia,AFRO,165,5420,3,164
4/4/2021,GM,Gambia,AFRO,85,5505,2,166
4/11/2021,GM,Gambia,AFRO,97,5602,2,168
4/18/2021,GM,Gambia,AFRO,131,5733,2,170
4/25/2021,GM,Gambia,AFRO,124,5857,3,173
5/2/2021,GM,Gambia,AFRO,44,5901,2,175
5/9/2021,GM,Gambia,AFRO,28,5929,0,175
5/16/2021,GM,Gambia,AFRO,17,5946,0,175
5/23/2021,GM,Gambia,AFRO,32,5978,3,178
5/30/2021,GM,Gambia,AFRO,15,5993,1,179
6/6/2021,GM,Gambia,AFRO,9,6002,0,179
6/13/2021,GM,Gambia,AFRO,14,6016,1,180
6/20/2021,GM,Gambia,AFRO,29,6045,1,181
6/27/2021,GM,Gambia,AFRO,24,6069,0,181
7/4/2021,GM,Gambia,AFRO,47,6116,1,182
7/11/2021,GM,Gambia,AFRO,212,6328,3,185
7/18/2021,GM,Gambia,AFRO,592,6920,5,190
7/25/2021,GM,Gambia,AFRO,413,7333,18,208
8/1/2021,GM,Gambia,AFRO,963,8296,19,227
8/8/2021,GM,Gambia,AFRO,467,8763,18,245
8/15/2021,GM,Gambia,AFRO,432,9195,26,271
8/22/2021,GM,Gambia,AFRO,275,9470,30,301
8/29/2021,GM,Gambia,AFRO,228,9698,18,319
9/5/2021,GM,Gambia,AFRO,91,9789,9,328
9/12/2021,GM,Gambia,AFRO,59,9848,0,328
9/19/2021,GM,Gambia,AFRO,40,9888,4,332
9/26/2021,GM,Gambia,AFRO,42,9930,3,335
10/3/2021,GM,Gambia,AFRO,5,9935,3,338
10/10/2021,GM,Gambia,AFRO,8,9943,1,339
10/17/2021,GM,Gambia,AFRO,3,9946,0,339
10/24/2021,GM,Gambia,AFRO,16,9962,1,340
10/31/2021,GM,Gambia,AFRO,5,9967,0,340
11/7/2021,GM,Gambia,AFRO,12,9979,1,341
11/14/2021,GM,Gambia,AFRO,7,9986,0,341
11/21/2021,GM,Gambia,AFRO,2,9988,1,342
11/28/2021,GM,Gambia,AFRO,4,9992,0,342
12/5/2021,GM,Gambia,AFRO,6,9998,0,342
12/12/2021,GM,Gambia,AFRO,47,10045,0,342
12/19/2021,GM,Gambia,AFRO,33,10078,0,342
12/26/2021,GM,Gambia,AFRO,58,10136,0,342
1/2/2022,GM,Gambia,AFRO,358,10494,1,343
1/9/2022,GM,Gambia,AFRO,748,11242,1,344
1/16/2022,GM,Gambia,AFRO,330,11572,3,347
1/23/2022,GM,Gambia,AFRO,270,11842,15,362
1/30/2022,GM,Gambia,AFRO,21,11863,2,364
2/6/2022,GM,Gambia,AFRO,17,11880,0,364
2/13/2022,GM,Gambia,AFRO,31,11911,1,365
2/20/2022,GM,Gambia,AFRO,13,11924,0,365
2/27/2022,GM,Gambia,AFRO,15,11939,0,365
3/6/2022,GM,Gambia,AFRO,17,11956,0,365
3/13/2022,GM,Gambia,AFRO,17,11973,0,365
3/20/2022,GM,Gambia,AFRO,5,11978,0,365
3/27/2022,GM,Gambia,AFRO,10,11988,0,365
4/3/2022,GM,Gambia,AFRO,2,11990,0,365
4/10/2022,GM,Gambia,AFRO,0,11990,0,365
4/17/2022,GM,Gambia,AFRO,4,11994,0,365
4/24/2022,GM,Gambia,AFRO,1,11995,0,365
5/1/2022,GM,Gambia,AFRO,1,11996,0,365
5/8/2022,GM,Gambia,AFRO,0,11996,0,365
5/15/2022,GM,Gambia,AFRO,3,11999,0,365
5/22/2022,GM,Gambia,AFRO,3,12002,0,365
5/29/2022,GM,Gambia,AFRO,1,12003,0,365
6/5/2022,GM,Gambia,AFRO,2,12005,0,365
6/12/2022,GM,Gambia,AFRO,2,12007,0,365
6/19/2022,GM,Gambia,AFRO,2,12009,0,365
6/26/2022,GM,Gambia,AFRO,0,12009,0,365
7/3/2022,GM,Gambia,AFRO,0,12009,0,365
7/10/2022,GM,Gambia,AFRO,0,12009,0,365
7/17/2022,GM,Gambia,AFRO,39,12048,3,368
7/24/2022,GM,Gambia,AFRO,43,12091,0,368
7/31/2022,GM,Gambia,AFRO,58,12149,0,368
8/7/2022,GM,Gambia,AFRO,89,12238,0,368
8/14/2022,GM,Gambia,AFRO,73,12311,3,371
8/21/2022,GM,Gambia,AFRO,34,12345,0,371
8/28/2022,GM,Gambia,AFRO,35,12380,0,371
9/4/2022,GM,Gambia,AFRO,27,12407,0,371
9/11/2022,GM,Gambia,AFRO,8,12415,1,372
9/18/2022,GM,Gambia,AFRO,0,12415,0,372
9/25/2022,GM,Gambia,AFRO,27,12442,0,372
10/2/2022,GM,Gambia,AFRO,0,12442,0,372
10/9/2022,GM,Gambia,AFRO,0,12442,0,372
10/16/2022,GM,Gambia,AFRO,0,12442,0,372
10/23/2022,GM,Gambia,AFRO,0,12442,0,372
10/30/2022,GM,Gambia,AFRO,121,12563,0,372
11/6/2022,GM,Gambia,AFRO,23,12586,0,372
11/13/2022,GM,Gambia,AFRO,0,12586,0,372
11/20/2022,GM,Gambia,AFRO,0,12586,0,372
11/27/2022,GM,Gambia,AFRO,0,12586,0,372
12/4/2022,GM,Gambia,AFRO,0,12586,0,372
12/11/2022,GM,Gambia,AFRO,0,12586,0,372
12/18/2022,GM,Gambia,AFRO,0,12586,0,372
12/25/2022,GM,Gambia,AFRO,0,12586,0,372
1/1/2023,GM,Gambia,AFRO,0,12586,0,372
1/8/2023,GM,Gambia,AFRO,0,12586,0,372
1/15/2023,GM,Gambia,AFRO,0,12586,0,372
1/22/2023,GM,Gambia,AFRO,0,12586,0,372
1/29/2023,GM,Gambia,AFRO,0,12586,0,372
2/5/2023,GM,Gambia,AFRO,7,12593,0,372
2/12/2023,GM,Gambia,AFRO,0,12593,0,372
2/19/2023,GM,Gambia,AFRO,1,12594,0,372
2/26/2023,GM,Gambia,AFRO,2,12596,0,372
3/5/2023,GM,Gambia,AFRO,2,12598,0,372
3/12/2023,GM,Gambia,AFRO,3,12601,0,372
3/19/2023,GM,Gambia,AFRO,5,12606,0,372
3/26/2023,GM,Gambia,AFRO,0,12606,0,372
4/2/2023,GM,Gambia,AFRO,16,12622,0,372
4/9/2023,GM,Gambia,AFRO,0,12622,0,372
4/16/2023,GM,Gambia,AFRO,4,12626,0,372
4/23/2023,GM,Gambia,AFRO,0,12626,0,372
4/30/2023,GM,Gambia,AFRO,0,12626,0,372
5/7/2023,GM,Gambia,AFRO,0,12626,0,372
5/14/2023,GM,Gambia,AFRO,0,12626,0,372
5/21/2023,GM,Gambia,AFRO,0,12626,0,372
5/28/2023,GM,Gambia,AFRO,0,12626,0,372
6/4/2023,GM,Gambia,AFRO,0,12626,0,372
6/11/2023,GM,Gambia,AFRO,0,12626,0,372
6/18/2023,GM,Gambia,AFRO,0,12626,0,372
6/25/2023,GM,Gambia,AFRO,0,12626,0,372
7/2/2023,GM,Gambia,AFRO,0,12626,0,372
7/9/2023,GM,Gambia,AFRO,0,12626,0,372
7/16/2023,GM,Gambia,AFRO,0,12626,0,372
7/23/2023,GM,Gambia,AFRO,0,12626,0,372
7/30/2023,GM,Gambia,AFRO,0,12626,0,372
8/6/2023,GM,Gambia,AFRO,0,12626,0,372
8/13/2023,GM,Gambia,AFRO,0,12626,0,372
8/20/2023,GM,Gambia,AFRO,0,12626,0,372
8/27/2023,GM,Gambia,AFRO,0,12626,0,372
9/3/2023,GM,Gambia,AFRO,0,12626,0,372
9/10/2023,GM,Gambia,AFRO,0,12626,0,372
9/17/2023,GM,Gambia,AFRO,0,12626,0,372
9/24/2023,GM,Gambia,AFRO,0,12626,0,372
10/1/2023,GM,Gambia,AFRO,0,12626,0,372
10/8/2023,GM,Gambia,AFRO,0,12626,0,372
10/15/2023,GM,Gambia,AFRO,0,12626,0,372
10/22/2023,GM,Gambia,AFRO,0,12626,0,372
10/29/2023,GM,Gambia,AFRO,0,12626,0,372
11/5/2023,GM,Gambia,AFRO,0,12626,0,372
11/12/2023,GM,Gambia,AFRO,0,12626,0,372
11/19/2023,GM,Gambia,AFRO,0,12626,0,372
11/26/2023,GM,Gambia,AFRO,0,12626,0,372
12/3/2023,GM,Gambia,AFRO,0,12626,0,372
12/10/2023,GM,Gambia,AFRO,0,12626,0,372
12/17/2023,GM,Gambia,AFRO,0,12626,0,372
12/24/2023,GM,Gambia,AFRO,0,12626,0,372
1/5/2020,GE,Georgia,EURO,0,0,0,0
1/12/2020,GE,Georgia,EURO,0,0,0,0
1/19/2020,GE,Georgia,EURO,0,0,0,0
1/26/2020,GE,Georgia,EURO,0,0,0,0
2/2/2020,GE,Georgia,EURO,0,0,0,0
2/9/2020,GE,Georgia,EURO,0,0,0,0
2/16/2020,GE,Georgia,EURO,0,0,0,0
2/23/2020,GE,Georgia,EURO,0,0,0,0
3/1/2020,GE,Georgia,EURO,3,3,0,0
3/8/2020,GE,Georgia,EURO,9,12,0,0
3/15/2020,GE,Georgia,EURO,18,30,0,0
3/22/2020,GE,Georgia,EURO,24,54,0,0
3/29/2020,GE,Georgia,EURO,44,98,0,0
4/5/2020,GE,Georgia,EURO,72,170,1,1
4/12/2020,GE,Georgia,EURO,82,252,2,3
4/19/2020,GE,Georgia,EURO,142,394,1,4
4/26/2020,GE,Georgia,EURO,91,485,1,5
5/3/2020,GE,Georgia,EURO,104,589,3,8
5/10/2020,GE,Georgia,EURO,46,635,2,10
5/17/2020,GE,Georgia,EURO,60,695,2,12
5/24/2020,GE,Georgia,EURO,35,730,0,12
5/31/2020,GE,Georgia,EURO,53,783,0,12
6/7/2020,GE,Georgia,EURO,26,809,1,13
6/14/2020,GE,Georgia,EURO,55,864,1,14
6/21/2020,GE,Georgia,EURO,42,906,0,14
6/28/2020,GE,Georgia,EURO,18,924,1,15
7/5/2020,GE,Georgia,EURO,27,951,0,15
7/12/2020,GE,Georgia,EURO,35,986,0,15
7/19/2020,GE,Georgia,EURO,42,1028,0,15
7/26/2020,GE,Georgia,EURO,103,1131,1,16
8/2/2020,GE,Georgia,EURO,46,1177,1,17
8/9/2020,GE,Georgia,EURO,48,1225,0,17
8/16/2020,GE,Georgia,EURO,111,1336,0,17
8/23/2020,GE,Georgia,EURO,75,1411,0,17
8/30/2020,GE,Georgia,EURO,58,1469,2,19
9/6/2020,GE,Georgia,EURO,181,1650,0,19
9/13/2020,GE,Georgia,EURO,577,2227,0,19
9/20/2020,GE,Georgia,EURO,1275,3502,0,19
9/27/2020,GE,Georgia,EURO,1752,5254,9,28
10/4/2020,GE,Georgia,EURO,2864,8118,22,50
10/11/2020,GE,Georgia,EURO,3676,11794,35,85
10/18/2020,GE,Georgia,EURO,5683,17477,51,136
10/25/2020,GE,Georgia,EURO,10954,28431,65,201
11/1/2020,GE,Georgia,EURO,12296,40727,134,335
11/8/2020,GE,Georgia,EURO,17026,57753,140,475
11/15/2020,GE,Georgia,EURO,21925,79678,228,703
11/22/2020,GE,Georgia,EURO,25054,104732,273,976
11/29/2020,GE,Georgia,EURO,27636,132368,254,1230
12/6/2020,GE,Georgia,EURO,30107,162475,274,1504
12/13/2020,GE,Georgia,EURO,27251,189726,286,1790
12/20/2020,GE,Georgia,EURO,18912,208638,304,2094
12/27/2020,GE,Georgia,EURO,12967,221605,283,2377
1/3/2021,GE,Georgia,EURO,7564,229169,226,2603
1/10/2021,GE,Georgia,EURO,10060,239229,170,2773
1/17/2021,GE,Georgia,EURO,8576,247805,160,2933
1/24/2021,GE,Georgia,EURO,5713,253518,122,3055
1/31/2021,GE,Georgia,EURO,4593,258111,123,3178
2/7/2021,GE,Georgia,EURO,3913,262024,105,3283
2/14/2021,GE,Georgia,EURO,3533,265557,69,3352
2/21/2021,GE,Georgia,EURO,2798,268355,83,3435
2/28/2021,GE,Georgia,EURO,2403,270758,75,3510
3/7/2021,GE,Georgia,EURO,2093,272851,66,3576
3/14/2021,GE,Georgia,EURO,2138,274989,72,3648
3/21/2021,GE,Georgia,EURO,2491,277480,52,3700
3/28/2021,GE,Georgia,EURO,2821,280301,51,3751
4/4/2021,GE,Georgia,EURO,3532,283833,60,3811
4/11/2021,GE,Georgia,EURO,4563,288396,66,3877
4/18/2021,GE,Georgia,EURO,6962,295358,62,3939
4/25/2021,GE,Georgia,EURO,8393,303751,86,4025
5/2/2021,GE,Georgia,EURO,8694,312445,126,4151
5/9/2021,GE,Georgia,EURO,9474,321919,130,4281
5/16/2021,GE,Georgia,EURO,8456,330375,161,4442
5/23/2021,GE,Georgia,EURO,7198,337573,180,4622
5/30/2021,GE,Georgia,EURO,6030,343603,135,4757
6/6/2021,GE,Georgia,EURO,5495,349098,153,4910
6/13/2021,GE,Georgia,EURO,4867,353965,138,5048
6/20/2021,GE,Georgia,EURO,4916,358881,112,5160
6/27/2021,GE,Georgia,EURO,4641,363522,106,5266
7/4/2021,GE,Georgia,EURO,5526,369048,81,5347
7/11/2021,GE,Georgia,EURO,8104,377152,105,5452
7/18/2021,GE,Georgia,EURO,10329,387481,99,5551
7/25/2021,GE,Georgia,EURO,15278,402759,137,5688
8/1/2021,GE,Georgia,EURO,19429,422188,165,5853
8/8/2021,GE,Georgia,EURO,25725,447913,231,6084
8/15/2021,GE,Georgia,EURO,33665,481578,322,6406
8/22/2021,GE,Georgia,EURO,33166,514744,365,6771
8/29/2021,GE,Georgia,EURO,28374,543118,480,7251
9/5/2021,GE,Georgia,EURO,21719,564837,555,7806
9/12/2021,GE,Georgia,EURO,16032,580869,379,8185
9/19/2021,GE,Georgia,EURO,14395,595264,356,8541
9/26/2021,GE,Georgia,EURO,11228,606492,276,8817
10/3/2021,GE,Georgia,EURO,11261,617753,221,9038
10/10/2021,GE,Georgia,EURO,16300,634053,208,9246
10/17/2021,GE,Georgia,EURO,28281,662334,222,9468
10/24/2021,GE,Georgia,EURO,29906,692240,274,9742
10/31/2021,GE,Georgia,EURO,27007,719247,303,10045
11/7/2021,GE,Georgia,EURO,33608,752855,390,10435
11/14/2021,GE,Georgia,EURO,31236,784091,540,10975
11/21/2021,GE,Georgia,EURO,28155,812246,523,11498
11/28/2021,GE,Georgia,EURO,26393,838639,429,11927
12/5/2021,GE,Georgia,EURO,26654,865293,417,12344
12/12/2021,GE,Georgia,EURO,23993,889286,387,12731
12/19/2021,GE,Georgia,EURO,19874,909160,340,13071
12/26/2021,GE,Georgia,EURO,15208,924368,441,13512
1/2/2022,GE,Georgia,EURO,13272,937640,373,13885
1/9/2022,GE,Georgia,EURO,22234,959874,252,14137
1/16/2022,GE,Georgia,EURO,35813,995687,262,14399
1/23/2022,GE,Georgia,EURO,55758,1051445,252,14651
1/30/2022,GE,Georgia,EURO,111328,1162773,244,14895
2/6/2022,GE,Georgia,EURO,151830,1314603,267,15162
2/13/2022,GE,Georgia,EURO,139462,1454065,344,15506
2/20/2022,GE,Georgia,EURO,94828,1548893,300,15806
2/27/2022,GE,Georgia,EURO,54114,1603007,282,16088
3/6/2022,GE,Georgia,EURO,22365,1625372,228,16316
3/13/2022,GE,Georgia,EURO,10137,1635509,188,16504
3/20/2022,GE,Georgia,EURO,6365,1641874,109,16613
3/27/2022,GE,Georgia,EURO,4442,1646316,45,16658
4/3/2022,GE,Georgia,EURO,2906,1649222,48,16706
4/10/2022,GE,Georgia,EURO,2248,1651470,15,16721
4/17/2022,GE,Georgia,EURO,1574,1653044,21,16742
4/24/2022,GE,Georgia,EURO,1211,1654255,8,16750
5/1/2022,GE,Georgia,EURO,915,1655170,10,16760
5/8/2022,GE,Georgia,EURO,51,1655221,1,16761
5/15/2022,GE,Georgia,EURO,745,1655966,8,16769
5/22/2022,GE,Georgia,EURO,602,1656568,3,16772
5/29/2022,GE,Georgia,EURO,586,1657154,5,16777
6/5/2022,GE,Georgia,EURO,575,1657729,1,16778
6/12/2022,GE,Georgia,EURO,1026,1658755,10,16788
6/19/2022,GE,Georgia,EURO,0,1658755,0,16788
6/26/2022,GE,Georgia,EURO,1674,1660429,3,16791
7/3/2022,GE,Georgia,EURO,0,1660429,0,16791
7/10/2022,GE,Georgia,EURO,1870,1662299,3,16794
7/17/2022,GE,Georgia,EURO,5154,1667453,3,16797
7/24/2022,GE,Georgia,EURO,9512,1676965,7,16804
7/31/2022,GE,Georgia,EURO,11253,1688218,5,16809
8/7/2022,GE,Georgia,EURO,12802,1701020,10,16819
8/14/2022,GE,Georgia,EURO,13729,1714749,8,16827
8/21/2022,GE,Georgia,EURO,13338,1728087,6,16833
8/28/2022,GE,Georgia,EURO,13595,1741682,6,16839
9/4/2022,GE,Georgia,EURO,19907,1761589,4,16843
9/11/2022,GE,Georgia,EURO,10340,1771929,6,16849
9/18/2022,GE,Georgia,EURO,8480,1780409,5,16854
9/25/2022,GE,Georgia,EURO,7214,1787623,4,16858
10/2/2022,GE,Georgia,EURO,5150,1792773,4,16862
10/9/2022,GE,Georgia,EURO,3997,1796770,5,16867
10/16/2022,GE,Georgia,EURO,2229,1798999,3,16870
10/23/2022,GE,Georgia,EURO,1814,1800813,1,16871
10/30/2022,GE,Georgia,EURO,1444,1802257,2,16873
11/6/2022,GE,Georgia,EURO,1139,1803396,5,16878
11/13/2022,GE,Georgia,EURO,1169,1804565,0,16878
11/20/2022,GE,Georgia,EURO,1077,1805642,3,16881
11/27/2022,GE,Georgia,EURO,889,1806531,6,16887
12/4/2022,GE,Georgia,EURO,748,1807279,3,16890
12/11/2022,GE,Georgia,EURO,623,1807902,3,16893
12/18/2022,GE,Georgia,EURO,636,1808538,4,16897
12/25/2022,GE,Georgia,EURO,641,1809179,1,16898
1/1/2023,GE,Georgia,EURO,691,1809870,5,16903
1/8/2023,GE,Georgia,EURO,1044,1810914,5,16908
1/15/2023,GE,Georgia,EURO,1152,1812066,7,16915
1/22/2023,GE,Georgia,EURO,1612,1813678,8,16923
1/29/2023,GE,Georgia,EURO,2034,1815712,10,16933
2/5/2023,GE,Georgia,EURO,2940,1818652,7,16940
2/12/2023,GE,Georgia,EURO,3195,1821847,9,16949
2/19/2023,GE,Georgia,EURO,2997,1824844,15,16964
2/26/2023,GE,Georgia,EURO,2531,1827375,5,16969
3/5/2023,GE,Georgia,EURO,2058,1829433,16,16985
3/12/2023,GE,Georgia,EURO,1812,1831245,15,17000
3/19/2023,GE,Georgia,EURO,1791,1833036,13,17013
3/26/2023,GE,Georgia,EURO,1597,1834633,9,17022
4/2/2023,GE,Georgia,EURO,1465,1836098,7,17029
4/9/2023,GE,Georgia,EURO,1558,1837656,11,17040
4/16/2023,GE,Georgia,EURO,1147,1838803,7,17047
4/23/2023,GE,Georgia,EURO,1054,1839857,10,17057
4/30/2023,GE,Georgia,EURO,1008,1840865,7,17064
5/7/2023,GE,Georgia,EURO,874,1841739,2,17066
5/14/2023,GE,Georgia,EURO,686,1842425,8,17074
5/21/2023,GE,Georgia,EURO,684,1843109,7,17081
5/28/2023,GE,Georgia,EURO,558,1843667,5,17086
6/4/2023,GE,Georgia,EURO,533,1844200,3,17089
6/11/2023,GE,Georgia,EURO,410,1844610,3,17092
6/18/2023,GE,Georgia,EURO,422,1845032,3,17095
6/25/2023,GE,Georgia,EURO,376,1845408,4,17099
7/2/2023,GE,Georgia,EURO,423,1845831,3,17102
7/9/2023,GE,Georgia,EURO,460,1846291,4,17106
7/16/2023,GE,Georgia,EURO,442,1846733,1,17107
7/23/2023,GE,Georgia,EURO,610,1847343,3,17110
7/30/2023,GE,Georgia,EURO,781,1848124,4,17114
8/6/2023,GE,Georgia,EURO,1126,1849250,2,17116
8/13/2023,GE,Georgia,EURO,1522,1850772,6,17122
8/20/2023,GE,Georgia,EURO,2093,1852865,5,17127
8/27/2023,GE,Georgia,EURO,2424,1855289,5,17132
9/3/2023,GE,Georgia,EURO,0,1855289,0,17132
9/10/2023,GE,Georgia,EURO,0,1855289,0,17132
9/17/2023,GE,Georgia,EURO,0,1855289,0,17132
9/24/2023,GE,Georgia,EURO,0,1855289,0,17132
10/1/2023,GE,Georgia,EURO,0,1855289,0,17132
10/8/2023,GE,Georgia,EURO,0,1855289,0,17132
10/15/2023,GE,Georgia,EURO,0,1855289,0,17132
10/22/2023,GE,Georgia,EURO,0,1855289,0,17132
10/29/2023,GE,Georgia,EURO,0,1855289,0,17132
11/5/2023,GE,Georgia,EURO,0,1855289,0,17132
11/12/2023,GE,Georgia,EURO,0,1855289,0,17132
11/19/2023,GE,Georgia,EURO,0,1855289,0,17132
11/26/2023,GE,Georgia,EURO,0,1855289,0,17132
12/3/2023,GE,Georgia,EURO,0,1855289,0,17132
12/10/2023,GE,Georgia,EURO,0,1855289,0,17132
12/17/2023,GE,Georgia,EURO,0,1855289,0,17132
12/24/2023,GE,Georgia,EURO,0,1855289,0,17132
1/5/2020,DE,Germany,EURO,1,1,3,3
1/12/2020,DE,Germany,EURO,0,1,0,3
1/19/2020,DE,Germany,EURO,0,1,0,3
1/26/2020,DE,Germany,EURO,1,2,3,6
2/2/2020,DE,Germany,EURO,9,11,3,9
2/9/2020,DE,Germany,EURO,9,20,0,9
2/16/2020,DE,Germany,EURO,5,25,0,9
2/23/2020,DE,Germany,EURO,6,31,1,10
3/1/2020,DE,Germany,EURO,139,170,1,11
3/8/2020,DE,Germany,EURO,905,1075,12,23
3/15/2020,DE,Germany,EURO,6441,7516,84,107
3/22/2020,DE,Germany,EURO,22407,29923,479,586
3/29/2020,DE,Germany,EURO,33981,63904,1459,2045
4/5/2020,DE,Germany,EURO,36067,99971,2273,4318
4/12/2020,DE,Germany,EURO,27145,127116,1878,6196
4/19/2020,DE,Germany,EURO,17345,144461,1226,7422
4/26/2020,DE,Germany,EURO,12351,156812,727,8149
5/3/2020,DE,Germany,EURO,7442,164254,388,8537
5/10/2020,DE,Germany,EURO,6243,170497,258,8795
5/17/2020,DE,Germany,EURO,4775,175272,165,8960
5/24/2020,DE,Germany,EURO,3604,178876,111,9071
5/31/2020,DE,Germany,EURO,3206,182082,65,9136
6/7/2020,DE,Germany,EURO,2354,184436,44,9180
6/14/2020,DE,Germany,EURO,2348,186784,35,9215
6/21/2020,DE,Germany,EURO,4192,190976,41,9256
6/28/2020,DE,Germany,EURO,3167,194143,21,9277
7/5/2020,DE,Germany,EURO,2691,196834,26,9303
7/12/2020,DE,Germany,EURO,2429,199263,25,9328
7/19/2020,DE,Germany,EURO,3044,202307,31,9359
7/26/2020,DE,Germany,EURO,3936,206243,33,9392
8/2/2020,DE,Germany,EURO,4843,211086,37,9429
8/9/2020,DE,Germany,EURO,6067,217153,34,9463
8/16/2020,DE,Germany,EURO,7971,225124,31,9494
8/23/2020,DE,Germany,EURO,9580,234704,31,9525
8/30/2020,DE,Germany,EURO,8844,243548,18,9543
9/6/2020,DE,Germany,EURO,8609,252157,35,9578
9/13/2020,DE,Germany,EURO,9785,261942,68,9646
9/20/2020,DE,Germany,EURO,12285,274227,82,9728
9/27/2020,DE,Germany,EURO,13064,287291,110,9838
10/4/2020,DE,Germany,EURO,15946,303237,121,9959
10/11/2020,DE,Germany,EURO,26145,329382,247,10206
10/18/2020,DE,Germany,EURO,42031,371413,464,10670
10/25/2020,DE,Germany,EURO,74792,446205,1015,11685
11/1/2020,DE,Germany,EURO,111009,557214,1621,13306
11/8/2020,DE,Germany,EURO,125692,682906,1910,15216
11/15/2020,DE,Germany,EURO,127862,810768,2536,17752
11/22/2020,DE,Germany,EURO,128400,939168,3226,20978
11/29/2020,DE,Germany,EURO,123122,1062290,3601,24579
12/6/2020,DE,Germany,EURO,128258,1190548,4480,29059
12/13/2020,DE,Germany,EURO,156213,1346761,5762,34821
12/20/2020,DE,Germany,EURO,174589,1521350,6460,41281
12/27/2020,DE,Germany,EURO,138828,1660178,5728,47009
1/3/2021,DE,Germany,EURO,122953,1783131,5744,52753
1/10/2021,DE,Germany,EURO,145505,1928636,5759,58512
1/17/2021,DE,Germany,EURO,118929,2047565,5096,63608
1/24/2021,DE,Germany,EURO,95553,2143118,4107,67715
1/31/2021,DE,Germany,EURO,78172,2221290,3102,70817
2/7/2021,DE,Germany,EURO,64596,2285886,2268,73085
2/14/2021,DE,Germany,EURO,50827,2336713,1680,74765
2/21/2021,DE,Germany,EURO,52329,2389042,1478,76243
2/28/2021,DE,Germany,EURO,56356,2445398,1227,77470
3/7/2021,DE,Germany,EURO,58425,2503823,1049,78519
3/14/2021,DE,Germany,EURO,71391,2575214,1104,79623
3/21/2021,DE,Germany,EURO,92610,2667824,1277,80900
3/28/2021,DE,Germany,EURO,116309,2784133,1526,82426
4/4/2021,DE,Germany,EURO,110007,2894140,1590,84016
4/11/2021,DE,Germany,EURO,118188,3012328,1582,85598
4/18/2021,DE,Germany,EURO,142021,3154349,1627,87225
4/25/2021,DE,Germany,EURO,144678,3299027,1622,88847
5/2/2021,DE,Germany,EURO,124684,3423711,1307,90154
5/9/2021,DE,Germany,EURO,100847,3524558,1010,91164
5/16/2021,DE,Germany,EURO,70746,3595304,676,91840
5/23/2021,DE,Germany,EURO,52670,3647974,448,92288
5/30/2021,DE,Germany,EURO,29867,3677841,261,92549
6/6/2021,DE,Germany,EURO,20680,3698521,141,92690
6/13/2021,DE,Germany,EURO,14062,3712583,67,92757
6/20/2021,DE,Germany,EURO,7285,3719868,47,92804
6/27/2021,DE,Germany,EURO,4859,3724727,30,92834
7/4/2021,DE,Germany,EURO,4388,3729115,25,92859
7/11/2021,DE,Germany,EURO,5597,3734712,25,92884
7/18/2021,DE,Germany,EURO,9113,3743825,30,92914
7/25/2021,DE,Germany,EURO,12646,3756471,40,92954
8/1/2021,DE,Germany,EURO,15522,3771993,72,93026
8/8/2021,DE,Germany,EURO,20423,3792416,89,93115
8/15/2021,DE,Germany,EURO,32077,3824493,144,93259
8/22/2021,DE,Germany,EURO,49652,3874145,224,93483
8/29/2021,DE,Germany,EURO,66371,3940516,351,93834
9/5/2021,DE,Germany,EURO,74737,4015253,432,94266
9/12/2021,DE,Germany,EURO,71656,4086909,449,94715
9/19/2021,DE,Germany,EURO,61471,4148380,385,95100
9/26/2021,DE,Germany,EURO,53623,4202003,354,95454
10/3/2021,DE,Germany,EURO,56481,4258484,423,95877
10/10/2021,DE,Germany,EURO,58025,4316509,489,96366
10/17/2021,DE,Germany,EURO,65359,4381868,581,96947
10/24/2021,DE,Germany,EURO,97723,4479591,1051,97998
10/31/2021,DE,Germany,EURO,137011,4616602,1274,99272
11/7/2021,DE,Germany,EURO,177868,4794470,1672,100944
11/14/2021,DE,Germany,EURO,271174,5065644,2286,103230
11/21/2021,DE,Germany,EURO,351654,5417298,2710,105940
11/28/2021,DE,Germany,EURO,403348,5820646,3093,109033
12/5/2021,DE,Germany,EURO,388054,6208700,2865,111898
12/12/2021,DE,Germany,EURO,338008,6546708,2513,114411
12/19/2021,DE,Germany,EURO,273503,6820211,1994,116405
12/26/2021,DE,Germany,EURO,193832,7014043,1287,117692
1/2/2022,DE,Germany,EURO,208696,7222739,1029,118721
1/9/2022,DE,Germany,EURO,337882,7560621,870,119591
1/16/2022,DE,Germany,EURO,486124,8046745,693,120284
1/23/2022,DE,Germany,EURO,796815,8843560,867,121151
1/30/2022,DE,Germany,EURO,1114352,9957912,1117,122268
2/6/2022,DE,Germany,EURO,1292740,11250652,1504,123772
2/13/2022,DE,Germany,EURO,1309845,12560497,1705,125477
2/20/2022,DE,Germany,EURO,1193271,13753768,1786,127263
2/27/2022,DE,Germany,EURO,1093093,14846861,1645,128908
3/6/2022,DE,Germany,EURO,1134009,15980870,1606,130514
3/13/2022,DE,Germany,EURO,1413846,17394716,1778,132292
3/20/2022,DE,Germany,EURO,1582504,18977220,1934,134226
3/27/2022,DE,Germany,EURO,1588891,20566111,1881,136107
4/3/2022,DE,Germany,EURO,1295125,21861236,1536,137643
4/10/2022,DE,Germany,EURO,984600,22845836,1292,138935
4/17/2022,DE,Germany,EURO,778948,23624784,985,139920
4/24/2022,DE,Germany,EURO,731499,24356283,808,140728
5/1/2022,DE,Germany,EURO,596917,24953200,678,141406
5/8/2022,DE,Germany,EURO,471440,25424640,541,141947
5/15/2022,DE,Germany,EURO,408745,25833385,418,142365
5/22/2022,DE,Germany,EURO,292505,26125890,330,142695
5/29/2022,DE,Germany,EURO,187159,26313049,213,142908
6/5/2022,DE,Germany,EURO,245141,26558190,223,143131
6/12/2022,DE,Germany,EURO,331434,26889624,285,143416
6/19/2022,DE,Germany,EURO,413791,27303415,402,143818
6/26/2022,DE,Germany,EURO,574225,27877640,566,144384
7/3/2022,DE,Germany,EURO,622776,28500416,610,144994
7/10/2022,DE,Germany,EURO,629349,29129765,702,145696
7/17/2022,DE,Germany,EURO,675130,29804895,960,146656
7/24/2022,DE,Germany,EURO,627179,30432074,1129,147785
7/31/2022,DE,Germany,EURO,495729,30927803,1038,148823
8/7/2022,DE,Germany,EURO,362936,31290739,791,149614
8/14/2022,DE,Germany,EURO,298292,31589031,623,150237
8/21/2022,DE,Germany,EURO,263329,31852360,593,150830
8/28/2022,DE,Germany,EURO,227979,32080339,397,151227
9/4/2022,DE,Germany,EURO,201757,32282096,351,151578
9/11/2022,DE,Germany,EURO,204084,32486180,317,151895
9/18/2022,DE,Germany,EURO,228913,32715093,354,152249
9/25/2022,DE,Germany,EURO,286535,33001628,520,152769
10/2/2022,DE,Germany,EURO,458852,33460480,880,153649
10/9/2022,DE,Germany,EURO,594073,34054553,1284,154933
10/16/2022,DE,Germany,EURO,644986,34699539,1560,156493
10/23/2022,DE,Germany,EURO,544616,35244155,1477,157970
10/30/2022,DE,Germany,EURO,373903,35618058,1049,159019
11/6/2022,DE,Germany,EURO,243578,35861636,698,159717
11/13/2022,DE,Germany,EURO,202015,36063651,640,160357
11/20/2022,DE,Germany,EURO,169667,36233318,553,160910
11/27/2022,DE,Germany,EURO,170589,36403907,640,161550
12/4/2022,DE,Germany,EURO,184825,36588732,800,162350
12/11/2022,DE,Germany,EURO,199505,36788237,961,163311
12/18/2022,DE,Germany,EURO,222953,37011190,1139,164450
12/25/2022,DE,Germany,EURO,230746,37241936,1288,165738
1/1/2023,DE,Germany,EURO,151567,37393503,970,166708
1/8/2023,DE,Germany,EURO,130316,37523819,829,167537
1/15/2023,DE,Germany,EURO,89089,37612908,517,168054
1/22/2023,DE,Germany,EURO,62867,37675775,338,168392
1/29/2023,DE,Germany,EURO,73298,37749073,331,168723
2/5/2023,DE,Germany,EURO,84243,37833316,344,169067
2/12/2023,DE,Germany,EURO,86595,37919911,455,169522
2/19/2023,DE,Germany,EURO,97850,38017761,601,170123
2/26/2023,DE,Germany,EURO,113434,38131195,599,170722
3/5/2023,DE,Germany,EURO,86321,38217516,535,171257
3/12/2023,DE,Germany,EURO,43758,38261274,572,171829
3/19/2023,DE,Germany,EURO,40307,38301581,626,172455
3/26/2023,DE,Germany,EURO,32639,38334220,545,173000
4/2/2023,DE,Germany,EURO,22652,38356872,431,173431
4/9/2023,DE,Germany,EURO,14679,38371551,278,173709
4/16/2023,DE,Germany,EURO,13045,38384596,304,174013
4/23/2023,DE,Germany,EURO,11468,38396064,231,174244
4/30/2023,DE,Germany,EURO,9193,38405257,162,174406
5/7/2023,DE,Germany,EURO,7360,38412617,167,174573
5/14/2023,DE,Germany,EURO,6708,38419325,109,174682
5/21/2023,DE,Germany,EURO,4359,38423684,85,174767
5/28/2023,DE,Germany,EURO,4272,38427956,72,174839
6/4/2023,DE,Germany,EURO,2767,38430723,55,174894
6/11/2023,DE,Germany,EURO,2392,38433115,32,174926
6/18/2023,DE,Germany,EURO,2014,38435129,30,174956
6/25/2023,DE,Germany,EURO,1528,38436657,15,174971
7/2/2023,DE,Germany,EURO,1099,38437756,8,174979
7/9/2023,DE,Germany,EURO,0,38437756,0,174979
7/16/2023,DE,Germany,EURO,0,38437756,0,174979
7/23/2023,DE,Germany,EURO,0,38437756,0,174979
7/30/2023,DE,Germany,EURO,0,38437756,0,174979
8/6/2023,DE,Germany,EURO,0,38437756,0,174979
8/13/2023,DE,Germany,EURO,0,38437756,0,174979
8/20/2023,DE,Germany,EURO,0,38437756,0,174979
8/27/2023,DE,Germany,EURO,0,38437756,0,174979
9/3/2023,DE,Germany,EURO,0,38437756,0,174979
9/10/2023,DE,Germany,EURO,0,38437756,0,174979
9/17/2023,DE,Germany,EURO,0,38437756,0,174979
9/24/2023,DE,Germany,EURO,0,38437756,0,174979
10/1/2023,DE,Germany,EURO,0,38437756,0,174979
10/8/2023,DE,Germany,EURO,0,38437756,0,174979
10/15/2023,DE,Germany,EURO,0,38437756,0,174979
10/22/2023,DE,Germany,EURO,0,38437756,0,174979
10/29/2023,DE,Germany,EURO,0,38437756,0,174979
11/5/2023,DE,Germany,EURO,0,38437756,0,174979
11/12/2023,DE,Germany,EURO,0,38437756,0,174979
11/19/2023,DE,Germany,EURO,0,38437756,0,174979
11/26/2023,DE,Germany,EURO,0,38437756,0,174979
12/3/2023,DE,Germany,EURO,0,38437756,0,174979
12/10/2023,DE,Germany,EURO,0,38437756,0,174979
12/17/2023,DE,Germany,EURO,0,38437756,0,174979
12/24/2023,DE,Germany,EURO,0,38437756,0,174979
1/5/2020,GH,Ghana,AFRO,0,0,0,0
1/12/2020,GH,Ghana,AFRO,0,0,0,0
1/19/2020,GH,Ghana,AFRO,0,0,0,0
1/26/2020,GH,Ghana,AFRO,0,0,0,0
2/2/2020,GH,Ghana,AFRO,0,0,0,0
2/9/2020,GH,Ghana,AFRO,0,0,0,0
2/16/2020,GH,Ghana,AFRO,0,0,0,0
2/23/2020,GH,Ghana,AFRO,0,0,0,0
3/1/2020,GH,Ghana,AFRO,0,0,0,0
3/8/2020,GH,Ghana,AFRO,0,0,0,0
3/15/2020,GH,Ghana,AFRO,8,8,0,0
3/22/2020,GH,Ghana,AFRO,23,31,0,0
3/29/2020,GH,Ghana,AFRO,110,141,0,0
4/5/2020,GH,Ghana,AFRO,73,214,0,0
4/12/2020,GH,Ghana,AFRO,352,566,0,0
4/19/2020,GH,Ghana,AFRO,268,834,0,0
4/26/2020,GH,Ghana,AFRO,445,1279,0,0
5/3/2020,GH,Ghana,AFRO,890,2169,0,0
5/10/2020,GH,Ghana,AFRO,2094,4263,0,0
5/17/2020,GH,Ghana,AFRO,1472,5735,0,0
5/24/2020,GH,Ghana,AFRO,882,6617,0,0
5/31/2020,GH,Ghana,AFRO,1151,7768,0,0
6/7/2020,GH,Ghana,AFRO,1694,9462,0,0
6/14/2020,GH,Ghana,AFRO,2502,11964,0,0
6/21/2020,GH,Ghana,AFRO,2190,14154,0,0
6/28/2020,GH,Ghana,AFRO,3197,17351,0,0
7/5/2020,GH,Ghana,AFRO,4617,21968,0,0
7/12/2020,GH,Ghana,AFRO,3284,25252,0,0
7/19/2020,GH,Ghana,AFRO,3737,28989,0,0
7/26/2020,GH,Ghana,AFRO,4635,33624,0,0
8/2/2020,GH,Ghana,AFRO,4877,38501,0,0
8/9/2020,GH,Ghana,AFRO,2903,41404,0,0
8/16/2020,GH,Ghana,AFRO,1249,42653,0,0
8/23/2020,GH,Ghana,AFRO,1064,43717,0,0
8/30/2020,GH,Ghana,AFRO,743,44460,0,0
9/6/2020,GH,Ghana,AFRO,728,45188,0,0
9/13/2020,GH,Ghana,AFRO,467,45655,0,0
9/20/2020,GH,Ghana,AFRO,461,46116,0,0
9/27/2020,GH,Ghana,AFRO,510,46626,301,301
10/4/2020,GH,Ghana,AFRO,203,46829,2,303
10/11/2020,GH,Ghana,AFRO,297,47126,7,310
10/18/2020,GH,Ghana,AFRO,335,47461,2,312
10/25/2020,GH,Ghana,AFRO,314,47775,4,316
11/1/2020,GH,Ghana,AFRO,736,48511,4,320
11/8/2020,GH,Ghana,AFRO,791,49302,0,320
11/15/2020,GH,Ghana,AFRO,1155,50457,3,323
11/22/2020,GH,Ghana,AFRO,727,51184,0,323
11/29/2020,GH,Ghana,AFRO,606,51790,0,323
12/6/2020,GH,Ghana,AFRO,832,52622,3,326
12/13/2020,GH,Ghana,AFRO,764,53386,1,327
12/20/2020,GH,Ghana,AFRO,657,54043,6,333
12/27/2020,GH,Ghana,AFRO,638,54681,2,335
1/3/2021,GH,Ghana,AFRO,487,55168,0,335
1/10/2021,GH,Ghana,AFRO,1253,56421,3,338
1/17/2021,GH,Ghana,AFRO,2010,58431,20,358
1/24/2021,GH,Ghana,AFRO,4320,62751,19,377
1/31/2021,GH,Ghana,AFRO,5031,67782,47,424
2/7/2021,GH,Ghana,AFRO,5221,73003,58,482
2/14/2021,GH,Ghana,AFRO,4745,77748,79,561
2/21/2021,GH,Ghana,AFRO,3497,81245,23,584
2/28/2021,GH,Ghana,AFRO,3104,84349,27,611
3/7/2021,GH,Ghana,AFRO,2624,86973,51,662
3/14/2021,GH,Ghana,AFRO,1448,88421,43,705
3/21/2021,GH,Ghana,AFRO,1472,89893,29,734
3/28/2021,GH,Ghana,AFRO,659,90552,8,742
4/4/2021,GH,Ghana,AFRO,457,91009,10,752
4/11/2021,GH,Ghana,AFRO,468,91477,11,763
4/18/2021,GH,Ghana,AFRO,306,91783,9,772
4/25/2021,GH,Ghana,AFRO,681,92464,7,779
5/2/2021,GH,Ghana,AFRO,276,92740,1,780
5/9/2021,GH,Ghana,AFRO,271,93011,3,783
5/16/2021,GH,Ghana,AFRO,445,93456,0,783
5/23/2021,GH,Ghana,AFRO,255,93711,0,783
5/30/2021,GH,Ghana,AFRO,300,94011,2,785
6/6/2021,GH,Ghana,AFRO,358,94369,4,789
6/13/2021,GH,Ghana,AFRO,455,94824,1,790
6/20/2021,GH,Ghana,AFRO,412,95236,4,794
6/27/2021,GH,Ghana,AFRO,678,95914,2,796
7/4/2021,GH,Ghana,AFRO,794,96708,1,797
7/11/2021,GH,Ghana,AFRO,1020,97728,5,802
7/18/2021,GH,Ghana,AFRO,2006,99734,15,817
7/25/2021,GH,Ghana,AFRO,2835,102569,6,823
8/1/2021,GH,Ghana,AFRO,450,103019,0,823
8/8/2021,GH,Ghana,AFRO,5658,108677,57,880
8/15/2021,GH,Ghana,AFRO,3701,112378,65,945
8/22/2021,GH,Ghana,AFRO,3147,115525,37,982
8/29/2021,GH,Ghana,AFRO,3911,119436,54,1036
9/5/2021,GH,Ghana,AFRO,2721,122157,47,1083
9/12/2021,GH,Ghana,AFRO,1717,123874,15,1098
9/19/2021,GH,Ghana,AFRO,1956,125830,32,1130
9/26/2021,GH,Ghana,AFRO,1186,127016,20,1150
10/3/2021,GH,Ghana,AFRO,1143,128159,7,1157
10/10/2021,GH,Ghana,AFRO,933,129092,7,1164
10/17/2021,GH,Ghana,AFRO,559,129651,5,1169
10/24/2021,GH,Ghana,AFRO,390,130041,5,1174
10/31/2021,GH,Ghana,AFRO,350,130391,14,1188
11/7/2021,GH,Ghana,AFRO,217,130608,15,1203
11/14/2021,GH,Ghana,AFRO,136,130744,5,1208
11/21/2021,GH,Ghana,AFRO,176,130920,1,1209
11/28/2021,GH,Ghana,AFRO,217,131137,15,1224
12/5/2021,GH,Ghana,AFRO,215,131352,11,1235
12/12/2021,GH,Ghana,AFRO,488,131840,18,1253
12/19/2021,GH,Ghana,AFRO,2194,134034,14,1267
12/26/2021,GH,Ghana,AFRO,7261,141295,20,1287
1/2/2022,GH,Ghana,AFRO,6784,148079,26,1313
1/9/2022,GH,Ghana,AFRO,4650,152729,23,1336
1/16/2022,GH,Ghana,AFRO,2162,154891,21,1357
1/23/2022,GH,Ghana,AFRO,1501,156392,27,1384
1/30/2022,GH,Ghana,AFRO,828,157220,20,1404
2/6/2022,GH,Ghana,AFRO,697,157917,22,1426
2/13/2022,GH,Ghana,AFRO,517,158434,12,1438
2/20/2022,GH,Ghana,AFRO,690,159124,4,1442
2/27/2022,GH,Ghana,AFRO,904,160028,0,1442
3/6/2022,GH,Ghana,AFRO,612,160640,0,1442
3/13/2022,GH,Ghana,AFRO,121,160761,3,1445
3/20/2022,GH,Ghana,AFRO,109,160870,0,1445
3/27/2022,GH,Ghana,AFRO,55,160925,0,1445
4/3/2022,GH,Ghana,AFRO,109,161034,0,1445
4/10/2022,GH,Ghana,AFRO,52,161086,0,1445
4/17/2022,GH,Ghana,AFRO,31,161117,0,1445
4/24/2022,GH,Ghana,AFRO,55,161172,0,1445
5/1/2022,GH,Ghana,AFRO,44,161216,0,1445
5/8/2022,GH,Ghana,AFRO,55,161271,0,1445
5/15/2022,GH,Ghana,AFRO,54,161325,0,1445
5/22/2022,GH,Ghana,AFRO,45,161370,0,1445
5/29/2022,GH,Ghana,AFRO,111,161481,0,1445
6/5/2022,GH,Ghana,AFRO,360,161841,0,1445
6/12/2022,GH,Ghana,AFRO,805,162646,0,1445
6/19/2022,GH,Ghana,AFRO,1895,164541,3,1448
6/26/2022,GH,Ghana,AFRO,1208,165749,1,1449
7/3/2022,GH,Ghana,AFRO,1067,166816,4,1453
7/10/2022,GH,Ghana,AFRO,399,167215,3,1456
7/17/2022,GH,Ghana,AFRO,0,167215,0,1456
7/24/2022,GH,Ghana,AFRO,792,168007,1,1457
7/31/2022,GH,Ghana,AFRO,120,168127,0,1457
8/7/2022,GH,Ghana,AFRO,236,168363,1,1458
8/14/2022,GH,Ghana,AFRO,94,168457,1,1459
8/21/2022,GH,Ghana,AFRO,0,168457,0,1459
8/28/2022,GH,Ghana,AFRO,123,168580,0,1459
9/4/2022,GH,Ghana,AFRO,36,168616,0,1459
9/11/2022,GH,Ghana,AFRO,0,168616,0,1459
9/18/2022,GH,Ghana,AFRO,197,168813,0,1459
9/25/2022,GH,Ghana,AFRO,287,169100,0,1459
10/2/2022,GH,Ghana,AFRO,585,169685,0,1459
10/9/2022,GH,Ghana,AFRO,418,170103,0,1459
10/16/2022,GH,Ghana,AFRO,318,170421,1,1460
10/23/2022,GH,Ghana,AFRO,152,170573,0,1460
10/30/2022,GH,Ghana,AFRO,134,170707,0,1460
11/6/2022,GH,Ghana,AFRO,187,170894,0,1460
11/13/2022,GH,Ghana,AFRO,78,170972,1,1461
11/20/2022,GH,Ghana,AFRO,24,170996,0,1461
11/27/2022,GH,Ghana,AFRO,13,171009,0,1461
12/4/2022,GH,Ghana,AFRO,14,171023,0,1461
12/11/2022,GH,Ghana,AFRO,8,171031,0,1461
12/18/2022,GH,Ghana,AFRO,7,171038,0,1461
12/25/2022,GH,Ghana,AFRO,0,171038,0,1461
1/1/2023,GH,Ghana,AFRO,27,171065,0,1461
1/8/2023,GH,Ghana,AFRO,5,171070,0,1461
1/15/2023,GH,Ghana,AFRO,18,171088,1,1462
1/22/2023,GH,Ghana,AFRO,14,171102,0,1462
1/29/2023,GH,Ghana,AFRO,10,171112,0,1462
2/5/2023,GH,Ghana,AFRO,28,171140,0,1462
2/12/2023,GH,Ghana,AFRO,12,171152,0,1462
2/19/2023,GH,Ghana,AFRO,8,171160,0,1462
2/26/2023,GH,Ghana,AFRO,12,171172,0,1462
3/5/2023,GH,Ghana,AFRO,57,171229,0,1462
3/12/2023,GH,Ghana,AFRO,52,171281,0,1462
3/19/2023,GH,Ghana,AFRO,7,171288,0,1462
3/26/2023,GH,Ghana,AFRO,124,171412,0,1462
4/2/2023,GH,Ghana,AFRO,115,171527,0,1462
4/9/2023,GH,Ghana,AFRO,0,171527,0,1462
4/16/2023,GH,Ghana,AFRO,92,171619,0,1462
4/23/2023,GH,Ghana,AFRO,0,171619,0,1462
4/30/2023,GH,Ghana,AFRO,34,171653,0,1462
5/7/2023,GH,Ghana,AFRO,0,171653,0,1462
5/14/2023,GH,Ghana,AFRO,0,171653,0,1462
5/21/2023,GH,Ghana,AFRO,0,171653,0,1462
5/28/2023,GH,Ghana,AFRO,0,171653,0,1462
6/4/2023,GH,Ghana,AFRO,0,171653,0,1462
6/11/2023,GH,Ghana,AFRO,0,171653,0,1462
6/18/2023,GH,Ghana,AFRO,0,171653,0,1462
6/25/2023,GH,Ghana,AFRO,0,171653,0,1462
7/2/2023,GH,Ghana,AFRO,0,171653,0,1462
7/9/2023,GH,Ghana,AFRO,0,171653,0,1462
7/16/2023,GH,Ghana,AFRO,0,171653,0,1462
7/23/2023,GH,Ghana,AFRO,0,171653,0,1462
7/30/2023,GH,Ghana,AFRO,0,171653,0,1462
8/6/2023,GH,Ghana,AFRO,0,171653,0,1462
8/13/2023,GH,Ghana,AFRO,0,171653,0,1462
8/20/2023,GH,Ghana,AFRO,0,171653,0,1462
8/27/2023,GH,Ghana,AFRO,0,171653,0,1462
9/3/2023,GH,Ghana,AFRO,0,171653,0,1462
9/10/2023,GH,Ghana,AFRO,0,171653,0,1462
9/17/2023,GH,Ghana,AFRO,0,171653,0,1462
9/24/2023,GH,Ghana,AFRO,0,171653,0,1462
10/1/2023,GH,Ghana,AFRO,0,171653,0,1462
10/8/2023,GH,Ghana,AFRO,30,171683,0,1462
10/15/2023,GH,Ghana,AFRO,20,171703,0,1462
10/22/2023,GH,Ghana,AFRO,23,171726,0,1462
10/29/2023,GH,Ghana,AFRO,27,171753,0,1462
11/5/2023,GH,Ghana,AFRO,31,171784,0,1462
11/12/2023,GH,Ghana,AFRO,24,171808,0,1462
11/19/2023,GH,Ghana,AFRO,10,171818,0,1462
11/26/2023,GH,Ghana,AFRO,9,171827,0,1462
12/3/2023,GH,Ghana,AFRO,7,171834,0,1462
12/10/2023,GH,Ghana,AFRO,0,171834,0,1462
12/17/2023,GH,Ghana,AFRO,0,171834,0,1462
12/24/2023,GH,Ghana,AFRO,0,171834,0,1462
1/5/2020,GI,Gibraltar,,0,0,0,0
1/12/2020,GI,Gibraltar,,0,0,0,0
1/19/2020,GI,Gibraltar,,0,0,0,0
1/26/2020,GI,Gibraltar,,0,0,0,0
2/2/2020,GI,Gibraltar,,0,0,0,0
2/9/2020,GI,Gibraltar,,0,0,0,0
2/16/2020,GI,Gibraltar,,0,0,0,0
2/23/2020,GI,Gibraltar,,0,0,0,0
3/1/2020,GI,Gibraltar,,0,0,0,0
3/8/2020,GI,Gibraltar,,1,1,0,0
3/15/2020,GI,Gibraltar,,0,1,0,0
3/22/2020,GI,Gibraltar,,9,10,0,0
3/29/2020,GI,Gibraltar,,38,48,0,0
4/5/2020,GI,Gibraltar,,42,90,0,0
4/12/2020,GI,Gibraltar,,15,105,0,0
4/19/2020,GI,Gibraltar,,20,125,0,0
4/26/2020,GI,Gibraltar,,3,128,0,0
5/3/2020,GI,Gibraltar,,8,136,0,0
5/10/2020,GI,Gibraltar,,2,138,0,0
5/17/2020,GI,Gibraltar,,1,139,0,0
5/24/2020,GI,Gibraltar,,4,143,0,0
5/31/2020,GI,Gibraltar,,10,153,0,0
6/7/2020,GI,Gibraltar,,13,166,0,0
6/14/2020,GI,Gibraltar,,2,168,0,0
6/21/2020,GI,Gibraltar,,0,168,0,0
6/28/2020,GI,Gibraltar,,0,168,0,0
7/5/2020,GI,Gibraltar,,2,170,0,0
7/12/2020,GI,Gibraltar,,2,172,0,0
7/19/2020,GI,Gibraltar,,0,172,0,0
7/26/2020,GI,Gibraltar,,5,177,0,0
8/2/2020,GI,Gibraltar,,2,179,0,0
8/9/2020,GI,Gibraltar,,6,185,0,0
8/16/2020,GI,Gibraltar,,13,198,0,0
8/23/2020,GI,Gibraltar,,23,221,0,0
8/30/2020,GI,Gibraltar,,45,266,0,0
9/6/2020,GI,Gibraltar,,31,297,0,0
9/13/2020,GI,Gibraltar,,18,315,0,0
9/20/2020,GI,Gibraltar,,23,338,0,0
9/27/2020,GI,Gibraltar,,18,356,0,0
10/4/2020,GI,Gibraltar,,52,408,0,0
10/11/2020,GI,Gibraltar,,52,460,0,0
10/18/2020,GI,Gibraltar,,76,536,0,0
10/25/2020,GI,Gibraltar,,97,633,0,0
11/1/2020,GI,Gibraltar,,52,685,0,0
11/8/2020,GI,Gibraltar,,77,762,0,0
11/15/2020,GI,Gibraltar,,106,868,1,1
11/22/2020,GI,Gibraltar,,67,935,2,3
11/29/2020,GI,Gibraltar,,56,991,2,5
12/6/2020,GI,Gibraltar,,43,1034,0,5
12/13/2020,GI,Gibraltar,,28,1062,0,5
12/20/2020,GI,Gibraltar,,114,1176,1,6
12/27/2020,GI,Gibraltar,,350,1526,0,6
1/3/2021,GI,Gibraltar,,678,2204,1,7
1/10/2021,GI,Gibraltar,,809,3013,5,12
1/17/2021,GI,Gibraltar,,554,3567,18,30
1/24/2021,GI,Gibraltar,,330,3897,29,59
1/31/2021,GI,Gibraltar,,191,4088,14,73
2/7/2021,GI,Gibraltar,,74,4162,7,80
2/14/2021,GI,Gibraltar,,42,4204,4,84
2/21/2021,GI,Gibraltar,,16,4220,4,88
2/28/2021,GI,Gibraltar,,8,4228,4,92
3/7/2021,GI,Gibraltar,,8,4236,1,93
3/14/2021,GI,Gibraltar,,19,4255,0,93
3/21/2021,GI,Gibraltar,,7,4262,1,94
3/28/2021,GI,Gibraltar,,3,4265,0,94
4/4/2021,GI,Gibraltar,,2,4267,0,94
4/11/2021,GI,Gibraltar,,2,4269,0,94
4/18/2021,GI,Gibraltar,,14,4283,0,94
4/25/2021,GI,Gibraltar,,0,4283,0,94
5/2/2021,GI,Gibraltar,,0,4283,0,94
5/9/2021,GI,Gibraltar,,3,4286,0,94
5/16/2021,GI,Gibraltar,,0,4286,0,94
5/23/2021,GI,Gibraltar,,0,4286,0,94
5/30/2021,GI,Gibraltar,,7,4293,0,94
6/6/2021,GI,Gibraltar,,7,4300,0,94
6/13/2021,GI,Gibraltar,,8,4308,0,94
6/20/2021,GI,Gibraltar,,10,4318,0,94
6/27/2021,GI,Gibraltar,,20,4338,0,94
7/4/2021,GI,Gibraltar,,19,4357,0,94
7/11/2021,GI,Gibraltar,,46,4403,0,94
7/18/2021,GI,Gibraltar,,152,4555,0,94
7/25/2021,GI,Gibraltar,,198,4753,0,94
8/1/2021,GI,Gibraltar,,194,4947,0,94
8/8/2021,GI,Gibraltar,,154,5101,1,95
8/15/2021,GI,Gibraltar,,104,5205,0,95
8/22/2021,GI,Gibraltar,,64,5269,1,96
8/29/2021,GI,Gibraltar,,54,5323,1,97
9/5/2021,GI,Gibraltar,,63,5386,0,97
9/12/2021,GI,Gibraltar,,33,5419,0,97
9/19/2021,GI,Gibraltar,,50,5469,0,97
9/26/2021,GI,Gibraltar,,33,5502,0,97
10/3/2021,GI,Gibraltar,,53,5555,0,97
10/10/2021,GI,Gibraltar,,58,5613,0,97
10/17/2021,GI,Gibraltar,,127,5740,1,98
10/24/2021,GI,Gibraltar,,102,5842,0,98
10/31/2021,GI,Gibraltar,,132,5974,0,98
11/7/2021,GI,Gibraltar,,164,6138,0,98
11/14/2021,GI,Gibraltar,,326,6464,0,98
11/21/2021,GI,Gibraltar,,427,6891,0,98
11/28/2021,GI,Gibraltar,,271,7162,0,98
12/5/2021,GI,Gibraltar,,198,7360,1,99
12/12/2021,GI,Gibraltar,,148,7508,1,100
12/19/2021,GI,Gibraltar,,270,7778,0,100
12/26/2021,GI,Gibraltar,,364,8142,0,100
1/2/2022,GI,Gibraltar,,652,8794,0,100
1/9/2022,GI,Gibraltar,,924,9718,0,100
1/16/2022,GI,Gibraltar,,1007,10725,0,100
1/23/2022,GI,Gibraltar,,977,11702,0,100
1/30/2022,GI,Gibraltar,,1050,12752,0,100
2/6/2022,GI,Gibraltar,,825,13577,1,101
2/13/2022,GI,Gibraltar,,768,14345,0,101
2/20/2022,GI,Gibraltar,,528,14873,0,101
2/27/2022,GI,Gibraltar,,440,15313,0,101
3/6/2022,GI,Gibraltar,,296,15609,0,101
3/13/2022,GI,Gibraltar,,231,15840,0,101
3/20/2022,GI,Gibraltar,,326,16166,0,101
3/27/2022,GI,Gibraltar,,434,16600,0,101
4/3/2022,GI,Gibraltar,,379,16979,0,101
4/10/2022,GI,Gibraltar,,331,17310,0,101
4/17/2022,GI,Gibraltar,,0,17310,0,101
4/24/2022,GI,Gibraltar,,447,17757,0,101
5/1/2022,GI,Gibraltar,,129,17886,1,102
5/8/2022,GI,Gibraltar,,121,18007,0,102
5/15/2022,GI,Gibraltar,,133,18140,0,102
5/22/2022,GI,Gibraltar,,144,18284,0,102
5/29/2022,GI,Gibraltar,,143,18427,0,102
6/5/2022,GI,Gibraltar,,164,18591,0,102
6/12/2022,GI,Gibraltar,,215,18806,0,102
6/19/2022,GI,Gibraltar,,204,19010,0,102
6/26/2022,GI,Gibraltar,,296,19306,2,104
7/3/2022,GI,Gibraltar,,327,19633,0,104
7/10/2022,GI,Gibraltar,,163,19796,1,105
7/17/2022,GI,Gibraltar,,66,19862,0,105
7/24/2022,GI,Gibraltar,,40,19902,0,105
7/31/2022,GI,Gibraltar,,0,19902,0,105
8/7/2022,GI,Gibraltar,,97,19999,1,106
8/14/2022,GI,Gibraltar,,35,20034,0,106
8/21/2022,GI,Gibraltar,,15,20049,1,107
8/28/2022,GI,Gibraltar,,0,20049,0,107
9/4/2022,GI,Gibraltar,,20,20069,1,108
9/11/2022,GI,Gibraltar,,0,20069,0,108
9/18/2022,GI,Gibraltar,,0,20069,0,108
9/25/2022,GI,Gibraltar,,23,20092,0,108
10/2/2022,GI,Gibraltar,,3,20095,0,108
10/9/2022,GI,Gibraltar,,0,20095,0,108
10/16/2022,GI,Gibraltar,,26,20121,0,108
10/23/2022,GI,Gibraltar,,0,20121,0,108
10/30/2022,GI,Gibraltar,,0,20121,0,108
11/6/2022,GI,Gibraltar,,0,20121,0,108
11/13/2022,GI,Gibraltar,,45,20166,2,110
11/20/2022,GI,Gibraltar,,18,20184,0,110
11/27/2022,GI,Gibraltar,,9,20193,0,110
12/4/2022,GI,Gibraltar,,14,20207,0,110
12/11/2022,GI,Gibraltar,,16,20223,0,110
12/18/2022,GI,Gibraltar,,29,20252,0,110
12/25/2022,GI,Gibraltar,,23,20275,0,110
1/1/2023,GI,Gibraltar,,30,20305,0,110
1/8/2023,GI,Gibraltar,,37,20342,1,111
1/15/2023,GI,Gibraltar,,37,20379,0,111
1/22/2023,GI,Gibraltar,,13,20392,0,111
1/29/2023,GI,Gibraltar,,7,20399,0,111
2/5/2023,GI,Gibraltar,,0,20399,0,111
2/12/2023,GI,Gibraltar,,0,20399,0,111
2/19/2023,GI,Gibraltar,,15,20414,0,111
2/26/2023,GI,Gibraltar,,9,20423,0,111
3/5/2023,GI,Gibraltar,,10,20433,0,111
3/12/2023,GI,Gibraltar,,29,20462,0,111
3/19/2023,GI,Gibraltar,,0,20462,0,111
3/26/2023,GI,Gibraltar,,0,20462,0,111
4/2/2023,GI,Gibraltar,,0,20462,0,111
4/9/2023,GI,Gibraltar,,88,20550,2,113
4/16/2023,GI,Gibraltar,,0,20550,0,113
4/23/2023,GI,Gibraltar,,0,20550,0,113
4/30/2023,GI,Gibraltar,,0,20550,0,113
5/7/2023,GI,Gibraltar,,0,20550,0,113
5/14/2023,GI,Gibraltar,,0,20550,0,113
5/21/2023,GI,Gibraltar,,0,20550,0,113
5/28/2023,GI,Gibraltar,,0,20550,0,113
6/4/2023,GI,Gibraltar,,0,20550,0,113
6/11/2023,GI,Gibraltar,,0,20550,0,113
6/18/2023,GI,Gibraltar,,0,20550,0,113
6/25/2023,GI,Gibraltar,,0,20550,0,113
7/2/2023,GI,Gibraltar,,0,20550,0,113
7/9/2023,GI,Gibraltar,,0,20550,0,113
7/16/2023,GI,Gibraltar,,0,20550,0,113
7/23/2023,GI,Gibraltar,,0,20550,0,113
7/30/2023,GI,Gibraltar,,0,20550,0,113
8/6/2023,GI,Gibraltar,,0,20550,0,113
8/13/2023,GI,Gibraltar,,0,20550,0,113
8/20/2023,GI,Gibraltar,,0,20550,0,113
8/27/2023,GI,Gibraltar,,0,20550,0,113
9/3/2023,GI,Gibraltar,,0,20550,0,113
9/10/2023,GI,Gibraltar,,0,20550,0,113
9/17/2023,GI,Gibraltar,,0,20550,0,113
9/24/2023,GI,Gibraltar,,0,20550,0,113
10/1/2023,GI,Gibraltar,,0,20550,0,113
10/8/2023,GI,Gibraltar,,0,20550,0,113
10/15/2023,GI,Gibraltar,,0,20550,0,113
10/22/2023,GI,Gibraltar,,0,20550,0,113
10/29/2023,GI,Gibraltar,,0,20550,0,113
11/5/2023,GI,Gibraltar,,0,20550,0,113
11/12/2023,GI,Gibraltar,,0,20550,0,113
11/19/2023,GI,Gibraltar,,0,20550,0,113
11/26/2023,GI,Gibraltar,,0,20550,0,113
12/3/2023,GI,Gibraltar,,0,20550,0,113
12/10/2023,GI,Gibraltar,,0,20550,0,113
12/17/2023,GI,Gibraltar,,0,20550,0,113
12/24/2023,GI,Gibraltar,,0,20550,0,113
1/5/2020,GR,Greece,EURO,0,0,0,0
1/12/2020,GR,Greece,EURO,0,0,0,0
1/19/2020,GR,Greece,EURO,0,0,0,0
1/26/2020,GR,Greece,EURO,0,0,0,0
2/2/2020,GR,Greece,EURO,0,0,0,0
2/9/2020,GR,Greece,EURO,0,0,0,0
2/16/2020,GR,Greece,EURO,0,0,0,0
2/23/2020,GR,Greece,EURO,0,0,0,0
3/1/2020,GR,Greece,EURO,6,6,0,0
3/8/2020,GR,Greece,EURO,80,86,0,0
3/15/2020,GR,Greece,EURO,327,413,4,4
3/22/2020,GR,Greece,EURO,381,794,13,17
3/29/2020,GR,Greece,EURO,538,1332,25,42
4/5/2020,GR,Greece,EURO,534,1866,35,77
4/12/2020,GR,Greece,EURO,289,2155,22,99
4/19/2020,GR,Greece,EURO,118,2273,14,113
4/26/2020,GR,Greece,EURO,303,2576,21,134
5/3/2020,GR,Greece,EURO,104,2680,10,144
5/10/2020,GR,Greece,EURO,100,2780,9,153
5/17/2020,GR,Greece,EURO,104,2884,13,166
5/24/2020,GR,Greece,EURO,47,2931,7,173
5/31/2020,GR,Greece,EURO,47,2978,6,179
6/7/2020,GR,Greece,EURO,135,3113,3,182
6/14/2020,GR,Greece,EURO,120,3233,2,184
6/21/2020,GR,Greece,EURO,114,3347,6,190
6/28/2020,GR,Greece,EURO,119,3466,1,191
7/5/2020,GR,Greece,EURO,204,3670,1,192
7/12/2020,GR,Greece,EURO,257,3927,2,194
7/19/2020,GR,Greece,EURO,176,4103,1,195
7/26/2020,GR,Greece,EURO,247,4350,7,202
8/2/2020,GR,Greece,EURO,560,4910,6,208
8/9/2020,GR,Greece,EURO,1081,5991,6,214
8/16/2020,GR,Greece,EURO,1597,7588,17,231
8/23/2020,GR,Greece,EURO,1664,9252,14,245
8/30/2020,GR,Greece,EURO,1446,10698,20,265
9/6/2020,GR,Greece,EURO,1345,12043,26,291
9/13/2020,GR,Greece,EURO,1764,13807,20,311
9/20/2020,GR,Greece,EURO,2242,16049,37,348
9/27/2020,GR,Greece,EURO,2194,18243,39,387
10/4/2020,GR,Greece,EURO,2391,20634,27,414
10/11/2020,GR,Greece,EURO,2491,23125,43,457
10/18/2020,GR,Greece,EURO,3349,26474,62,519
10/25/2020,GR,Greece,EURO,6312,32786,65,584
11/1/2020,GR,Greece,EURO,11329,44115,65,649
11/8/2020,GR,Greece,EURO,17509,61624,182,831
11/15/2020,GR,Greece,EURO,18971,80595,342,1173
11/22/2020,GR,Greece,EURO,17037,97632,590,1763
11/29/2020,GR,Greece,EURO,12862,110494,684,2447
12/6/2020,GR,Greece,EURO,10606,121100,702,3149
12/13/2020,GR,Greece,EURO,8293,129393,605,3754
12/20/2020,GR,Greece,EURO,6012,135405,525,4279
12/27/2020,GR,Greece,EURO,4287,139692,403,4682
1/3/2021,GR,Greece,EURO,4508,144200,320,5002
1/10/2021,GR,Greece,EURO,4622,148822,280,5282
1/17/2021,GR,Greece,EURO,3578,152400,199,5481
1/24/2021,GR,Greece,EURO,3372,155772,177,5658
1/31/2021,GR,Greece,EURO,5467,161239,167,5825
2/7/2021,GR,Greece,EURO,7433,168672,171,5996
2/14/2021,GR,Greece,EURO,8500,177172,154,6150
2/21/2021,GR,Greece,EURO,8138,185310,183,6333
2/28/2021,GR,Greece,EURO,11852,197162,219,6552
3/7/2021,GR,Greece,EURO,14547,211709,271,6823
3/14/2021,GR,Greece,EURO,16805,228514,361,7184
3/21/2021,GR,Greece,EURO,16561,245075,392,7576
3/28/2021,GR,Greece,EURO,17841,262916,435,8011
4/4/2021,GR,Greece,EURO,22224,285140,515,8526
4/11/2021,GR,Greece,EURO,20983,306123,517,9043
4/18/2021,GR,Greece,EURO,19754,325877,560,9603
4/25/2021,GR,Greece,EURO,18135,344012,520,10123
5/2/2021,GR,Greece,EURO,14749,358761,507,10630
5/9/2021,GR,Greece,EURO,15261,374022,512,11142
5/16/2021,GR,Greece,EURO,15062,389084,348,11490
5/23/2021,GR,Greece,EURO,12433,401517,342,11832
5/30/2021,GR,Greece,EURO,11019,412536,269,12101
6/6/2021,GR,Greece,EURO,7484,420020,219,12320
6/13/2021,GR,Greece,EURO,4939,424959,137,12457
6/20/2021,GR,Greece,EURO,3095,428054,129,12586
6/27/2021,GR,Greece,EURO,2575,430629,104,12690
7/4/2021,GR,Greece,EURO,5176,435805,63,12753
7/11/2021,GR,Greece,EURO,13647,449452,56,12809
7/18/2021,GR,Greece,EURO,17965,467417,66,12875
7/25/2021,GR,Greece,EURO,18090,485507,44,12919
8/1/2021,GR,Greece,EURO,18513,504020,87,13006
8/8/2021,GR,Greece,EURO,19592,523612,115,13121
8/15/2021,GR,Greece,EURO,22567,546179,146,13267
8/22/2021,GR,Greece,EURO,22377,568556,208,13475
8/29/2021,GR,Greece,EURO,21722,590278,236,13711
9/5/2021,GR,Greece,EURO,17537,607815,251,13962
9/12/2021,GR,Greece,EURO,14666,622481,278,14240
9/19/2021,GR,Greece,EURO,15318,637799,269,14509
9/26/2021,GR,Greece,EURO,14143,651942,218,14727
10/3/2021,GR,Greece,EURO,14985,666927,242,14969
10/10/2021,GR,Greece,EURO,15378,682305,212,15181
10/17/2021,GR,Greece,EURO,17510,699815,252,15433
10/24/2021,GR,Greece,EURO,22650,722465,254,15687
10/31/2021,GR,Greece,EURO,26713,749178,326,16013
11/7/2021,GR,Greece,EURO,43383,792561,348,16361
11/14/2021,GR,Greece,EURO,46451,839012,470,16831
11/21/2021,GR,Greece,EURO,46907,885919,583,17414
11/28/2021,GR,Greece,EURO,45124,931043,632,18046
12/5/2021,GR,Greece,EURO,41132,972175,638,18684
12/12/2021,GR,Greece,EURO,35783,1007958,668,19352
12/19/2021,GR,Greece,EURO,30829,1038787,623,19975
12/26/2021,GR,Greece,EURO,46300,1085087,530,20505
1/2/2022,GR,Greece,EURO,201474,1286561,503,21008
1/9/2022,GR,Greece,EURO,241321,1527882,496,21504
1/16/2022,GR,Greece,EURO,145818,1673700,615,22119
1/23/2022,GR,Greece,EURO,132225,1805925,675,22794
1/30/2022,GR,Greece,EURO,127646,1933571,732,23526
2/6/2022,GR,Greece,EURO,124694,2058265,714,24240
2/13/2022,GR,Greece,EURO,125161,2183426,605,24845
2/20/2022,GR,Greece,EURO,123794,2307220,572,25417
2/27/2022,GR,Greece,EURO,104776,2411996,452,25869
3/6/2022,GR,Greece,EURO,103664,2515660,402,26271
3/13/2022,GR,Greece,EURO,129982,2645642,390,26661
3/20/2022,GR,Greece,EURO,152111,2797753,367,27028
3/27/2022,GR,Greece,EURO,143814,2941567,366,27394
4/3/2022,GR,Greece,EURO,143843,3085410,416,27810
4/10/2022,GR,Greece,EURO,98897,3184307,456,28266
4/17/2022,GR,Greece,EURO,62234,3246541,419,28685
4/24/2022,GR,Greece,EURO,44022,3290563,319,29004
5/1/2022,GR,Greece,EURO,45138,3335701,269,29273
5/8/2022,GR,Greece,EURO,32496,3368197,189,29462
5/15/2022,GR,Greece,EURO,30781,3398978,153,29615
5/22/2022,GR,Greece,EURO,26875,3425853,132,29747
5/29/2022,GR,Greece,EURO,25494,3451347,102,29849
6/5/2022,GR,Greece,EURO,25086,3476433,93,29942
6/12/2022,GR,Greece,EURO,30745,3507178,99,30041
6/19/2022,GR,Greece,EURO,46178,3553356,71,30112
6/26/2022,GR,Greece,EURO,74364,3627720,96,30208
7/3/2022,GR,Greece,EURO,104747,3732467,129,30337
7/10/2022,GR,Greece,EURO,123806,3856273,180,30517
7/17/2022,GR,Greece,EURO,122642,3978915,223,30740
7/24/2022,GR,Greece,EURO,111500,4090415,307,31047
7/31/2022,GR,Greece,EURO,98860,4189275,395,31442
8/7/2022,GR,Greece,EURO,80050,4269325,363,31805
8/14/2022,GR,Greece,EURO,58577,4327902,295,32100
8/21/2022,GR,Greece,EURO,43917,4371819,269,32369
8/28/2022,GR,Greece,EURO,39307,4411126,223,32592
9/4/2022,GR,Greece,EURO,31034,4442160,188,32780
9/11/2022,GR,Greece,EURO,26254,4468414,129,32909
9/18/2022,GR,Greece,EURO,27374,4495788,115,33024
9/25/2022,GR,Greece,EURO,33079,4528867,101,33125
10/2/2022,GR,Greece,EURO,41207,4570074,91,33216
10/9/2022,GR,Greece,EURO,39791,4609865,118,33334
10/16/2022,GR,Greece,EURO,43578,4653443,114,33448
10/23/2022,GR,Greece,EURO,41373,4694816,151,33599
10/30/2022,GR,Greece,EURO,41133,4735949,170,33769
11/6/2022,GR,Greece,EURO,46212,4782161,152,33921
11/13/2022,GR,Greece,EURO,41738,4823899,126,34047
11/20/2022,GR,Greece,EURO,39464,4863363,166,34213
11/27/2022,GR,Greece,EURO,31609,4894972,132,34345
12/4/2022,GR,Greece,EURO,31490,4926462,159,34504
12/11/2022,GR,Greece,EURO,36508,4962970,144,34648
12/18/2022,GR,Greece,EURO,33272,4996242,158,34806
12/25/2022,GR,Greece,EURO,26921,5023163,170,34976
1/1/2023,GR,Greece,EURO,34711,5057874,154,35130
1/8/2023,GR,Greece,EURO,39318,5097192,169,35299
1/15/2023,GR,Greece,EURO,34620,5131812,206,35505
1/22/2023,GR,Greece,EURO,24354,5156166,183,35688
1/29/2023,GR,Greece,EURO,15380,5171546,179,35867
2/5/2023,GR,Greece,EURO,12032,5183578,120,35987
2/12/2023,GR,Greece,EURO,11224,5194802,113,36100
2/19/2023,GR,Greece,EURO,13029,5207831,101,36201
2/26/2023,GR,Greece,EURO,14969,5222800,93,36294
3/5/2023,GR,Greece,EURO,13365,5236165,96,36390
3/12/2023,GR,Greece,EURO,10361,5246526,76,36466
3/19/2023,GR,Greece,EURO,7500,5254026,77,36543
3/26/2023,GR,Greece,EURO,7318,5261344,66,36609
4/2/2023,GR,Greece,EURO,7142,5268486,50,36659
4/9/2023,GR,Greece,EURO,6466,5274952,48,36707
4/16/2023,GR,Greece,EURO,6149,5281101,46,36753
4/23/2023,GR,Greece,EURO,8656,5289757,47,36800
4/30/2023,GR,Greece,EURO,7292,5297049,61,36861
5/7/2023,GR,Greece,EURO,6621,5303670,55,36916
5/14/2023,GR,Greece,EURO,7212,5310882,56,36972
5/21/2023,GR,Greece,EURO,7592,5318474,56,37028
5/28/2023,GR,Greece,EURO,6130,5324604,49,37077
6/4/2023,GR,Greece,EURO,4259,5328863,44,37121
6/11/2023,GR,Greece,EURO,3145,5332008,39,37160
6/18/2023,GR,Greece,EURO,2467,5334475,20,37180
6/25/2023,GR,Greece,EURO,2367,5336842,20,37200
7/2/2023,GR,Greece,EURO,1850,5338692,18,37218
7/9/2023,GR,Greece,EURO,1873,5340565,16,37234
7/16/2023,GR,Greece,EURO,1989,5342554,17,37251
7/23/2023,GR,Greece,EURO,2598,5345152,17,37268
7/30/2023,GR,Greece,EURO,3375,5348527,26,37294
8/6/2023,GR,Greece,EURO,4424,5352951,27,37321
8/13/2023,GR,Greece,EURO,5477,5358428,21,37342
8/20/2023,GR,Greece,EURO,5781,5364209,37,37379
8/27/2023,GR,Greece,EURO,6876,5371085,43,37422
9/3/2023,GR,Greece,EURO,7378,5378463,39,37461
9/10/2023,GR,Greece,EURO,7542,5386005,39,37500
9/17/2023,GR,Greece,EURO,8636,5394641,44,37544
9/24/2023,GR,Greece,EURO,11333,5405974,44,37588
10/1/2023,GR,Greece,EURO,11478,5417452,56,37644
10/8/2023,GR,Greece,EURO,12532,5429984,55,37699
10/15/2023,GR,Greece,EURO,13137,5443121,55,37754
10/22/2023,GR,Greece,EURO,11849,5454970,52,37806
10/29/2023,GR,Greece,EURO,9555,5464525,63,37869
11/5/2023,GR,Greece,EURO,0,5464525,0,37869
11/12/2023,GR,Greece,EURO,0,5464525,0,37869
11/19/2023,GR,Greece,EURO,0,5464525,0,37869
11/26/2023,GR,Greece,EURO,0,5464525,0,37869
12/3/2023,GR,Greece,EURO,0,5464525,0,37869
12/10/2023,GR,Greece,EURO,18172,5482697,90,37959
12/17/2023,GR,Greece,EURO,11897,5494594,50,38009
12/24/2023,GR,Greece,EURO,14542,5509136,67,38076
1/5/2020,GL,Greenland,EURO,0,0,0,0
1/12/2020,GL,Greenland,EURO,0,0,0,0
1/19/2020,GL,Greenland,EURO,0,0,0,0
1/26/2020,GL,Greenland,EURO,0,0,0,0
2/2/2020,GL,Greenland,EURO,0,0,0,0
2/9/2020,GL,Greenland,EURO,0,0,0,0
2/16/2020,GL,Greenland,EURO,0,0,0,0
2/23/2020,GL,Greenland,EURO,0,0,0,0
3/1/2020,GL,Greenland,EURO,0,0,0,0
3/8/2020,GL,Greenland,EURO,0,0,0,0
3/15/2020,GL,Greenland,EURO,0,0,0,0
3/22/2020,GL,Greenland,EURO,2,2,0,0
3/29/2020,GL,Greenland,EURO,8,10,0,0
4/5/2020,GL,Greenland,EURO,0,10,0,0
4/12/2020,GL,Greenland,EURO,1,11,0,0
4/19/2020,GL,Greenland,EURO,0,11,0,0
4/26/2020,GL,Greenland,EURO,0,11,0,0
5/3/2020,GL,Greenland,EURO,0,11,0,0
5/10/2020,GL,Greenland,EURO,0,11,0,0
5/17/2020,GL,Greenland,EURO,0,11,0,0
5/24/2020,GL,Greenland,EURO,0,11,0,0
5/31/2020,GL,Greenland,EURO,2,13,0,0
6/7/2020,GL,Greenland,EURO,0,13,0,0
6/14/2020,GL,Greenland,EURO,0,13,0,0
6/21/2020,GL,Greenland,EURO,0,13,0,0
6/28/2020,GL,Greenland,EURO,0,13,0,0
7/5/2020,GL,Greenland,EURO,0,13,0,0
7/12/2020,GL,Greenland,EURO,0,13,0,0
7/19/2020,GL,Greenland,EURO,0,13,0,0
7/26/2020,GL,Greenland,EURO,0,13,0,0
8/2/2020,GL,Greenland,EURO,1,14,0,0
8/9/2020,GL,Greenland,EURO,0,14,0,0
8/16/2020,GL,Greenland,EURO,0,14,0,0
8/23/2020,GL,Greenland,EURO,0,14,0,0
8/30/2020,GL,Greenland,EURO,0,14,0,0
9/6/2020,GL,Greenland,EURO,0,14,0,0
9/13/2020,GL,Greenland,EURO,0,14,0,0
9/20/2020,GL,Greenland,EURO,0,14,0,0
9/27/2020,GL,Greenland,EURO,0,14,0,0
10/4/2020,GL,Greenland,EURO,0,14,0,0
10/11/2020,GL,Greenland,EURO,2,16,0,0
10/18/2020,GL,Greenland,EURO,0,16,0,0
10/25/2020,GL,Greenland,EURO,1,17,0,0
11/1/2020,GL,Greenland,EURO,0,17,0,0
11/8/2020,GL,Greenland,EURO,0,17,0,0
11/15/2020,GL,Greenland,EURO,0,17,0,0
11/22/2020,GL,Greenland,EURO,1,18,0,0
11/29/2020,GL,Greenland,EURO,0,18,0,0
12/6/2020,GL,Greenland,EURO,0,18,0,0
12/13/2020,GL,Greenland,EURO,1,19,0,0
12/20/2020,GL,Greenland,EURO,0,19,0,0
12/27/2020,GL,Greenland,EURO,7,26,0,0
1/3/2021,GL,Greenland,EURO,1,27,0,0
1/10/2021,GL,Greenland,EURO,2,29,0,0
1/17/2021,GL,Greenland,EURO,1,30,0,0
1/24/2021,GL,Greenland,EURO,0,30,0,0
1/31/2021,GL,Greenland,EURO,0,30,0,0
2/7/2021,GL,Greenland,EURO,0,30,0,0
2/14/2021,GL,Greenland,EURO,0,30,0,0
2/21/2021,GL,Greenland,EURO,0,30,0,0
2/28/2021,GL,Greenland,EURO,0,30,0,0
3/7/2021,GL,Greenland,EURO,1,31,0,0
3/14/2021,GL,Greenland,EURO,0,31,0,0
3/21/2021,GL,Greenland,EURO,0,31,0,0
3/28/2021,GL,Greenland,EURO,0,31,0,0
4/4/2021,GL,Greenland,EURO,0,31,0,0
4/11/2021,GL,Greenland,EURO,0,31,0,0
4/18/2021,GL,Greenland,EURO,0,31,0,0
4/25/2021,GL,Greenland,EURO,0,31,0,0
5/2/2021,GL,Greenland,EURO,0,31,0,0
5/9/2021,GL,Greenland,EURO,0,31,0,0
5/16/2021,GL,Greenland,EURO,0,31,0,0
5/23/2021,GL,Greenland,EURO,3,34,0,0
5/30/2021,GL,Greenland,EURO,6,40,0,0
6/6/2021,GL,Greenland,EURO,3,43,0,0
6/13/2021,GL,Greenland,EURO,1,44,0,0
6/20/2021,GL,Greenland,EURO,5,49,0,0
6/27/2021,GL,Greenland,EURO,1,50,0,0
7/4/2021,GL,Greenland,EURO,0,50,0,0
7/11/2021,GL,Greenland,EURO,2,52,0,0
7/18/2021,GL,Greenland,EURO,20,72,0,0
7/25/2021,GL,Greenland,EURO,20,92,0,0
8/1/2021,GL,Greenland,EURO,27,119,0,0
8/8/2021,GL,Greenland,EURO,49,168,0,0
8/15/2021,GL,Greenland,EURO,77,245,0,0
8/22/2021,GL,Greenland,EURO,53,298,0,0
8/29/2021,GL,Greenland,EURO,31,329,0,0
9/5/2021,GL,Greenland,EURO,20,349,0,0
9/12/2021,GL,Greenland,EURO,41,390,0,0
9/19/2021,GL,Greenland,EURO,74,464,0,0
9/26/2021,GL,Greenland,EURO,89,553,0,0
10/3/2021,GL,Greenland,EURO,31,584,0,0
10/10/2021,GL,Greenland,EURO,39,623,0,0
10/17/2021,GL,Greenland,EURO,31,654,0,0
10/24/2021,GL,Greenland,EURO,77,731,0,0
10/31/2021,GL,Greenland,EURO,68,799,0,0
11/7/2021,GL,Greenland,EURO,60,859,0,0
11/14/2021,GL,Greenland,EURO,131,990,0,0
11/21/2021,GL,Greenland,EURO,139,1129,0,0
11/28/2021,GL,Greenland,EURO,129,1258,0,0
12/5/2021,GL,Greenland,EURO,250,1508,0,0
12/12/2021,GL,Greenland,EURO,233,1741,0,0
12/19/2021,GL,Greenland,EURO,170,1911,0,0
12/26/2021,GL,Greenland,EURO,230,2141,1,1
1/2/2022,GL,Greenland,EURO,475,2616,0,1
1/9/2022,GL,Greenland,EURO,1883,4499,0,1
1/16/2022,GL,Greenland,EURO,3047,7546,1,2
1/23/2022,GL,Greenland,EURO,1939,9485,2,4
1/30/2022,GL,Greenland,EURO,1142,10627,1,5
2/6/2022,GL,Greenland,EURO,450,11077,1,6
2/13/2022,GL,Greenland,EURO,352,11429,1,7
2/20/2022,GL,Greenland,EURO,186,11615,5,12
2/27/2022,GL,Greenland,EURO,110,11725,6,18
3/6/2022,GL,Greenland,EURO,85,11810,2,20
3/13/2022,GL,Greenland,EURO,69,11879,0,20
3/20/2022,GL,Greenland,EURO,57,11936,0,20
3/27/2022,GL,Greenland,EURO,35,11971,1,21
4/3/2022,GL,Greenland,EURO,0,11971,0,21
4/10/2022,GL,Greenland,EURO,0,11971,0,21
4/17/2022,GL,Greenland,EURO,0,11971,0,21
4/24/2022,GL,Greenland,EURO,0,11971,0,21
5/1/2022,GL,Greenland,EURO,0,11971,0,21
5/8/2022,GL,Greenland,EURO,0,11971,0,21
5/15/2022,GL,Greenland,EURO,0,11971,0,21
5/22/2022,GL,Greenland,EURO,0,11971,0,21
5/29/2022,GL,Greenland,EURO,0,11971,0,21
6/5/2022,GL,Greenland,EURO,0,11971,0,21
6/12/2022,GL,Greenland,EURO,0,11971,0,21
6/19/2022,GL,Greenland,EURO,0,11971,0,21
6/26/2022,GL,Greenland,EURO,0,11971,0,21
7/3/2022,GL,Greenland,EURO,0,11971,0,21
7/10/2022,GL,Greenland,EURO,0,11971,0,21
7/17/2022,GL,Greenland,EURO,0,11971,0,21
7/24/2022,GL,Greenland,EURO,0,11971,0,21
7/31/2022,GL,Greenland,EURO,0,11971,0,21
8/7/2022,GL,Greenland,EURO,0,11971,0,21
8/14/2022,GL,Greenland,EURO,0,11971,0,21
8/21/2022,GL,Greenland,EURO,0,11971,0,21
8/28/2022,GL,Greenland,EURO,0,11971,0,21
9/4/2022,GL,Greenland,EURO,0,11971,0,21
9/11/2022,GL,Greenland,EURO,0,11971,0,21
9/18/2022,GL,Greenland,EURO,0,11971,0,21
9/25/2022,GL,Greenland,EURO,0,11971,0,21
10/2/2022,GL,Greenland,EURO,0,11971,0,21
10/9/2022,GL,Greenland,EURO,0,11971,0,21
10/16/2022,GL,Greenland,EURO,0,11971,0,21
10/23/2022,GL,Greenland,EURO,0,11971,0,21
10/30/2022,GL,Greenland,EURO,0,11971,0,21
11/6/2022,GL,Greenland,EURO,0,11971,0,21
11/13/2022,GL,Greenland,EURO,0,11971,0,21
11/20/2022,GL,Greenland,EURO,0,11971,0,21
11/27/2022,GL,Greenland,EURO,0,11971,0,21
12/4/2022,GL,Greenland,EURO,0,11971,0,21
12/11/2022,GL,Greenland,EURO,0,11971,0,21
12/18/2022,GL,Greenland,EURO,0,11971,0,21
12/25/2022,GL,Greenland,EURO,0,11971,0,21
1/1/2023,GL,Greenland,EURO,0,11971,0,21
1/8/2023,GL,Greenland,EURO,0,11971,0,21
1/15/2023,GL,Greenland,EURO,0,11971,0,21
1/22/2023,GL,Greenland,EURO,0,11971,0,21
1/29/2023,GL,Greenland,EURO,0,11971,0,21
2/5/2023,GL,Greenland,EURO,0,11971,0,21
2/12/2023,GL,Greenland,EURO,0,11971,0,21
2/19/2023,GL,Greenland,EURO,0,11971,0,21
2/26/2023,GL,Greenland,EURO,0,11971,0,21
3/5/2023,GL,Greenland,EURO,0,11971,0,21
3/12/2023,GL,Greenland,EURO,0,11971,0,21
3/19/2023,GL,Greenland,EURO,0,11971,0,21
3/26/2023,GL,Greenland,EURO,0,11971,0,21
4/2/2023,GL,Greenland,EURO,0,11971,0,21
4/9/2023,GL,Greenland,EURO,0,11971,0,21
4/16/2023,GL,Greenland,EURO,0,11971,0,21
4/23/2023,GL,Greenland,EURO,0,11971,0,21
4/30/2023,GL,Greenland,EURO,0,11971,0,21
5/7/2023,GL,Greenland,EURO,0,11971,0,21
5/14/2023,GL,Greenland,EURO,0,11971,0,21
5/21/2023,GL,Greenland,EURO,0,11971,0,21
5/28/2023,GL,Greenland,EURO,0,11971,0,21
6/4/2023,GL,Greenland,EURO,0,11971,0,21
6/11/2023,GL,Greenland,EURO,0,11971,0,21
6/18/2023,GL,Greenland,EURO,0,11971,0,21
6/25/2023,GL,Greenland,EURO,0,11971,0,21
7/2/2023,GL,Greenland,EURO,0,11971,0,21
7/9/2023,GL,Greenland,EURO,0,11971,0,21
7/16/2023,GL,Greenland,EURO,0,11971,0,21
7/23/2023,GL,Greenland,EURO,0,11971,0,21
7/30/2023,GL,Greenland,EURO,0,11971,0,21
8/6/2023,GL,Greenland,EURO,0,11971,0,21
8/13/2023,GL,Greenland,EURO,0,11971,0,21
8/20/2023,GL,Greenland,EURO,0,11971,0,21
8/27/2023,GL,Greenland,EURO,0,11971,0,21
9/3/2023,GL,Greenland,EURO,0,11971,0,21
9/10/2023,GL,Greenland,EURO,0,11971,0,21
9/17/2023,GL,Greenland,EURO,0,11971,0,21
9/24/2023,GL,Greenland,EURO,0,11971,0,21
10/1/2023,GL,Greenland,EURO,0,11971,0,21
10/8/2023,GL,Greenland,EURO,0,11971,0,21
10/15/2023,GL,Greenland,EURO,0,11971,0,21
10/22/2023,GL,Greenland,EURO,0,11971,0,21
10/29/2023,GL,Greenland,EURO,0,11971,0,21
11/5/2023,GL,Greenland,EURO,0,11971,0,21
11/12/2023,GL,Greenland,EURO,0,11971,0,21
11/19/2023,GL,Greenland,EURO,0,11971,0,21
11/26/2023,GL,Greenland,EURO,0,11971,0,21
12/3/2023,GL,Greenland,EURO,0,11971,0,21
12/10/2023,GL,Greenland,EURO,0,11971,0,21
12/17/2023,GL,Greenland,EURO,0,11971,0,21
12/24/2023,GL,Greenland,EURO,0,11971,0,21
1/5/2020,GD,Grenada,AMRO,0,0,0,0
1/12/2020,GD,Grenada,AMRO,0,0,0,0
1/19/2020,GD,Grenada,AMRO,0,0,0,0
1/26/2020,GD,Grenada,AMRO,0,0,0,0
2/2/2020,GD,Grenada,AMRO,0,0,0,0
2/9/2020,GD,Grenada,AMRO,0,0,0,0
2/16/2020,GD,Grenada,AMRO,0,0,0,0
2/23/2020,GD,Grenada,AMRO,0,0,0,0
3/1/2020,GD,Grenada,AMRO,0,0,0,0
3/8/2020,GD,Grenada,AMRO,0,0,0,0
3/15/2020,GD,Grenada,AMRO,0,0,0,0
3/22/2020,GD,Grenada,AMRO,0,0,0,0
3/29/2020,GD,Grenada,AMRO,7,7,0,0
4/5/2020,GD,Grenada,AMRO,5,12,0,0
4/12/2020,GD,Grenada,AMRO,1,13,0,0
4/19/2020,GD,Grenada,AMRO,0,13,0,0
4/26/2020,GD,Grenada,AMRO,2,15,0,0
5/3/2020,GD,Grenada,AMRO,5,20,0,0
5/10/2020,GD,Grenada,AMRO,1,21,0,0
5/17/2020,GD,Grenada,AMRO,1,22,0,0
5/24/2020,GD,Grenada,AMRO,0,22,0,0
5/31/2020,GD,Grenada,AMRO,1,23,0,0
6/7/2020,GD,Grenada,AMRO,0,23,0,0
6/14/2020,GD,Grenada,AMRO,0,23,0,0
6/21/2020,GD,Grenada,AMRO,0,23,0,0
6/28/2020,GD,Grenada,AMRO,0,23,0,0
7/5/2020,GD,Grenada,AMRO,0,23,0,0
7/12/2020,GD,Grenada,AMRO,0,23,0,0
7/19/2020,GD,Grenada,AMRO,0,23,0,0
7/26/2020,GD,Grenada,AMRO,0,23,0,0
8/2/2020,GD,Grenada,AMRO,1,24,0,0
8/9/2020,GD,Grenada,AMRO,0,24,0,0
8/16/2020,GD,Grenada,AMRO,0,24,0,0
8/23/2020,GD,Grenada,AMRO,0,24,0,0
8/30/2020,GD,Grenada,AMRO,0,24,0,0
9/6/2020,GD,Grenada,AMRO,0,24,0,0
9/13/2020,GD,Grenada,AMRO,0,24,0,0
9/20/2020,GD,Grenada,AMRO,0,24,0,0
9/27/2020,GD,Grenada,AMRO,0,24,0,0
10/4/2020,GD,Grenada,AMRO,0,24,0,0
10/11/2020,GD,Grenada,AMRO,0,24,0,0
10/18/2020,GD,Grenada,AMRO,3,27,0,0
10/25/2020,GD,Grenada,AMRO,1,28,0,0
11/1/2020,GD,Grenada,AMRO,0,28,0,0
11/8/2020,GD,Grenada,AMRO,2,30,0,0
11/15/2020,GD,Grenada,AMRO,2,32,0,0
11/22/2020,GD,Grenada,AMRO,9,41,0,0
11/29/2020,GD,Grenada,AMRO,0,41,0,0
12/6/2020,GD,Grenada,AMRO,0,41,0,0
12/13/2020,GD,Grenada,AMRO,2,43,0,0
12/20/2020,GD,Grenada,AMRO,51,94,0,0
12/27/2020,GD,Grenada,AMRO,22,116,0,0
1/3/2021,GD,Grenada,AMRO,13,129,0,0
1/10/2021,GD,Grenada,AMRO,6,135,1,1
1/17/2021,GD,Grenada,AMRO,4,139,0,1
1/24/2021,GD,Grenada,AMRO,8,147,0,1
1/31/2021,GD,Grenada,AMRO,1,148,0,1
2/7/2021,GD,Grenada,AMRO,0,148,0,1
2/14/2021,GD,Grenada,AMRO,0,148,0,1
2/21/2021,GD,Grenada,AMRO,0,148,0,1
2/28/2021,GD,Grenada,AMRO,0,148,0,1
3/7/2021,GD,Grenada,AMRO,3,151,0,1
3/14/2021,GD,Grenada,AMRO,0,151,0,1
3/21/2021,GD,Grenada,AMRO,3,154,0,1
3/28/2021,GD,Grenada,AMRO,1,155,0,1
4/4/2021,GD,Grenada,AMRO,0,155,0,1
4/11/2021,GD,Grenada,AMRO,2,157,0,1
4/18/2021,GD,Grenada,AMRO,2,159,0,1
4/25/2021,GD,Grenada,AMRO,0,159,0,1
5/2/2021,GD,Grenada,AMRO,2,161,0,1
5/9/2021,GD,Grenada,AMRO,0,161,0,1
5/16/2021,GD,Grenada,AMRO,0,161,0,1
5/23/2021,GD,Grenada,AMRO,0,161,0,1
5/30/2021,GD,Grenada,AMRO,0,161,0,1
6/6/2021,GD,Grenada,AMRO,0,161,0,1
6/13/2021,GD,Grenada,AMRO,0,161,0,1
6/20/2021,GD,Grenada,AMRO,0,161,0,1
6/27/2021,GD,Grenada,AMRO,1,162,0,1
7/4/2021,GD,Grenada,AMRO,0,162,0,1
7/11/2021,GD,Grenada,AMRO,0,162,0,1
7/18/2021,GD,Grenada,AMRO,1,163,0,1
7/25/2021,GD,Grenada,AMRO,2,165,0,1
8/1/2021,GD,Grenada,AMRO,4,169,0,1
8/8/2021,GD,Grenada,AMRO,3,172,0,1
8/15/2021,GD,Grenada,AMRO,13,185,0,1
8/22/2021,GD,Grenada,AMRO,27,212,0,1
8/29/2021,GD,Grenada,AMRO,84,296,0,1
9/5/2021,GD,Grenada,AMRO,802,1098,4,5
9/12/2021,GD,Grenada,AMRO,1065,2163,17,22
9/19/2021,GD,Grenada,AMRO,1327,3490,26,48
9/26/2021,GD,Grenada,AMRO,1276,4766,57,105
10/3/2021,GD,Grenada,AMRO,470,5236,45,150
10/10/2021,GD,Grenada,AMRO,355,5591,23,173
10/17/2021,GD,Grenada,AMRO,130,5721,19,192
10/24/2021,GD,Grenada,AMRO,88,5809,4,196
10/31/2021,GD,Grenada,AMRO,30,5839,2,198
11/7/2021,GD,Grenada,AMRO,18,5857,0,198
11/14/2021,GD,Grenada,AMRO,6,5863,2,200
11/21/2021,GD,Grenada,AMRO,3,5866,0,200
11/28/2021,GD,Grenada,AMRO,22,5888,0,200
12/5/2021,GD,Grenada,AMRO,19,5907,0,200
12/12/2021,GD,Grenada,AMRO,6,5913,0,200
12/19/2021,GD,Grenada,AMRO,6,5919,0,200
12/26/2021,GD,Grenada,AMRO,37,5956,0,200
1/2/2022,GD,Grenada,AMRO,343,6299,0,200
1/9/2022,GD,Grenada,AMRO,1370,7669,0,200
1/16/2022,GD,Grenada,AMRO,1866,9535,3,203
1/23/2022,GD,Grenada,AMRO,1655,11190,2,205
1/30/2022,GD,Grenada,AMRO,1056,12246,5,210
2/6/2022,GD,Grenada,AMRO,588,12834,1,211
2/13/2022,GD,Grenada,AMRO,408,13242,2,213
2/20/2022,GD,Grenada,AMRO,283,13525,1,214
2/27/2022,GD,Grenada,AMRO,154,13679,2,216
3/6/2022,GD,Grenada,AMRO,11,13690,0,216
3/13/2022,GD,Grenada,AMRO,0,13690,0,216
3/20/2022,GD,Grenada,AMRO,246,13936,1,217
3/27/2022,GD,Grenada,AMRO,46,13982,1,218
4/3/2022,GD,Grenada,AMRO,42,14024,0,218
4/10/2022,GD,Grenada,AMRO,0,14024,0,218
4/17/2022,GD,Grenada,AMRO,141,14165,1,219
4/24/2022,GD,Grenada,AMRO,263,14428,1,220
5/1/2022,GD,Grenada,AMRO,315,14743,0,220
5/8/2022,GD,Grenada,AMRO,740,15483,0,220
5/15/2022,GD,Grenada,AMRO,1029,16512,1,221
5/22/2022,GD,Grenada,AMRO,722,17234,2,223
5/29/2022,GD,Grenada,AMRO,428,17662,3,226
6/5/2022,GD,Grenada,AMRO,204,17866,4,230
6/12/2022,GD,Grenada,AMRO,169,18035,1,231
6/19/2022,GD,Grenada,AMRO,80,18115,0,231
6/26/2022,GD,Grenada,AMRO,155,18270,1,232
7/3/2022,GD,Grenada,AMRO,106,18376,0,232
7/10/2022,GD,Grenada,AMRO,184,18560,1,233
7/17/2022,GD,Grenada,AMRO,95,18655,0,233
7/24/2022,GD,Grenada,AMRO,65,18720,0,233
7/31/2022,GD,Grenada,AMRO,66,18786,1,234
8/7/2022,GD,Grenada,AMRO,36,18822,0,234
8/14/2022,GD,Grenada,AMRO,73,18895,0,234
8/21/2022,GD,Grenada,AMRO,266,19161,0,234
8/28/2022,GD,Grenada,AMRO,128,19289,2,236
9/4/2022,GD,Grenada,AMRO,57,19346,0,236
9/11/2022,GD,Grenada,AMRO,57,19403,0,236
9/18/2022,GD,Grenada,AMRO,70,19473,0,236
9/25/2022,GD,Grenada,AMRO,63,19536,1,237
10/2/2022,GD,Grenada,AMRO,0,19536,0,237
10/9/2022,GD,Grenada,AMRO,0,19536,0,237
10/16/2022,GD,Grenada,AMRO,38,19574,0,237
10/23/2022,GD,Grenada,AMRO,17,19591,0,237
10/30/2022,GD,Grenada,AMRO,0,19591,0,237
11/6/2022,GD,Grenada,AMRO,13,19604,0,237
11/13/2022,GD,Grenada,AMRO,9,19613,0,237
11/20/2022,GD,Grenada,AMRO,3,19616,0,237
11/27/2022,GD,Grenada,AMRO,0,19616,0,237
12/4/2022,GD,Grenada,AMRO,20,19636,0,237
12/11/2022,GD,Grenada,AMRO,8,19644,1,238
12/18/2022,GD,Grenada,AMRO,0,19644,0,238
12/25/2022,GD,Grenada,AMRO,16,19660,0,238
1/1/2023,GD,Grenada,AMRO,11,19671,0,238
1/8/2023,GD,Grenada,AMRO,9,19680,0,238
1/15/2023,GD,Grenada,AMRO,0,19680,0,238
1/22/2023,GD,Grenada,AMRO,0,19680,0,238
1/29/2023,GD,Grenada,AMRO,0,19680,0,238
2/5/2023,GD,Grenada,AMRO,0,19680,0,238
2/12/2023,GD,Grenada,AMRO,0,19680,0,238
2/19/2023,GD,Grenada,AMRO,0,19680,0,238
2/26/2023,GD,Grenada,AMRO,0,19680,0,238
3/5/2023,GD,Grenada,AMRO,0,19680,0,238
3/12/2023,GD,Grenada,AMRO,0,19680,0,238
3/19/2023,GD,Grenada,AMRO,0,19680,0,238
3/26/2023,GD,Grenada,AMRO,0,19680,0,238
4/2/2023,GD,Grenada,AMRO,3,19683,0,238
4/9/2023,GD,Grenada,AMRO,0,19683,0,238
4/16/2023,GD,Grenada,AMRO,0,19683,0,238
4/23/2023,GD,Grenada,AMRO,10,19693,0,238
4/30/2023,GD,Grenada,AMRO,0,19693,0,238
5/7/2023,GD,Grenada,AMRO,0,19693,0,238
5/14/2023,GD,Grenada,AMRO,0,19693,0,238
5/21/2023,GD,Grenada,AMRO,0,19693,0,238
5/28/2023,GD,Grenada,AMRO,0,19693,0,238
6/4/2023,GD,Grenada,AMRO,0,19693,0,238
6/11/2023,GD,Grenada,AMRO,0,19693,0,238
6/18/2023,GD,Grenada,AMRO,0,19693,0,238
6/25/2023,GD,Grenada,AMRO,0,19693,0,238
7/2/2023,GD,Grenada,AMRO,0,19693,0,238
7/9/2023,GD,Grenada,AMRO,0,19693,0,238
7/16/2023,GD,Grenada,AMRO,0,19693,0,238
7/23/2023,GD,Grenada,AMRO,0,19693,0,238
7/30/2023,GD,Grenada,AMRO,0,19693,0,238
8/6/2023,GD,Grenada,AMRO,0,19693,0,238
8/13/2023,GD,Grenada,AMRO,0,19693,0,238
8/20/2023,GD,Grenada,AMRO,0,19693,0,238
8/27/2023,GD,Grenada,AMRO,0,19693,0,238
9/3/2023,GD,Grenada,AMRO,0,19693,0,238
9/10/2023,GD,Grenada,AMRO,0,19693,0,238
9/17/2023,GD,Grenada,AMRO,0,19693,0,238
9/24/2023,GD,Grenada,AMRO,0,19693,0,238
10/1/2023,GD,Grenada,AMRO,0,19693,0,238
10/8/2023,GD,Grenada,AMRO,0,19693,0,238
10/15/2023,GD,Grenada,AMRO,0,19693,0,238
10/22/2023,GD,Grenada,AMRO,0,19693,0,238
10/29/2023,GD,Grenada,AMRO,0,19693,0,238
11/5/2023,GD,Grenada,AMRO,0,19693,0,238
11/12/2023,GD,Grenada,AMRO,0,19693,0,238
11/19/2023,GD,Grenada,AMRO,0,19693,0,238
11/26/2023,GD,Grenada,AMRO,0,19693,0,238
12/3/2023,GD,Grenada,AMRO,0,19693,0,238
12/10/2023,GD,Grenada,AMRO,0,19693,0,238
12/17/2023,GD,Grenada,AMRO,0,19693,0,238
12/24/2023,GD,Grenada,AMRO,0,19693,0,238
1/5/2020,GP,Guadeloupe,,0,0,0,0
1/12/2020,GP,Guadeloupe,,0,0,0,0
1/19/2020,GP,Guadeloupe,,0,0,0,0
1/26/2020,GP,Guadeloupe,,0,0,0,0
2/2/2020,GP,Guadeloupe,,0,0,0,0
2/9/2020,GP,Guadeloupe,,0,0,0,0
2/16/2020,GP,Guadeloupe,,0,0,0,0
2/23/2020,GP,Guadeloupe,,0,0,0,0
3/1/2020,GP,Guadeloupe,,0,0,0,0
3/8/2020,GP,Guadeloupe,,0,0,0,0
3/15/2020,GP,Guadeloupe,,1,1,0,0
3/22/2020,GP,Guadeloupe,,50,51,0,0
3/29/2020,GP,Guadeloupe,,45,96,2,2
4/5/2020,GP,Guadeloupe,,34,130,5,7
4/12/2020,GP,Guadeloupe,,13,143,1,8
4/19/2020,GP,Guadeloupe,,2,145,3,11
4/26/2020,GP,Guadeloupe,,4,149,1,12
5/3/2020,GP,Guadeloupe,,3,152,0,12
5/10/2020,GP,Guadeloupe,,2,154,1,13
5/17/2020,GP,Guadeloupe,,1,155,0,13
5/24/2020,GP,Guadeloupe,,1,156,0,13
5/31/2020,GP,Guadeloupe,,6,162,1,14
6/7/2020,GP,Guadeloupe,,2,164,0,14
6/14/2020,GP,Guadeloupe,,7,171,0,14
6/21/2020,GP,Guadeloupe,,3,174,0,14
6/28/2020,GP,Guadeloupe,,8,182,0,14
7/5/2020,GP,Guadeloupe,,2,184,0,14
7/12/2020,GP,Guadeloupe,,6,190,0,14
7/19/2020,GP,Guadeloupe,,5,195,0,14
7/26/2020,GP,Guadeloupe,,8,203,0,14
8/2/2020,GP,Guadeloupe,,62,265,0,14
8/9/2020,GP,Guadeloupe,,25,290,0,14
8/16/2020,GP,Guadeloupe,,156,446,0,14
8/23/2020,GP,Guadeloupe,,325,771,1,15
8/30/2020,GP,Guadeloupe,,164,935,0,15
9/6/2020,GP,Guadeloupe,,428,1363,5,20
9/13/2020,GP,Guadeloupe,,1717,3080,4,24
9/20/2020,GP,Guadeloupe,,346,3426,2,26
9/27/2020,GP,Guadeloupe,,1528,4954,16,42
10/4/2020,GP,Guadeloupe,,949,5903,33,75
10/11/2020,GP,Guadeloupe,,580,6483,20,95
10/18/2020,GP,Guadeloupe,,639,7122,16,111
10/25/2020,GP,Guadeloupe,,352,7474,16,127
11/1/2020,GP,Guadeloupe,,268,7742,-1,126
11/8/2020,GP,Guadeloupe,,161,7903,7,133
11/15/2020,GP,Guadeloupe,,195,8098,6,139
11/22/2020,GP,Guadeloupe,,127,8225,5,144
11/29/2020,GP,Guadeloupe,,119,8344,5,149
12/6/2020,GP,Guadeloupe,,83,8427,0,149
12/13/2020,GP,Guadeloupe,,24,8451,3,152
12/20/2020,GP,Guadeloupe,,106,8557,3,155
12/27/2020,GP,Guadeloupe,,63,8620,0,155
1/3/2021,GP,Guadeloupe,,0,8620,0,155
1/10/2021,GP,Guadeloupe,,82,8702,0,155
1/17/2021,GP,Guadeloupe,,132,8834,1,156
1/24/2021,GP,Guadeloupe,,222,9056,1,157
1/31/2021,GP,Guadeloupe,,100,9156,0,157
2/7/2021,GP,Guadeloupe,,0,9156,1,158
2/14/2021,GP,Guadeloupe,,299,9455,2,160
2/21/2021,GP,Guadeloupe,,0,9455,0,160
2/28/2021,GP,Guadeloupe,,513,9968,4,164
3/7/2021,GP,Guadeloupe,,490,10458,4,168
3/14/2021,GP,Guadeloupe,,267,10725,0,168
3/21/2021,GP,Guadeloupe,,370,11095,1,169
3/28/2021,GP,Guadeloupe,,417,11512,9,178
4/4/2021,GP,Guadeloupe,,378,11890,5,183
4/11/2021,GP,Guadeloupe,,414,12304,6,189
4/18/2021,GP,Guadeloupe,,623,12927,5,194
4/25/2021,GP,Guadeloupe,,843,13770,17,211
5/2/2021,GP,Guadeloupe,,864,14634,17,228
5/9/2021,GP,Guadeloupe,,795,15429,8,236
5/16/2021,GP,Guadeloupe,,650,16079,9,245
5/23/2021,GP,Guadeloupe,,438,16517,10,255
5/30/2021,GP,Guadeloupe,,357,16874,0,255
6/6/2021,GP,Guadeloupe,,234,17108,5,260
6/13/2021,GP,Guadeloupe,,180,17288,5,265
6/20/2021,GP,Guadeloupe,,139,17427,1,266
6/27/2021,GP,Guadeloupe,,112,17539,1,267
7/4/2021,GP,Guadeloupe,,145,17684,3,270
7/11/2021,GP,Guadeloupe,,125,17809,4,274
7/18/2021,GP,Guadeloupe,,173,17982,4,278
7/25/2021,GP,Guadeloupe,,331,18313,2,280
8/1/2021,GP,Guadeloupe,,1093,19406,3,283
8/8/2021,GP,Guadeloupe,,3220,22626,8,291
8/15/2021,GP,Guadeloupe,,7134,29760,44,335
8/22/2021,GP,Guadeloupe,,8195,37955,54,389
8/29/2021,GP,Guadeloupe,,7438,45393,114,503
9/5/2021,GP,Guadeloupe,,4122,49515,103,606
9/12/2021,GP,Guadeloupe,,1970,51485,89,695
9/19/2021,GP,Guadeloupe,,978,52463,52,747
9/26/2021,GP,Guadeloupe,,643,53106,20,767
10/3/2021,GP,Guadeloupe,,438,53544,18,785
10/10/2021,GP,Guadeloupe,,292,53836,15,800
10/17/2021,GP,Guadeloupe,,259,54095,9,809
10/24/2021,GP,Guadeloupe,,193,54288,6,815
10/31/2021,GP,Guadeloupe,,186,54474,5,820
11/7/2021,GP,Guadeloupe,,198,54672,2,822
11/14/2021,GP,Guadeloupe,,182,54854,0,822
11/21/2021,GP,Guadeloupe,,226,55080,1,823
11/28/2021,GP,Guadeloupe,,0,55080,0,823
12/5/2021,GP,Guadeloupe,,138,55218,2,825
12/12/2021,GP,Guadeloupe,,157,55375,3,828
12/19/2021,GP,Guadeloupe,,189,55564,2,830
12/26/2021,GP,Guadeloupe,,231,55795,1,831
1/2/2022,GP,Guadeloupe,,720,56515,1,832
1/9/2022,GP,Guadeloupe,,4138,60653,1,833
1/16/2022,GP,Guadeloupe,,13007,73660,2,835
1/23/2022,GP,Guadeloupe,,17089,90749,9,844
1/30/2022,GP,Guadeloupe,,13430,104179,11,855
2/6/2022,GP,Guadeloupe,,8489,112668,18,873
2/13/2022,GP,Guadeloupe,,5509,118177,16,889
2/20/2022,GP,Guadeloupe,,4034,122211,20,909
2/27/2022,GP,Guadeloupe,,2317,124528,9,918
3/6/2022,GP,Guadeloupe,,1728,126256,1,919
3/13/2022,GP,Guadeloupe,,2097,128353,5,924
3/20/2022,GP,Guadeloupe,,4006,132359,4,928
3/27/2022,GP,Guadeloupe,,3622,135981,3,931
4/3/2022,GP,Guadeloupe,,3535,139516,7,938
4/10/2022,GP,Guadeloupe,,3057,142573,2,940
4/17/2022,GP,Guadeloupe,,2655,145228,1,941
4/24/2022,GP,Guadeloupe,,2379,147607,1,942
5/1/2022,GP,Guadeloupe,,2348,149955,2,944
5/8/2022,GP,Guadeloupe,,2561,152516,1,945
5/15/2022,GP,Guadeloupe,,2576,155092,0,945
5/22/2022,GP,Guadeloupe,,2773,157865,2,947
5/29/2022,GP,Guadeloupe,,2498,160363,1,948
6/5/2022,GP,Guadeloupe,,1827,162190,1,949
6/12/2022,GP,Guadeloupe,,2135,164325,1,950
6/19/2022,GP,Guadeloupe,,2099,166424,0,950
6/26/2022,GP,Guadeloupe,,2290,168714,5,955
7/3/2022,GP,Guadeloupe,,2717,171431,2,957
7/10/2022,GP,Guadeloupe,,3917,175348,1,958
7/17/2022,GP,Guadeloupe,,3937,179285,2,960
7/24/2022,GP,Guadeloupe,,3733,183018,5,965
7/31/2022,GP,Guadeloupe,,3362,186380,6,971
8/7/2022,GP,Guadeloupe,,2236,188616,4,975
8/14/2022,GP,Guadeloupe,,1438,190054,3,978
8/21/2022,GP,Guadeloupe,,1063,191117,4,982
8/28/2022,GP,Guadeloupe,,880,191997,4,986
9/4/2022,GP,Guadeloupe,,767,192764,0,986
9/11/2022,GP,Guadeloupe,,729,193493,1,987
9/18/2022,GP,Guadeloupe,,653,194146,2,989
9/25/2022,GP,Guadeloupe,,563,194709,1,990
10/2/2022,GP,Guadeloupe,,505,195214,0,990
10/9/2022,GP,Guadeloupe,,379,195593,0,990
10/16/2022,GP,Guadeloupe,,361,195954,1,991
10/23/2022,GP,Guadeloupe,,316,196270,2,993
10/30/2022,GP,Guadeloupe,,0,196270,0,993
11/6/2022,GP,Guadeloupe,,455,196725,0,993
11/13/2022,GP,Guadeloupe,,380,197105,0,993
11/20/2022,GP,Guadeloupe,,389,197494,2,995
11/27/2022,GP,Guadeloupe,,0,197494,0,995
12/4/2022,GP,Guadeloupe,,824,198318,0,995
12/11/2022,GP,Guadeloupe,,290,198608,2,997
12/18/2022,GP,Guadeloupe,,716,199324,2,999
12/25/2022,GP,Guadeloupe,,664,199988,0,999
1/1/2023,GP,Guadeloupe,,545,200533,1,1000
1/8/2023,GP,Guadeloupe,,432,200965,3,1003
1/15/2023,GP,Guadeloupe,,277,201242,3,1006
1/22/2023,GP,Guadeloupe,,152,201394,1,1007
1/29/2023,GP,Guadeloupe,,169,201563,2,1009
2/5/2023,GP,Guadeloupe,,141,201704,1,1010
2/12/2023,GP,Guadeloupe,,92,201796,0,1010
2/19/2023,GP,Guadeloupe,,56,201852,0,1010
2/26/2023,GP,Guadeloupe,,15,201867,0,1010
3/5/2023,GP,Guadeloupe,,19,201886,0,1010
3/12/2023,GP,Guadeloupe,,52,201938,0,1010
3/19/2023,GP,Guadeloupe,,121,202059,0,1010
3/26/2023,GP,Guadeloupe,,104,202163,2,1012
4/2/2023,GP,Guadeloupe,,0,202163,0,1012
4/9/2023,GP,Guadeloupe,,0,202163,0,1012
4/16/2023,GP,Guadeloupe,,201,202364,3,1015
4/23/2023,GP,Guadeloupe,,118,202482,2,1017
4/30/2023,GP,Guadeloupe,,171,202653,0,1017
5/7/2023,GP,Guadeloupe,,0,202653,0,1017
5/14/2023,GP,Guadeloupe,,0,202653,0,1017
5/21/2023,GP,Guadeloupe,,183,202836,0,1017
5/28/2023,GP,Guadeloupe,,0,202836,0,1017
6/4/2023,GP,Guadeloupe,,0,202836,0,1017
6/11/2023,GP,Guadeloupe,,0,202836,0,1017
6/18/2023,GP,Guadeloupe,,0,202836,0,1017
6/25/2023,GP,Guadeloupe,,399,203235,4,1021
7/2/2023,GP,Guadeloupe,,0,203235,0,1021
7/9/2023,GP,Guadeloupe,,0,203235,0,1021
7/16/2023,GP,Guadeloupe,,0,203235,0,1021
7/23/2023,GP,Guadeloupe,,0,203235,0,1021
7/30/2023,GP,Guadeloupe,,0,203235,0,1021
8/6/2023,GP,Guadeloupe,,0,203235,0,1021
8/13/2023,GP,Guadeloupe,,0,203235,0,1021
8/20/2023,GP,Guadeloupe,,0,203235,0,1021
8/27/2023,GP,Guadeloupe,,0,203235,0,1021
9/3/2023,GP,Guadeloupe,,0,203235,0,1021
9/10/2023,GP,Guadeloupe,,0,203235,0,1021
9/17/2023,GP,Guadeloupe,,0,203235,0,1021
9/24/2023,GP,Guadeloupe,,0,203235,0,1021
10/1/2023,GP,Guadeloupe,,0,203235,0,1021
10/8/2023,GP,Guadeloupe,,0,203235,0,1021
10/15/2023,GP,Guadeloupe,,0,203235,0,1021
10/22/2023,GP,Guadeloupe,,0,203235,0,1021
10/29/2023,GP,Guadeloupe,,0,203235,0,1021
11/5/2023,GP,Guadeloupe,,0,203235,0,1021
11/12/2023,GP,Guadeloupe,,0,203235,0,1021
11/19/2023,GP,Guadeloupe,,0,203235,0,1021
11/26/2023,GP,Guadeloupe,,0,203235,0,1021
12/3/2023,GP,Guadeloupe,,0,203235,0,1021
12/10/2023,GP,Guadeloupe,,0,203235,0,1021
12/17/2023,GP,Guadeloupe,,0,203235,0,1021
12/24/2023,GP,Guadeloupe,,0,203235,0,1021
1/5/2020,GU,Guam,WPRO,0,0,0,0
1/12/2020,GU,Guam,WPRO,0,0,0,0
1/19/2020,GU,Guam,WPRO,0,0,0,0
1/26/2020,GU,Guam,WPRO,0,0,0,0
2/2/2020,GU,Guam,WPRO,0,0,0,0
2/9/2020,GU,Guam,WPRO,0,0,0,0
2/16/2020,GU,Guam,WPRO,0,0,0,0
2/23/2020,GU,Guam,WPRO,0,0,0,0
3/1/2020,GU,Guam,WPRO,0,0,0,0
3/8/2020,GU,Guam,WPRO,0,0,0,0
3/15/2020,GU,Guam,WPRO,0,0,0,0
3/22/2020,GU,Guam,WPRO,15,15,0,0
3/29/2020,GU,Guam,WPRO,40,55,1,1
4/5/2020,GU,Guam,WPRO,38,93,3,4
4/12/2020,GU,Guam,WPRO,40,133,1,5
4/19/2020,GU,Guam,WPRO,0,133,0,5
4/26/2020,GU,Guam,WPRO,4,137,0,5
5/3/2020,GU,Guam,WPRO,7,144,0,5
5/10/2020,GU,Guam,WPRO,3,147,0,5
5/17/2020,GU,Guam,WPRO,2,149,0,5
5/24/2020,GU,Guam,WPRO,12,161,0,5
5/31/2020,GU,Guam,WPRO,5,166,0,5
6/7/2020,GU,Guam,WPRO,5,171,0,5
6/14/2020,GU,Guam,WPRO,6,177,0,5
6/21/2020,GU,Guam,WPRO,37,214,0,5
6/28/2020,GU,Guam,WPRO,26,240,0,5
7/5/2020,GU,Guam,WPRO,40,280,0,5
7/12/2020,GU,Guam,WPRO,24,304,0,5
7/19/2020,GU,Guam,WPRO,3,307,0,5
7/26/2020,GU,Guam,WPRO,22,329,0,5
8/2/2020,GU,Guam,WPRO,22,351,0,5
8/9/2020,GU,Guam,WPRO,53,404,0,5
8/16/2020,GU,Guam,WPRO,104,508,0,5
8/23/2020,GU,Guam,WPRO,304,812,2,7
8/30/2020,GU,Guam,WPRO,527,1339,3,10
9/6/2020,GU,Guam,WPRO,332,1671,6,16
9/13/2020,GU,Guam,WPRO,220,1891,9,25
9/20/2020,GU,Guam,WPRO,226,2117,9,34
9/27/2020,GU,Guam,WPRO,237,2354,9,43
10/4/2020,GU,Guam,WPRO,343,2697,8,51
10/11/2020,GU,Guam,WPRO,352,3049,8,59
10/18/2020,GU,Guam,WPRO,557,3606,7,66
10/25/2020,GU,Guam,WPRO,549,4155,5,71
11/1/2020,GU,Guam,WPRO,477,4632,8,79
11/8/2020,GU,Guam,WPRO,402,5034,10,89
11/15/2020,GU,Guam,WPRO,820,5854,4,93
11/22/2020,GU,Guam,WPRO,501,6355,11,104
11/29/2020,GU,Guam,WPRO,300,6655,8,112
12/6/2020,GU,Guam,WPRO,190,6845,1,113
12/13/2020,GU,Guam,WPRO,108,6953,4,117
12/20/2020,GU,Guam,WPRO,78,7031,2,119
12/27/2020,GU,Guam,WPRO,63,7094,2,121
1/3/2021,GU,Guam,WPRO,55,7149,2,123
1/10/2021,GU,Guam,WPRO,77,7226,1,124
1/17/2021,GU,Guam,WPRO,60,7286,2,126
1/24/2021,GU,Guam,WPRO,54,7340,2,128
1/31/2021,GU,Guam,WPRO,40,7380,1,129
2/7/2021,GU,Guam,WPRO,62,7442,0,129
2/14/2021,GU,Guam,WPRO,45,7487,1,130
2/21/2021,GU,Guam,WPRO,24,7511,0,130
2/28/2021,GU,Guam,WPRO,16,7527,1,131
3/7/2021,GU,Guam,WPRO,13,7540,2,133
3/14/2021,GU,Guam,WPRO,18,7558,0,133
3/21/2021,GU,Guam,WPRO,12,7570,1,134
3/28/2021,GU,Guam,WPRO,20,7590,0,134
4/4/2021,GU,Guam,WPRO,16,7606,2,136
4/11/2021,GU,Guam,WPRO,21,7627,0,136
4/18/2021,GU,Guam,WPRO,31,7658,0,136
4/25/2021,GU,Guam,WPRO,39,7697,0,136
5/2/2021,GU,Guam,WPRO,66,7763,0,136
5/9/2021,GU,Guam,WPRO,52,7815,3,139
5/16/2021,GU,Guam,WPRO,41,7856,0,139
5/23/2021,GU,Guam,WPRO,42,7898,0,139
5/30/2021,GU,Guam,WPRO,20,7918,0,139
6/6/2021,GU,Guam,WPRO,39,7957,0,139
6/13/2021,GU,Guam,WPRO,27,7984,0,139
6/20/2021,GU,Guam,WPRO,30,8014,0,139
6/27/2021,GU,Guam,WPRO,58,8072,0,139
7/4/2021,GU,Guam,WPRO,35,8107,1,140
7/11/2021,GU,Guam,WPRO,57,8164,1,141
7/18/2021,GU,Guam,WPRO,45,8209,1,142
7/25/2021,GU,Guam,WPRO,23,8232,1,143
8/1/2021,GU,Guam,WPRO,39,8271,0,143
8/8/2021,GU,Guam,WPRO,118,8389,0,143
8/15/2021,GU,Guam,WPRO,195,8584,0,143
8/22/2021,GU,Guam,WPRO,371,8955,1,144
8/29/2021,GU,Guam,WPRO,721,9676,1,145
9/5/2021,GU,Guam,WPRO,890,10566,6,151
9/12/2021,GU,Guam,WPRO,1049,11615,17,168
9/19/2021,GU,Guam,WPRO,616,12231,11,179
9/26/2021,GU,Guam,WPRO,329,12560,5,184
10/3/2021,GU,Guam,WPRO,597,13157,14,198
10/10/2021,GU,Guam,WPRO,524,13681,14,212
10/17/2021,GU,Guam,WPRO,349,14030,10,222
10/24/2021,GU,Guam,WPRO,315,14345,5,227
10/31/2021,GU,Guam,WPRO,369,14714,11,238
11/7/2021,GU,Guam,WPRO,193,14907,10,248
11/14/2021,GU,Guam,WPRO,72,14979,10,258
11/21/2021,GU,Guam,WPRO,83,15062,4,262
11/28/2021,GU,Guam,WPRO,59,15121,1,263
12/5/2021,GU,Guam,WPRO,57,15178,3,266
12/12/2021,GU,Guam,WPRO,17,15195,1,267
12/19/2021,GU,Guam,WPRO,45,15240,3,270
12/26/2021,GU,Guam,WPRO,20,15260,0,270
1/2/2022,GU,Guam,WPRO,146,15406,0,270
1/9/2022,GU,Guam,WPRO,612,16018,4,274
1/16/2022,GU,Guam,WPRO,1949,17967,0,274
1/23/2022,GU,Guam,WPRO,2600,20567,2,276
1/30/2022,GU,Guam,WPRO,5050,25617,9,285
2/6/2022,GU,Guam,WPRO,2620,28237,11,296
2/13/2022,GU,Guam,WPRO,5903,34140,10,306
2/20/2022,GU,Guam,WPRO,2078,36218,10,316
2/27/2022,GU,Guam,WPRO,1082,37300,6,322
3/6/2022,GU,Guam,WPRO,1062,38362,9,331
3/13/2022,GU,Guam,WPRO,653,39015,6,337
3/20/2022,GU,Guam,WPRO,356,39371,3,340
3/27/2022,GU,Guam,WPRO,273,39644,0,340
4/3/2022,GU,Guam,WPRO,266,39910,9,349
4/10/2022,GU,Guam,WPRO,143,40053,3,352
4/17/2022,GU,Guam,WPRO,0,40053,0,352
4/24/2022,GU,Guam,WPRO,318,40371,1,353
5/1/2022,GU,Guam,WPRO,186,40557,0,353
5/8/2022,GU,Guam,WPRO,166,40723,2,355
5/15/2022,GU,Guam,WPRO,151,40874,6,361
5/22/2022,GU,Guam,WPRO,153,41027,0,361
5/29/2022,GU,Guam,WPRO,240,41267,2,363
6/5/2022,GU,Guam,WPRO,283,41550,2,365
6/12/2022,GU,Guam,WPRO,479,42029,4,369
6/19/2022,GU,Guam,WPRO,534,42563,2,371
6/26/2022,GU,Guam,WPRO,510,43073,0,371
7/3/2022,GU,Guam,WPRO,656,43729,0,371
7/10/2022,GU,Guam,WPRO,603,44332,2,373
7/17/2022,GU,Guam,WPRO,582,44914,3,376
7/24/2022,GU,Guam,WPRO,448,45362,1,377
7/31/2022,GU,Guam,WPRO,819,46181,3,380
8/7/2022,GU,Guam,WPRO,618,46799,3,383
8/14/2022,GU,Guam,WPRO,572,47371,3,386
8/21/2022,GU,Guam,WPRO,448,47819,3,389
8/28/2022,GU,Guam,WPRO,367,48186,0,389
9/4/2022,GU,Guam,WPRO,202,48388,1,390
9/11/2022,GU,Guam,WPRO,236,48624,4,394
9/18/2022,GU,Guam,WPRO,218,48842,7,401
9/25/2022,GU,Guam,WPRO,28,48870,0,401
10/2/2022,GU,Guam,WPRO,85,48955,0,401
10/9/2022,GU,Guam,WPRO,54,49009,0,401
10/16/2022,GU,Guam,WPRO,0,49009,0,401
10/23/2022,GU,Guam,WPRO,8,49017,0,401
10/30/2022,GU,Guam,WPRO,110,49127,2,403
11/6/2022,GU,Guam,WPRO,47,49174,1,404
11/13/2022,GU,Guam,WPRO,61,49235,2,406
11/20/2022,GU,Guam,WPRO,128,49363,1,407
11/27/2022,GU,Guam,WPRO,214,49577,2,409
12/4/2022,GU,Guam,WPRO,0,49577,1,410
12/11/2022,GU,Guam,WPRO,123,49700,0,410
12/18/2022,GU,Guam,WPRO,107,49807,1,411
12/25/2022,GU,Guam,WPRO,131,49938,0,411
1/1/2023,GU,Guam,WPRO,64,50002,0,411
1/8/2023,GU,Guam,WPRO,0,50002,0,411
1/15/2023,GU,Guam,WPRO,403,50405,0,411
1/22/2023,GU,Guam,WPRO,37,50442,0,411
1/29/2023,GU,Guam,WPRO,193,50635,0,411
2/5/2023,GU,Guam,WPRO,90,50725,2,413
2/12/2023,GU,Guam,WPRO,59,50784,0,413
2/19/2023,GU,Guam,WPRO,33,50817,0,413
2/26/2023,GU,Guam,WPRO,23,50840,0,413
3/5/2023,GU,Guam,WPRO,29,50869,0,413
3/12/2023,GU,Guam,WPRO,45,50914,0,413
3/19/2023,GU,Guam,WPRO,41,50955,0,413
3/26/2023,GU,Guam,WPRO,19,50974,0,413
4/2/2023,GU,Guam,WPRO,31,51005,0,413
4/9/2023,GU,Guam,WPRO,12,51017,0,413
4/16/2023,GU,Guam,WPRO,45,51062,0,413
4/23/2023,GU,Guam,WPRO,48,51110,0,413
4/30/2023,GU,Guam,WPRO,69,51179,0,413
5/7/2023,GU,Guam,WPRO,61,51240,0,413
5/14/2023,GU,Guam,WPRO,105,51345,0,413
5/21/2023,GU,Guam,WPRO,95,51440,0,413
5/28/2023,GU,Guam,WPRO,0,51440,0,413
6/4/2023,GU,Guam,WPRO,53,51493,0,413
6/11/2023,GU,Guam,WPRO,24,51517,0,413
6/18/2023,GU,Guam,WPRO,32,51549,0,413
6/25/2023,GU,Guam,WPRO,74,51623,0,413
7/2/2023,GU,Guam,WPRO,52,51675,0,413
7/9/2023,GU,Guam,WPRO,56,51731,2,415
7/16/2023,GU,Guam,WPRO,7,51738,0,415
7/23/2023,GU,Guam,WPRO,31,51769,0,415
7/30/2023,GU,Guam,WPRO,17,51786,0,415
8/6/2023,GU,Guam,WPRO,0,51786,0,415
8/13/2023,GU,Guam,WPRO,42,51828,1,416
8/20/2023,GU,Guam,WPRO,17,51845,0,416
8/27/2023,GU,Guam,WPRO,0,51845,0,416
9/3/2023,GU,Guam,WPRO,88,51933,0,416
9/10/2023,GU,Guam,WPRO,26,51959,0,416
9/17/2023,GU,Guam,WPRO,0,51959,0,416
9/24/2023,GU,Guam,WPRO,41,52000,0,416
10/1/2023,GU,Guam,WPRO,17,52017,0,416
10/8/2023,GU,Guam,WPRO,15,52032,1,417
10/15/2023,GU,Guam,WPRO,0,52032,0,417
10/22/2023,GU,Guam,WPRO,18,52050,0,417
10/29/2023,GU,Guam,WPRO,10,52060,0,417
11/5/2023,GU,Guam,WPRO,15,52075,0,417
11/12/2023,GU,Guam,WPRO,4,52079,0,417
11/19/2023,GU,Guam,WPRO,102,52181,0,417
11/26/2023,GU,Guam,WPRO,6,52187,0,417
12/3/2023,GU,Guam,WPRO,0,52187,0,417
12/10/2023,GU,Guam,WPRO,0,52187,0,417
12/17/2023,GU,Guam,WPRO,0,52187,0,417
12/24/2023,GU,Guam,WPRO,0,52187,0,417
1/5/2020,GT,Guatemala,AMRO,0,0,0,0
1/12/2020,GT,Guatemala,AMRO,0,0,0,0
1/19/2020,GT,Guatemala,AMRO,0,0,0,0
1/26/2020,GT,Guatemala,AMRO,0,0,0,0
2/2/2020,GT,Guatemala,AMRO,0,0,0,0
2/9/2020,GT,Guatemala,AMRO,0,0,0,0
2/16/2020,GT,Guatemala,AMRO,0,0,0,0
2/23/2020,GT,Guatemala,AMRO,0,0,0,0
3/1/2020,GT,Guatemala,AMRO,0,0,0,0
3/8/2020,GT,Guatemala,AMRO,0,0,0,0
3/15/2020,GT,Guatemala,AMRO,1,1,0,0
3/22/2020,GT,Guatemala,AMRO,11,12,1,1
3/29/2020,GT,Guatemala,AMRO,65,77,0,1
4/5/2020,GT,Guatemala,AMRO,-27,50,0,1
4/12/2020,GT,Guatemala,AMRO,87,137,2,3
4/19/2020,GT,Guatemala,AMRO,98,235,4,7
4/26/2020,GT,Guatemala,AMRO,195,430,6,13
5/3/2020,GT,Guatemala,AMRO,214,644,5,18
5/10/2020,GT,Guatemala,AMRO,256,900,6,24
5/17/2020,GT,Guatemala,AMRO,743,1643,6,30
5/24/2020,GT,Guatemala,AMRO,1100,2743,23,53
5/31/2020,GT,Guatemala,AMRO,1864,4607,37,90
6/7/2020,GT,Guatemala,AMRO,1878,6485,126,216
6/14/2020,GT,Guatemala,AMRO,2497,8982,135,351
6/21/2020,GT,Guatemala,AMRO,3527,12509,132,483
6/28/2020,GT,Guatemala,AMRO,3319,15828,189,672
7/5/2020,GT,Guatemala,AMRO,5465,21293,208,880
7/12/2020,GT,Guatemala,AMRO,6326,27619,259,1139
7/19/2020,GT,Guatemala,AMRO,6190,33809,304,1443
7/26/2020,GT,Guatemala,AMRO,10683,44492,256,1699
8/2/2020,GT,Guatemala,AMRO,6487,50979,258,1957
8/9/2020,GT,Guatemala,AMRO,5210,56189,240,2197
8/16/2020,GT,Guatemala,AMRO,6124,62313,158,2355
8/23/2020,GT,Guatemala,AMRO,5543,67856,225,2580
8/30/2020,GT,Guatemala,AMRO,5823,73679,148,2728
9/6/2020,GT,Guatemala,AMRO,3802,77481,117,2845
9/13/2020,GT,Guatemala,AMRO,4177,81658,104,2949
9/20/2020,GT,Guatemala,AMRO,3494,85152,156,3105
9/27/2020,GT,Guatemala,AMRO,4550,89702,108,3213
10/4/2020,GT,Guatemala,AMRO,4046,93748,72,3285
10/11/2020,GT,Guatemala,AMRO,3796,97544,80,3365
10/18/2020,GT,Guatemala,AMRO,3484,101028,150,3515
10/25/2020,GT,Guatemala,AMRO,3604,104632,94,3609
11/1/2020,GT,Guatemala,AMRO,3307,107939,120,3729
11/8/2020,GT,Guatemala,AMRO,3111,111050,82,3811
11/15/2020,GT,Guatemala,AMRO,3669,114719,109,3920
11/22/2020,GT,Guatemala,AMRO,3698,118417,154,4074
11/29/2020,GT,Guatemala,AMRO,3381,121798,87,4161
12/6/2020,GT,Guatemala,AMRO,3554,125352,78,4239
12/13/2020,GT,Guatemala,AMRO,3747,129099,166,4405
12/20/2020,GT,Guatemala,AMRO,3496,132595,219,4624
12/27/2020,GT,Guatemala,AMRO,2576,135171,139,4763
1/3/2021,GT,Guatemala,AMRO,3145,138316,64,4827
1/10/2021,GT,Guatemala,AMRO,4811,143127,172,4999
1/17/2021,GT,Guatemala,AMRO,5471,148598,221,5220
1/24/2021,GT,Guatemala,AMRO,5292,153890,236,5456
1/31/2021,GT,Guatemala,AMRO,5228,159118,162,5618
2/7/2021,GT,Guatemala,AMRO,3819,162937,236,5854
2/14/2021,GT,Guatemala,AMRO,4134,167071,240,6094
2/21/2021,GT,Guatemala,AMRO,3860,170931,155,6249
2/28/2021,GT,Guatemala,AMRO,3404,174335,125,6374
3/7/2021,GT,Guatemala,AMRO,4002,178337,93,6467
3/14/2021,GT,Guatemala,AMRO,4342,182679,96,6563
3/21/2021,GT,Guatemala,AMRO,4980,187659,122,6685
3/28/2021,GT,Guatemala,AMRO,5391,193050,109,6794
4/4/2021,GT,Guatemala,AMRO,2189,195239,90,6884
4/11/2021,GT,Guatemala,AMRO,7401,202640,117,7001
4/18/2021,GT,Guatemala,AMRO,9667,212307,189,7190
4/25/2021,GT,Guatemala,AMRO,9000,221307,205,7395
5/2/2021,GT,Guatemala,AMRO,7170,228477,148,7543
5/9/2021,GT,Guatemala,AMRO,6406,234883,174,7717
5/16/2021,GT,Guatemala,AMRO,6234,241117,155,7872
5/23/2021,GT,Guatemala,AMRO,5989,247106,124,7996
5/30/2021,GT,Guatemala,AMRO,6731,253837,125,8121
6/6/2021,GT,Guatemala,AMRO,7555,261392,159,8280
6/13/2021,GT,Guatemala,AMRO,9739,271131,159,8439
6/20/2021,GT,Guatemala,AMRO,8816,279947,206,8645
6/27/2021,GT,Guatemala,AMRO,10905,290852,363,9008
7/4/2021,GT,Guatemala,AMRO,10337,301189,411,9419
7/11/2021,GT,Guatemala,AMRO,16122,317311,269,9688
7/18/2021,GT,Guatemala,AMRO,15815,333126,210,9898
7/25/2021,GT,Guatemala,AMRO,17690,350816,195,10093
8/1/2021,GT,Guatemala,AMRO,17668,368484,246,10339
8/8/2021,GT,Guatemala,AMRO,21026,389510,375,10714
8/15/2021,GT,Guatemala,AMRO,22221,411731,371,11085
8/22/2021,GT,Guatemala,AMRO,26188,437919,365,11450
8/29/2021,GT,Guatemala,AMRO,25834,463753,368,11818
9/5/2021,GT,Guatemala,AMRO,23066,486819,385,12203
9/12/2021,GT,Guatemala,AMRO,22835,509654,462,12665
9/19/2021,GT,Guatemala,AMRO,19768,529422,375,13040
9/26/2021,GT,Guatemala,AMRO,19182,548604,291,13331
10/3/2021,GT,Guatemala,AMRO,16962,565566,369,13700
10/10/2021,GT,Guatemala,AMRO,13243,578809,286,13986
10/17/2021,GT,Guatemala,AMRO,8878,587687,280,14266
10/24/2021,GT,Guatemala,AMRO,5772,593459,349,14615
10/31/2021,GT,Guatemala,AMRO,7943,601402,405,15020
11/7/2021,GT,Guatemala,AMRO,4013,605415,369,15389
11/14/2021,GT,Guatemala,AMRO,3721,609136,286,15675
11/21/2021,GT,Guatemala,AMRO,4577,613713,162,15837
11/28/2021,GT,Guatemala,AMRO,3782,617495,80,15917
12/5/2021,GT,Guatemala,AMRO,1545,619040,55,15972
12/12/2021,GT,Guatemala,AMRO,2804,621844,57,16029
12/19/2021,GT,Guatemala,AMRO,1605,623449,36,16065
12/26/2021,GT,Guatemala,AMRO,1580,625029,30,16095
1/2/2022,GT,Guatemala,AMRO,3330,628359,12,16107
1/9/2022,GT,Guatemala,AMRO,7254,635613,11,16118
1/16/2022,GT,Guatemala,AMRO,13334,648947,42,16160
1/23/2022,GT,Guatemala,AMRO,17070,666017,85,16245
1/30/2022,GT,Guatemala,AMRO,19525,685542,98,16343
2/6/2022,GT,Guatemala,AMRO,20072,705614,127,16470
2/13/2022,GT,Guatemala,AMRO,24363,729977,141,16611
2/20/2022,GT,Guatemala,AMRO,23304,753281,133,16744
2/27/2022,GT,Guatemala,AMRO,20294,773575,195,16939
3/6/2022,GT,Guatemala,AMRO,15779,789354,106,17045
3/13/2022,GT,Guatemala,AMRO,13390,802744,94,17139
3/20/2022,GT,Guatemala,AMRO,11367,814111,67,17206
3/27/2022,GT,Guatemala,AMRO,9034,823145,68,17274
4/3/2022,GT,Guatemala,AMRO,6736,829881,44,17318
4/10/2022,GT,Guatemala,AMRO,4600,834481,49,17367
4/17/2022,GT,Guatemala,AMRO,2896,837377,55,17422
4/24/2022,GT,Guatemala,AMRO,3964,841341,74,17496
5/1/2022,GT,Guatemala,AMRO,4527,845868,70,17566
5/8/2022,GT,Guatemala,AMRO,2939,848807,117,17683
5/15/2022,GT,Guatemala,AMRO,3070,851877,109,17792
5/22/2022,GT,Guatemala,AMRO,3925,855802,131,17923
5/29/2022,GT,Guatemala,AMRO,3509,859311,161,18084
6/5/2022,GT,Guatemala,AMRO,4284,863595,112,18196
6/12/2022,GT,Guatemala,AMRO,6050,869645,74,18270
6/19/2022,GT,Guatemala,AMRO,8756,878401,101,18371
6/26/2022,GT,Guatemala,AMRO,14670,893071,98,18469
7/3/2022,GT,Guatemala,AMRO,22250,915321,103,18572
7/10/2022,GT,Guatemala,AMRO,23979,939300,106,18678
7/17/2022,GT,Guatemala,AMRO,38239,977539,104,18782
7/24/2022,GT,Guatemala,AMRO,26772,1004311,99,18881
7/31/2022,GT,Guatemala,AMRO,33440,1037751,124,19005
8/7/2022,GT,Guatemala,AMRO,16376,1054127,91,19096
8/14/2022,GT,Guatemala,AMRO,16199,1070326,109,19205
8/21/2022,GT,Guatemala,AMRO,14792,1085118,134,19339
8/28/2022,GT,Guatemala,AMRO,11412,1096530,112,19451
9/4/2022,GT,Guatemala,AMRO,8006,1104536,116,19567
9/11/2022,GT,Guatemala,AMRO,6437,1110973,98,19665
9/18/2022,GT,Guatemala,AMRO,3830,1114803,37,19702
9/25/2022,GT,Guatemala,AMRO,4474,1119277,46,19748
10/2/2022,GT,Guatemala,AMRO,5190,1124467,47,19795
10/9/2022,GT,Guatemala,AMRO,4248,1128715,29,19824
10/16/2022,GT,Guatemala,AMRO,3977,1132692,24,19848
10/23/2022,GT,Guatemala,AMRO,2998,1135690,14,19862
10/30/2022,GT,Guatemala,AMRO,4155,1139845,20,19882
11/6/2022,GT,Guatemala,AMRO,2093,1141938,19,19901
11/13/2022,GT,Guatemala,AMRO,2833,1144771,15,19916
11/20/2022,GT,Guatemala,AMRO,2928,1147699,20,19936
11/27/2022,GT,Guatemala,AMRO,5099,1152798,8,19944
12/4/2022,GT,Guatemala,AMRO,5700,1158498,9,19953
12/11/2022,GT,Guatemala,AMRO,10137,1168635,8,19961
12/18/2022,GT,Guatemala,AMRO,13657,1182292,16,19977
12/25/2022,GT,Guatemala,AMRO,13352,1195644,13,19990
1/1/2023,GT,Guatemala,AMRO,7736,1203380,10,20000
1/8/2023,GT,Guatemala,AMRO,4534,1207914,7,20007
1/15/2023,GT,Guatemala,AMRO,9525,1217439,38,20045
1/22/2023,GT,Guatemala,AMRO,4570,1222009,24,20069
1/29/2023,GT,Guatemala,AMRO,4520,1226529,23,20092
2/5/2023,GT,Guatemala,AMRO,2644,1229173,28,20120
2/12/2023,GT,Guatemala,AMRO,2334,1231507,22,20142
2/19/2023,GT,Guatemala,AMRO,2072,1233579,13,20155
2/26/2023,GT,Guatemala,AMRO,1868,1235447,10,20165
3/5/2023,GT,Guatemala,AMRO,1888,1237335,12,20177
3/12/2023,GT,Guatemala,AMRO,1254,1238589,5,20182
3/19/2023,GT,Guatemala,AMRO,1791,1240380,1,20183
3/26/2023,GT,Guatemala,AMRO,1882,1242262,1,20184
4/2/2023,GT,Guatemala,AMRO,2550,1244812,3,20187
4/9/2023,GT,Guatemala,AMRO,0,1244812,0,20187
4/16/2023,GT,Guatemala,AMRO,1918,1246730,2,20189
4/23/2023,GT,Guatemala,AMRO,691,1247421,0,20189
4/30/2023,GT,Guatemala,AMRO,750,1248171,0,20189
5/7/2023,GT,Guatemala,AMRO,652,1248823,7,20196
5/14/2023,GT,Guatemala,AMRO,1445,1250268,3,20199
5/21/2023,GT,Guatemala,AMRO,0,1250268,0,20199
5/28/2023,GT,Guatemala,AMRO,2,1250270,0,20199
6/4/2023,GT,Guatemala,AMRO,2,1250272,0,20199
6/11/2023,GT,Guatemala,AMRO,3,1250275,0,20199
6/18/2023,GT,Guatemala,AMRO,1,1250276,0,20199
6/25/2023,GT,Guatemala,AMRO,0,1250276,0,20199
7/2/2023,GT,Guatemala,AMRO,2,1250278,1,20200
7/9/2023,GT,Guatemala,AMRO,2,1250280,0,20200
7/16/2023,GT,Guatemala,AMRO,3,1250283,0,20200
7/23/2023,GT,Guatemala,AMRO,3,1250286,0,20200
7/30/2023,GT,Guatemala,AMRO,2,1250288,0,20200
8/6/2023,GT,Guatemala,AMRO,3,1250291,1,20201
8/13/2023,GT,Guatemala,AMRO,1,1250292,0,20201
8/20/2023,GT,Guatemala,AMRO,4,1250296,0,20201
8/27/2023,GT,Guatemala,AMRO,1,1250297,0,20201
9/3/2023,GT,Guatemala,AMRO,2,1250299,0,20201
9/10/2023,GT,Guatemala,AMRO,1,1250300,0,20201
9/17/2023,GT,Guatemala,AMRO,0,1250300,0,20201
9/24/2023,GT,Guatemala,AMRO,1,1250301,0,20201
10/1/2023,GT,Guatemala,AMRO,0,1250301,0,20201
10/8/2023,GT,Guatemala,AMRO,0,1250301,0,20201
10/15/2023,GT,Guatemala,AMRO,0,1250301,0,20201
10/22/2023,GT,Guatemala,AMRO,0,1250301,0,20201
10/29/2023,GT,Guatemala,AMRO,0,1250301,0,20201
11/5/2023,GT,Guatemala,AMRO,0,1250301,0,20201
11/12/2023,GT,Guatemala,AMRO,1,1250302,0,20201
11/19/2023,GT,Guatemala,AMRO,0,1250302,0,20201
11/26/2023,GT,Guatemala,AMRO,0,1250302,0,20201
12/3/2023,GT,Guatemala,AMRO,2,1250304,0,20201
12/10/2023,GT,Guatemala,AMRO,0,1250304,0,20201
12/17/2023,GT,Guatemala,AMRO,0,1250304,0,20201
12/24/2023,GT,Guatemala,AMRO,0,1250304,0,20201
1/5/2020,GG,Guernsey,,0,0,0,0
1/12/2020,GG,Guernsey,,0,0,0,0
1/19/2020,GG,Guernsey,,0,0,0,0
1/26/2020,GG,Guernsey,,0,0,0,0
2/2/2020,GG,Guernsey,,0,0,0,0
2/9/2020,GG,Guernsey,,0,0,0,0
2/16/2020,GG,Guernsey,,0,0,0,0
2/23/2020,GG,Guernsey,,0,0,0,0
3/1/2020,GG,Guernsey,,0,0,0,0
3/8/2020,GG,Guernsey,,1,1,0,0
3/15/2020,GG,Guernsey,,0,1,0,0
3/22/2020,GG,Guernsey,,22,23,0,0
3/29/2020,GG,Guernsey,,23,46,0,0
4/5/2020,GG,Guernsey,,81,127,4,4
4/12/2020,GG,Guernsey,,82,209,5,9
4/19/2020,GG,Guernsey,,30,239,4,13
4/26/2020,GG,Guernsey,,6,245,3,16
5/3/2020,GG,Guernsey,,7,252,0,16
5/10/2020,GG,Guernsey,,0,252,0,16
5/17/2020,GG,Guernsey,,0,252,0,16
5/24/2020,GG,Guernsey,,0,252,0,16
5/31/2020,GG,Guernsey,,0,252,0,16
6/7/2020,GG,Guernsey,,0,252,0,16
6/14/2020,GG,Guernsey,,0,252,0,16
6/21/2020,GG,Guernsey,,0,252,0,16
6/28/2020,GG,Guernsey,,0,252,0,16
7/5/2020,GG,Guernsey,,0,252,0,16
7/12/2020,GG,Guernsey,,0,252,0,16
7/19/2020,GG,Guernsey,,0,252,0,16
7/26/2020,GG,Guernsey,,0,252,0,16
8/2/2020,GG,Guernsey,,0,252,0,16
8/9/2020,GG,Guernsey,,0,252,0,16
8/16/2020,GG,Guernsey,,0,252,0,16
8/23/2020,GG,Guernsey,,0,252,0,16
8/30/2020,GG,Guernsey,,0,252,0,16
9/6/2020,GG,Guernsey,,1,253,0,16
9/13/2020,GG,Guernsey,,1,254,0,16
9/20/2020,GG,Guernsey,,1,255,0,16
9/27/2020,GG,Guernsey,,2,257,0,16
10/4/2020,GG,Guernsey,,0,257,0,16
10/11/2020,GG,Guernsey,,1,258,0,16
10/18/2020,GG,Guernsey,,0,258,0,16
10/25/2020,GG,Guernsey,,7,265,0,16
11/1/2020,GG,Guernsey,,3,268,0,16
11/8/2020,GG,Guernsey,,11,279,0,16
11/15/2020,GG,Guernsey,,3,282,0,16
11/22/2020,GG,Guernsey,,1,283,0,16
11/29/2020,GG,Guernsey,,3,286,0,16
12/6/2020,GG,Guernsey,,2,288,0,16
12/13/2020,GG,Guernsey,,1,289,0,16
12/20/2020,GG,Guernsey,,3,292,0,16
12/27/2020,GG,Guernsey,,5,297,0,16
1/3/2021,GG,Guernsey,,2,299,0,16
1/10/2021,GG,Guernsey,,5,304,0,16
1/17/2021,GG,Guernsey,,5,309,0,16
1/24/2021,GG,Guernsey,,5,314,0,16
1/31/2021,GG,Guernsey,,179,493,0,16
2/7/2021,GG,Guernsey,,218,711,0,16
2/14/2021,GG,Guernsey,,78,789,1,17
2/21/2021,GG,Guernsey,,23,812,0,17
2/28/2021,GG,Guernsey,,9,821,0,17
3/7/2021,GG,Guernsey,,0,821,0,17
3/14/2021,GG,Guernsey,,0,821,0,17
3/21/2021,GG,Guernsey,,0,821,0,17
3/28/2021,GG,Guernsey,,0,821,0,17
4/4/2021,GG,Guernsey,,0,821,0,17
4/11/2021,GG,Guernsey,,0,821,0,17
4/18/2021,GG,Guernsey,,1,822,0,17
4/25/2021,GG,Guernsey,,0,822,0,17
5/2/2021,GG,Guernsey,,0,822,0,17
5/9/2021,GG,Guernsey,,0,822,0,17
5/16/2021,GG,Guernsey,,0,822,0,17
5/23/2021,GG,Guernsey,,0,822,0,17
5/30/2021,GG,Guernsey,,0,822,0,17
6/6/2021,GG,Guernsey,,1,823,0,17
6/13/2021,GG,Guernsey,,0,823,0,17
6/20/2021,GG,Guernsey,,3,826,0,17
6/27/2021,GG,Guernsey,,8,834,0,17
7/4/2021,GG,Guernsey,,13,847,0,17
7/11/2021,GG,Guernsey,,8,855,0,17
7/18/2021,GG,Guernsey,,27,882,0,17
7/25/2021,GG,Guernsey,,43,925,0,17
8/1/2021,GG,Guernsey,,29,954,0,17
8/8/2021,GG,Guernsey,,46,1000,1,18
8/15/2021,GG,Guernsey,,71,1071,0,18
8/22/2021,GG,Guernsey,,90,1161,0,18
8/29/2021,GG,Guernsey,,89,1250,0,18
9/5/2021,GG,Guernsey,,93,1343,0,18
9/12/2021,GG,Guernsey,,86,1429,0,18
9/19/2021,GG,Guernsey,,80,1509,3,21
9/26/2021,GG,Guernsey,,53,1562,0,21
10/3/2021,GG,Guernsey,,69,1631,0,21
10/10/2021,GG,Guernsey,,59,1690,0,21
10/17/2021,GG,Guernsey,,145,1835,0,21
10/24/2021,GG,Guernsey,,166,2001,1,22
10/31/2021,GG,Guernsey,,133,2134,1,23
11/7/2021,GG,Guernsey,,203,2337,0,23
11/14/2021,GG,Guernsey,,341,2678,0,23
11/21/2021,GG,Guernsey,,423,3101,0,23
11/28/2021,GG,Guernsey,,646,3747,0,23
12/5/2021,GG,Guernsey,,777,4524,0,23
12/12/2021,GG,Guernsey,,560,5084,0,23
12/19/2021,GG,Guernsey,,578,5662,0,23
12/26/2021,GG,Guernsey,,984,6646,0,23
1/2/2022,GG,Guernsey,,1683,8329,1,24
1/9/2022,GG,Guernsey,,1363,9692,4,28
1/16/2022,GG,Guernsey,,679,10371,2,30
1/23/2022,GG,Guernsey,,318,10689,0,30
1/30/2022,GG,Guernsey,,447,11136,0,30
2/6/2022,GG,Guernsey,,641,11777,1,31
2/13/2022,GG,Guernsey,,757,12534,0,31
2/20/2022,GG,Guernsey,,686,13220,3,34
2/27/2022,GG,Guernsey,,508,13728,1,35
3/6/2022,GG,Guernsey,,931,14659,0,35
3/13/2022,GG,Guernsey,,1196,15855,0,35
3/20/2022,GG,Guernsey,,2077,17932,1,36
3/27/2022,GG,Guernsey,,2936,20868,0,36
4/3/2022,GG,Guernsey,,1389,22257,0,36
4/10/2022,GG,Guernsey,,767,23024,3,39
4/17/2022,GG,Guernsey,,660,23684,0,39
4/24/2022,GG,Guernsey,,517,24201,0,39
5/1/2022,GG,Guernsey,,372,24573,0,39
5/8/2022,GG,Guernsey,,259,24832,2,41
5/15/2022,GG,Guernsey,,283,25115,1,42
5/22/2022,GG,Guernsey,,258,25373,1,43
5/29/2022,GG,Guernsey,,251,25624,0,43
6/5/2022,GG,Guernsey,,124,25748,0,43
6/12/2022,GG,Guernsey,,171,25919,0,43
6/19/2022,GG,Guernsey,,257,26176,0,43
6/26/2022,GG,Guernsey,,365,26541,0,43
7/3/2022,GG,Guernsey,,560,27101,1,44
7/10/2022,GG,Guernsey,,997,28098,1,45
7/17/2022,GG,Guernsey,,947,29045,1,46
7/24/2022,GG,Guernsey,,556,29601,4,50
7/31/2022,GG,Guernsey,,323,29924,0,50
8/7/2022,GG,Guernsey,,274,30198,3,53
8/14/2022,GG,Guernsey,,167,30365,2,55
8/21/2022,GG,Guernsey,,154,30519,0,55
8/28/2022,GG,Guernsey,,132,30651,0,55
9/4/2022,GG,Guernsey,,116,30767,0,55
9/11/2022,GG,Guernsey,,116,30883,0,55
9/18/2022,GG,Guernsey,,109,30992,0,55
9/25/2022,GG,Guernsey,,107,31099,0,55
10/2/2022,GG,Guernsey,,210,31309,1,56
10/9/2022,GG,Guernsey,,236,31545,0,56
10/16/2022,GG,Guernsey,,291,31836,0,56
10/23/2022,GG,Guernsey,,282,32118,0,56
10/30/2022,GG,Guernsey,,206,32324,1,57
11/6/2022,GG,Guernsey,,142,32466,0,57
11/13/2022,GG,Guernsey,,96,32562,1,58
11/20/2022,GG,Guernsey,,104,32666,0,58
11/27/2022,GG,Guernsey,,100,32766,0,58
12/4/2022,GG,Guernsey,,134,32900,0,58
12/11/2022,GG,Guernsey,,180,33080,1,59
12/18/2022,GG,Guernsey,,369,33449,0,59
12/25/2022,GG,Guernsey,,345,33794,1,60
1/1/2023,GG,Guernsey,,323,34117,1,61
1/8/2023,GG,Guernsey,,280,34397,1,62
1/15/2023,GG,Guernsey,,167,34564,0,62
1/22/2023,GG,Guernsey,,108,34672,4,66
1/29/2023,GG,Guernsey,,43,34715,0,66
2/5/2023,GG,Guernsey,,54,34769,0,66
2/12/2023,GG,Guernsey,,45,34814,0,66
2/19/2023,GG,Guernsey,,53,34867,0,66
2/26/2023,GG,Guernsey,,62,34929,0,66
3/5/2023,GG,Guernsey,,62,34991,0,66
3/12/2023,GG,Guernsey,,67,35058,0,66
3/19/2023,GG,Guernsey,,81,35139,1,67
3/26/2023,GG,Guernsey,,96,35235,0,67
4/2/2023,GG,Guernsey,,0,35235,0,67
4/9/2023,GG,Guernsey,,0,35235,0,67
4/16/2023,GG,Guernsey,,91,35326,0,67
4/23/2023,GG,Guernsey,,0,35326,0,67
4/30/2023,GG,Guernsey,,0,35326,0,67
5/7/2023,GG,Guernsey,,0,35326,0,67
5/14/2023,GG,Guernsey,,0,35326,0,67
5/21/2023,GG,Guernsey,,0,35326,0,67
5/28/2023,GG,Guernsey,,0,35326,0,67
6/4/2023,GG,Guernsey,,0,35326,0,67
6/11/2023,GG,Guernsey,,0,35326,0,67
6/18/2023,GG,Guernsey,,0,35326,0,67
6/25/2023,GG,Guernsey,,0,35326,0,67
7/2/2023,GG,Guernsey,,0,35326,0,67
7/9/2023,GG,Guernsey,,0,35326,0,67
7/16/2023,GG,Guernsey,,0,35326,0,67
7/23/2023,GG,Guernsey,,0,35326,0,67
7/30/2023,GG,Guernsey,,0,35326,0,67
8/6/2023,GG,Guernsey,,0,35326,0,67
8/13/2023,GG,Guernsey,,0,35326,0,67
8/20/2023,GG,Guernsey,,0,35326,0,67
8/27/2023,GG,Guernsey,,0,35326,0,67
9/3/2023,GG,Guernsey,,0,35326,0,67
9/10/2023,GG,Guernsey,,0,35326,0,67
9/17/2023,GG,Guernsey,,0,35326,0,67
9/24/2023,GG,Guernsey,,0,35326,0,67
10/1/2023,GG,Guernsey,,0,35326,0,67
10/8/2023,GG,Guernsey,,0,35326,0,67
10/15/2023,GG,Guernsey,,0,35326,0,67
10/22/2023,GG,Guernsey,,0,35326,0,67
10/29/2023,GG,Guernsey,,0,35326,0,67
11/5/2023,GG,Guernsey,,0,35326,0,67
11/12/2023,GG,Guernsey,,0,35326,0,67
11/19/2023,GG,Guernsey,,0,35326,0,67
11/26/2023,GG,Guernsey,,0,35326,0,67
12/3/2023,GG,Guernsey,,0,35326,0,67
12/10/2023,GG,Guernsey,,0,35326,0,67
12/17/2023,GG,Guernsey,,0,35326,0,67
12/24/2023,GG,Guernsey,,0,35326,0,67
1/5/2020,GN,Guinea,AFRO,0,0,0,0
1/12/2020,GN,Guinea,AFRO,0,0,0,0
1/19/2020,GN,Guinea,AFRO,0,0,0,0
1/26/2020,GN,Guinea,AFRO,0,0,0,0
2/2/2020,GN,Guinea,AFRO,0,0,0,0
2/9/2020,GN,Guinea,AFRO,0,0,0,0
2/16/2020,GN,Guinea,AFRO,0,0,0,0
2/23/2020,GN,Guinea,AFRO,0,0,0,0
3/1/2020,GN,Guinea,AFRO,0,0,0,0
3/8/2020,GN,Guinea,AFRO,0,0,0,0
3/15/2020,GN,Guinea,AFRO,1,1,0,0
3/22/2020,GN,Guinea,AFRO,3,4,0,0
3/29/2020,GN,Guinea,AFRO,5,9,0,0
4/5/2020,GN,Guinea,AFRO,112,121,0,0
4/12/2020,GN,Guinea,AFRO,129,250,0,0
4/19/2020,GN,Guinea,AFRO,227,477,4,4
4/26/2020,GN,Guinea,AFRO,617,1094,4,8
5/3/2020,GN,Guinea,AFRO,492,1586,0,8
5/10/2020,GN,Guinea,AFRO,456,2042,4,12
5/17/2020,GN,Guinea,AFRO,621,2663,4,16
5/24/2020,GN,Guinea,AFRO,513,3176,4,20
5/31/2020,GN,Guinea,AFRO,530,3706,3,23
6/7/2020,GN,Guinea,AFRO,411,4117,0,23
6/14/2020,GN,Guinea,AFRO,367,4484,2,25
6/21/2020,GN,Guinea,AFRO,476,4960,2,27
6/28/2020,GN,Guinea,AFRO,331,5291,3,30
7/5/2020,GN,Guinea,AFRO,279,5570,4,34
7/12/2020,GN,Guinea,AFRO,571,6141,3,37
7/19/2020,GN,Guinea,AFRO,350,6491,2,39
7/26/2020,GN,Guinea,AFRO,436,6927,3,42
8/2/2020,GN,Guinea,AFRO,381,7308,4,46
8/9/2020,GN,Guinea,AFRO,567,7875,4,50
8/16/2020,GN,Guinea,AFRO,468,8343,0,50
8/23/2020,GN,Guinea,AFRO,624,8967,3,53
8/30/2020,GN,Guinea,AFRO,284,9251,6,59
9/6/2020,GN,Guinea,AFRO,471,9722,2,61
9/13/2020,GN,Guinea,AFRO,298,10020,2,63
9/20/2020,GN,Guinea,AFRO,266,10286,0,63
9/27/2020,GN,Guinea,AFRO,262,10548,3,66
10/4/2020,GN,Guinea,AFRO,206,10754,0,66
10/11/2020,GN,Guinea,AFRO,268,11022,3,69
10/18/2020,GN,Guinea,AFRO,456,11478,1,70
10/25/2020,GN,Guinea,AFRO,191,11669,1,71
11/1/2020,GN,Guinea,AFRO,403,12072,1,72
11/8/2020,GN,Guinea,AFRO,342,12414,2,74
11/15/2020,GN,Guinea,AFRO,197,12611,1,75
11/22/2020,GN,Guinea,AFRO,215,12826,0,75
11/29/2020,GN,Guinea,AFRO,213,13039,1,76
12/6/2020,GN,Guinea,AFRO,194,13233,0,76
12/13/2020,GN,Guinea,AFRO,187,13420,3,79
12/20/2020,GN,Guinea,AFRO,125,13545,1,80
12/27/2020,GN,Guinea,AFRO,129,13674,0,80
1/3/2021,GN,Guinea,AFRO,110,13784,1,81
1/10/2021,GN,Guinea,AFRO,158,13942,0,81
1/17/2021,GN,Guinea,AFRO,172,14114,0,81
1/24/2021,GN,Guinea,AFRO,205,14319,0,81
1/31/2021,GN,Guinea,AFRO,213,14532,1,82
2/7/2021,GN,Guinea,AFRO,155,14687,2,84
2/14/2021,GN,Guinea,AFRO,259,14946,0,84
2/21/2021,GN,Guinea,AFRO,449,15395,2,86
2/28/2021,GN,Guinea,AFRO,597,15992,3,89
3/7/2021,GN,Guinea,AFRO,833,16825,2,91
3/14/2021,GN,Guinea,AFRO,767,17592,9,100
3/21/2021,GN,Guinea,AFRO,1125,18717,10,110
3/28/2021,GN,Guinea,AFRO,953,19670,10,120
4/4/2021,GN,Guinea,AFRO,735,20405,10,130
4/11/2021,GN,Guinea,AFRO,544,20949,4,134
4/18/2021,GN,Guinea,AFRO,511,21460,4,138
4/25/2021,GN,Guinea,AFRO,493,21953,2,140
5/2/2021,GN,Guinea,AFRO,351,22304,5,145
5/9/2021,GN,Guinea,AFRO,329,22633,5,150
5/16/2021,GN,Guinea,AFRO,113,22746,1,151
5/23/2021,GN,Guinea,AFRO,242,22988,7,158
5/30/2021,GN,Guinea,AFRO,184,23172,3,161
6/6/2021,GN,Guinea,AFRO,83,23255,1,162
6/13/2021,GN,Guinea,AFRO,134,23389,5,167
6/20/2021,GN,Guinea,AFRO,61,23450,0,167
6/27/2021,GN,Guinea,AFRO,242,23692,1,168
7/4/2021,GN,Guinea,AFRO,179,23871,5,173
7/11/2021,GN,Guinea,AFRO,263,24134,6,179
7/18/2021,GN,Guinea,AFRO,577,24711,11,190
7/25/2021,GN,Guinea,AFRO,282,24993,8,198
8/1/2021,GN,Guinea,AFRO,921,25914,34,232
8/8/2021,GN,Guinea,AFRO,1055,26969,28,260
8/15/2021,GN,Guinea,AFRO,1149,28118,32,292
8/22/2021,GN,Guinea,AFRO,684,28802,22,314
8/29/2021,GN,Guinea,AFRO,598,29400,21,335
9/5/2021,GN,Guinea,AFRO,464,29864,20,355
9/12/2021,GN,Guinea,AFRO,183,30047,13,368
9/19/2021,GN,Guinea,AFRO,89,30136,2,370
9/26/2021,GN,Guinea,AFRO,228,30364,8,378
10/3/2021,GN,Guinea,AFRO,81,30445,3,381
10/10/2021,GN,Guinea,AFRO,34,30479,2,383
10/17/2021,GN,Guinea,AFRO,93,30572,2,385
10/24/2021,GN,Guinea,AFRO,54,30626,0,385
10/31/2021,GN,Guinea,AFRO,27,30653,0,385
11/7/2021,GN,Guinea,AFRO,28,30681,0,385
11/14/2021,GN,Guinea,AFRO,34,30715,2,387
11/21/2021,GN,Guinea,AFRO,0,30715,0,387
11/28/2021,GN,Guinea,AFRO,48,30763,0,387
12/5/2021,GN,Guinea,AFRO,35,30798,1,388
12/12/2021,GN,Guinea,AFRO,15,30813,0,388
12/19/2021,GN,Guinea,AFRO,1,30814,0,388
12/26/2021,GN,Guinea,AFRO,316,31130,1,389
1/2/2022,GN,Guinea,AFRO,1737,32867,2,391
1/9/2022,GN,Guinea,AFRO,1806,34673,9,400
1/16/2022,GN,Guinea,AFRO,929,35602,8,408
1/23/2022,GN,Guinea,AFRO,306,35908,8,416
1/30/2022,GN,Guinea,AFRO,105,36013,0,416
2/6/2022,GN,Guinea,AFRO,257,36270,16,432
2/13/2022,GN,Guinea,AFRO,59,36329,4,436
2/20/2022,GN,Guinea,AFRO,25,36354,2,438
2/27/2022,GN,Guinea,AFRO,39,36393,2,440
3/6/2022,GN,Guinea,AFRO,4,36397,0,440
3/13/2022,GN,Guinea,AFRO,30,36427,0,440
3/20/2022,GN,Guinea,AFRO,28,36455,0,440
3/27/2022,GN,Guinea,AFRO,4,36459,0,440
4/3/2022,GN,Guinea,AFRO,43,36502,0,440
4/10/2022,GN,Guinea,AFRO,0,36502,0,440
4/17/2022,GN,Guinea,AFRO,38,36540,1,441
4/24/2022,GN,Guinea,AFRO,9,36549,1,442
5/1/2022,GN,Guinea,AFRO,0,36549,0,442
5/8/2022,GN,Guinea,AFRO,48,36597,0,442
5/15/2022,GN,Guinea,AFRO,64,36661,0,442
5/22/2022,GN,Guinea,AFRO,38,36699,0,442
5/29/2022,GN,Guinea,AFRO,65,36764,0,442
6/5/2022,GN,Guinea,AFRO,53,36817,0,442
6/12/2022,GN,Guinea,AFRO,56,36873,0,442
6/19/2022,GN,Guinea,AFRO,151,37024,0,442
6/26/2022,GN,Guinea,AFRO,99,37123,1,443
7/3/2022,GN,Guinea,AFRO,150,37273,0,443
7/10/2022,GN,Guinea,AFRO,78,37351,2,445
7/17/2022,GN,Guinea,AFRO,18,37369,0,445
7/24/2022,GN,Guinea,AFRO,39,37408,0,445
7/31/2022,GN,Guinea,AFRO,21,37429,0,445
8/7/2022,GN,Guinea,AFRO,41,37470,2,447
8/14/2022,GN,Guinea,AFRO,0,37470,0,447
8/21/2022,GN,Guinea,AFRO,0,37470,0,447
8/28/2022,GN,Guinea,AFRO,97,37567,1,448
9/4/2022,GN,Guinea,AFRO,85,37652,1,449
9/11/2022,GN,Guinea,AFRO,78,37730,0,449
9/18/2022,GN,Guinea,AFRO,99,37829,1,450
9/25/2022,GN,Guinea,AFRO,80,37909,3,453
10/2/2022,GN,Guinea,AFRO,41,37950,2,455
10/9/2022,GN,Guinea,AFRO,49,37999,1,456
10/16/2022,GN,Guinea,AFRO,48,38047,0,456
10/23/2022,GN,Guinea,AFRO,43,38090,2,458
10/30/2022,GN,Guinea,AFRO,32,38122,0,458
11/6/2022,GN,Guinea,AFRO,0,38122,0,458
11/13/2022,GN,Guinea,AFRO,31,38153,6,464
11/20/2022,GN,Guinea,AFRO,9,38162,1,465
11/27/2022,GN,Guinea,AFRO,14,38176,0,465
12/4/2022,GN,Guinea,AFRO,15,38191,0,465
12/11/2022,GN,Guinea,AFRO,10,38201,0,465
12/18/2022,GN,Guinea,AFRO,9,38210,1,466
12/25/2022,GN,Guinea,AFRO,1,38211,0,466
1/1/2023,GN,Guinea,AFRO,13,38224,1,467
1/8/2023,GN,Guinea,AFRO,1,38225,0,467
1/15/2023,GN,Guinea,AFRO,15,38240,0,467
1/22/2023,GN,Guinea,AFRO,10,38250,0,467
1/29/2023,GN,Guinea,AFRO,5,38255,0,467
2/5/2023,GN,Guinea,AFRO,12,38267,0,467
2/12/2023,GN,Guinea,AFRO,0,38267,0,467
2/19/2023,GN,Guinea,AFRO,13,38280,0,467
2/26/2023,GN,Guinea,AFRO,0,38280,0,467
3/5/2023,GN,Guinea,AFRO,0,38280,0,467
3/12/2023,GN,Guinea,AFRO,0,38280,0,467
3/19/2023,GN,Guinea,AFRO,102,38382,0,467
3/26/2023,GN,Guinea,AFRO,18,38400,0,467
4/2/2023,GN,Guinea,AFRO,30,38430,0,467
4/9/2023,GN,Guinea,AFRO,32,38462,0,467
4/16/2023,GN,Guinea,AFRO,57,38519,1,468
4/23/2023,GN,Guinea,AFRO,28,38547,0,468
4/30/2023,GN,Guinea,AFRO,16,38563,0,468
5/7/2023,GN,Guinea,AFRO,0,38563,0,468
5/14/2023,GN,Guinea,AFRO,0,38563,0,468
5/21/2023,GN,Guinea,AFRO,0,38563,0,468
5/28/2023,GN,Guinea,AFRO,0,38563,0,468
6/4/2023,GN,Guinea,AFRO,0,38563,0,468
6/11/2023,GN,Guinea,AFRO,0,38563,0,468
6/18/2023,GN,Guinea,AFRO,0,38563,0,468
6/25/2023,GN,Guinea,AFRO,0,38563,0,468
7/2/2023,GN,Guinea,AFRO,0,38563,0,468
7/9/2023,GN,Guinea,AFRO,0,38563,0,468
7/16/2023,GN,Guinea,AFRO,0,38563,0,468
7/23/2023,GN,Guinea,AFRO,0,38563,0,468
7/30/2023,GN,Guinea,AFRO,0,38563,0,468
8/6/2023,GN,Guinea,AFRO,0,38563,0,468
8/13/2023,GN,Guinea,AFRO,0,38563,0,468
8/20/2023,GN,Guinea,AFRO,0,38563,0,468
8/27/2023,GN,Guinea,AFRO,0,38563,0,468
9/3/2023,GN,Guinea,AFRO,0,38563,0,468
9/10/2023,GN,Guinea,AFRO,0,38563,0,468
9/17/2023,GN,Guinea,AFRO,0,38563,0,468
9/24/2023,GN,Guinea,AFRO,0,38563,0,468
10/1/2023,GN,Guinea,AFRO,0,38563,0,468
10/8/2023,GN,Guinea,AFRO,0,38563,0,468
10/15/2023,GN,Guinea,AFRO,3,38566,0,468
10/22/2023,GN,Guinea,AFRO,1,38567,0,468
10/29/2023,GN,Guinea,AFRO,1,38568,0,468
11/5/2023,GN,Guinea,AFRO,4,38572,0,468
11/12/2023,GN,Guinea,AFRO,0,38572,0,468
11/19/2023,GN,Guinea,AFRO,0,38572,0,468
11/26/2023,GN,Guinea,AFRO,0,38572,0,468
12/3/2023,GN,Guinea,AFRO,0,38572,0,468
12/10/2023,GN,Guinea,AFRO,0,38572,0,468
12/17/2023,GN,Guinea,AFRO,0,38572,0,468
12/24/2023,GN,Guinea,AFRO,0,38572,0,468
1/5/2020,GW,Guinea-Bissau,AFRO,0,0,0,0
1/12/2020,GW,Guinea-Bissau,AFRO,0,0,0,0
1/19/2020,GW,Guinea-Bissau,AFRO,0,0,0,0
1/26/2020,GW,Guinea-Bissau,AFRO,0,0,0,0
2/2/2020,GW,Guinea-Bissau,AFRO,0,0,0,0
2/9/2020,GW,Guinea-Bissau,AFRO,0,0,0,0
2/16/2020,GW,Guinea-Bissau,AFRO,0,0,0,0
2/23/2020,GW,Guinea-Bissau,AFRO,0,0,0,0
3/1/2020,GW,Guinea-Bissau,AFRO,0,0,0,0
3/8/2020,GW,Guinea-Bissau,AFRO,0,0,0,0
3/15/2020,GW,Guinea-Bissau,AFRO,0,0,0,0
3/22/2020,GW,Guinea-Bissau,AFRO,0,0,0,0
3/29/2020,GW,Guinea-Bissau,AFRO,2,2,0,0
4/5/2020,GW,Guinea-Bissau,AFRO,16,18,0,0
4/12/2020,GW,Guinea-Bissau,AFRO,21,39,0,0
4/19/2020,GW,Guinea-Bissau,AFRO,11,50,0,0
4/26/2020,GW,Guinea-Bissau,AFRO,2,52,0,0
5/3/2020,GW,Guinea-Bissau,AFRO,208,260,2,2
5/10/2020,GW,Guinea-Bissau,AFRO,382,642,1,3
5/17/2020,GW,Guinea-Bissau,AFRO,271,913,0,3
5/24/2020,GW,Guinea-Bissau,AFRO,201,1114,3,6
5/31/2020,GW,Guinea-Bissau,AFRO,142,1256,2,8
6/7/2020,GW,Guinea-Bissau,AFRO,112,1368,4,12
6/14/2020,GW,Guinea-Bissau,AFRO,115,1483,3,15
6/21/2020,GW,Guinea-Bissau,AFRO,58,1541,2,17
6/28/2020,GW,Guinea-Bissau,AFRO,73,1614,4,21
7/5/2020,GW,Guinea-Bissau,AFRO,176,1790,4,25
7/12/2020,GW,Guinea-Bissau,AFRO,52,1842,0,25
7/19/2020,GW,Guinea-Bissau,AFRO,108,1950,1,26
7/26/2020,GW,Guinea-Bissau,AFRO,4,1954,0,26
8/2/2020,GW,Guinea-Bissau,AFRO,27,1981,1,27
8/9/2020,GW,Guinea-Bissau,AFRO,71,2052,2,29
8/16/2020,GW,Guinea-Bissau,AFRO,65,2117,4,33
8/23/2020,GW,Guinea-Bissau,AFRO,32,2149,0,33
8/30/2020,GW,Guinea-Bissau,AFRO,0,2149,0,33
9/6/2020,GW,Guinea-Bissau,AFRO,96,2245,5,38
9/13/2020,GW,Guinea-Bissau,AFRO,30,2275,1,39
9/20/2020,GW,Guinea-Bissau,AFRO,28,2303,0,39
9/27/2020,GW,Guinea-Bissau,AFRO,21,2324,0,39
10/4/2020,GW,Guinea-Bissau,AFRO,38,2362,0,39
10/11/2020,GW,Guinea-Bissau,AFRO,23,2385,1,40
10/18/2020,GW,Guinea-Bissau,AFRO,18,2403,1,41
10/25/2020,GW,Guinea-Bissau,AFRO,0,2403,0,41
11/1/2020,GW,Guinea-Bissau,AFRO,10,2413,0,41
11/8/2020,GW,Guinea-Bissau,AFRO,1,2414,1,42
11/15/2020,GW,Guinea-Bissau,AFRO,5,2419,1,43
11/22/2020,GW,Guinea-Bissau,AFRO,2,2421,0,43
11/29/2020,GW,Guinea-Bissau,AFRO,1,2422,0,43
12/6/2020,GW,Guinea-Bissau,AFRO,19,2441,1,44
12/13/2020,GW,Guinea-Bissau,AFRO,3,2444,0,44
12/20/2020,GW,Guinea-Bissau,AFRO,3,2447,0,44
12/27/2020,GW,Guinea-Bissau,AFRO,0,2447,1,45
1/3/2021,GW,Guinea-Bissau,AFRO,8,2455,0,45
1/10/2021,GW,Guinea-Bissau,AFRO,23,2478,0,45
1/17/2021,GW,Guinea-Bissau,AFRO,0,2478,0,45
1/24/2021,GW,Guinea-Bissau,AFRO,55,2533,0,45
1/31/2021,GW,Guinea-Bissau,AFRO,102,2635,0,45
2/7/2021,GW,Guinea-Bissau,AFRO,145,2780,1,46
2/14/2021,GW,Guinea-Bissau,AFRO,144,2924,0,46
2/21/2021,GW,Guinea-Bissau,AFRO,191,3115,1,47
2/28/2021,GW,Guinea-Bissau,AFRO,147,3262,1,48
3/7/2021,GW,Guinea-Bissau,AFRO,50,3312,1,49
3/14/2021,GW,Guinea-Bissau,AFRO,135,3447,3,52
3/21/2021,GW,Guinea-Bissau,AFRO,121,3568,3,55
3/28/2021,GW,Guinea-Bissau,AFRO,66,3634,6,61
4/4/2021,GW,Guinea-Bissau,AFRO,28,3662,5,66
4/11/2021,GW,Guinea-Bissau,AFRO,18,3680,0,66
4/18/2021,GW,Guinea-Bissau,AFRO,32,3712,0,66
4/25/2021,GW,Guinea-Bissau,AFRO,14,3726,1,67
5/2/2021,GW,Guinea-Bissau,AFRO,10,3736,0,67
5/9/2021,GW,Guinea-Bissau,AFRO,5,3741,0,67
5/16/2021,GW,Guinea-Bissau,AFRO,5,3746,0,67
5/23/2021,GW,Guinea-Bissau,AFRO,5,3751,1,68
5/30/2021,GW,Guinea-Bissau,AFRO,15,3766,0,68
6/6/2021,GW,Guinea-Bissau,AFRO,21,3787,0,68
6/13/2021,GW,Guinea-Bissau,AFRO,16,3803,1,69
6/20/2021,GW,Guinea-Bissau,AFRO,22,3825,0,69
6/27/2021,GW,Guinea-Bissau,AFRO,21,3846,0,69
7/4/2021,GW,Guinea-Bissau,AFRO,35,3881,0,69
7/11/2021,GW,Guinea-Bissau,AFRO,66,3947,1,70
7/18/2021,GW,Guinea-Bissau,AFRO,105,4052,3,73
7/25/2021,GW,Guinea-Bissau,AFRO,161,4213,1,74
8/1/2021,GW,Guinea-Bissau,AFRO,285,4498,2,76
8/8/2021,GW,Guinea-Bissau,AFRO,290,4788,3,79
8/15/2021,GW,Guinea-Bissau,AFRO,335,5123,11,90
8/22/2021,GW,Guinea-Bissau,AFRO,395,5518,13,103
8/29/2021,GW,Guinea-Bissau,AFRO,248,5766,14,117
9/5/2021,GW,Guinea-Bissau,AFRO,136,5902,4,121
9/12/2021,GW,Guinea-Bissau,AFRO,119,6021,4,125
9/19/2021,GW,Guinea-Bissau,AFRO,57,6078,5,130
9/26/2021,GW,Guinea-Bissau,AFRO,25,6103,5,135
10/3/2021,GW,Guinea-Bissau,AFRO,9,6112,0,135
10/10/2021,GW,Guinea-Bissau,AFRO,7,6119,6,141
10/17/2021,GW,Guinea-Bissau,AFRO,11,6130,0,141
10/24/2021,GW,Guinea-Bissau,AFRO,1,6131,0,141
10/31/2021,GW,Guinea-Bissau,AFRO,3,6134,0,141
11/7/2021,GW,Guinea-Bissau,AFRO,16,6150,2,143
11/14/2021,GW,Guinea-Bissau,AFRO,252,6402,1,144
11/21/2021,GW,Guinea-Bissau,AFRO,32,6434,2,146
11/28/2021,GW,Guinea-Bissau,AFRO,6,6440,2,148
12/5/2021,GW,Guinea-Bissau,AFRO,4,6444,1,149
12/12/2021,GW,Guinea-Bissau,AFRO,4,6448,0,149
12/19/2021,GW,Guinea-Bissau,AFRO,8,6456,0,149
12/26/2021,GW,Guinea-Bissau,AFRO,10,6466,0,149
1/2/2022,GW,Guinea-Bissau,AFRO,33,6499,0,149
1/9/2022,GW,Guinea-Bissau,AFRO,195,6694,0,149
1/16/2022,GW,Guinea-Bissau,AFRO,340,7034,3,152
1/23/2022,GW,Guinea-Bissau,AFRO,430,7464,2,154
1/30/2022,GW,Guinea-Bissau,AFRO,122,7586,2,156
2/6/2022,GW,Guinea-Bissau,AFRO,186,7772,2,158
2/13/2022,GW,Guinea-Bissau,AFRO,77,7849,6,164
2/20/2022,GW,Guinea-Bissau,AFRO,96,7945,2,166
2/27/2022,GW,Guinea-Bissau,AFRO,56,8001,1,167
3/6/2022,GW,Guinea-Bissau,AFRO,32,8033,0,167
3/13/2022,GW,Guinea-Bissau,AFRO,38,8071,2,169
3/20/2022,GW,Guinea-Bissau,AFRO,42,8113,0,169
3/27/2022,GW,Guinea-Bissau,AFRO,18,8131,0,169
4/3/2022,GW,Guinea-Bissau,AFRO,20,8151,1,170
4/10/2022,GW,Guinea-Bissau,AFRO,22,8173,0,170
4/17/2022,GW,Guinea-Bissau,AFRO,9,8182,1,171
4/24/2022,GW,Guinea-Bissau,AFRO,4,8186,0,171
5/1/2022,GW,Guinea-Bissau,AFRO,16,8202,0,171
5/8/2022,GW,Guinea-Bissau,AFRO,13,8215,0,171
5/15/2022,GW,Guinea-Bissau,AFRO,7,8222,0,171
5/22/2022,GW,Guinea-Bissau,AFRO,24,8246,0,171
5/29/2022,GW,Guinea-Bissau,AFRO,23,8269,0,171
6/5/2022,GW,Guinea-Bissau,AFRO,21,8290,0,171
6/12/2022,GW,Guinea-Bissau,AFRO,17,8307,0,171
6/19/2022,GW,Guinea-Bissau,AFRO,0,8307,0,171
6/26/2022,GW,Guinea-Bissau,AFRO,41,8348,0,171
7/3/2022,GW,Guinea-Bissau,AFRO,43,8391,0,171
7/10/2022,GW,Guinea-Bissau,AFRO,9,8400,0,171
7/17/2022,GW,Guinea-Bissau,AFRO,2,8402,1,172
7/24/2022,GW,Guinea-Bissau,AFRO,10,8412,0,172
7/31/2022,GW,Guinea-Bissau,AFRO,28,8440,2,174
8/7/2022,GW,Guinea-Bissau,AFRO,12,8452,0,174
8/14/2022,GW,Guinea-Bissau,AFRO,30,8482,0,174
8/21/2022,GW,Guinea-Bissau,AFRO,0,8482,0,174
8/28/2022,GW,Guinea-Bissau,AFRO,9,8491,1,175
9/4/2022,GW,Guinea-Bissau,AFRO,305,8796,0,175
9/11/2022,GW,Guinea-Bissau,AFRO,0,8796,0,175
9/18/2022,GW,Guinea-Bissau,AFRO,0,8796,0,175
9/25/2022,GW,Guinea-Bissau,AFRO,18,8814,1,176
10/2/2022,GW,Guinea-Bissau,AFRO,17,8831,0,176
10/9/2022,GW,Guinea-Bissau,AFRO,17,8848,0,176
10/16/2022,GW,Guinea-Bissau,AFRO,0,8848,0,176
10/23/2022,GW,Guinea-Bissau,AFRO,0,8848,0,176
10/30/2022,GW,Guinea-Bissau,AFRO,0,8848,0,176
11/6/2022,GW,Guinea-Bissau,AFRO,0,8848,0,176
11/13/2022,GW,Guinea-Bissau,AFRO,0,8848,0,176
11/20/2022,GW,Guinea-Bissau,AFRO,0,8848,0,176
11/27/2022,GW,Guinea-Bissau,AFRO,0,8848,0,176
12/4/2022,GW,Guinea-Bissau,AFRO,93,8941,0,176
12/11/2022,GW,Guinea-Bissau,AFRO,4,8945,0,176
12/18/2022,GW,Guinea-Bissau,AFRO,0,8945,0,176
12/25/2022,GW,Guinea-Bissau,AFRO,2,8947,0,176
1/1/2023,GW,Guinea-Bissau,AFRO,0,8947,0,176
1/8/2023,GW,Guinea-Bissau,AFRO,6,8953,0,176
1/15/2023,GW,Guinea-Bissau,AFRO,0,8953,0,176
1/22/2023,GW,Guinea-Bissau,AFRO,0,8953,0,176
1/29/2023,GW,Guinea-Bissau,AFRO,0,8953,0,176
2/5/2023,GW,Guinea-Bissau,AFRO,0,8953,0,176
2/12/2023,GW,Guinea-Bissau,AFRO,0,8953,0,176
2/19/2023,GW,Guinea-Bissau,AFRO,1,8954,0,176
2/26/2023,GW,Guinea-Bissau,AFRO,6,8960,0,176
3/5/2023,GW,Guinea-Bissau,AFRO,0,8960,0,176
3/12/2023,GW,Guinea-Bissau,AFRO,174,9134,0,176
3/19/2023,GW,Guinea-Bissau,AFRO,96,9230,0,176
3/26/2023,GW,Guinea-Bissau,AFRO,120,9350,0,176
4/2/2023,GW,Guinea-Bissau,AFRO,0,9350,0,176
4/9/2023,GW,Guinea-Bissau,AFRO,0,9350,0,176
4/16/2023,GW,Guinea-Bissau,AFRO,264,9614,1,177
4/23/2023,GW,Guinea-Bissau,AFRO,0,9614,0,177
4/30/2023,GW,Guinea-Bissau,AFRO,0,9614,0,177
5/7/2023,GW,Guinea-Bissau,AFRO,0,9614,0,177
5/14/2023,GW,Guinea-Bissau,AFRO,0,9614,0,177
5/21/2023,GW,Guinea-Bissau,AFRO,0,9614,0,177
5/28/2023,GW,Guinea-Bissau,AFRO,0,9614,0,177
6/4/2023,GW,Guinea-Bissau,AFRO,0,9614,0,177
6/11/2023,GW,Guinea-Bissau,AFRO,0,9614,0,177
6/18/2023,GW,Guinea-Bissau,AFRO,0,9614,0,177
6/25/2023,GW,Guinea-Bissau,AFRO,0,9614,0,177
7/2/2023,GW,Guinea-Bissau,AFRO,0,9614,0,177
7/9/2023,GW,Guinea-Bissau,AFRO,0,9614,0,177
7/16/2023,GW,Guinea-Bissau,AFRO,0,9614,0,177
7/23/2023,GW,Guinea-Bissau,AFRO,0,9614,0,177
7/30/2023,GW,Guinea-Bissau,AFRO,0,9614,0,177
8/6/2023,GW,Guinea-Bissau,AFRO,0,9614,0,177
8/13/2023,GW,Guinea-Bissau,AFRO,0,9614,0,177
8/20/2023,GW,Guinea-Bissau,AFRO,0,9614,0,177
8/27/2023,GW,Guinea-Bissau,AFRO,0,9614,0,177
9/3/2023,GW,Guinea-Bissau,AFRO,0,9614,0,177
9/10/2023,GW,Guinea-Bissau,AFRO,0,9614,0,177
9/17/2023,GW,Guinea-Bissau,AFRO,0,9614,0,177
9/24/2023,GW,Guinea-Bissau,AFRO,0,9614,0,177
10/1/2023,GW,Guinea-Bissau,AFRO,0,9614,0,177
10/8/2023,GW,Guinea-Bissau,AFRO,0,9614,0,177
10/15/2023,GW,Guinea-Bissau,AFRO,0,9614,0,177
10/22/2023,GW,Guinea-Bissau,AFRO,0,9614,0,177
10/29/2023,GW,Guinea-Bissau,AFRO,0,9614,0,177
11/5/2023,GW,Guinea-Bissau,AFRO,0,9614,0,177
11/12/2023,GW,Guinea-Bissau,AFRO,0,9614,0,177
11/19/2023,GW,Guinea-Bissau,AFRO,0,9614,0,177
11/26/2023,GW,Guinea-Bissau,AFRO,0,9614,0,177
12/3/2023,GW,Guinea-Bissau,AFRO,0,9614,0,177
12/10/2023,GW,Guinea-Bissau,AFRO,0,9614,0,177
12/17/2023,GW,Guinea-Bissau,AFRO,0,9614,0,177
12/24/2023,GW,Guinea-Bissau,AFRO,0,9614,0,177
1/5/2020,GY,Guyana,AMRO,0,0,0,0
1/12/2020,GY,Guyana,AMRO,0,0,0,0
1/19/2020,GY,Guyana,AMRO,0,0,0,0
1/26/2020,GY,Guyana,AMRO,0,0,0,0
2/2/2020,GY,Guyana,AMRO,0,0,0,0
2/9/2020,GY,Guyana,AMRO,0,0,0,0
2/16/2020,GY,Guyana,AMRO,0,0,0,0
2/23/2020,GY,Guyana,AMRO,0,0,0,0
3/1/2020,GY,Guyana,AMRO,0,0,0,0
3/8/2020,GY,Guyana,AMRO,0,0,0,0
3/15/2020,GY,Guyana,AMRO,1,1,1,1
3/22/2020,GY,Guyana,AMRO,4,5,0,1
3/29/2020,GY,Guyana,AMRO,0,5,0,1
4/5/2020,GY,Guyana,AMRO,18,23,3,4
4/12/2020,GY,Guyana,AMRO,14,37,2,6
4/19/2020,GY,Guyana,AMRO,26,63,0,6
4/26/2020,GY,Guyana,AMRO,10,73,1,7
5/3/2020,GY,Guyana,AMRO,9,82,2,9
5/10/2020,GY,Guyana,AMRO,11,93,1,10
5/17/2020,GY,Guyana,AMRO,23,116,0,10
5/24/2020,GY,Guyana,AMRO,11,127,0,10
5/31/2020,GY,Guyana,AMRO,23,150,1,11
6/7/2020,GY,Guyana,AMRO,3,153,1,12
6/14/2020,GY,Guyana,AMRO,6,159,0,12
6/21/2020,GY,Guyana,AMRO,24,183,0,12
6/28/2020,GY,Guyana,AMRO,47,230,0,12
7/5/2020,GY,Guyana,AMRO,26,256,2,14
7/12/2020,GY,Guyana,AMRO,34,290,2,16
7/19/2020,GY,Guyana,AMRO,30,320,3,19
7/26/2020,GY,Guyana,AMRO,32,352,1,20
8/2/2020,GY,Guyana,AMRO,61,413,0,20
8/9/2020,GY,Guyana,AMRO,125,538,2,22
8/16/2020,GY,Guyana,AMRO,111,649,0,22
8/23/2020,GY,Guyana,AMRO,232,881,8,30
8/30/2020,GY,Guyana,AMRO,299,1180,5,35
9/6/2020,GY,Guyana,AMRO,236,1416,9,44
9/13/2020,GY,Guyana,AMRO,347,1763,8,52
9/20/2020,GY,Guyana,AMRO,339,2102,10,62
9/27/2020,GY,Guyana,AMRO,607,2709,11,73
10/4/2020,GY,Guyana,AMRO,259,2968,12,85
10/11/2020,GY,Guyana,AMRO,390,3358,15,100
10/18/2020,GY,Guyana,AMRO,314,3672,7,107
10/25/2020,GY,Guyana,AMRO,288,3960,10,117
11/1/2020,GY,Guyana,AMRO,183,4143,7,124
11/8/2020,GY,Guyana,AMRO,314,4457,9,133
11/15/2020,GY,Guyana,AMRO,267,4724,5,138
11/22/2020,GY,Guyana,AMRO,281,5005,5,143
11/29/2020,GY,Guyana,AMRO,305,5310,6,149
12/6/2020,GY,Guyana,AMRO,291,5601,2,151
12/13/2020,GY,Guyana,AMRO,238,5839,3,154
12/20/2020,GY,Guyana,AMRO,237,6076,5,159
12/27/2020,GY,Guyana,AMRO,213,6289,3,162
1/3/2021,GY,Guyana,AMRO,62,6351,2,164
1/10/2021,GY,Guyana,AMRO,118,6469,3,167
1/17/2021,GY,Guyana,AMRO,336,6805,3,170
1/24/2021,GY,Guyana,AMRO,338,7143,0,170
1/31/2021,GY,Guyana,AMRO,385,7528,5,175
2/7/2021,GY,Guyana,AMRO,359,7887,4,179
2/14/2021,GY,Guyana,AMRO,294,8181,7,186
2/21/2021,GY,Guyana,AMRO,176,8357,3,189
2/28/2021,GY,Guyana,AMRO,156,8513,6,195
3/7/2021,GY,Guyana,AMRO,216,8729,5,200
3/14/2021,GY,Guyana,AMRO,340,9069,6,206
3/21/2021,GY,Guyana,AMRO,417,9486,6,212
3/28/2021,GY,Guyana,AMRO,521,10007,13,225
4/4/2021,GY,Guyana,AMRO,439,10446,10,235
4/11/2021,GY,Guyana,AMRO,512,10958,17,252
4/18/2021,GY,Guyana,AMRO,684,11642,15,267
4/25/2021,GY,Guyana,AMRO,806,12448,10,277
5/2/2021,GY,Guyana,AMRO,835,13283,19,296
5/9/2021,GY,Guyana,AMRO,754,14037,18,314
5/16/2021,GY,Guyana,AMRO,951,14988,21,335
5/23/2021,GY,Guyana,AMRO,755,15743,14,349
5/30/2021,GY,Guyana,AMRO,981,16724,31,380
6/6/2021,GY,Guyana,AMRO,735,17459,23,403
6/13/2021,GY,Guyana,AMRO,629,18088,16,419
6/20/2021,GY,Guyana,AMRO,749,18837,23,442
6/27/2021,GY,Guyana,AMRO,837,19674,17,459
7/4/2021,GY,Guyana,AMRO,631,20305,19,478
7/11/2021,GY,Guyana,AMRO,529,20834,11,489
7/18/2021,GY,Guyana,AMRO,517,21351,18,507
7/25/2021,GY,Guyana,AMRO,499,21850,11,518
8/1/2021,GY,Guyana,AMRO,608,22458,17,535
8/8/2021,GY,Guyana,AMRO,385,22843,19,554
8/15/2021,GY,Guyana,AMRO,501,23344,16,570
8/22/2021,GY,Guyana,AMRO,703,24047,21,591
8/29/2021,GY,Guyana,AMRO,920,24967,18,609
9/5/2021,GY,Guyana,AMRO,1145,26112,27,636
9/12/2021,GY,Guyana,AMRO,1407,27519,33,669
9/19/2021,GY,Guyana,AMRO,1553,29072,37,706
9/26/2021,GY,Guyana,AMRO,1624,30696,43,749
10/3/2021,GY,Guyana,AMRO,1359,32055,43,792
10/10/2021,GY,Guyana,AMRO,1511,33566,43,835
10/17/2021,GY,Guyana,AMRO,674,34240,27,862
10/24/2021,GY,Guyana,AMRO,637,34877,31,893
10/31/2021,GY,Guyana,AMRO,567,35444,17,910
11/7/2021,GY,Guyana,AMRO,485,35929,20,930
11/14/2021,GY,Guyana,AMRO,723,36652,25,955
11/21/2021,GY,Guyana,AMRO,532,37184,16,971
11/28/2021,GY,Guyana,AMRO,479,37663,14,985
12/5/2021,GY,Guyana,AMRO,405,38068,16,1001
12/12/2021,GY,Guyana,AMRO,385,38453,15,1016
12/19/2021,GY,Guyana,AMRO,298,38751,12,1028
12/26/2021,GY,Guyana,AMRO,291,39042,14,1042
1/2/2022,GY,Guyana,AMRO,531,39573,12,1054
1/9/2022,GY,Guyana,AMRO,3656,43229,12,1066
1/16/2022,GY,Guyana,AMRO,5827,49056,15,1081
1/23/2022,GY,Guyana,AMRO,6572,55628,41,1122
1/30/2022,GY,Guyana,AMRO,3351,58979,38,1160
2/6/2022,GY,Guyana,AMRO,2129,61108,19,1179
2/13/2022,GY,Guyana,AMRO,1048,62156,11,1190
2/20/2022,GY,Guyana,AMRO,429,62585,18,1208
2/27/2022,GY,Guyana,AMRO,271,62856,8,1216
3/6/2022,GY,Guyana,AMRO,168,63024,7,1223
3/13/2022,GY,Guyana,AMRO,103,63127,1,1224
3/20/2022,GY,Guyana,AMRO,54,63181,2,1226
3/27/2022,GY,Guyana,AMRO,42,63223,0,1226
4/3/2022,GY,Guyana,AMRO,35,63258,0,1226
4/10/2022,GY,Guyana,AMRO,52,63310,0,1226
4/17/2022,GY,Guyana,AMRO,54,63364,2,1228
4/24/2022,GY,Guyana,AMRO,43,63407,0,1228
5/1/2022,GY,Guyana,AMRO,50,63457,0,1228
5/8/2022,GY,Guyana,AMRO,82,63539,0,1228
5/15/2022,GY,Guyana,AMRO,233,63772,0,1228
5/22/2022,GY,Guyana,AMRO,402,64174,3,1231
5/29/2022,GY,Guyana,AMRO,347,64521,1,1232
6/5/2022,GY,Guyana,AMRO,627,65148,5,1237
6/12/2022,GY,Guyana,AMRO,651,65799,2,1239
6/19/2022,GY,Guyana,AMRO,586,66385,6,1245
6/26/2022,GY,Guyana,AMRO,562,66947,4,1249
7/3/2022,GY,Guyana,AMRO,525,67472,6,1255
7/10/2022,GY,Guyana,AMRO,548,68020,4,1259
7/17/2022,GY,Guyana,AMRO,710,68730,5,1264
7/24/2022,GY,Guyana,AMRO,602,69332,4,1268
7/31/2022,GY,Guyana,AMRO,413,69745,3,1271
8/7/2022,GY,Guyana,AMRO,338,70083,0,1271
8/14/2022,GY,Guyana,AMRO,315,70398,4,1275
8/21/2022,GY,Guyana,AMRO,390,70788,3,1278
8/28/2022,GY,Guyana,AMRO,155,70943,0,1278
9/4/2022,GY,Guyana,AMRO,133,71076,1,1279
9/11/2022,GY,Guyana,AMRO,110,71186,0,1279
9/18/2022,GY,Guyana,AMRO,57,71243,2,1281
9/25/2022,GY,Guyana,AMRO,68,71311,0,1281
10/2/2022,GY,Guyana,AMRO,29,71340,0,1281
10/9/2022,GY,Guyana,AMRO,21,71361,0,1281
10/16/2022,GY,Guyana,AMRO,38,71399,0,1281
10/23/2022,GY,Guyana,AMRO,20,71419,0,1281
10/30/2022,GY,Guyana,AMRO,17,71436,0,1281
11/6/2022,GY,Guyana,AMRO,6,71442,0,1281
11/13/2022,GY,Guyana,AMRO,19,71461,0,1281
11/20/2022,GY,Guyana,AMRO,61,71522,0,1281
11/27/2022,GY,Guyana,AMRO,43,71565,3,1284
12/4/2022,GY,Guyana,AMRO,62,71627,1,1285
12/11/2022,GY,Guyana,AMRO,101,71728,0,1285
12/18/2022,GY,Guyana,AMRO,29,71757,0,1285
12/25/2022,GY,Guyana,AMRO,247,72004,1,1286
1/1/2023,GY,Guyana,AMRO,159,72163,0,1286
1/8/2023,GY,Guyana,AMRO,234,72397,4,1290
1/15/2023,GY,Guyana,AMRO,241,72638,3,1293
1/22/2023,GY,Guyana,AMRO,177,72815,0,1293
1/29/2023,GY,Guyana,AMRO,107,72922,1,1294
2/5/2023,GY,Guyana,AMRO,62,72984,1,1295
2/12/2023,GY,Guyana,AMRO,48,73032,2,1297
2/19/2023,GY,Guyana,AMRO,25,73057,1,1298
2/26/2023,GY,Guyana,AMRO,9,73066,0,1298
3/5/2023,GY,Guyana,AMRO,9,73075,0,1298
3/12/2023,GY,Guyana,AMRO,6,73081,0,1298
3/19/2023,GY,Guyana,AMRO,24,73105,0,1298
3/26/2023,GY,Guyana,AMRO,9,73114,0,1298
4/2/2023,GY,Guyana,AMRO,5,73119,0,1298
4/9/2023,GY,Guyana,AMRO,0,73119,0,1298
4/16/2023,GY,Guyana,AMRO,2,73121,0,1298
4/23/2023,GY,Guyana,AMRO,12,73133,0,1298
4/30/2023,GY,Guyana,AMRO,29,73162,0,1298
5/7/2023,GY,Guyana,AMRO,6,73168,0,1298
5/14/2023,GY,Guyana,AMRO,39,73207,0,1298
5/21/2023,GY,Guyana,AMRO,19,73226,0,1298
5/28/2023,GY,Guyana,AMRO,9,73235,0,1298
6/4/2023,GY,Guyana,AMRO,15,73250,0,1298
6/11/2023,GY,Guyana,AMRO,28,73278,0,1298
6/18/2023,GY,Guyana,AMRO,32,73310,0,1298
6/25/2023,GY,Guyana,AMRO,44,73354,0,1298
7/2/2023,GY,Guyana,AMRO,44,73398,1,1299
7/9/2023,GY,Guyana,AMRO,62,73460,0,1299
7/16/2023,GY,Guyana,AMRO,41,73501,0,1299
7/23/2023,GY,Guyana,AMRO,37,73538,0,1299
7/30/2023,GY,Guyana,AMRO,30,73568,0,1299
8/6/2023,GY,Guyana,AMRO,13,73581,0,1299
8/13/2023,GY,Guyana,AMRO,15,73596,0,1299
8/20/2023,GY,Guyana,AMRO,16,73612,0,1299
8/27/2023,GY,Guyana,AMRO,10,73622,0,1299
9/3/2023,GY,Guyana,AMRO,2,73624,0,1299
9/10/2023,GY,Guyana,AMRO,8,73632,0,1299
9/17/2023,GY,Guyana,AMRO,14,73646,0,1299
9/24/2023,GY,Guyana,AMRO,7,73653,0,1299
10/1/2023,GY,Guyana,AMRO,7,73660,0,1299
10/8/2023,GY,Guyana,AMRO,5,73665,0,1299
10/15/2023,GY,Guyana,AMRO,4,73669,0,1299
10/22/2023,GY,Guyana,AMRO,1,73670,0,1299
10/29/2023,GY,Guyana,AMRO,0,73670,0,1299
11/5/2023,GY,Guyana,AMRO,2,73672,0,1299
11/12/2023,GY,Guyana,AMRO,1,73673,0,1299
11/19/2023,GY,Guyana,AMRO,1,73674,0,1299
11/26/2023,GY,Guyana,AMRO,0,73674,0,1299
12/3/2023,GY,Guyana,AMRO,2,73676,0,1299
12/10/2023,GY,Guyana,AMRO,0,73676,0,1299
12/17/2023,GY,Guyana,AMRO,3,73679,0,1299
12/24/2023,GY,Guyana,AMRO,0,73679,0,1299
1/5/2020,HT,Haiti,AMRO,0,0,0,0
1/12/2020,HT,Haiti,AMRO,0,0,0,0
1/19/2020,HT,Haiti,AMRO,0,0,0,0
1/26/2020,HT,Haiti,AMRO,0,0,0,0
2/2/2020,HT,Haiti,AMRO,0,0,0,0
2/9/2020,HT,Haiti,AMRO,0,0,0,0
2/16/2020,HT,Haiti,AMRO,0,0,0,0
2/23/2020,HT,Haiti,AMRO,0,0,0,0
3/1/2020,HT,Haiti,AMRO,0,0,0,0
3/8/2020,HT,Haiti,AMRO,0,0,0,0
3/15/2020,HT,Haiti,AMRO,0,0,0,0
3/22/2020,HT,Haiti,AMRO,2,2,0,0
3/29/2020,HT,Haiti,AMRO,6,8,0,0
4/5/2020,HT,Haiti,AMRO,10,18,0,0
4/12/2020,HT,Haiti,AMRO,13,31,2,2
4/19/2020,HT,Haiti,AMRO,13,44,1,3
4/26/2020,HT,Haiti,AMRO,28,72,3,6
5/3/2020,HT,Haiti,AMRO,13,85,2,8
5/10/2020,HT,Haiti,AMRO,61,146,4,12
5/17/2020,HT,Haiti,AMRO,164,310,8,20
5/24/2020,HT,Haiti,AMRO,502,812,5,25
5/31/2020,HT,Haiti,AMRO,772,1584,10,35
6/7/2020,HT,Haiti,AMRO,1340,2924,15,50
6/14/2020,HT,Haiti,AMRO,1017,3941,14,64
6/21/2020,HT,Haiti,AMRO,1039,4980,23,87
6/28/2020,HT,Haiti,AMRO,742,5722,11,98
7/5/2020,HT,Haiti,AMRO,508,6230,12,110
7/12/2020,HT,Haiti,AMRO,387,6617,25,135
7/19/2020,HT,Haiti,AMRO,358,6975,11,146
7/26/2020,HT,Haiti,AMRO,285,7260,10,156
8/2/2020,HT,Haiti,AMRO,164,7424,5,161
8/9/2020,HT,Haiti,AMRO,175,7599,16,177
8/16/2020,HT,Haiti,AMRO,232,7831,19,196
8/23/2020,HT,Haiti,AMRO,219,8050,0,196
8/30/2020,HT,Haiti,AMRO,124,8174,5,201
9/6/2020,HT,Haiti,AMRO,152,8326,11,212
9/13/2020,HT,Haiti,AMRO,131,8457,4,216
9/20/2020,HT,Haiti,AMRO,143,8600,5,221
9/27/2020,HT,Haiti,AMRO,84,8684,6,227
10/4/2020,HT,Haiti,AMRO,108,8792,2,229
10/11/2020,HT,Haiti,AMRO,68,8860,1,230
10/18/2020,HT,Haiti,AMRO,65,8925,1,231
10/25/2020,HT,Haiti,AMRO,90,9015,0,231
11/1/2020,HT,Haiti,AMRO,39,9054,1,232
11/8/2020,HT,Haiti,AMRO,73,9127,0,232
11/15/2020,HT,Haiti,AMRO,41,9168,0,232
11/22/2020,HT,Haiti,AMRO,46,9214,0,232
11/29/2020,HT,Haiti,AMRO,50,9264,0,232
12/6/2020,HT,Haiti,AMRO,106,9370,1,233
12/13/2020,HT,Haiti,AMRO,121,9491,0,233
12/20/2020,HT,Haiti,AMRO,183,9674,1,234
12/27/2020,HT,Haiti,AMRO,172,9846,1,235
1/3/2021,HT,Haiti,AMRO,231,10077,1,236
1/10/2021,HT,Haiti,AMRO,164,10241,1,237
1/17/2021,HT,Haiti,AMRO,540,10781,3,240
1/24/2021,HT,Haiti,AMRO,318,11099,3,243
1/31/2021,HT,Haiti,AMRO,573,11672,2,245
2/7/2021,HT,Haiti,AMRO,297,11969,1,246
2/14/2021,HT,Haiti,AMRO,237,12206,1,247
2/21/2021,HT,Haiti,AMRO,146,12352,0,247
2/28/2021,HT,Haiti,AMRO,179,12531,3,250
3/7/2021,HT,Haiti,AMRO,101,12632,0,250
3/14/2021,HT,Haiti,AMRO,66,12698,1,251
3/21/2021,HT,Haiti,AMRO,60,12758,0,251
3/28/2021,HT,Haiti,AMRO,45,12803,0,251
4/4/2021,HT,Haiti,AMRO,54,12857,0,251
4/11/2021,HT,Haiti,AMRO,63,12920,0,251
4/18/2021,HT,Haiti,AMRO,85,13005,2,253
4/25/2021,HT,Haiti,AMRO,89,13094,1,254
5/2/2021,HT,Haiti,AMRO,76,13170,10,264
5/9/2021,HT,Haiti,AMRO,97,13267,5,269
5/16/2021,HT,Haiti,AMRO,331,13598,7,276
5/23/2021,HT,Haiti,AMRO,530,14128,26,302
5/30/2021,HT,Haiti,AMRO,917,15045,19,321
6/6/2021,HT,Haiti,AMRO,956,16001,21,342
6/13/2021,HT,Haiti,AMRO,858,16859,19,361
6/20/2021,HT,Haiti,AMRO,1043,17902,37,398
6/27/2021,HT,Haiti,AMRO,756,18658,39,437
7/4/2021,HT,Haiti,AMRO,514,19172,30,467
7/11/2021,HT,Haiti,AMRO,375,19547,41,508
7/18/2021,HT,Haiti,AMRO,264,19811,18,526
7/25/2021,HT,Haiti,AMRO,305,20116,26,552
8/1/2021,HT,Haiti,AMRO,229,20345,14,566
8/8/2021,HT,Haiti,AMRO,211,20556,10,576
8/15/2021,HT,Haiti,AMRO,163,20719,7,583
8/22/2021,HT,Haiti,AMRO,131,20850,1,584
8/29/2021,HT,Haiti,AMRO,127,20977,2,586
9/5/2021,HT,Haiti,AMRO,185,21162,2,588
9/12/2021,HT,Haiti,AMRO,156,21318,8,596
9/19/2021,HT,Haiti,AMRO,190,21508,11,607
9/26/2021,HT,Haiti,AMRO,408,21916,4,611
10/3/2021,HT,Haiti,AMRO,466,22382,25,636
10/10/2021,HT,Haiti,AMRO,529,22911,18,654
10/17/2021,HT,Haiti,AMRO,535,23446,4,658
10/24/2021,HT,Haiti,AMRO,463,23909,8,666
10/31/2021,HT,Haiti,AMRO,182,24091,20,686
11/7/2021,HT,Haiti,AMRO,292,24383,19,705
11/14/2021,HT,Haiti,AMRO,385,24768,6,711
11/21/2021,HT,Haiti,AMRO,248,25016,14,725
11/28/2021,HT,Haiti,AMRO,249,25265,13,738
12/5/2021,HT,Haiti,AMRO,409,25674,12,750
12/12/2021,HT,Haiti,AMRO,191,25865,12,762
12/19/2021,HT,Haiti,AMRO,69,25934,3,765
12/26/2021,HT,Haiti,AMRO,40,25974,1,766
1/2/2022,HT,Haiti,AMRO,281,26255,7,773
1/9/2022,HT,Haiti,AMRO,552,26807,7,780
1/16/2022,HT,Haiti,AMRO,1166,27973,0,780
1/23/2022,HT,Haiti,AMRO,736,28709,3,783
1/30/2022,HT,Haiti,AMRO,735,29444,16,799
2/6/2022,HT,Haiti,AMRO,404,29848,5,804
2/13/2022,HT,Haiti,AMRO,207,30055,5,809
2/20/2022,HT,Haiti,AMRO,218,30273,10,819
2/27/2022,HT,Haiti,AMRO,69,30342,1,820
3/6/2022,HT,Haiti,AMRO,88,30430,7,827
3/13/2022,HT,Haiti,AMRO,43,30473,0,827
3/20/2022,HT,Haiti,AMRO,36,30509,0,827
3/27/2022,HT,Haiti,AMRO,19,30528,6,833
4/3/2022,HT,Haiti,AMRO,47,30575,0,833
4/10/2022,HT,Haiti,AMRO,11,30586,2,835
4/17/2022,HT,Haiti,AMRO,54,30640,0,835
4/24/2022,HT,Haiti,AMRO,19,30659,0,835
5/1/2022,HT,Haiti,AMRO,45,30704,0,835
5/8/2022,HT,Haiti,AMRO,9,30713,0,835
5/15/2022,HT,Haiti,AMRO,33,30746,0,835
5/22/2022,HT,Haiti,AMRO,43,30789,0,835
5/29/2022,HT,Haiti,AMRO,29,30818,0,835
6/5/2022,HT,Haiti,AMRO,145,30963,0,835
6/12/2022,HT,Haiti,AMRO,112,31075,2,837
6/19/2022,HT,Haiti,AMRO,151,31226,0,837
6/26/2022,HT,Haiti,AMRO,244,31470,0,837
7/3/2022,HT,Haiti,AMRO,325,31795,0,837
7/10/2022,HT,Haiti,AMRO,185,31980,0,837
7/17/2022,HT,Haiti,AMRO,198,32178,1,838
7/24/2022,HT,Haiti,AMRO,85,32263,0,838
7/31/2022,HT,Haiti,AMRO,142,32405,0,838
8/7/2022,HT,Haiti,AMRO,298,32703,0,838
8/14/2022,HT,Haiti,AMRO,239,32942,2,840
8/21/2022,HT,Haiti,AMRO,247,33189,1,841
8/28/2022,HT,Haiti,AMRO,253,33442,0,841
9/4/2022,HT,Haiti,AMRO,177,33619,5,846
9/11/2022,HT,Haiti,AMRO,88,33707,11,857
9/18/2022,HT,Haiti,AMRO,39,33746,0,857
9/25/2022,HT,Haiti,AMRO,15,33761,0,857
10/2/2022,HT,Haiti,AMRO,0,33761,0,857
10/9/2022,HT,Haiti,AMRO,30,33791,0,857
10/16/2022,HT,Haiti,AMRO,20,33811,0,857
10/23/2022,HT,Haiti,AMRO,0,33811,0,857
10/30/2022,HT,Haiti,AMRO,17,33828,3,860
11/6/2022,HT,Haiti,AMRO,4,33832,0,860
11/13/2022,HT,Haiti,AMRO,5,33837,0,860
11/20/2022,HT,Haiti,AMRO,25,33862,0,860
11/27/2022,HT,Haiti,AMRO,0,33862,0,860
12/4/2022,HT,Haiti,AMRO,14,33876,0,860
12/11/2022,HT,Haiti,AMRO,0,33876,0,860
12/18/2022,HT,Haiti,AMRO,28,33904,0,860
12/25/2022,HT,Haiti,AMRO,8,33912,0,860
1/1/2023,HT,Haiti,AMRO,57,33969,0,860
1/8/2023,HT,Haiti,AMRO,39,34008,0,860
1/15/2023,HT,Haiti,AMRO,0,34008,0,860
1/22/2023,HT,Haiti,AMRO,68,34076,0,860
1/29/2023,HT,Haiti,AMRO,0,34076,0,860
2/5/2023,HT,Haiti,AMRO,67,34143,0,860
2/12/2023,HT,Haiti,AMRO,12,34155,0,860
2/19/2023,HT,Haiti,AMRO,0,34155,0,860
2/26/2023,HT,Haiti,AMRO,47,34202,0,860
3/5/2023,HT,Haiti,AMRO,0,34202,0,860
3/12/2023,HT,Haiti,AMRO,0,34202,0,860
3/19/2023,HT,Haiti,AMRO,0,34202,0,860
3/26/2023,HT,Haiti,AMRO,0,34202,0,860
4/2/2023,HT,Haiti,AMRO,0,34202,0,860
4/9/2023,HT,Haiti,AMRO,0,34202,0,860
4/16/2023,HT,Haiti,AMRO,12,34214,0,860
4/23/2023,HT,Haiti,AMRO,12,34226,0,860
4/30/2023,HT,Haiti,AMRO,2,34228,0,860
5/7/2023,HT,Haiti,AMRO,0,34228,0,860
5/14/2023,HT,Haiti,AMRO,0,34228,0,860
5/21/2023,HT,Haiti,AMRO,0,34228,0,860
5/28/2023,HT,Haiti,AMRO,10,34238,0,860
6/4/2023,HT,Haiti,AMRO,15,34253,0,860
6/11/2023,HT,Haiti,AMRO,25,34278,0,860
6/18/2023,HT,Haiti,AMRO,5,34283,0,860
6/25/2023,HT,Haiti,AMRO,9,34292,0,860
7/2/2023,HT,Haiti,AMRO,6,34298,0,860
7/9/2023,HT,Haiti,AMRO,10,34308,0,860
7/16/2023,HT,Haiti,AMRO,2,34310,0,860
7/23/2023,HT,Haiti,AMRO,3,34313,0,860
7/30/2023,HT,Haiti,AMRO,3,34316,0,860
8/6/2023,HT,Haiti,AMRO,4,34320,0,860
8/13/2023,HT,Haiti,AMRO,4,34324,0,860
8/20/2023,HT,Haiti,AMRO,3,34327,0,860
8/27/2023,HT,Haiti,AMRO,1,34328,0,860
9/3/2023,HT,Haiti,AMRO,3,34331,0,860
9/10/2023,HT,Haiti,AMRO,6,34337,0,860
9/17/2023,HT,Haiti,AMRO,8,34345,0,860
9/24/2023,HT,Haiti,AMRO,10,34355,0,860
10/1/2023,HT,Haiti,AMRO,19,34374,0,860
10/8/2023,HT,Haiti,AMRO,27,34401,0,860
10/15/2023,HT,Haiti,AMRO,20,34421,0,860
10/22/2023,HT,Haiti,AMRO,14,34435,0,860
10/29/2023,HT,Haiti,AMRO,34,34469,0,860
11/5/2023,HT,Haiti,AMRO,7,34476,0,860
11/12/2023,HT,Haiti,AMRO,8,34484,0,860
11/19/2023,HT,Haiti,AMRO,9,34493,0,860
11/26/2023,HT,Haiti,AMRO,8,34501,0,860
12/3/2023,HT,Haiti,AMRO,0,34501,0,860
12/10/2023,HT,Haiti,AMRO,0,34501,0,860
12/17/2023,HT,Haiti,AMRO,0,34501,0,860
12/24/2023,HT,Haiti,AMRO,0,34501,0,860
1/5/2020,VA,Holy See,,0,0,0,0
1/12/2020,VA,Holy See,,0,0,0,0
1/19/2020,VA,Holy See,,0,0,0,0
1/26/2020,VA,Holy See,,0,0,0,0
2/2/2020,VA,Holy See,,0,0,0,0
2/9/2020,VA,Holy See,,0,0,0,0
2/16/2020,VA,Holy See,,0,0,0,0
2/23/2020,VA,Holy See,,0,0,0,0
3/1/2020,VA,Holy See,,0,0,0,0
3/8/2020,VA,Holy See,,1,1,0,0
3/15/2020,VA,Holy See,,0,1,0,0
3/22/2020,VA,Holy See,,0,1,0,0
3/29/2020,VA,Holy See,,3,4,0,0
4/5/2020,VA,Holy See,,3,7,0,0
4/12/2020,VA,Holy See,,1,8,0,0
4/19/2020,VA,Holy See,,0,8,0,0
4/26/2020,VA,Holy See,,1,9,0,0
5/3/2020,VA,Holy See,,2,11,0,0
5/10/2020,VA,Holy See,,1,12,0,0
5/17/2020,VA,Holy See,,0,12,0,0
5/24/2020,VA,Holy See,,0,12,0,0
5/31/2020,VA,Holy See,,0,12,0,0
6/7/2020,VA,Holy See,,0,12,0,0
6/14/2020,VA,Holy See,,0,12,0,0
6/21/2020,VA,Holy See,,0,12,0,0
6/28/2020,VA,Holy See,,0,12,0,0
7/5/2020,VA,Holy See,,0,12,0,0
7/12/2020,VA,Holy See,,0,12,0,0
7/19/2020,VA,Holy See,,0,12,0,0
7/26/2020,VA,Holy See,,0,12,0,0
8/2/2020,VA,Holy See,,0,12,0,0
8/9/2020,VA,Holy See,,0,12,0,0
8/16/2020,VA,Holy See,,0,12,0,0
8/23/2020,VA,Holy See,,0,12,0,0
8/30/2020,VA,Holy See,,0,12,0,0
9/6/2020,VA,Holy See,,0,12,0,0
9/13/2020,VA,Holy See,,0,12,0,0
9/20/2020,VA,Holy See,,0,12,0,0
9/27/2020,VA,Holy See,,0,12,0,0
10/4/2020,VA,Holy See,,0,12,0,0
10/11/2020,VA,Holy See,,0,12,0,0
10/18/2020,VA,Holy See,,14,26,0,0
10/25/2020,VA,Holy See,,0,26,0,0
11/1/2020,VA,Holy See,,0,26,0,0
11/8/2020,VA,Holy See,,0,26,0,0
11/15/2020,VA,Holy See,,0,26,0,0
11/22/2020,VA,Holy See,,0,26,0,0
11/29/2020,VA,Holy See,,0,26,0,0
12/6/2020,VA,Holy See,,0,26,0,0
12/13/2020,VA,Holy See,,0,26,0,0
12/20/2020,VA,Holy See,,0,26,0,0
12/27/2020,VA,Holy See,,0,26,0,0
1/3/2021,VA,Holy See,,0,26,0,0
1/10/2021,VA,Holy See,,0,26,0,0
1/17/2021,VA,Holy See,,0,26,0,0
1/24/2021,VA,Holy See,,0,26,0,0
1/31/2021,VA,Holy See,,0,26,0,0
2/7/2021,VA,Holy See,,0,26,0,0
2/14/2021,VA,Holy See,,0,26,0,0
2/21/2021,VA,Holy See,,0,26,0,0
2/28/2021,VA,Holy See,,0,26,0,0
3/7/2021,VA,Holy See,,0,26,0,0
3/14/2021,VA,Holy See,,0,26,0,0
3/21/2021,VA,Holy See,,0,26,0,0
3/28/2021,VA,Holy See,,0,26,0,0
4/4/2021,VA,Holy See,,0,26,0,0
4/11/2021,VA,Holy See,,0,26,0,0
4/18/2021,VA,Holy See,,0,26,0,0
4/25/2021,VA,Holy See,,0,26,0,0
5/2/2021,VA,Holy See,,0,26,0,0
5/9/2021,VA,Holy See,,0,26,0,0
5/16/2021,VA,Holy See,,0,26,0,0
5/23/2021,VA,Holy See,,0,26,0,0
5/30/2021,VA,Holy See,,0,26,0,0
6/6/2021,VA,Holy See,,0,26,0,0
6/13/2021,VA,Holy See,,0,26,0,0
6/20/2021,VA,Holy See,,0,26,0,0
6/27/2021,VA,Holy See,,0,26,0,0
7/4/2021,VA,Holy See,,0,26,0,0
7/11/2021,VA,Holy See,,0,26,0,0
7/18/2021,VA,Holy See,,0,26,0,0
7/25/2021,VA,Holy See,,0,26,0,0
8/1/2021,VA,Holy See,,0,26,0,0
8/8/2021,VA,Holy See,,0,26,0,0
8/15/2021,VA,Holy See,,0,26,0,0
8/22/2021,VA,Holy See,,0,26,0,0
8/29/2021,VA,Holy See,,0,26,0,0
9/5/2021,VA,Holy See,,0,26,0,0
9/12/2021,VA,Holy See,,0,26,0,0
9/19/2021,VA,Holy See,,0,26,0,0
9/26/2021,VA,Holy See,,0,26,0,0
10/3/2021,VA,Holy See,,0,26,0,0
10/10/2021,VA,Holy See,,0,26,0,0
10/17/2021,VA,Holy See,,0,26,0,0
10/24/2021,VA,Holy See,,0,26,0,0
10/31/2021,VA,Holy See,,0,26,0,0
11/7/2021,VA,Holy See,,0,26,0,0
11/14/2021,VA,Holy See,,0,26,0,0
11/21/2021,VA,Holy See,,0,26,0,0
11/28/2021,VA,Holy See,,0,26,0,0
12/5/2021,VA,Holy See,,0,26,0,0
12/12/2021,VA,Holy See,,0,26,0,0
12/19/2021,VA,Holy See,,0,26,0,0
12/26/2021,VA,Holy See,,0,26,0,0
1/2/2022,VA,Holy See,,0,26,0,0
1/9/2022,VA,Holy See,,0,26,0,0
1/16/2022,VA,Holy See,,0,26,0,0
1/23/2022,VA,Holy See,,0,26,0,0
1/30/2022,VA,Holy See,,0,26,0,0
2/6/2022,VA,Holy See,,0,26,0,0
2/13/2022,VA,Holy See,,0,26,0,0
2/20/2022,VA,Holy See,,0,26,0,0
2/27/2022,VA,Holy See,,0,26,0,0
3/6/2022,VA,Holy See,,0,26,0,0
3/13/2022,VA,Holy See,,0,26,0,0
3/20/2022,VA,Holy See,,0,26,0,0
3/27/2022,VA,Holy See,,0,26,0,0
4/3/2022,VA,Holy See,,0,26,0,0
4/10/2022,VA,Holy See,,0,26,0,0
4/17/2022,VA,Holy See,,0,26,0,0
4/24/2022,VA,Holy See,,0,26,0,0
5/1/2022,VA,Holy See,,0,26,0,0
5/8/2022,VA,Holy See,,0,26,0,0
5/15/2022,VA,Holy See,,0,26,0,0
5/22/2022,VA,Holy See,,0,26,0,0
5/29/2022,VA,Holy See,,0,26,0,0
6/5/2022,VA,Holy See,,0,26,0,0
6/12/2022,VA,Holy See,,0,26,0,0
6/19/2022,VA,Holy See,,0,26,0,0
6/26/2022,VA,Holy See,,0,26,0,0
7/3/2022,VA,Holy See,,0,26,0,0
7/10/2022,VA,Holy See,,0,26,0,0
7/17/2022,VA,Holy See,,0,26,0,0
7/24/2022,VA,Holy See,,0,26,0,0
7/31/2022,VA,Holy See,,0,26,0,0
8/7/2022,VA,Holy See,,0,26,0,0
8/14/2022,VA,Holy See,,0,26,0,0
8/21/2022,VA,Holy See,,0,26,0,0
8/28/2022,VA,Holy See,,0,26,0,0
9/4/2022,VA,Holy See,,0,26,0,0
9/11/2022,VA,Holy See,,0,26,0,0
9/18/2022,VA,Holy See,,0,26,0,0
9/25/2022,VA,Holy See,,0,26,0,0
10/2/2022,VA,Holy See,,0,26,0,0
10/9/2022,VA,Holy See,,0,26,0,0
10/16/2022,VA,Holy See,,0,26,0,0
10/23/2022,VA,Holy See,,0,26,0,0
10/30/2022,VA,Holy See,,0,26,0,0
11/6/2022,VA,Holy See,,0,26,0,0
11/13/2022,VA,Holy See,,0,26,0,0
11/20/2022,VA,Holy See,,0,26,0,0
11/27/2022,VA,Holy See,,0,26,0,0
12/4/2022,VA,Holy See,,0,26,0,0
12/11/2022,VA,Holy See,,0,26,0,0
12/18/2022,VA,Holy See,,0,26,0,0
12/25/2022,VA,Holy See,,0,26,0,0
1/1/2023,VA,Holy See,,0,26,0,0
1/8/2023,VA,Holy See,,0,26,0,0
1/15/2023,VA,Holy See,,0,26,0,0
1/22/2023,VA,Holy See,,0,26,0,0
1/29/2023,VA,Holy See,,0,26,0,0
2/5/2023,VA,Holy See,,0,26,0,0
2/12/2023,VA,Holy See,,0,26,0,0
2/19/2023,VA,Holy See,,0,26,0,0
2/26/2023,VA,Holy See,,0,26,0,0
3/5/2023,VA,Holy See,,0,26,0,0
3/12/2023,VA,Holy See,,0,26,0,0
3/19/2023,VA,Holy See,,0,26,0,0
3/26/2023,VA,Holy See,,0,26,0,0
4/2/2023,VA,Holy See,,0,26,0,0
4/9/2023,VA,Holy See,,0,26,0,0
4/16/2023,VA,Holy See,,0,26,0,0
4/23/2023,VA,Holy See,,0,26,0,0
4/30/2023,VA,Holy See,,0,26,0,0
5/7/2023,VA,Holy See,,0,26,0,0
5/14/2023,VA,Holy See,,0,26,0,0
5/21/2023,VA,Holy See,,0,26,0,0
5/28/2023,VA,Holy See,,0,26,0,0
6/4/2023,VA,Holy See,,0,26,0,0
6/11/2023,VA,Holy See,,0,26,0,0
6/18/2023,VA,Holy See,,0,26,0,0
6/25/2023,VA,Holy See,,0,26,0,0
7/2/2023,VA,Holy See,,0,26,0,0
7/9/2023,VA,Holy See,,0,26,0,0
7/16/2023,VA,Holy See,,0,26,0,0
7/23/2023,VA,Holy See,,0,26,0,0
7/30/2023,VA,Holy See,,0,26,0,0
8/6/2023,VA,Holy See,,0,26,0,0
8/13/2023,VA,Holy See,,0,26,0,0
8/20/2023,VA,Holy See,,0,26,0,0
8/27/2023,VA,Holy See,,0,26,0,0
9/3/2023,VA,Holy See,,0,26,0,0
9/10/2023,VA,Holy See,,0,26,0,0
9/17/2023,VA,Holy See,,0,26,0,0
9/24/2023,VA,Holy See,,0,26,0,0
10/1/2023,VA,Holy See,,0,26,0,0
10/8/2023,VA,Holy See,,0,26,0,0
10/15/2023,VA,Holy See,,0,26,0,0
10/22/2023,VA,Holy See,,0,26,0,0
10/29/2023,VA,Holy See,,0,26,0,0
11/5/2023,VA,Holy See,,0,26,0,0
11/12/2023,VA,Holy See,,0,26,0,0
11/19/2023,VA,Holy See,,0,26,0,0
11/26/2023,VA,Holy See,,0,26,0,0
12/3/2023,VA,Holy See,,0,26,0,0
12/10/2023,VA,Holy See,,0,26,0,0
12/17/2023,VA,Holy See,,0,26,0,0
12/24/2023,VA,Holy See,,0,26,0,0
1/5/2020,HN,Honduras,AMRO,0,0,0,0
1/12/2020,HN,Honduras,AMRO,0,0,0,0
1/19/2020,HN,Honduras,AMRO,0,0,0,0
1/26/2020,HN,Honduras,AMRO,0,0,0,0
2/2/2020,HN,Honduras,AMRO,0,0,0,0
2/9/2020,HN,Honduras,AMRO,0,0,0,0
2/16/2020,HN,Honduras,AMRO,0,0,0,0
2/23/2020,HN,Honduras,AMRO,0,0,0,0
3/1/2020,HN,Honduras,AMRO,0,0,0,0
3/8/2020,HN,Honduras,AMRO,0,0,0,0
3/15/2020,HN,Honduras,AMRO,3,3,0,0
3/22/2020,HN,Honduras,AMRO,21,24,0,0
3/29/2020,HN,Honduras,AMRO,43,67,1,1
4/5/2020,HN,Honduras,AMRO,197,264,14,15
4/12/2020,HN,Honduras,AMRO,128,392,9,24
4/19/2020,HN,Honduras,AMRO,65,457,22,46
4/26/2020,HN,Honduras,AMRO,134,591,9,55
5/3/2020,HN,Honduras,AMRO,308,899,20,75
5/10/2020,HN,Honduras,AMRO,872,1771,32,107
5/17/2020,HN,Honduras,AMRO,689,2460,27,134
5/24/2020,HN,Honduras,AMRO,1017,3477,33,167
5/31/2020,HN,Honduras,AMRO,1409,4886,32,199
6/7/2020,HN,Honduras,AMRO,1085,5971,49,248
6/14/2020,HN,Honduras,AMRO,2161,8132,58,306
6/21/2020,HN,Honduras,AMRO,3126,11258,43,349
6/28/2020,HN,Honduras,AMRO,4736,15994,122,471
7/5/2020,HN,Honduras,AMRO,6122,22116,134,605
7/12/2020,HN,Honduras,AMRO,4937,27053,145,750
7/19/2020,HN,Honduras,AMRO,4692,31745,107,857
7/26/2020,HN,Honduras,AMRO,5814,37559,204,1061
8/2/2020,HN,Honduras,AMRO,4455,42014,276,1337
8/9/2020,HN,Honduras,AMRO,4621,46635,128,1465
8/16/2020,HN,Honduras,AMRO,2832,49467,83,1548
8/23/2020,HN,Honduras,AMRO,3914,53381,84,1632
8/30/2020,HN,Honduras,AMRO,5429,58810,195,1827
9/6/2020,HN,Honduras,AMRO,4988,63798,157,1984
9/13/2020,HN,Honduras,AMRO,2251,66049,74,2058
9/20/2020,HN,Honduras,AMRO,4562,70611,88,2146
9/27/2020,HN,Honduras,AMRO,3229,73840,125,2271
10/4/2020,HN,Honduras,AMRO,4429,78269,115,2386
10/11/2020,HN,Honduras,AMRO,4283,82552,106,2492
10/18/2020,HN,Honduras,AMRO,4139,86691,64,2556
10/25/2020,HN,Honduras,AMRO,5191,91882,56,2612
11/1/2020,HN,Honduras,AMRO,5006,96888,57,2669
11/8/2020,HN,Honduras,AMRO,2688,99576,72,2741
11/15/2020,HN,Honduras,AMRO,2503,102079,79,2820
11/22/2020,HN,Honduras,AMRO,2100,104179,35,2855
11/29/2020,HN,Honduras,AMRO,2955,107134,44,2899
12/6/2020,HN,Honduras,AMRO,2826,109960,42,2941
12/13/2020,HN,Honduras,AMRO,3748,113708,30,2971
12/20/2020,HN,Honduras,AMRO,2504,116212,52,3023
12/27/2020,HN,Honduras,AMRO,2447,118659,38,3061
1/3/2021,HN,Honduras,AMRO,4315,122974,99,3160
1/10/2021,HN,Honduras,AMRO,3422,126396,106,3266
1/17/2021,HN,Honduras,AMRO,6016,132412,78,3344
1/24/2021,HN,Honduras,AMRO,6770,139182,95,3439
1/31/2021,HN,Honduras,AMRO,6928,146110,136,3575
2/7/2021,HN,Honduras,AMRO,7143,153253,119,3694
2/14/2021,HN,Honduras,AMRO,5771,159024,154,3848
2/21/2021,HN,Honduras,AMRO,5053,164077,127,3975
2/28/2021,HN,Honduras,AMRO,4834,168911,142,4117
3/7/2021,HN,Honduras,AMRO,4109,173020,130,4247
3/14/2021,HN,Honduras,AMRO,4148,177168,78,4325
3/21/2021,HN,Honduras,AMRO,4189,181357,97,4422
3/28/2021,HN,Honduras,AMRO,4980,186337,114,4536
4/4/2021,HN,Honduras,AMRO,3389,189726,86,4622
4/11/2021,HN,Honduras,AMRO,4822,194548,144,4766
4/18/2021,HN,Honduras,AMRO,5134,199682,168,4934
4/25/2021,HN,Honduras,AMRO,6014,205696,161,5095
5/2/2021,HN,Honduras,AMRO,6637,212333,186,5281
5/9/2021,HN,Honduras,AMRO,5997,218330,304,5585
5/16/2021,HN,Honduras,AMRO,6926,225256,352,5937
5/23/2021,HN,Honduras,AMRO,6304,231560,196,6133
5/30/2021,HN,Honduras,AMRO,4891,236451,151,6284
6/6/2021,HN,Honduras,AMRO,4588,241039,170,6454
6/13/2021,HN,Honduras,AMRO,4656,245695,145,6599
6/20/2021,HN,Honduras,AMRO,6271,251966,149,6748
6/27/2021,HN,Honduras,AMRO,6383,258349,154,6902
7/4/2021,HN,Honduras,AMRO,6825,265174,157,7059
7/11/2021,HN,Honduras,AMRO,7556,272730,162,7221
7/18/2021,HN,Honduras,AMRO,6527,279257,206,7427
7/25/2021,HN,Honduras,AMRO,7378,286635,167,7594
8/1/2021,HN,Honduras,AMRO,10476,297111,240,7834
8/8/2021,HN,Honduras,AMRO,8825,305936,286,8120
8/15/2021,HN,Honduras,AMRO,10299,316235,253,8373
8/22/2021,HN,Honduras,AMRO,10595,326830,221,8594
8/29/2021,HN,Honduras,AMRO,8568,335398,238,8832
9/5/2021,HN,Honduras,AMRO,8409,343807,191,9023
9/12/2021,HN,Honduras,AMRO,7072,350879,296,9319
9/19/2021,HN,Honduras,AMRO,6775,357654,172,9491
9/26/2021,HN,Honduras,AMRO,5363,363017,188,9679
10/3/2021,HN,Honduras,AMRO,4258,367275,176,9855
10/10/2021,HN,Honduras,AMRO,1755,369030,94,9949
10/17/2021,HN,Honduras,AMRO,3149,372179,148,10097
10/24/2021,HN,Honduras,AMRO,1969,374148,95,10192
10/31/2021,HN,Honduras,AMRO,1233,375381,48,10240
11/7/2021,HN,Honduras,AMRO,900,376281,69,10309
11/14/2021,HN,Honduras,AMRO,686,376967,44,10353
11/21/2021,HN,Honduras,AMRO,453,377420,35,10388
11/28/2021,HN,Honduras,AMRO,468,377888,15,10403
12/5/2021,HN,Honduras,AMRO,225,378113,10,10413
12/12/2021,HN,Honduras,AMRO,448,378561,8,10421
12/19/2021,HN,Honduras,AMRO,243,378804,7,10428
12/26/2021,HN,Honduras,AMRO,269,379073,1,10429
1/2/2022,HN,Honduras,AMRO,469,379542,5,10434
1/9/2022,HN,Honduras,AMRO,1712,381254,10,10444
1/16/2022,HN,Honduras,AMRO,2823,384077,10,10454
1/23/2022,HN,Honduras,AMRO,4359,388436,15,10469
1/30/2022,HN,Honduras,AMRO,3438,391874,35,10504
2/6/2022,HN,Honduras,AMRO,7026,398900,47,10551
2/13/2022,HN,Honduras,AMRO,5864,404764,57,10608
2/20/2022,HN,Honduras,AMRO,3692,408456,63,10671
2/27/2022,HN,Honduras,AMRO,3717,412173,104,10775
3/6/2022,HN,Honduras,AMRO,2138,414311,24,10799
3/13/2022,HN,Honduras,AMRO,2418,416729,35,10834
3/20/2022,HN,Honduras,AMRO,1571,418300,23,10857
3/27/2022,HN,Honduras,AMRO,2321,420621,14,10871
4/3/2022,HN,Honduras,AMRO,549,421170,14,10885
4/10/2022,HN,Honduras,AMRO,489,421659,6,10891
4/17/2022,HN,Honduras,AMRO,0,421659,0,10891
4/24/2022,HN,Honduras,AMRO,886,422545,2,10893
5/1/2022,HN,Honduras,AMRO,634,423179,0,10893
5/8/2022,HN,Honduras,AMRO,700,423879,2,10895
5/15/2022,HN,Honduras,AMRO,568,424447,1,10896
5/22/2022,HN,Honduras,AMRO,412,424859,0,10896
5/29/2022,HN,Honduras,AMRO,254,425113,3,10899
6/5/2022,HN,Honduras,AMRO,358,425471,1,10900
6/12/2022,HN,Honduras,AMRO,184,425655,2,10902
6/19/2022,HN,Honduras,AMRO,275,425930,1,10903
6/26/2022,HN,Honduras,AMRO,949,426879,2,10905
7/3/2022,HN,Honduras,AMRO,839,427718,1,10906
7/10/2022,HN,Honduras,AMRO,2130,429848,6,10912
7/17/2022,HN,Honduras,AMRO,2291,432139,7,10919
7/24/2022,HN,Honduras,AMRO,2657,434796,11,10930
7/31/2022,HN,Honduras,AMRO,5105,439901,2,10932
8/7/2022,HN,Honduras,AMRO,5370,445271,13,10945
8/14/2022,HN,Honduras,AMRO,2094,447365,9,10954
8/21/2022,HN,Honduras,AMRO,3028,450393,11,10965
8/28/2022,HN,Honduras,AMRO,3600,453993,8,10973
9/4/2022,HN,Honduras,AMRO,786,454779,16,10989
9/11/2022,HN,Honduras,AMRO,232,455011,0,10989
9/18/2022,HN,Honduras,AMRO,825,455836,3,10992
9/25/2022,HN,Honduras,AMRO,500,456336,0,10992
10/2/2022,HN,Honduras,AMRO,55,456391,1,10993
10/9/2022,HN,Honduras,AMRO,273,456664,3,10996
10/16/2022,HN,Honduras,AMRO,222,456886,11,11007
10/23/2022,HN,Honduras,AMRO,138,457024,30,11037
10/30/2022,HN,Honduras,AMRO,110,457134,2,11039
11/6/2022,HN,Honduras,AMRO,128,457262,1,11040
11/13/2022,HN,Honduras,AMRO,144,457406,1,11041
11/20/2022,HN,Honduras,AMRO,102,457508,2,11043
11/27/2022,HN,Honduras,AMRO,515,458023,0,11043
12/4/2022,HN,Honduras,AMRO,898,458921,8,11051
12/11/2022,HN,Honduras,AMRO,1793,460714,3,11054
12/18/2022,HN,Honduras,AMRO,2028,462742,6,11060
12/25/2022,HN,Honduras,AMRO,943,463685,3,11063
1/1/2023,HN,Honduras,AMRO,2230,465915,8,11071
1/8/2023,HN,Honduras,AMRO,2429,468344,23,11094
1/15/2023,HN,Honduras,AMRO,886,469230,1,11095
1/22/2023,HN,Honduras,AMRO,960,470190,7,11102
1/29/2023,HN,Honduras,AMRO,366,470556,2,11104
2/5/2023,HN,Honduras,AMRO,384,470940,0,11104
2/12/2023,HN,Honduras,AMRO,477,471417,5,11109
2/19/2023,HN,Honduras,AMRO,347,471764,0,11109
2/26/2023,HN,Honduras,AMRO,352,472116,2,11111
3/5/2023,HN,Honduras,AMRO,134,472250,0,11111
3/12/2023,HN,Honduras,AMRO,58,472308,0,11111
3/19/2023,HN,Honduras,AMRO,32,472340,0,11111
3/26/2023,HN,Honduras,AMRO,103,472443,0,11111
4/2/2023,HN,Honduras,AMRO,24,472467,0,11111
4/9/2023,HN,Honduras,AMRO,0,472467,0,11111
4/16/2023,HN,Honduras,AMRO,18,472485,0,11111
4/23/2023,HN,Honduras,AMRO,48,472533,1,11112
4/30/2023,HN,Honduras,AMRO,0,472533,0,11112
5/7/2023,HN,Honduras,AMRO,0,472533,0,11112
5/14/2023,HN,Honduras,AMRO,61,472594,2,11114
5/21/2023,HN,Honduras,AMRO,0,472594,0,11114
5/28/2023,HN,Honduras,AMRO,0,472594,0,11114
6/4/2023,HN,Honduras,AMRO,4,472598,0,11114
6/11/2023,HN,Honduras,AMRO,2,472600,0,11114
6/18/2023,HN,Honduras,AMRO,2,472602,0,11114
6/25/2023,HN,Honduras,AMRO,3,472605,0,11114
7/2/2023,HN,Honduras,AMRO,15,472620,0,11114
7/9/2023,HN,Honduras,AMRO,8,472628,0,11114
7/16/2023,HN,Honduras,AMRO,29,472657,0,11114
7/23/2023,HN,Honduras,AMRO,28,472685,0,11114
7/30/2023,HN,Honduras,AMRO,31,472716,0,11114
8/6/2023,HN,Honduras,AMRO,3,472719,0,11114
8/13/2023,HN,Honduras,AMRO,9,472728,0,11114
8/20/2023,HN,Honduras,AMRO,5,472733,0,11114
8/27/2023,HN,Honduras,AMRO,1,472734,0,11114
9/3/2023,HN,Honduras,AMRO,3,472737,0,11114
9/10/2023,HN,Honduras,AMRO,2,472739,0,11114
9/17/2023,HN,Honduras,AMRO,0,472739,0,11114
9/24/2023,HN,Honduras,AMRO,1,472740,0,11114
10/1/2023,HN,Honduras,AMRO,2,472742,0,11114
10/8/2023,HN,Honduras,AMRO,0,472742,0,11114
10/15/2023,HN,Honduras,AMRO,0,472742,0,11114
10/22/2023,HN,Honduras,AMRO,0,472742,0,11114
10/29/2023,HN,Honduras,AMRO,1,472743,0,11114
11/5/2023,HN,Honduras,AMRO,0,472743,0,11114
11/12/2023,HN,Honduras,AMRO,0,472743,0,11114
11/19/2023,HN,Honduras,AMRO,0,472743,0,11114
11/26/2023,HN,Honduras,AMRO,0,472743,0,11114
12/3/2023,HN,Honduras,AMRO,0,472743,0,11114
12/10/2023,HN,Honduras,AMRO,0,472743,0,11114
12/17/2023,HN,Honduras,AMRO,0,472743,0,11114
12/24/2023,HN,Honduras,AMRO,0,472743,0,11114
1/5/2020,HU,Hungary,EURO,0,0,0,0
1/12/2020,HU,Hungary,EURO,0,0,0,0
1/19/2020,HU,Hungary,EURO,0,0,0,0
1/26/2020,HU,Hungary,EURO,0,0,0,0
2/2/2020,HU,Hungary,EURO,0,0,0,0
2/9/2020,HU,Hungary,EURO,0,0,0,0
2/16/2020,HU,Hungary,EURO,0,0,0,0
2/23/2020,HU,Hungary,EURO,0,0,0,0
3/1/2020,HU,Hungary,EURO,0,0,0,0
3/8/2020,HU,Hungary,EURO,7,7,0,0
3/15/2020,HU,Hungary,EURO,24,31,0,0
3/22/2020,HU,Hungary,EURO,100,131,4,4
3/29/2020,HU,Hungary,EURO,277,408,9,13
4/5/2020,HU,Hungary,EURO,325,733,21,34
4/12/2020,HU,Hungary,EURO,677,1410,65,99
4/19/2020,HU,Hungary,EURO,506,1916,90,189
4/26/2020,HU,Hungary,EURO,584,2500,83,272
5/3/2020,HU,Hungary,EURO,498,2998,68,340
5/10/2020,HU,Hungary,EURO,265,3263,73,413
5/17/2020,HU,Hungary,EURO,246,3509,38,451
5/24/2020,HU,Hungary,EURO,232,3741,35,486
5/31/2020,HU,Hungary,EURO,126,3867,38,524
6/7/2020,HU,Hungary,EURO,103,3970,18,542
6/14/2020,HU,Hungary,EURO,94,4064,17,559
6/21/2020,HU,Hungary,EURO,30,4094,11,570
6/28/2020,HU,Hungary,EURO,44,4138,8,578
7/5/2020,HU,Hungary,EURO,45,4183,11,589
7/12/2020,HU,Hungary,EURO,46,4229,6,595
7/19/2020,HU,Hungary,EURO,86,4315,1,596
7/26/2020,HU,Hungary,EURO,120,4435,0,596
8/2/2020,HU,Hungary,EURO,91,4526,1,597
8/9/2020,HU,Hungary,EURO,127,4653,5,602
8/16/2020,HU,Hungary,EURO,224,4877,5,607
8/23/2020,HU,Hungary,EURO,256,5133,4,611
8/30/2020,HU,Hungary,EURO,536,5669,3,614
9/6/2020,HU,Hungary,EURO,2223,7892,10,624
9/13/2020,HU,Hungary,EURO,3933,11825,9,633
9/20/2020,HU,Hungary,EURO,6165,17990,50,683
9/27/2020,HU,Hungary,EURO,6024,24014,53,736
10/4/2020,HU,Hungary,EURO,6561,30575,86,822
10/11/2020,HU,Hungary,EURO,7089,37664,132,954
10/18/2020,HU,Hungary,EURO,8626,46290,188,1142
10/25/2020,HU,Hungary,EURO,12957,59247,283,1425
11/1/2020,HU,Hungary,EURO,19952,79199,394,1819
11/8/2020,HU,Hungary,EURO,30417,109616,619,2438
11/15/2020,HU,Hungary,EURO,31345,140961,659,3097
11/22/2020,HU,Hungary,EURO,33657,174618,703,3800
11/29/2020,HU,Hungary,EURO,36909,211527,872,4672
12/6/2020,HU,Hungary,EURO,38751,250278,1196,5868
12/13/2020,HU,Hungary,EURO,30122,280400,1097,6965
12/20/2020,HU,Hungary,EURO,22589,302989,1134,8099
12/27/2020,HU,Hungary,EURO,13071,316060,948,9047
1/3/2021,HU,Hungary,EURO,11935,327995,837,9884
1/10/2021,HU,Hungary,EURO,14242,342237,764,10648
1/17/2021,HU,Hungary,EURO,9591,351828,693,11341
1/24/2021,HU,Hungary,EURO,7746,359574,627,11968
1/31/2021,HU,Hungary,EURO,8012,367586,556,12524
2/7/2021,HU,Hungary,EURO,8909,376495,566,13090
2/14/2021,HU,Hungary,EURO,10967,387462,616,13706
2/21/2021,HU,Hungary,EURO,15561,403023,593,14299
2/28/2021,HU,Hungary,EURO,25576,428599,675,14974
3/7/2021,HU,Hungary,EURO,37418,466017,899,15873
3/14/2021,HU,Hungary,EURO,50473,516490,1079,16952
3/21/2021,HU,Hungary,EURO,55106,571596,1310,18262
3/28/2021,HU,Hungary,EURO,62265,633861,1710,19972
4/4/2021,HU,Hungary,EURO,52118,685979,1743,21715
4/11/2021,HU,Hungary,EURO,34185,720164,1702,23417
4/18/2021,HU,Hungary,EURO,30344,750508,1767,25184
4/25/2021,HU,Hungary,EURO,19010,769518,1441,26625
5/2/2021,HU,Hungary,EURO,13374,782892,1177,27802
5/9/2021,HU,Hungary,EURO,8817,791709,800,28602
5/16/2021,HU,Hungary,EURO,6438,798147,573,29175
5/23/2021,HU,Hungary,EURO,3941,802088,344,29519
5/30/2021,HU,Hungary,EURO,1944,804032,190,29709
6/6/2021,HU,Hungary,EURO,1976,806008,146,29855
6/13/2021,HU,Hungary,EURO,782,806790,50,29905
6/20/2021,HU,Hungary,EURO,638,807428,46,29951
6/27/2021,HU,Hungary,EURO,482,807910,30,29981
7/4/2021,HU,Hungary,EURO,287,808197,11,29992
7/11/2021,HU,Hungary,EURO,240,808437,12,30004
7/18/2021,HU,Hungary,EURO,288,808725,11,30015
7/25/2021,HU,Hungary,EURO,376,809101,5,30020
8/1/2021,HU,Hungary,EURO,390,809491,6,30026
8/8/2021,HU,Hungary,EURO,364,809855,7,30033
8/15/2021,HU,Hungary,EURO,461,810316,5,30038
8/22/2021,HU,Hungary,EURO,465,810781,8,30046
8/29/2021,HU,Hungary,EURO,925,811706,11,30057
9/5/2021,HU,Hungary,EURO,1334,813040,4,30061
9/12/2021,HU,Hungary,EURO,1692,814732,25,30086
9/19/2021,HU,Hungary,EURO,2427,817159,37,30123
9/26/2021,HU,Hungary,EURO,2919,820078,28,30151
10/3/2021,HU,Hungary,EURO,3306,823384,48,30199
10/10/2021,HU,Hungary,EURO,4026,827410,76,30275
10/17/2021,HU,Hungary,EURO,5705,833115,76,30351
10/24/2021,HU,Hungary,EURO,10710,843825,141,30492
10/31/2021,HU,Hungary,EURO,19594,863419,237,30729
11/7/2021,HU,Hungary,EURO,28745,892164,455,31184
11/14/2021,HU,Hungary,EURO,47620,939784,683,31867
11/21/2021,HU,Hungary,EURO,58704,998488,913,32780
11/28/2021,HU,Hungary,EURO,70400,1068888,1086,33866
12/5/2021,HU,Hungary,EURO,65981,1134869,1256,35122
12/12/2021,HU,Hungary,EURO,48053,1182922,1307,36429
12/19/2021,HU,Hungary,EURO,35373,1218295,1101,37530
12/26/2021,HU,Hungary,EURO,19035,1237330,777,38307
1/2/2022,HU,Hungary,EURO,19085,1256415,879,39186
1/9/2022,HU,Hungary,EURO,26542,1282957,594,39780
1/16/2022,HU,Hungary,EURO,44057,1327014,457,40237
1/23/2022,HU,Hungary,EURO,74443,1401457,585,40822
1/30/2022,HU,Hungary,EURO,106901,1508358,407,41229
2/6/2022,HU,Hungary,EURO,108488,1616846,512,41741
2/13/2022,HU,Hungary,EURO,79145,1695991,619,42360
2/20/2022,HU,Hungary,EURO,50433,1746424,706,43066
2/27/2022,HU,Hungary,EURO,32750,1779174,686,43752
3/6/2022,HU,Hungary,EURO,20872,1800046,534,44286
3/13/2022,HU,Hungary,EURO,14316,1814362,367,44653
3/20/2022,HU,Hungary,EURO,9727,1824089,308,44961
3/27/2022,HU,Hungary,EURO,15269,1839358,297,45258
4/3/2022,HU,Hungary,EURO,14840,1854198,252,45510
4/10/2022,HU,Hungary,EURO,13809,1868007,211,45721
4/17/2022,HU,Hungary,EURO,11473,1879480,144,45865
4/24/2022,HU,Hungary,EURO,11473,1890953,183,46048
5/1/2022,HU,Hungary,EURO,10064,1901017,153,46201
5/8/2022,HU,Hungary,EURO,2183,1903200,65,46266
5/15/2022,HU,Hungary,EURO,6748,1909948,77,46343
5/22/2022,HU,Hungary,EURO,4749,1914697,103,46446
5/29/2022,HU,Hungary,EURO,3080,1917777,61,46507
6/5/2022,HU,Hungary,EURO,2063,1919840,40,46547
6/12/2022,HU,Hungary,EURO,1646,1921486,24,46571
6/19/2022,HU,Hungary,EURO,1636,1923122,23,46594
6/26/2022,HU,Hungary,EURO,1961,1925083,32,46626
7/3/2022,HU,Hungary,EURO,3042,1928125,21,46647
7/10/2022,HU,Hungary,EURO,4663,1932788,14,46661
7/17/2022,HU,Hungary,EURO,8036,1940824,35,46696
7/24/2022,HU,Hungary,EURO,10255,1951079,40,46736
7/31/2022,HU,Hungary,EURO,14402,1965481,54,46790
8/7/2022,HU,Hungary,EURO,21840,1987321,96,46886
8/14/2022,HU,Hungary,EURO,18078,2005399,80,46966
8/21/2022,HU,Hungary,EURO,16249,2021648,117,47083
8/28/2022,HU,Hungary,EURO,14742,2036390,108,47191
9/4/2022,HU,Hungary,EURO,12157,2048547,100,47291
9/11/2022,HU,Hungary,EURO,10300,2058847,76,47367
9/18/2022,HU,Hungary,EURO,11596,2070443,42,47409
9/25/2022,HU,Hungary,EURO,12307,2082750,48,47457
10/2/2022,HU,Hungary,EURO,11392,2094142,46,47503
10/9/2022,HU,Hungary,EURO,13765,2107907,73,47576
10/16/2022,HU,Hungary,EURO,12636,2120543,104,47680
10/23/2022,HU,Hungary,EURO,11947,2132490,118,47798
10/30/2022,HU,Hungary,EURO,9023,2141513,140,47938
11/6/2022,HU,Hungary,EURO,7495,2149008,81,48019
11/13/2022,HU,Hungary,EURO,4556,2153564,92,48111
11/20/2022,HU,Hungary,EURO,4431,2157995,73,48184
11/27/2022,HU,Hungary,EURO,4098,2162093,61,48245
12/4/2022,HU,Hungary,EURO,4259,2166352,42,48287
12/11/2022,HU,Hungary,EURO,4704,2171056,50,48337
12/18/2022,HU,Hungary,EURO,5193,2176249,43,48380
12/25/2022,HU,Hungary,EURO,5170,2181419,59,48439
1/1/2023,HU,Hungary,EURO,4397,2185816,56,48495
1/8/2023,HU,Hungary,EURO,2921,2188737,65,48560
1/15/2023,HU,Hungary,EURO,1596,2190333,44,48604
1/22/2023,HU,Hungary,EURO,866,2191199,17,48621
1/29/2023,HU,Hungary,EURO,627,2191826,17,48638
2/5/2023,HU,Hungary,EURO,621,2192447,9,48647
2/12/2023,HU,Hungary,EURO,825,2193272,8,48655
2/19/2023,HU,Hungary,EURO,830,2194102,9,48664
2/26/2023,HU,Hungary,EURO,867,2194969,6,48670
3/5/2023,HU,Hungary,EURO,957,2195926,11,48681
3/12/2023,HU,Hungary,EURO,878,2196804,12,48693
3/19/2023,HU,Hungary,EURO,1016,2197820,16,48709
3/26/2023,HU,Hungary,EURO,641,2198461,11,48720
4/2/2023,HU,Hungary,EURO,685,2199146,10,48730
4/9/2023,HU,Hungary,EURO,618,2199764,15,48745
4/16/2023,HU,Hungary,EURO,447,2200211,8,48753
4/23/2023,HU,Hungary,EURO,528,2200739,11,48764
4/30/2023,HU,Hungary,EURO,616,2201355,6,48770
5/7/2023,HU,Hungary,EURO,469,2201824,8,48778
5/14/2023,HU,Hungary,EURO,355,2202179,4,48782
5/21/2023,HU,Hungary,EURO,312,2202491,4,48786
5/28/2023,HU,Hungary,EURO,225,2202716,5,48791
6/4/2023,HU,Hungary,EURO,171,2202887,3,48794
6/11/2023,HU,Hungary,EURO,103,2202990,1,48795
6/18/2023,HU,Hungary,EURO,92,2203082,2,48797
6/25/2023,HU,Hungary,EURO,47,2203129,0,48797
7/2/2023,HU,Hungary,EURO,42,2203171,1,48798
7/9/2023,HU,Hungary,EURO,29,2203200,1,48799
7/16/2023,HU,Hungary,EURO,22,2203222,0,48799
7/23/2023,HU,Hungary,EURO,40,2203262,0,48799
7/30/2023,HU,Hungary,EURO,27,2203289,1,48800
8/6/2023,HU,Hungary,EURO,26,2203315,1,48801
8/13/2023,HU,Hungary,EURO,41,2203356,1,48802
8/20/2023,HU,Hungary,EURO,85,2203441,0,48802
8/27/2023,HU,Hungary,EURO,123,2203564,1,48803
9/3/2023,HU,Hungary,EURO,197,2203761,0,48803
9/10/2023,HU,Hungary,EURO,329,2204090,0,48803
9/17/2023,HU,Hungary,EURO,398,2204488,3,48806
9/24/2023,HU,Hungary,EURO,834,2205322,1,48807
10/1/2023,HU,Hungary,EURO,989,2206311,5,48812
10/8/2023,HU,Hungary,EURO,869,2207180,3,48815
10/15/2023,HU,Hungary,EURO,789,2207969,4,48819
10/22/2023,HU,Hungary,EURO,981,2208950,3,48822
10/29/2023,HU,Hungary,EURO,1022,2209972,9,48831
11/5/2023,HU,Hungary,EURO,1164,2211136,7,48838
11/12/2023,HU,Hungary,EURO,874,2212010,9,48847
11/19/2023,HU,Hungary,EURO,984,2212994,1,48848
11/26/2023,HU,Hungary,EURO,0,2212994,0,48848
12/3/2023,HU,Hungary,EURO,0,2212994,0,48848
12/10/2023,HU,Hungary,EURO,4138,2217132,14,48862
12/17/2023,HU,Hungary,EURO,3036,2220168,12,48874
12/24/2023,HU,Hungary,EURO,3611,2223779,22,48896
1/5/2020,IS,Iceland,EURO,0,0,0,0
1/12/2020,IS,Iceland,EURO,0,0,0,0
1/19/2020,IS,Iceland,EURO,0,0,0,0
1/26/2020,IS,Iceland,EURO,0,0,0,0
2/2/2020,IS,Iceland,EURO,0,0,0,0
2/9/2020,IS,Iceland,EURO,15,15,0,0
2/16/2020,IS,Iceland,EURO,0,15,0,0
2/23/2020,IS,Iceland,EURO,0,15,0,0
3/1/2020,IS,Iceland,EURO,7,22,0,0
3/8/2020,IS,Iceland,EURO,53,75,0,0
3/15/2020,IS,Iceland,EURO,117,192,0,0
3/22/2020,IS,Iceland,EURO,461,653,1,1
3/29/2020,IS,Iceland,EURO,509,1162,1,2
4/5/2020,IS,Iceland,EURO,440,1602,4,6
4/12/2020,IS,Iceland,EURO,135,1737,2,8
4/19/2020,IS,Iceland,EURO,53,1790,1,9
4/26/2020,IS,Iceland,EURO,16,1806,1,10
5/3/2020,IS,Iceland,EURO,7,1813,0,10
5/10/2020,IS,Iceland,EURO,2,1815,0,10
5/17/2020,IS,Iceland,EURO,1,1816,0,10
5/24/2020,IS,Iceland,EURO,2,1818,0,10
5/31/2020,IS,Iceland,EURO,2,1820,0,10
6/7/2020,IS,Iceland,EURO,1,1821,0,10
6/14/2020,IS,Iceland,EURO,2,1823,0,10
6/21/2020,IS,Iceland,EURO,5,1828,0,10
6/28/2020,IS,Iceland,EURO,6,1834,0,10
7/5/2020,IS,Iceland,EURO,9,1843,0,10
7/12/2020,IS,Iceland,EURO,3,1846,0,10
7/19/2020,IS,Iceland,EURO,6,1852,0,10
7/26/2020,IS,Iceland,EURO,16,1868,0,10
8/2/2020,IS,Iceland,EURO,59,1927,0,10
8/9/2020,IS,Iceland,EURO,47,1974,0,10
8/16/2020,IS,Iceland,EURO,54,2028,0,10
8/23/2020,IS,Iceland,EURO,55,2083,0,10
8/30/2020,IS,Iceland,EURO,41,2124,0,10
9/6/2020,IS,Iceland,EURO,32,2156,0,10
9/13/2020,IS,Iceland,EURO,25,2181,0,10
9/20/2020,IS,Iceland,EURO,212,2393,0,10
9/27/2020,IS,Iceland,EURO,280,2673,0,10
10/4/2020,IS,Iceland,EURO,321,2994,0,10
10/11/2020,IS,Iceland,EURO,603,3597,1,11
10/18/2020,IS,Iceland,EURO,532,4129,1,12
10/25/2020,IS,Iceland,EURO,397,4526,0,12
11/1/2020,IS,Iceland,EURO,408,4934,5,17
11/8/2020,IS,Iceland,EURO,174,5108,7,24
11/15/2020,IS,Iceland,EURO,108,5216,1,25
11/22/2020,IS,Iceland,EURO,80,5296,1,26
11/29/2020,IS,Iceland,EURO,107,5403,0,26
12/6/2020,IS,Iceland,EURO,105,5508,1,27
12/13/2020,IS,Iceland,EURO,64,5572,1,28
12/20/2020,IS,Iceland,EURO,89,5661,0,28
12/27/2020,IS,Iceland,EURO,82,5743,0,28
1/3/2021,IS,Iceland,EURO,73,5816,1,29
1/10/2021,IS,Iceland,EURO,102,5918,0,29
1/17/2021,IS,Iceland,EURO,70,5988,0,29
1/24/2021,IS,Iceland,EURO,19,6007,0,29
1/31/2021,IS,Iceland,EURO,22,6029,0,29
2/7/2021,IS,Iceland,EURO,12,6041,0,29
2/14/2021,IS,Iceland,EURO,15,6056,0,29
2/21/2021,IS,Iceland,EURO,10,6066,0,29
2/28/2021,IS,Iceland,EURO,10,6076,0,29
3/7/2021,IS,Iceland,EURO,11,6087,0,29
3/14/2021,IS,Iceland,EURO,19,6106,0,29
3/21/2021,IS,Iceland,EURO,38,6144,0,29
3/28/2021,IS,Iceland,EURO,61,6205,0,29
4/4/2021,IS,Iceland,EURO,50,6255,0,29
4/11/2021,IS,Iceland,EURO,34,6289,0,29
4/18/2021,IS,Iceland,EURO,62,6351,0,29
4/25/2021,IS,Iceland,EURO,65,6416,0,29
5/2/2021,IS,Iceland,EURO,54,6470,0,29
5/9/2021,IS,Iceland,EURO,35,6505,0,29
5/16/2021,IS,Iceland,EURO,30,6535,0,29
5/23/2021,IS,Iceland,EURO,7,6542,1,30
5/30/2021,IS,Iceland,EURO,30,6572,0,30
6/6/2021,IS,Iceland,EURO,28,6600,0,30
6/13/2021,IS,Iceland,EURO,11,6611,0,30
6/20/2021,IS,Iceland,EURO,10,6621,0,30
6/27/2021,IS,Iceland,EURO,17,6638,0,30
7/4/2021,IS,Iceland,EURO,16,6654,0,30
7/11/2021,IS,Iceland,EURO,25,6679,0,30
7/18/2021,IS,Iceland,EURO,99,6778,0,30
7/25/2021,IS,Iceland,EURO,519,7297,0,30
8/1/2021,IS,Iceland,EURO,815,8112,0,30
8/8/2021,IS,Iceland,EURO,776,8888,0,30
8/15/2021,IS,Iceland,EURO,680,9568,0,30
8/22/2021,IS,Iceland,EURO,605,10173,0,30
8/29/2021,IS,Iceland,EURO,525,10698,3,33
9/5/2021,IS,Iceland,EURO,355,11053,0,33
9/12/2021,IS,Iceland,EURO,219,11272,0,33
9/19/2021,IS,Iceland,EURO,189,11461,0,33
9/26/2021,IS,Iceland,EURO,251,11712,0,33
10/3/2021,IS,Iceland,EURO,235,11947,0,33
10/10/2021,IS,Iceland,EURO,285,12232,0,33
10/17/2021,IS,Iceland,EURO,373,12605,0,33
10/24/2021,IS,Iceland,EURO,525,13130,0,33
10/31/2021,IS,Iceland,EURO,601,13731,1,34
11/7/2021,IS,Iceland,EURO,827,14558,0,34
11/14/2021,IS,Iceland,EURO,1175,15733,0,34
11/21/2021,IS,Iceland,EURO,1058,16791,0,34
11/28/2021,IS,Iceland,EURO,975,17766,1,35
12/5/2021,IS,Iceland,EURO,868,18634,0,35
12/12/2021,IS,Iceland,EURO,901,19535,1,36
12/19/2021,IS,Iceland,EURO,1352,20887,1,37
12/26/2021,IS,Iceland,EURO,3319,24206,0,37
1/2/2022,IS,Iceland,EURO,6853,31059,1,38
1/9/2022,IS,Iceland,EURO,8921,39980,3,41
1/16/2022,IS,Iceland,EURO,131,40111,0,41
1/23/2022,IS,Iceland,EURO,9874,49985,0,41
1/30/2022,IS,Iceland,EURO,9188,59173,2,43
2/6/2022,IS,Iceland,EURO,10475,69648,3,46
2/13/2022,IS,Iceland,EURO,13792,83440,5,51
2/20/2022,IS,Iceland,EURO,17366,100806,5,56
2/27/2022,IS,Iceland,EURO,13322,114128,3,59
3/6/2022,IS,Iceland,EURO,16895,131023,8,67
3/13/2022,IS,Iceland,EURO,19640,150663,6,73
3/20/2022,IS,Iceland,EURO,13313,163976,10,83
3/27/2022,IS,Iceland,EURO,7342,171318,4,87
4/3/2022,IS,Iceland,EURO,3024,174342,8,95
4/10/2022,IS,Iceland,EURO,1622,175964,9,104
4/17/2022,IS,Iceland,EURO,875,176839,1,105
4/24/2022,IS,Iceland,EURO,866,177705,5,110
5/1/2022,IS,Iceland,EURO,551,178256,0,110
5/8/2022,IS,Iceland,EURO,451,178707,1,111
5/15/2022,IS,Iceland,EURO,778,179485,0,111
5/22/2022,IS,Iceland,EURO,863,180348,0,111
5/29/2022,IS,Iceland,EURO,809,181157,0,111
6/5/2022,IS,Iceland,EURO,1159,182316,0,111
6/12/2022,IS,Iceland,EURO,1412,183728,0,111
6/19/2022,IS,Iceland,EURO,1535,185263,2,113
6/26/2022,IS,Iceland,EURO,2409,187672,2,115
7/3/2022,IS,Iceland,EURO,3196,190868,2,117
7/10/2022,IS,Iceland,EURO,3196,194064,0,117
7/17/2022,IS,Iceland,EURO,2338,196402,0,117
7/24/2022,IS,Iceland,EURO,1695,198097,0,117
7/31/2022,IS,Iceland,EURO,1337,199434,0,117
8/7/2022,IS,Iceland,EURO,803,200237,0,117
8/14/2022,IS,Iceland,EURO,860,201097,0,117
8/21/2022,IS,Iceland,EURO,717,201814,0,117
8/28/2022,IS,Iceland,EURO,547,202361,0,117
9/4/2022,IS,Iceland,EURO,424,202785,0,117
9/11/2022,IS,Iceland,EURO,357,203142,0,117
9/18/2022,IS,Iceland,EURO,250,203392,0,117
9/25/2022,IS,Iceland,EURO,239,203631,0,117
10/2/2022,IS,Iceland,EURO,240,203871,0,117
10/9/2022,IS,Iceland,EURO,188,204059,0,117
10/16/2022,IS,Iceland,EURO,217,204276,0,117
10/23/2022,IS,Iceland,EURO,324,204600,0,117
10/30/2022,IS,Iceland,EURO,295,204895,0,117
11/6/2022,IS,Iceland,EURO,305,205200,0,117
11/13/2022,IS,Iceland,EURO,310,205510,69,186
11/20/2022,IS,Iceland,EURO,276,205786,0,186
11/27/2022,IS,Iceland,EURO,274,206060,0,186
12/4/2022,IS,Iceland,EURO,207,206267,0,186
12/11/2022,IS,Iceland,EURO,207,206474,0,186
12/18/2022,IS,Iceland,EURO,384,206858,0,186
12/25/2022,IS,Iceland,EURO,355,207213,0,186
1/1/2023,IS,Iceland,EURO,223,207436,0,186
1/8/2023,IS,Iceland,EURO,192,207628,0,186
1/15/2023,IS,Iceland,EURO,0,207628,0,186
1/22/2023,IS,Iceland,EURO,76,207704,0,186
1/29/2023,IS,Iceland,EURO,105,207809,0,186
2/5/2023,IS,Iceland,EURO,190,207999,0,186
2/12/2023,IS,Iceland,EURO,115,208114,0,186
2/19/2023,IS,Iceland,EURO,101,208215,0,186
2/26/2023,IS,Iceland,EURO,117,208332,0,186
3/5/2023,IS,Iceland,EURO,75,208407,0,186
3/12/2023,IS,Iceland,EURO,32,208439,0,186
3/19/2023,IS,Iceland,EURO,44,208483,0,186
3/26/2023,IS,Iceland,EURO,28,208511,0,186
4/2/2023,IS,Iceland,EURO,37,208548,0,186
4/9/2023,IS,Iceland,EURO,28,208576,0,186
4/16/2023,IS,Iceland,EURO,16,208592,0,186
4/23/2023,IS,Iceland,EURO,8,208600,0,186
4/30/2023,IS,Iceland,EURO,10,208610,0,186
5/7/2023,IS,Iceland,EURO,10,208620,0,186
5/14/2023,IS,Iceland,EURO,10,208630,0,186
5/21/2023,IS,Iceland,EURO,16,208646,0,186
5/28/2023,IS,Iceland,EURO,19,208665,0,186
6/4/2023,IS,Iceland,EURO,23,208688,0,186
6/11/2023,IS,Iceland,EURO,19,208707,0,186
6/18/2023,IS,Iceland,EURO,21,208728,0,186
6/25/2023,IS,Iceland,EURO,7,208735,0,186
7/2/2023,IS,Iceland,EURO,8,208743,0,186
7/9/2023,IS,Iceland,EURO,8,208751,0,186
7/16/2023,IS,Iceland,EURO,6,208757,0,186
7/23/2023,IS,Iceland,EURO,35,208792,0,186
7/30/2023,IS,Iceland,EURO,22,208814,0,186
8/6/2023,IS,Iceland,EURO,31,208845,0,186
8/13/2023,IS,Iceland,EURO,38,208883,0,186
8/20/2023,IS,Iceland,EURO,32,208915,0,186
8/27/2023,IS,Iceland,EURO,42,208957,0,186
9/3/2023,IS,Iceland,EURO,41,208998,0,186
9/10/2023,IS,Iceland,EURO,44,209042,0,186
9/17/2023,IS,Iceland,EURO,43,209085,0,186
9/24/2023,IS,Iceland,EURO,57,209142,0,186
10/1/2023,IS,Iceland,EURO,54,209196,0,186
10/8/2023,IS,Iceland,EURO,47,209243,0,186
10/15/2023,IS,Iceland,EURO,43,209286,0,186
10/22/2023,IS,Iceland,EURO,42,209328,0,186
10/29/2023,IS,Iceland,EURO,0,209328,0,186
11/5/2023,IS,Iceland,EURO,0,209328,0,186
11/12/2023,IS,Iceland,EURO,0,209328,0,186
11/19/2023,IS,Iceland,EURO,0,209328,0,186
11/26/2023,IS,Iceland,EURO,0,209328,0,186
12/3/2023,IS,Iceland,EURO,0,209328,0,186
12/10/2023,IS,Iceland,EURO,111,209439,0,186
12/17/2023,IS,Iceland,EURO,64,209503,0,186
12/24/2023,IS,Iceland,EURO,0,209503,0,186
1/5/2020,,,,0,0,0,0
1/12/2020,,,,0,0,0,0
1/19/2020,,,,0,0,0,0
1/26/2020,,,,0,0,0,0
2/2/2020,,,,0,0,0,0
2/9/2020,,,,0,0,0,0
2/16/2020,,,,0,0,0,0
2/23/2020,,,,0,0,0,0
3/1/2020,,,,0,0,0,0
3/8/2020,,,,0,0,0,0
3/15/2020,,,,0,0,0,0
3/22/2020,,,,0,0,0,0
3/29/2020,,,,0,0,0,0
4/5/2020,,,,0,0,0,0
4/12/2020,,,,0,0,0,0
4/19/2020,,,,0,0,0,0
4/26/2020,,,,0,0,0,0
5/3/2020,,,,0,0,0,0
5/10/2020,,,,0,0,0,0
5/17/2020,,,,0,0,0,0
5/24/2020,,,,0,0,0,0
5/31/2020,,,,0,0,0,0
6/7/2020,,,,0,0,0,0
6/14/2020,,,,0,0,0,0
6/21/2020,,,,0,0,0,0
6/28/2020,,,,0,0,0,0
7/5/2020,,,,0,0,0,0
7/12/2020,,,,0,0,0,0
7/19/2020,,,,0,0,0,0
7/26/2020,,,,0,0,0,0
8/2/2020,,,,0,0,0,0
8/9/2020,,,,0,0,0,0
8/16/2020,,,,0,0,0,0
8/23/2020,,,,0,0,0,0
8/30/2020,,,,0,0,0,0
9/6/2020,,,,0,0,0,0
9/13/2020,,,,0,0,0,0
9/20/2020,,,,0,0,0,0
9/27/2020,,,,0,0,0,0
10/4/2020,,,,0,0,0,0
10/11/2020,,,,0,0,0,0
10/18/2020,,,,0,0,0,0
10/25/2020,,,,0,0,0,0
11/1/2020,,,,0,0,0,0
11/8/2020,,,,0,0,0,0
11/15/2020,,,,0,0,0,0
11/22/2020,,,,0,0,0,0
11/29/2020,,,,0,0,0,0
12/6/2020,,,,0,0,0,0
12/13/2020,,,,0,0,0,0
12/20/2020,,,,0,0,0,0
12/27/2020,,,,0,0,0,0
1/3/2021,,,,0,0,0,0
1/10/2021,,,,0,0,0,0
1/17/2021,,,,0,0,0,0
1/24/2021,,,,0,0,0,0
1/31/2021,,,,0,0,0,0
2/7/2021,,,,0,0,0,0
2/14/2021,,,,0,0,0,0
2/21/2021,,,,0,0,0,0
2/28/2021,,,,0,0,0,0
3/7/2021,,,,0,0,0,0
3/14/2021,,,,0,0,0,0
3/21/2021,,,,0,0,0,0
3/28/2021,,,,0,0,0,0
4/4/2021,,,,0,0,0,0
4/11/2021,,,,0,0,0,0
4/18/2021,,,,0,0,0,0
4/25/2021,,,,0,0,0,0
5/2/2021,,,,0,0,0,0
5/9/2021,,,,0,0,0,0
5/16/2021,,,,0,0,0,0
5/23/2021,,,,2,2,0,0
5/30/2021,,,,0,2,0,0
6/6/2021,,,,0,2,0,0
6/13/2021,,,,0,2,0,0
6/20/2021,,,,0,2,0,0
6/27/2021,,,,0,2,0,0
7/4/2021,,,,0,2,0,0
7/11/2021,,,,0,2,0,0
7/18/2021,,,,0,2,0,0
7/25/2021,,,,0,2,0,0
8/1/2021,,,,0,2,0,0
8/8/2021,,,,0,2,0,0
8/15/2021,,,,0,2,0,0
8/22/2021,,,,0,2,0,0
8/29/2021,,,,0,2,0,0
9/5/2021,,,,0,2,0,0
9/12/2021,,,,0,2,0,0
9/19/2021,,,,0,2,0,0
9/26/2021,,,,0,2,0,0
10/3/2021,,,,0,2,0,0
10/10/2021,,,,0,2,0,0
10/17/2021,,,,0,2,0,0
10/24/2021,,,,0,2,0,0
10/31/2021,,,,0,2,0,0
11/7/2021,,,,0,2,0,0
11/14/2021,,,,0,2,0,0
11/21/2021,,,,0,2,0,0
11/28/2021,,,,0,2,0,0
12/5/2021,,,,0,2,0,0
12/12/2021,,,,0,2,0,0
12/19/2021,,,,0,2,0,0
12/26/2021,,,,0,2,0,0
1/2/2022,,,,0,2,0,0
1/9/2022,,,,0,2,0,0
1/16/2022,,,,0,2,0,0
1/23/2022,,,,0,2,0,0
1/30/2022,,,,0,2,0,0
2/6/2022,,,,0,2,0,0
2/13/2022,,,,0,2,0,0
2/20/2022,,,,0,2,0,0
2/27/2022,,,,0,2,0,0
3/6/2022,,,,0,2,0,0
3/13/2022,,,,0,2,0,0
3/20/2022,,,,0,2,0,0
3/27/2022,,,,0,2,0,0
4/3/2022,,,,0,2,0,0
4/10/2022,,,,0,2,0,0
4/17/2022,,,,0,2,0,0
4/24/2022,,,,0,2,0,0
5/1/2022,,,,0,2,0,0
5/8/2022,,,,0,2,0,0
5/15/2022,,,,0,2,0,0
5/22/2022,,,,0,2,0,0
5/29/2022,,,,0,2,0,0
6/5/2022,,,,0,2,0,0
6/12/2022,,,,0,2,0,0
6/19/2022,,,,0,2,0,0
6/26/2022,,,,0,2,0,0
7/3/2022,,,,0,2,0,0
7/10/2022,,,,0,2,0,0
7/17/2022,,,,0,2,0,0
7/24/2022,,,,0,2,0,0
7/31/2022,,,,0,2,0,0
8/7/2022,,,,0,2,0,0
8/14/2022,,,,0,2,0,0
8/21/2022,,,,0,2,0,0
8/28/2022,,,,0,2,0,0
9/4/2022,,,,0,2,0,0
9/11/2022,,,,0,2,0,0
9/18/2022,,,,0,2,0,0
9/25/2022,,,,0,2,0,0
10/2/2022,,,,0,2,0,0
10/9/2022,,,,0,2,0,0
10/16/2022,,,,0,2,0,0
10/23/2022,,,,0,2,0,0
10/30/2022,,,,0,2,0,0
11/6/2022,,,,0,2,0,0
11/13/2022,,,,0,2,0,0
11/20/2022,,,,0,2,0,0
11/27/2022,,,,0,2,0,0
12/4/2022,,,,0,2,0,0
12/11/2022,,,,0,2,0,0
12/18/2022,,,,0,2,0,0
12/25/2022,,,,0,2,0,0
1/1/2023,,,,0,2,0,0
1/8/2023,,,,0,2,0,0
1/15/2023,,,,0,2,0,0
1/22/2023,,,,0,2,0,0
1/29/2023,,,,0,2,0,0
2/5/2023,,,,0,2,0,0
2/12/2023,,,,0,2,0,0
2/19/2023,,,,0,2,0,0
2/26/2023,,,,0,2,0,0
3/5/2023,,,,0,2,0,0
3/12/2023,,,,0,2,0,0
3/19/2023,,,,0,2,0,0
3/26/2023,,,,0,2,0,0
4/2/2023,,,,0,2,0,0
4/9/2023,,,,0,2,0,0
4/16/2023,,,,0,2,0,0
4/23/2023,,,,0,2,0,0
4/30/2023,,,,0,2,0,0
5/7/2023,,,,0,2,0,0
5/14/2023,,,,0,2,0,0
5/21/2023,,,,0,2,0,0
5/28/2023,,,,0,2,0,0
6/4/2023,,,,0,2,0,0
6/11/2023,,,,0,2,0,0
6/18/2023,,,,0,2,0,0
6/25/2023,,,,0,2,0,0
7/2/2023,,,,0,2,0,0
7/9/2023,,,,0,2,0,0
7/16/2023,,,,0,2,0,0
7/23/2023,,,,0,2,0,0
7/30/2023,,,,0,2,0,0
8/6/2023,,,,0,2,0,0
8/13/2023,,,,0,2,0,0
8/20/2023,,,,0,2,0,0
8/27/2023,,,,0,2,0,0
9/3/2023,,,,0,2,0,0
9/10/2023,,,,0,2,0,0
9/17/2023,,,,0,2,0,0
9/24/2023,,,,0,2,0,0
10/1/2023,,,,0,2,0,0
10/8/2023,,,,0,2,0,0
10/15/2023,,,,0,2,0,0
10/22/2023,,,,0,2,0,0
10/29/2023,,,,0,2,0,0
11/5/2023,,,,0,2,0,0
11/12/2023,,,,0,2,0,0
11/19/2023,,,,0,2,0,0
11/26/2023,,,,0,2,0,0
12/3/2023,,,,0,2,0,0
12/10/2023,,,,0,2,0,0
12/17/2023,,,,0,2,0,0
12/24/2023,,,,0,2,0,0
1/5/2020,,,,0,0,0,0
1/12/2020,,,,0,0,0,0
1/19/2020,,,,0,0,0,0
1/26/2020,,,,0,0,0,0
2/2/2020,,,,0,0,0,0
2/9/2020,,,,0,0,0,0
2/16/2020,,,,0,0,0,0
2/23/2020,,,,0,0,0,0
3/1/2020,,,,0,0,0,0
3/8/2020,,,,0,0,0,0
3/15/2020,,,,0,0,0,0
3/22/2020,,,,0,0,0,0
3/29/2020,,,,0,0,0,0
4/5/2020,,,,0,0,0,0
4/12/2020,,,,0,0,0,0
4/19/2020,,,,0,0,0,0
4/26/2020,,,,0,0,0,0
5/3/2020,,,,0,0,0,0
5/10/2020,,,,0,0,0,0
5/17/2020,,,,0,0,0,0
5/24/2020,,,,0,0,0,0
5/31/2020,,,,0,0,0,0
6/7/2020,,,,0,0,0,0
6/14/2020,,,,0,0,0,0
6/21/2020,,,,0,0,0,0
6/28/2020,,,,0,0,0,0
7/5/2020,,,,0,0,0,0
7/12/2020,,,,0,0,0,0
7/19/2020,,,,0,0,0,0
7/26/2020,,,,0,0,0,0
8/2/2020,,,,0,0,0,0
8/9/2020,,,,0,0,0,0
8/16/2020,,,,0,0,0,0
8/23/2020,,,,0,0,0,0
8/30/2020,,,,0,0,0,0
9/6/2020,,,,0,0,0,0
9/13/2020,,,,0,0,0,0
9/20/2020,,,,0,0,0,0
9/27/2020,,,,0,0,0,0
10/4/2020,,,,0,0,0,0
10/11/2020,,,,0,0,0,0
10/18/2020,,,,0,0,0,0
10/25/2020,,,,0,0,0,0
11/1/2020,,,,0,0,0,0
11/8/2020,,,,0,0,0,0
11/15/2020,,,,0,0,0,0
11/22/2020,,,,0,0,0,0
11/29/2020,,,,0,0,0,0
12/6/2020,,,,0,0,0,0
12/13/2020,,,,0,0,0,0
12/20/2020,,,,0,0,0,0
12/27/2020,,,,0,0,0,0
1/3/2021,,,,0,0,0,0
1/10/2021,,,,0,0,0,0
1/17/2021,,,,0,0,0,0
1/24/2021,,,,0,0,0,0
1/31/2021,,,,0,0,0,0
2/7/2021,,,,0,0,0,0
2/14/2021,,,,0,0,0,0
2/21/2021,,,,0,0,0,0
2/28/2021,,,,0,0,0,0
3/7/2021,,,,0,0,0,0
3/14/2021,,,,0,0,0,0
3/21/2021,,,,0,0,0,0
3/28/2021,,,,0,0,0,0
4/4/2021,,,,0,0,0,0
4/11/2021,,,,0,0,0,0
4/18/2021,,,,0,0,0,0
4/25/2021,,,,0,0,0,0
5/2/2021,,,,12,12,0,0
5/9/2021,,,,0,12,0,0
5/16/2021,,,,0,12,0,0
5/23/2021,,,,0,12,0,0
5/30/2021,,,,0,12,0,0
6/6/2021,,,,0,12,0,0
6/13/2021,,,,0,12,0,0
6/20/2021,,,,0,12,0,0
6/27/2021,,,,0,12,0,0
7/4/2021,,,,0,12,0,0
7/11/2021,,,,0,12,0,0
7/18/2021,,,,0,12,0,0
7/25/2021,,,,0,12,0,0
8/1/2021,,,,0,12,0,0
8/8/2021,,,,0,12,0,0
8/15/2021,,,,0,12,0,0
8/22/2021,,,,0,12,0,0
8/29/2021,,,,0,12,0,0
9/5/2021,,,,0,12,0,0
9/12/2021,,,,0,12,0,0
9/19/2021,,,,0,12,0,0
9/26/2021,,,,0,12,0,0
10/3/2021,,,,0,12,0,0
10/10/2021,,,,0,12,0,0
10/17/2021,,,,0,12,0,0
10/24/2021,,,,0,12,0,0
10/31/2021,,,,0,12,0,0
11/7/2021,,,,0,12,0,0
11/14/2021,,,,0,12,0,0
11/21/2021,,,,0,12,0,0
11/28/2021,,,,0,12,0,0
12/5/2021,,,,0,12,0,0
12/12/2021,,,,0,12,0,0
12/19/2021,,,,0,12,0,0
12/26/2021,,,,0,12,0,0
1/2/2022,,,,0,12,0,0
1/9/2022,,,,0,12,0,0
1/16/2022,,,,0,12,0,0
1/23/2022,,,,0,12,0,0
1/30/2022,,,,0,12,0,0
2/6/2022,,,,0,12,0,0
2/13/2022,,,,0,12,0,0
2/20/2022,,,,0,12,0,0
2/27/2022,,,,0,12,0,0
3/6/2022,,,,0,12,0,0
3/13/2022,,,,0,12,0,0
3/20/2022,,,,0,12,0,0
3/27/2022,,,,0,12,0,0
4/3/2022,,,,0,12,0,0
4/10/2022,,,,0,12,0,0
4/17/2022,,,,0,12,0,0
4/24/2022,,,,0,12,0,0
5/1/2022,,,,0,12,0,0
5/8/2022,,,,0,12,0,0
5/15/2022,,,,0,12,0,0
5/22/2022,,,,0,12,0,0
5/29/2022,,,,0,12,0,0
6/5/2022,,,,0,12,0,0
6/12/2022,,,,0,12,0,0
6/19/2022,,,,0,12,0,0
6/26/2022,,,,0,12,0,0
7/3/2022,,,,0,12,0,0
7/10/2022,,,,0,12,0,0
7/17/2022,,,,0,12,0,0
7/24/2022,,,,0,12,0,0
7/31/2022,,,,0,12,0,0
8/7/2022,,,,0,12,0,0
8/14/2022,,,,0,12,0,0
8/21/2022,,,,0,12,0,0
8/28/2022,,,,0,12,0,0
9/4/2022,,,,0,12,0,0
9/11/2022,,,,0,12,0,0
9/18/2022,,,,0,12,0,0
9/25/2022,,,,0,12,0,0
10/2/2022,,,,0,12,0,0
10/9/2022,,,,0,12,0,0
10/16/2022,,,,0,12,0,0
10/23/2022,,,,0,12,0,0
10/30/2022,,,,0,12,0,0
11/6/2022,,,,0,12,0,0
11/13/2022,,,,0,12,0,0
11/20/2022,,,,0,12,0,0
11/27/2022,,,,0,12,0,0
12/4/2022,,,,0,12,0,0
12/11/2022,,,,0,12,0,0
12/18/2022,,,,0,12,0,0
12/25/2022,,,,0,12,0,0
1/1/2023,,,,0,12,0,0
1/8/2023,,,,0,12,0,0
1/15/2023,,,,0,12,0,0
1/22/2023,,,,0,12,0,0
1/29/2023,,,,0,12,0,0
2/5/2023,,,,0,12,0,0
2/12/2023,,,,0,12,0,0
2/19/2023,,,,0,12,0,0
2/26/2023,,,,0,12,0,0
3/5/2023,,,,0,12,0,0
3/12/2023,,,,0,12,0,0
3/19/2023,,,,0,12,0,0
3/26/2023,,,,0,12,0,0
4/2/2023,,,,0,12,0,0
4/9/2023,,,,0,12,0,0
4/16/2023,,,,0,12,0,0
4/23/2023,,,,0,12,0,0
4/30/2023,,,,0,12,0,0
5/7/2023,,,,0,12,0,0
5/14/2023,,,,0,12,0,0
5/21/2023,,,,0,12,0,0
5/28/2023,,,,0,12,0,0
6/4/2023,,,,0,12,0,0
6/11/2023,,,,0,12,0,0
6/18/2023,,,,0,12,0,0
6/25/2023,,,,0,12,0,0
7/2/2023,,,,0,12,0,0
7/9/2023,,,,0,12,0,0
7/16/2023,,,,0,12,0,0
7/23/2023,,,,0,12,0,0
7/30/2023,,,,0,12,0,0
8/6/2023,,,,0,12,0,0
8/13/2023,,,,0,12,0,0
8/20/2023,,,,0,12,0,0
8/27/2023,,,,0,12,0,0
9/3/2023,,,,0,12,0,0
9/10/2023,,,,0,12,0,0
9/17/2023,,,,0,12,0,0
9/24/2023,,,,0,12,0,0
10/1/2023,,,,0,12,0,0
10/8/2023,,,,0,12,0,0
10/15/2023,,,,0,12,0,0
10/22/2023,,,,0,12,0,0
10/29/2023,,,,0,12,0,0
11/5/2023,,,,0,12,0,0
11/12/2023,,,,0,12,0,0
11/19/2023,,,,0,12,0,0
11/26/2023,,,,0,12,0,0
12/3/2023,,,,0,12,0,0
12/10/2023,,,,0,12,0,0
12/17/2023,,,,0,12,0,0
12/24/2023,,,,0,12,0,0
1/5/2020,IN,India,SEARO,0,0,0,0
1/12/2020,IN,India,SEARO,0,0,0,0
1/19/2020,IN,India,SEARO,0,0,0,0
1/26/2020,IN,India,SEARO,0,0,0,0
2/2/2020,IN,India,SEARO,2,2,0,0
2/9/2020,IN,India,SEARO,5,7,0,0
2/16/2020,IN,India,SEARO,0,7,0,0
2/23/2020,IN,India,SEARO,0,7,0,0
3/1/2020,IN,India,SEARO,0,7,0,0
3/8/2020,IN,India,SEARO,32,39,0,0
3/15/2020,IN,India,SEARO,68,107,2,2
3/22/2020,IN,India,SEARO,253,360,5,7
3/29/2020,IN,India,SEARO,619,979,18,25
4/5/2020,IN,India,SEARO,2395,3374,52,77
4/12/2020,IN,India,SEARO,4982,8356,196,273
4/19/2020,IN,India,SEARO,7356,15712,234,507
4/26/2020,IN,India,SEARO,10784,26496,317,824
5/3/2020,IN,India,SEARO,13484,39980,477,1301
5/10/2020,IN,India,SEARO,22959,62939,808,2109
5/17/2020,IN,India,SEARO,27988,90927,763,2872
5/24/2020,IN,India,SEARO,40941,131868,995,3867
5/31/2020,IN,India,SEARO,50275,182143,1297,5164
6/7/2020,IN,India,SEARO,64485,246628,1765,6929
6/14/2020,IN,India,SEARO,74294,320922,2266,9195
6/21/2020,IN,India,SEARO,89539,410461,4059,13254
6/28/2020,IN,India,SEARO,118398,528859,2841,16095
7/5/2020,IN,India,SEARO,144306,673165,3173,19268
7/12/2020,IN,India,SEARO,176388,849553,3406,22674
7/19/2020,IN,India,SEARO,228065,1077618,4142,26816
7/26/2020,IN,India,SEARO,307904,1385522,5247,32063
8/2/2020,IN,India,SEARO,365201,1750723,5301,37364
8/9/2020,IN,India,SEARO,402287,2153010,6015,43379
8/16/2020,IN,India,SEARO,436672,2589682,6601,49980
8/23/2020,IN,India,SEARO,455258,3044940,6726,56706
8/30/2020,IN,India,SEARO,497793,3542733,6792,63498
9/6/2020,IN,India,SEARO,571078,4113811,7128,70626
9/13/2020,IN,India,SEARO,640545,4754356,7960,78586
9/20/2020,IN,India,SEARO,646263,5400619,8166,86752
9/27/2020,IN,India,SEARO,591913,5992532,7751,94503
10/4/2020,IN,India,SEARO,556841,6549373,7279,101782
10/11/2020,IN,India,SEARO,504433,7053806,6552,108334
10/18/2020,IN,India,SEARO,440745,7494551,5697,114031
10/25/2020,IN,India,SEARO,370260,7864811,4503,118534
11/1/2020,IN,India,SEARO,319271,8184082,3577,122111
11/8/2020,IN,India,SEARO,323672,8507754,4010,126121
11/15/2020,IN,India,SEARO,306825,8814579,3514,129635
11/22/2020,IN,India,SEARO,281227,9095806,3592,133227
11/29/2020,IN,India,SEARO,297113,9392919,3469,136696
12/6/2020,IN,India,SEARO,251303,9644222,3486,140182
12/13/2020,IN,India,SEARO,212807,9857029,2837,143019
12/20/2020,IN,India,SEARO,174194,10031223,2458,145477
12/27/2020,IN,India,SEARO,156627,10187850,2145,147622
1/3/2021,IN,India,SEARO,136115,10323965,1813,149435
1/10/2021,IN,India,SEARO,126319,10450284,1564,150999
1/17/2021,IN,India,SEARO,107701,10557985,1275,152274
1/24/2021,IN,India,SEARO,96548,10654533,1065,153339
1/31/2021,IN,India,SEARO,91650,10746183,935,154274
2/7/2021,IN,India,SEARO,80180,10826363,722,154996
2/14/2021,IN,India,SEARO,78577,10904940,646,155642
2/21/2021,IN,India,SEARO,86711,10991651,660,156302
2/28/2021,IN,India,SEARO,105080,11096731,749,157051
3/7/2021,IN,India,SEARO,114068,11210799,705,157756
3/14/2021,IN,India,SEARO,148249,11359048,851,158607
3/21/2021,IN,India,SEARO,240082,11599130,1148,159755
3/28/2021,IN,India,SEARO,372494,11971624,1797,161552
4/4/2021,IN,India,SEARO,513885,12485509,3071,164623
4/11/2021,IN,India,SEARO,873296,13358805,4652,169275
4/18/2021,IN,India,SEARO,1429304,14788109,7875,177150
4/25/2021,IN,India,SEARO,2172063,16960172,15161,192311
5/2/2021,IN,India,SEARO,2597285,19557457,23231,215542
5/9/2021,IN,India,SEARO,2738957,22296414,26820,242362
5/16/2021,IN,India,SEARO,2387663,24684077,27922,270284
5/23/2021,IN,India,SEARO,1846055,26530132,28982,299266
5/30/2021,IN,India,SEARO,1364668,27894800,26706,325972
6/6/2021,IN,India,SEARO,914539,28809339,20787,346759
6/13/2021,IN,India,SEARO,630650,29439989,23625,370384
6/20/2021,IN,India,SEARO,441976,29881965,16329,386713
6/27/2021,IN,India,SEARO,351218,30233183,9038,395751
7/4/2021,IN,India,SEARO,312250,30545433,6254,402005
7/11/2021,IN,India,SEARO,291789,30837222,6035,408040
7/18/2021,IN,India,SEARO,268843,31106065,5569,413609
7/25/2021,IN,India,SEARO,265836,31371901,6942,420551
8/1/2021,IN,India,SEARO,283923,31655824,3800,424351
8/8/2021,IN,India,SEARO,278631,31934455,3511,427862
8/15/2021,IN,India,SEARO,258121,32192576,3363,431225
8/22/2021,IN,India,SEARO,231658,32424234,3142,434367
8/29/2021,IN,India,SEARO,270796,32695030,3463,437830
9/5/2021,IN,India,SEARO,293643,32988673,2703,440533
9/12/2021,IN,India,SEARO,248248,33236921,2122,442655
9/19/2021,IN,India,SEARO,211242,33448163,2183,444838
9/26/2021,IN,India,SEARO,204582,33652745,2080,446918
10/3/2021,IN,India,SEARO,161158,33813903,1899,448817
10/10/2021,IN,India,SEARO,139572,33953475,1772,450589
10/17/2021,IN,India,SEARO,114244,34067719,1535,452124
10/24/2021,IN,India,SEARO,107749,34175468,2145,454269
10/31/2021,IN,India,SEARO,97832,34273300,3917,458186
11/7/2021,IN,India,SEARO,82236,34355536,2605,460791
11/14/2021,IN,India,SEARO,81771,34437307,2739,463530
11/21/2021,IN,India,SEARO,73106,34510413,2132,465662
11/28/2021,IN,India,SEARO,62110,34572523,2892,468554
12/5/2021,IN,India,SEARO,60732,34633255,4772,473326
12/12/2021,IN,India,SEARO,57255,34690510,2108,475434
12/19/2021,IN,India,SEARO,49765,34740275,1988,477422
12/26/2021,IN,India,SEARO,46527,34786802,2260,479682
1/2/2022,IN,India,SEARO,102330,34889132,2088,481770
1/9/2022,IN,India,SEARO,638872,35528004,2020,483790
1/16/2022,IN,India,SEARO,1594160,37122164,2276,486066
1/23/2022,IN,India,SEARO,2115100,39237264,3343,489409
1/30/2022,IN,India,SEARO,1855258,41092522,4682,494091
2/6/2022,IN,India,SEARO,1095616,42188138,7888,501979
2/13/2022,IN,India,SEARO,443283,42631421,6686,508665
2/20/2022,IN,India,SEARO,191052,42822473,3238,511903
2/27/2022,IN,India,SEARO,93644,42916117,1821,513724
3/6/2022,IN,India,SEARO,46836,42962953,1312,515036
3/13/2022,IN,India,SEARO,28038,42990991,814,515850
3/20/2022,IN,India,SEARO,16850,43007841,629,516479
3/27/2022,IN,India,SEARO,11612,43019453,4525,521004
4/3/2022,IN,India,SEARO,8678,43028131,341,521345
4/10/2022,IN,India,SEARO,7140,43035271,340,521685
4/17/2022,IN,India,SEARO,6826,43042097,66,521751
4/24/2022,IN,India,SEARO,15448,43057545,442,522193
5/1/2022,IN,India,SEARO,21643,43079188,1650,523843
5/8/2022,IN,India,SEARO,23006,43102194,221,524064
5/15/2022,IN,India,SEARO,19405,43121599,150,524214
5/22/2022,IN,India,SEARO,14772,43136371,199,524413
5/29/2022,IN,India,SEARO,16672,43153043,173,524586
6/5/2022,IN,India,SEARO,23774,43176817,106,524692
6/12/2022,IN,India,SEARO,45200,43222017,69,524761
6/19/2022,IN,India,SEARO,74675,43296692,94,524855
6/26/2022,IN,India,SEARO,93281,43389973,144,524999
7/3/2022,IN,India,SEARO,112456,43502429,200,525199
7/10/2022,IN,India,SEARO,120222,43622651,229,525428
7/17/2022,IN,India,SEARO,127948,43750599,281,525709
7/24/2022,IN,India,SEARO,138156,43888755,324,526033
7/31/2022,IN,India,SEARO,131056,44019811,324,526357
8/7/2022,IN,India,SEARO,125921,44145732,332,526689
8/14/2022,IN,India,SEARO,107732,44253464,348,527037
8/21/2022,IN,India,SEARO,85965,44339429,295,527332
8/28/2022,IN,India,SEARO,68703,44408132,422,527754
9/4/2022,IN,India,SEARO,48403,44456535,237,527991
9/11/2022,IN,India,SEARO,38824,44495359,159,528150
9/18/2022,IN,India,SEARO,38829,44534188,187,528337
9/25/2022,IN,India,SEARO,33926,44568114,173,528510
10/2/2022,IN,India,SEARO,26373,44594487,163,528673
10/9/2022,IN,India,SEARO,17526,44612013,126,528799
10/16/2022,IN,India,SEARO,16815,44628828,96,528895
10/23/2022,IN,India,SEARO,13914,44642742,66,528961
10/30/2022,IN,India,SEARO,9524,44652266,55,529016
11/6/2022,IN,India,SEARO,8313,44660579,1484,530500
11/13/2022,IN,India,SEARO,5798,44666377,31,530531
11/20/2022,IN,India,SEARO,2638,44669015,43,530574
11/27/2022,IN,India,SEARO,2547,44671562,38,530612
12/4/2022,IN,India,SEARO,1830,44673392,16,530628
12/11/2022,IN,India,SEARO,1430,44674822,30,530658
12/18/2022,IN,India,SEARO,1130,44675952,14,530672
12/25/2022,IN,India,SEARO,1154,44677106,21,530693
1/1/2023,IN,India,SEARO,1543,44678649,12,530705
1/8/2023,IN,India,SEARO,1275,44679924,15,530720
1/15/2023,IN,India,SEARO,1116,44681040,6,530726
1/22/2023,IN,India,SEARO,881,44681921,7,530733
1/29/2023,IN,India,SEARO,718,44682639,7,530740
2/5/2023,IN,India,SEARO,724,44683363,5,530745
2/12/2023,IN,India,SEARO,755,44684118,5,530750
2/19/2023,IN,India,SEARO,799,44684917,10,530760
2/26/2023,IN,India,SEARO,1100,44686017,9,530769
3/5/2023,IN,India,SEARO,1803,44687820,6,530775
3/12/2023,IN,India,SEARO,2672,44690492,6,530781
3/19/2023,IN,India,SEARO,4928,44695420,21,530802
3/26/2023,IN,India,SEARO,8727,44704147,29,530831
4/2/2023,IN,India,SEARO,18458,44722605,50,530881
4/9/2023,IN,India,SEARO,34011,44756616,84,530965
4/16/2023,IN,India,SEARO,61499,44818115,149,531114
4/23/2023,IN,India,SEARO,73874,44891989,215,531329
4/30/2023,IN,India,SEARO,53400,44945389,204,531533
5/7/2023,IN,India,SEARO,24241,44969630,147,531680
5/14/2023,IN,India,SEARO,11044,44980674,90,531770
5/21/2023,IN,India,SEARO,5787,44986461,62,531832
5/28/2023,IN,India,SEARO,3283,44989744,32,531864
6/4/2023,IN,India,SEARO,1838,44991582,16,531880
6/11/2023,IN,India,SEARO,1206,44992788,11,531891
6/18/2023,IN,India,SEARO,692,44993480,4,531895
6/25/2023,IN,India,SEARO,472,44993952,8,531903
7/2/2023,IN,India,SEARO,329,44994281,4,531907
7/9/2023,IN,India,SEARO,294,44994575,6,531913
7/16/2023,IN,India,SEARO,303,44994878,2,531915
7/23/2023,IN,India,SEARO,386,44995264,0,531915
7/30/2023,IN,India,SEARO,324,44995588,1,531916
8/6/2023,IN,India,SEARO,392,44995980,2,531918
8/13/2023,IN,India,SEARO,294,44996274,3,531921
8/20/2023,IN,India,SEARO,325,44996599,4,531925
8/27/2023,IN,India,SEARO,364,44996963,3,531928
9/3/2023,IN,India,SEARO,363,44997326,95,532023
9/10/2023,IN,India,SEARO,384,44997710,4,532027
9/17/2023,IN,India,SEARO,452,44998162,3,532030
9/24/2023,IN,India,SEARO,363,44998525,1,532031
10/1/2023,IN,India,SEARO,313,44998838,1,532032
10/8/2023,IN,India,SEARO,490,44999328,2,532034
10/15/2023,IN,India,SEARO,260,44999588,3,532037
10/22/2023,IN,India,SEARO,1464,45001052,1254,533291
10/29/2023,IN,India,SEARO,193,45001245,2,533293
11/5/2023,IN,India,SEARO,139,45001384,1,533294
11/12/2023,IN,India,SEARO,72,45001456,1,533295
11/19/2023,IN,India,SEARO,119,45001575,0,533295
11/26/2023,IN,India,SEARO,189,45001764,3,533298
12/3/2023,IN,India,SEARO,415,45002179,2,533300
12/10/2023,IN,India,SEARO,876,45003055,6,533306
12/17/2023,IN,India,SEARO,1761,45004816,10,533316
12/24/2023,IN,India,SEARO,3804,45008620,17,533333
1/5/2020,ID,Indonesia,SEARO,0,0,0,0
1/12/2020,ID,Indonesia,SEARO,0,0,0,0
1/19/2020,ID,Indonesia,SEARO,0,0,0,0
1/26/2020,ID,Indonesia,SEARO,0,0,0,0
2/2/2020,ID,Indonesia,SEARO,0,0,0,0
2/9/2020,ID,Indonesia,SEARO,0,0,0,0
2/16/2020,ID,Indonesia,SEARO,0,0,0,0
2/23/2020,ID,Indonesia,SEARO,0,0,0,0
3/1/2020,ID,Indonesia,SEARO,0,0,0,0
3/8/2020,ID,Indonesia,SEARO,10,10,0,0
3/15/2020,ID,Indonesia,SEARO,107,117,4,4
3/22/2020,ID,Indonesia,SEARO,397,514,44,48
3/29/2020,ID,Indonesia,SEARO,771,1285,66,114
4/5/2020,ID,Indonesia,SEARO,988,2273,84,198
4/12/2020,ID,Indonesia,SEARO,1968,4241,175,373
4/19/2020,ID,Indonesia,SEARO,2334,6575,209,582
4/26/2020,ID,Indonesia,SEARO,2307,8882,161,743
5/3/2020,ID,Indonesia,SEARO,2310,11192,102,845
5/10/2020,ID,Indonesia,SEARO,2840,14032,128,973
5/17/2020,ID,Indonesia,SEARO,3482,17514,175,1148
5/24/2020,ID,Indonesia,SEARO,4757,22271,224,1372
5/31/2020,ID,Indonesia,SEARO,4202,26473,241,1613
6/7/2020,ID,Indonesia,SEARO,4713,31186,238,1851
6/14/2020,ID,Indonesia,SEARO,7091,38277,283,2134
6/21/2020,ID,Indonesia,SEARO,7614,45891,331,2465
6/28/2020,ID,Indonesia,SEARO,8119,54010,289,2754
7/5/2020,ID,Indonesia,SEARO,9739,63749,417,3171
7/12/2020,ID,Indonesia,SEARO,11950,75699,435,3606
7/19/2020,ID,Indonesia,SEARO,10822,86521,537,4143
7/26/2020,ID,Indonesia,SEARO,12257,98778,638,4781
8/2/2020,ID,Indonesia,SEARO,12677,111455,455,5236
8/9/2020,ID,Indonesia,SEARO,13941,125396,487,5723
8/16/2020,ID,Indonesia,SEARO,14153,139549,427,6150
8/23/2020,ID,Indonesia,SEARO,13986,153535,530,6680
8/30/2020,ID,Indonesia,SEARO,18518,172053,663,7343
9/6/2020,ID,Indonesia,SEARO,22056,194109,682,8025
9/13/2020,ID,Indonesia,SEARO,24273,218382,698,8723
9/20/2020,ID,Indonesia,SEARO,26294,244676,830,9553
9/27/2020,ID,Indonesia,SEARO,30537,275213,833,10386
10/4/2020,ID,Indonesia,SEARO,28285,303498,765,11151
10/11/2020,ID,Indonesia,SEARO,29951,333449,693,11844
10/18/2020,ID,Indonesia,SEARO,28418,361867,667,12511
10/25/2020,ID,Indonesia,SEARO,27845,389712,788,13299
11/1/2020,ID,Indonesia,SEARO,23072,412784,644,13943
11/8/2020,ID,Indonesia,SEARO,24932,437716,671,14614
11/15/2020,ID,Indonesia,SEARO,29397,467113,597,15211
11/22/2020,ID,Indonesia,SEARO,30555,497668,673,15884
11/29/2020,ID,Indonesia,SEARO,36598,534266,931,16815
12/6/2020,ID,Indonesia,SEARO,41530,575796,925,17740
12/13/2020,ID,Indonesia,SEARO,42024,617820,1079,18819
12/20/2020,ID,Indonesia,SEARO,47110,664930,1061,19880
12/27/2020,ID,Indonesia,SEARO,48435,713365,1357,21237
1/3/2021,ID,Indonesia,SEARO,51985,765350,1497,22734
1/10/2021,ID,Indonesia,SEARO,62676,828026,1395,24129
1/17/2021,ID,Indonesia,SEARO,79903,907929,1858,25987
1/24/2021,ID,Indonesia,SEARO,81333,989262,1848,27835
1/31/2021,ID,Indonesia,SEARO,89052,1078314,2163,29998
2/7/2021,ID,Indonesia,SEARO,79523,1157837,1558,31556
2/14/2021,ID,Indonesia,SEARO,59631,1217468,1627,33183
2/21/2021,ID,Indonesia,SEARO,61185,1278653,1306,34489
2/28/2021,ID,Indonesia,SEARO,55981,1334634,1677,36166
3/7/2021,ID,Indonesia,SEARO,45028,1379662,1100,37266
3/14/2021,ID,Indonesia,SEARO,39793,1419455,1160,38426
3/21/2021,ID,Indonesia,SEARO,40729,1460184,1124,39550
3/28/2021,ID,Indonesia,SEARO,35901,1496085,899,40449
4/4/2021,ID,Indonesia,SEARO,38170,1534255,1220,41669
4/11/2021,ID,Indonesia,SEARO,32740,1566995,861,42530
4/18/2021,ID,Indonesia,SEARO,37353,1604348,894,43424
4/25/2021,ID,Indonesia,SEARO,36846,1641194,1170,44594
5/2/2021,ID,Indonesia,SEARO,36080,1677274,1202,45796
5/9/2021,ID,Indonesia,SEARO,36410,1713684,1216,47012
5/16/2021,ID,Indonesia,SEARO,26066,1739750,1081,48093
5/23/2021,ID,Indonesia,SEARO,35470,1775220,1235,49328
5/30/2021,ID,Indonesia,SEARO,40821,1816041,1076,50404
6/6/2021,ID,Indonesia,SEARO,39997,1856038,1208,51612
6/13/2021,ID,Indonesia,SEARO,55320,1911358,1267,52879
6/20/2021,ID,Indonesia,SEARO,78551,1989909,1783,54662
6/27/2021,ID,Indonesia,SEARO,125395,2115304,2476,57138
7/4/2021,ID,Indonesia,SEARO,168780,2284084,3444,60582
7/11/2021,ID,Indonesia,SEARO,243119,2527203,5882,66464
7/18/2021,ID,Indonesia,SEARO,350273,2877476,7118,73582
7/25/2021,ID,Indonesia,SEARO,289029,3166505,9697,83279
8/1/2021,ID,Indonesia,SEARO,273891,3440396,12444,95723
8/8/2021,ID,Indonesia,SEARO,225635,3666031,11373,107096
8/15/2021,ID,Indonesia,SEARO,188323,3854354,10492,117588
8/22/2021,ID,Indonesia,SEARO,125102,3979456,8784,126372
8/29/2021,ID,Indonesia,SEARO,94375,4073831,5551,131923
9/5/2021,ID,Indonesia,SEARO,55189,4129020,3938,135861
9/12/2021,ID,Indonesia,SEARO,38491,4167511,3028,138889
9/19/2021,ID,Indonesia,SEARO,23252,4190763,1579,140468
9/26/2021,ID,Indonesia,SEARO,17250,4208013,999,141467
10/3/2021,ID,Indonesia,SEARO,11271,4219284,706,142173
10/10/2021,ID,Indonesia,SEARO,8648,4227932,478,142651
10/17/2021,ID,Indonesia,SEARO,6826,4234758,301,142952
10/24/2021,ID,Indonesia,SEARO,5261,4240019,253,143205
10/31/2021,ID,Indonesia,SEARO,4339,4244358,200,143405
11/7/2021,ID,Indonesia,SEARO,3807,4248165,140,143545
11/14/2021,ID,Indonesia,SEARO,2690,4250855,114,143659
11/21/2021,ID,Indonesia,SEARO,2557,4253412,80,143739
11/28/2021,ID,Indonesia,SEARO,2524,4255936,69,143808
12/5/2021,ID,Indonesia,SEARO,1749,4257685,59,143867
12/12/2021,ID,Indonesia,SEARO,1458,4259143,69,143936
12/19/2021,ID,Indonesia,SEARO,1401,4260544,66,144002
12/26/2021,ID,Indonesia,SEARO,1215,4261759,53,144055
1/2/2022,ID,Indonesia,SEARO,1409,4263168,42,144097
1/9/2022,ID,Indonesia,SEARO,3027,4266195,32,144129
1/16/2022,ID,Indonesia,SEARO,5454,4271649,41,144170
1/23/2022,ID,Indonesia,SEARO,14729,4286378,50,144220
1/30/2022,ID,Indonesia,SEARO,56807,4343185,83,144303
2/6/2022,ID,Indonesia,SEARO,173295,4516480,251,144554
2/13/2022,ID,Indonesia,SEARO,291298,4807778,622,145176
2/20/2022,ID,Indonesia,SEARO,389727,5197505,1189,146365
2/27/2022,ID,Indonesia,SEARO,341889,5539394,1708,148073
3/6/2022,ID,Indonesia,SEARO,209331,5748725,2099,150172
3/13/2022,ID,Indonesia,SEARO,141770,5890495,1994,152166
3/20/2022,ID,Indonesia,SEARO,71988,5962483,1572,153738
3/27/2022,ID,Indonesia,SEARO,36470,5998953,932,154670
4/3/2022,ID,Indonesia,SEARO,21028,6019981,618,155288
4/10/2022,ID,Indonesia,SEARO,12726,6032707,338,155626
4/17/2022,ID,Indonesia,SEARO,7166,6039873,240,155866
4/24/2022,ID,Indonesia,SEARO,4277,6044150,234,156100
5/1/2022,ID,Indonesia,SEARO,2890,6047040,173,156273
5/8/2022,ID,Indonesia,SEARO,1391,6048431,108,156381
5/15/2022,ID,Indonesia,SEARO,2345,6050776,77,156458
5/22/2022,ID,Indonesia,SEARO,1814,6052590,64,156522
5/29/2022,ID,Indonesia,SEARO,1825,6054415,52,156574
6/5/2022,ID,Indonesia,SEARO,2385,6056800,41,156615
6/12/2022,ID,Indonesia,SEARO,3688,6060488,28,156643
6/19/2022,ID,Indonesia,SEARO,7587,6068075,44,156687
6/26/2022,ID,Indonesia,SEARO,12376,6080451,30,156717
7/3/2022,ID,Indonesia,SEARO,13466,6093917,32,156749
7/10/2022,ID,Indonesia,SEARO,17388,6111305,42,156791
7/17/2022,ID,Indonesia,SEARO,23648,6134953,58,156849
7/24/2022,ID,Indonesia,SEARO,33389,6168342,53,156902
7/31/2022,ID,Indonesia,SEARO,38756,6207098,91,156993
8/7/2022,ID,Indonesia,SEARO,37880,6244978,102,157095
8/14/2022,ID,Indonesia,SEARO,37796,6282774,131,157226
8/21/2022,ID,Indonesia,SEARO,32783,6315557,151,157377
8/28/2022,ID,Indonesia,SEARO,30747,6346304,123,157500
9/4/2022,ID,Indonesia,SEARO,26238,6372542,147,157647
9/11/2022,ID,Indonesia,SEARO,19950,6392492,123,157770
9/18/2022,ID,Indonesia,SEARO,16314,6408806,122,157892
9/25/2022,ID,Indonesia,SEARO,13723,6422529,122,158014
10/2/2022,ID,Indonesia,SEARO,12056,6434585,118,158132
10/9/2022,ID,Indonesia,SEARO,10363,6444948,73,158205
10/16/2022,ID,Indonesia,SEARO,11920,6456868,108,158313
10/23/2022,ID,Indonesia,SEARO,14093,6470961,116,158429
10/30/2022,ID,Indonesia,SEARO,19661,6490622,168,158597
11/6/2022,ID,Indonesia,SEARO,30670,6521292,232,158829
11/13/2022,ID,Indonesia,SEARO,40212,6561504,275,159104
11/20/2022,ID,Indonesia,SEARO,46863,6608367,275,159379
11/27/2022,ID,Indonesia,SEARO,41877,6650244,297,159676
12/4/2022,ID,Indonesia,SEARO,29959,6680203,302,159978
12/11/2022,ID,Indonesia,SEARO,18587,6698790,246,160224
12/18/2022,ID,Indonesia,SEARO,10807,6709597,174,160398
12/25/2022,ID,Indonesia,SEARO,6527,6716124,139,160537
1/1/2023,ID,Indonesia,SEARO,4057,6720181,82,160619
1/8/2023,ID,Indonesia,SEARO,3365,6723546,64,160683
1/15/2023,ID,Indonesia,SEARO,2540,6726086,44,160727
1/22/2023,ID,Indonesia,SEARO,1979,6728065,54,160781
1/29/2023,ID,Indonesia,SEARO,1508,6729573,22,160803
2/5/2023,ID,Indonesia,SEARO,1562,6731135,29,160832
2/12/2023,ID,Indonesia,SEARO,1664,6732799,32,160864
2/19/2023,ID,Indonesia,SEARO,1416,6734215,22,160886
2/26/2023,ID,Indonesia,SEARO,1413,6735628,22,160908
3/5/2023,ID,Indonesia,SEARO,1531,6737159,22,160930
3/12/2023,ID,Indonesia,SEARO,1908,6739067,18,160948
3/19/2023,ID,Indonesia,SEARO,2287,6741354,23,160971
3/26/2023,ID,Indonesia,SEARO,2679,6744033,23,160994
4/2/2023,ID,Indonesia,SEARO,3330,6747363,33,161027
4/9/2023,ID,Indonesia,SEARO,3805,6751168,25,161052
4/16/2023,ID,Indonesia,SEARO,6277,6757445,71,161123
4/23/2023,ID,Indonesia,SEARO,6495,6763940,54,161177
4/30/2023,ID,Indonesia,SEARO,10781,6774721,107,161284
5/7/2023,ID,Indonesia,SEARO,12633,6787354,175,161459
5/14/2023,ID,Indonesia,SEARO,9982,6797336,150,161609
5/21/2023,ID,Indonesia,SEARO,4754,6802090,65,161674
5/28/2023,ID,Indonesia,SEARO,4198,6806288,65,161739
6/4/2023,ID,Indonesia,SEARO,2249,6808537,50,161789
6/11/2023,ID,Indonesia,SEARO,1582,6810119,32,161821
6/18/2023,ID,Indonesia,SEARO,1009,6811128,23,161844
6/25/2023,ID,Indonesia,SEARO,652,6811780,21,161865
7/2/2023,ID,Indonesia,SEARO,307,6812087,13,161878
7/9/2023,ID,Indonesia,SEARO,302,6812389,6,161884
7/16/2023,ID,Indonesia,SEARO,281,6812670,11,161895
7/23/2023,ID,Indonesia,SEARO,148,6812818,8,161903
7/30/2023,ID,Indonesia,SEARO,148,6812966,11,161914
8/6/2023,ID,Indonesia,SEARO,129,6813095,2,161916
8/13/2023,ID,Indonesia,SEARO,72,6813167,0,161916
8/20/2023,ID,Indonesia,SEARO,66,6813233,0,161916
8/27/2023,ID,Indonesia,SEARO,68,6813301,2,161918
9/3/2023,ID,Indonesia,SEARO,66,6813367,0,161918
9/10/2023,ID,Indonesia,SEARO,11,6813378,0,161918
9/17/2023,ID,Indonesia,SEARO,51,6813429,0,161918
9/24/2023,ID,Indonesia,SEARO,0,6813429,0,161918
10/1/2023,ID,Indonesia,SEARO,0,6813429,0,161918
10/8/2023,ID,Indonesia,SEARO,0,6813429,0,161918
10/15/2023,ID,Indonesia,SEARO,0,6813429,0,161918
10/22/2023,ID,Indonesia,SEARO,0,6813429,0,161918
10/29/2023,ID,Indonesia,SEARO,0,6813429,0,161918
11/5/2023,ID,Indonesia,SEARO,0,6813429,0,161918
11/12/2023,ID,Indonesia,SEARO,0,6813429,0,161918
11/19/2023,ID,Indonesia,SEARO,0,6813429,0,161918
11/26/2023,ID,Indonesia,SEARO,0,6813429,0,161918
12/3/2023,ID,Indonesia,SEARO,0,6813429,0,161918
12/10/2023,ID,Indonesia,SEARO,1727,6815156,5,161923
12/17/2023,ID,Indonesia,SEARO,1998,6817154,7,161930
12/24/2023,ID,Indonesia,SEARO,2676,6819830,24,161954
1/5/2020,IR,Iran (Islamic Republic of),EMRO,0,0,0,0
1/12/2020,IR,Iran (Islamic Republic of),EMRO,0,0,0,0
1/19/2020,IR,Iran (Islamic Republic of),EMRO,0,0,0,0
1/26/2020,IR,Iran (Islamic Republic of),EMRO,0,0,0,0
2/2/2020,IR,Iran (Islamic Republic of),EMRO,0,0,0,0
2/9/2020,IR,Iran (Islamic Republic of),EMRO,0,0,0,0
2/16/2020,IR,Iran (Islamic Republic of),EMRO,0,0,0,0
2/23/2020,IR,Iran (Islamic Republic of),EMRO,28,28,5,5
3/1/2020,IR,Iran (Islamic Republic of),EMRO,565,593,38,43
3/8/2020,IR,Iran (Islamic Republic of),EMRO,5230,5823,102,145
3/15/2020,IR,Iran (Islamic Republic of),EMRO,6906,12729,466,611
3/22/2020,IR,Iran (Islamic Republic of),EMRO,7881,20610,945,1556
3/29/2020,IR,Iran (Islamic Republic of),EMRO,14798,35408,961,2517
4/5/2020,IR,Iran (Islamic Republic of),EMRO,20335,55743,935,3452
4/12/2020,IR,Iran (Islamic Republic of),EMRO,14286,70029,905,4357
4/19/2020,IR,Iran (Islamic Republic of),EMRO,10839,80868,674,5031
4/26/2020,IR,Iran (Islamic Republic of),EMRO,8460,89328,619,5650
5/3/2020,IR,Iran (Islamic Republic of),EMRO,7120,96448,506,6156
5/10/2020,IR,Iran (Islamic Republic of),EMRO,9772,106220,433,6589
5/17/2020,IR,Iran (Islamic Republic of),EMRO,12172,118392,348,6937
5/24/2020,IR,Iran (Islamic Republic of),EMRO,15129,133521,422,7359
5/31/2020,IR,Iran (Islamic Republic of),EMRO,15429,148950,375,7734
6/7/2020,IR,Iran (Islamic Republic of),EMRO,20475,169425,475,8209
6/14/2020,IR,Iran (Islamic Republic of),EMRO,15530,184955,521,8730
6/21/2020,IR,Iran (Islamic Republic of),EMRO,17629,202584,777,9507
6/28/2020,IR,Iran (Islamic Republic of),EMRO,17596,220180,857,10364
7/5/2020,IR,Iran (Islamic Republic of),EMRO,17698,237878,1044,11408
7/12/2020,IR,Iran (Islamic Republic of),EMRO,17239,255117,1227,12635
7/19/2020,IR,Iran (Islamic Republic of),EMRO,16489,271606,1344,13979
7/26/2020,IR,Iran (Islamic Republic of),EMRO,17233,288839,1505,15484
8/2/2020,IR,Iran (Islamic Republic of),EMRO,17913,306752,1498,16982
8/9/2020,IR,Iran (Islamic Republic of),EMRO,17940,324692,1282,18264
8/16/2020,IR,Iran (Islamic Republic of),EMRO,16378,341070,1228,19492
8/23/2020,IR,Iran (Islamic Republic of),EMRO,15722,356792,1010,20502
8/30/2020,IR,Iran (Islamic Republic of),EMRO,15024,371816,857,21359
9/6/2020,IR,Iran (Islamic Republic of),EMRO,12850,384666,795,22154
9/13/2020,IR,Iran (Islamic Republic of),EMRO,15274,399940,875,23029
9/20/2020,IR,Iran (Islamic Republic of),EMRO,19103,419043,1089,24118
9/27/2020,IR,Iran (Islamic Republic of),EMRO,24043,443086,1276,25394
10/4/2020,IR,Iran (Islamic Republic of),EMRO,25033,468119,1352,26746
10/11/2020,IR,Iran (Islamic Republic of),EMRO,28134,496253,1547,28293
10/18/2020,IR,Iran (Islamic Republic of),EMRO,30237,526490,1830,30123
10/25/2020,IR,Iran (Islamic Republic of),EMRO,36215,562705,2197,32320
11/1/2020,IR,Iran (Islamic Republic of),EMRO,50067,612772,2544,34864
11/8/2020,IR,Iran (Islamic Republic of),EMRO,60478,673250,2968,37832
11/15/2020,IR,Iran (Islamic Republic of),EMRO,76275,749525,3202,41034
11/22/2020,IR,Iran (Islamic Republic of),EMRO,91783,841308,3293,44327
11/29/2020,IR,Iran (Islamic Republic of),EMRO,94491,935799,3159,47486
12/6/2020,IR,Iran (Islamic Republic of),EMRO,93187,1028986,2530,50016
12/13/2020,IR,Iran (Islamic Republic of),EMRO,71832,1100818,1933,51949
12/20/2020,IR,Iran (Islamic Republic of),EMRO,51254,1152072,1499,53448
12/27/2020,IR,Iran (Islamic Republic of),EMRO,42891,1194963,1126,54574
1/3/2021,IR,Iran (Islamic Republic of),EMRO,42511,1237474,864,55438
1/10/2021,IR,Iran (Islamic Republic of),EMRO,42964,1280438,662,56100
1/17/2021,IR,Iran (Islamic Republic of),EMRO,43957,1324395,617,56717
1/24/2021,IR,Iran (Islamic Republic of),EMRO,42637,1367032,577,57294
1/31/2021,IR,Iran (Islamic Republic of),EMRO,44699,1411731,595,57889
2/7/2021,IR,Iran (Islamic Republic of),EMRO,47639,1459370,523,58412
2/14/2021,IR,Iran (Islamic Republic of),EMRO,51503,1510873,471,58883
2/21/2021,IR,Iran (Islamic Republic of),EMRO,55208,1566081,526,59409
2/28/2021,IR,Iran (Islamic Republic of),EMRO,57078,1623159,571,59980
3/7/2021,IR,Iran (Islamic Republic of),EMRO,58523,1681682,614,60594
3/14/2021,IR,Iran (Islamic Republic of),EMRO,57678,1739360,548,61142
3/21/2021,IR,Iran (Islamic Republic of),EMRO,54445,1793805,582,61724
3/28/2021,IR,Iran (Islamic Republic of),EMRO,53118,1846923,584,62308
4/4/2021,IR,Iran (Islamic Republic of),EMRO,73471,1920394,691,62999
4/11/2021,IR,Iran (Islamic Republic of),EMRO,128684,2049078,1233,64232
4/18/2021,IR,Iran (Islamic Republic of),EMRO,166367,2215445,2095,66327
4/25/2021,IR,Iran (Islamic Republic of),EMRO,161594,2377039,2793,69120
5/2/2021,IR,Iran (Islamic Republic of),EMRO,139118,2516157,2970,72090
5/9/2021,IR,Iran (Islamic Republic of),EMRO,124513,2640670,2434,74524
5/16/2021,IR,Iran (Islamic Republic of),EMRO,99205,2739875,2109,76633
5/23/2021,IR,Iran (Islamic Republic of),EMRO,84012,2823887,1748,78381
5/30/2021,IR,Iran (Islamic Republic of),EMRO,69331,2893218,1360,79741
6/6/2021,IR,Iran (Islamic Republic of),EMRO,67533,2960751,1200,80941
6/13/2021,IR,Iran (Islamic Republic of),EMRO,59771,3020522,970,81911
6/20/2021,IR,Iran (Islamic Republic of),EMRO,66452,3086974,943,82854
6/27/2021,IR,Iran (Islamic Republic of),EMRO,71009,3157983,857,83711
7/4/2021,IR,Iran (Islamic Republic of),EMRO,83054,3241037,916,84627
7/11/2021,IR,Iran (Islamic Republic of),EMRO,114749,3355786,1067,85694
7/18/2021,IR,Iran (Islamic Republic of),EMRO,145293,3501079,1272,86966
7/25/2021,IR,Iran (Islamic Republic of),EMRO,163207,3664286,1566,88532
8/1/2021,IR,Iran (Islamic Republic of),EMRO,206722,3871008,2098,90630
8/8/2021,IR,Iran (Islamic Republic of),EMRO,248102,4119110,2843,93473
8/15/2021,IR,Iran (Islamic Republic of),EMRO,269975,4389085,3735,97208
8/22/2021,IR,Iran (Islamic Republic of),EMRO,251610,4640695,4146,101354
8/29/2021,IR,Iran (Islamic Republic of),EMRO,254753,4895448,4547,105901
9/5/2021,IR,Iran (Islamic Republic of),EMRO,208089,5103537,4163,110064
9/12/2021,IR,Iran (Islamic Republic of),EMRO,172030,5275567,3760,113824
9/19/2021,IR,Iran (Islamic Republic of),EMRO,133293,5408860,2967,116791
9/26/2021,IR,Iran (Islamic Republic of),EMRO,110868,5519728,2281,119072
10/3/2021,IR,Iran (Islamic Republic of),EMRO,91972,5611700,1808,120880
10/10/2021,IR,Iran (Islamic Republic of),EMRO,79934,5691634,1490,122370
10/17/2021,IR,Iran (Islamic Republic of),EMRO,81785,5773419,1506,123876
10/24/2021,IR,Iran (Islamic Republic of),EMRO,78251,5851670,1176,125052
10/31/2021,IR,Iran (Islamic Republic of),EMRO,64541,5916211,1074,126126
11/7/2021,IR,Iran (Islamic Republic of),EMRO,64049,5980260,1047,127173
11/14/2021,IR,Iran (Islamic Republic of),EMRO,51315,6031575,869,128042
11/21/2021,IR,Iran (Islamic Republic of),EMRO,41523,6073098,810,128852
11/28/2021,IR,Iran (Islamic Republic of),EMRO,32003,6105101,697,129549
12/5/2021,IR,Iran (Islamic Republic of),EMRO,26255,6131356,575,130124
12/12/2021,IR,Iran (Islamic Republic of),EMRO,21168,6152524,537,130661
12/19/2021,IR,Iran (Islamic Republic of),EMRO,16487,6169011,372,131033
12/26/2021,IR,Iran (Islamic Republic of),EMRO,13894,6182905,315,131348
1/2/2022,IR,Iran (Islamic Republic of),EMRO,12498,6195403,291,131639
1/9/2022,IR,Iran (Islamic Republic of),EMRO,9114,6204517,208,131847
1/16/2022,IR,Iran (Islamic Republic of),EMRO,14224,6218741,197,132044
1/23/2022,IR,Iran (Islamic Republic of),EMRO,26605,6245346,158,132202
1/30/2022,IR,Iran (Islamic Republic of),EMRO,76837,6322183,178,132380
2/6/2022,IR,Iran (Islamic Republic of),EMRO,221654,6543837,365,132745
2/13/2022,IR,Iran (Islamic Republic of),EMRO,236616,6780453,825,133570
2/20/2022,IR,Iran (Islamic Republic of),EMRO,145032,6925485,1228,134798
2/27/2022,IR,Iran (Islamic Republic of),EMRO,105458,7030943,1592,136390
3/6/2022,IR,Iran (Islamic Republic of),EMRO,53363,7084306,1357,137747
3/13/2022,IR,Iran (Islamic Republic of),EMRO,35457,7119763,1084,138831
3/20/2022,IR,Iran (Islamic Republic of),EMRO,19454,7139217,719,139550
3/27/2022,IR,Iran (Islamic Republic of),EMRO,9572,7148789,421,139971
4/3/2022,IR,Iran (Islamic Republic of),EMRO,17582,7166371,306,140277
4/10/2022,IR,Iran (Islamic Republic of),EMRO,22378,7188749,300,140577
4/17/2022,IR,Iran (Islamic Republic of),EMRO,16315,7205064,223,140800
4/24/2022,IR,Iran (Islamic Republic of),EMRO,10448,7215512,162,140962
5/1/2022,IR,Iran (Islamic Republic of),EMRO,6141,7221653,121,141083
5/8/2022,IR,Iran (Islamic Republic of),EMRO,3048,7224701,82,141165
5/15/2022,IR,Iran (Islamic Republic of),EMRO,2982,7227683,51,141216
5/22/2022,IR,Iran (Islamic Republic of),EMRO,2058,7229741,55,141271
5/29/2022,IR,Iran (Islamic Republic of),EMRO,1646,7231387,35,141306
6/5/2022,IR,Iran (Islamic Republic of),EMRO,1291,7232678,22,141328
6/12/2022,IR,Iran (Islamic Republic of),EMRO,850,7233528,21,141349
6/19/2022,IR,Iran (Islamic Republic of),EMRO,1069,7234597,14,141363
6/26/2022,IR,Iran (Islamic Republic of),EMRO,1467,7236064,20,141383
7/3/2022,IR,Iran (Islamic Republic of),EMRO,2776,7238840,7,141390
7/10/2022,IR,Iran (Islamic Republic of),EMRO,8761,7247601,39,141429
7/17/2022,IR,Iran (Islamic Republic of),EMRO,25126,7272727,57,141486
7/24/2022,IR,Iran (Islamic Republic of),EMRO,46595,7319322,164,141650
7/31/2022,IR,Iran (Islamic Republic of),EMRO,61977,7381299,287,141937
8/7/2022,IR,Iran (Islamic Republic of),EMRO,53646,7434945,461,142398
8/14/2022,IR,Iran (Islamic Republic of),EMRO,33949,7468894,463,142861
8/21/2022,IR,Iran (Islamic Republic of),EMRO,34475,7503369,471,143332
8/28/2022,IR,Iran (Islamic Republic of),EMRO,18600,7521969,352,143684
9/4/2022,IR,Iran (Islamic Republic of),EMRO,9955,7531924,263,143947
9/11/2022,IR,Iran (Islamic Republic of),EMRO,6201,7538125,207,144154
9/18/2022,IR,Iran (Islamic Republic of),EMRO,4408,7542533,133,144287
9/25/2022,IR,Iran (Islamic Republic of),EMRO,4140,7546673,95,144382
10/2/2022,IR,Iran (Islamic Republic of),EMRO,2513,7549186,47,144429
10/9/2022,IR,Iran (Islamic Republic of),EMRO,2171,7551357,49,144478
10/16/2022,IR,Iran (Islamic Republic of),EMRO,2649,7554006,38,144516
10/23/2022,IR,Iran (Islamic Republic of),EMRO,1897,7555903,27,144543
10/30/2022,IR,Iran (Islamic Republic of),EMRO,1461,7557364,28,144571
11/6/2022,IR,Iran (Islamic Republic of),EMRO,714,7558078,21,144592
11/13/2022,IR,Iran (Islamic Republic of),EMRO,815,7558893,18,144610
11/20/2022,IR,Iran (Islamic Republic of),EMRO,365,7559258,15,144625
11/27/2022,IR,Iran (Islamic Republic of),EMRO,268,7559526,8,144633
12/4/2022,IR,Iran (Islamic Republic of),EMRO,273,7559799,4,144637
12/11/2022,IR,Iran (Islamic Republic of),EMRO,306,7560105,21,144658
12/18/2022,IR,Iran (Islamic Republic of),EMRO,284,7560389,3,144661
12/25/2022,IR,Iran (Islamic Republic of),EMRO,342,7560731,12,144673
1/1/2023,IR,Iran (Islamic Republic of),EMRO,409,7561140,12,144685
1/8/2023,IR,Iran (Islamic Republic of),EMRO,668,7561808,21,144706
1/15/2023,IR,Iran (Islamic Republic of),EMRO,687,7562495,18,144724
1/22/2023,IR,Iran (Islamic Republic of),EMRO,778,7563273,10,144734
1/29/2023,IR,Iran (Islamic Republic of),EMRO,773,7564046,10,144744
2/5/2023,IR,Iran (Islamic Republic of),EMRO,617,7564663,12,144756
2/12/2023,IR,Iran (Islamic Republic of),EMRO,704,7565367,23,144779
2/19/2023,IR,Iran (Islamic Republic of),EMRO,1069,7566436,18,144797
2/26/2023,IR,Iran (Islamic Republic of),EMRO,1037,7567473,31,144828
3/5/2023,IR,Iran (Islamic Republic of),EMRO,2296,7569769,50,144878
3/12/2023,IR,Iran (Islamic Republic of),EMRO,3559,7573328,78,144956
3/19/2023,IR,Iran (Islamic Republic of),EMRO,5743,7579071,98,145054
3/26/2023,IR,Iran (Islamic Republic of),EMRO,5460,7584531,142,145196
4/2/2023,IR,Iran (Islamic Republic of),EMRO,7090,7591621,173,145369
4/9/2023,IR,Iran (Islamic Republic of),EMRO,6361,7597982,202,145571
4/16/2023,IR,Iran (Islamic Republic of),EMRO,5109,7603091,237,145808
4/23/2023,IR,Iran (Islamic Republic of),EMRO,3150,7606241,178,145986
4/30/2023,IR,Iran (Islamic Republic of),EMRO,2227,7608468,111,146097
5/7/2023,IR,Iran (Islamic Republic of),EMRO,1454,7609922,68,146165
5/14/2023,IR,Iran (Islamic Republic of),EMRO,754,7610676,39,146204
5/21/2023,IR,Iran (Islamic Republic of),EMRO,462,7611138,26,146230
5/28/2023,IR,Iran (Islamic Republic of),EMRO,445,7611583,23,146253
6/4/2023,IR,Iran (Islamic Republic of),EMRO,348,7611931,14,146267
6/11/2023,IR,Iran (Islamic Republic of),EMRO,70,7612001,6,146273
6/18/2023,IR,Iran (Islamic Republic of),EMRO,279,7612280,17,146290
6/25/2023,IR,Iran (Islamic Republic of),EMRO,134,7612414,2,146292
7/2/2023,IR,Iran (Islamic Republic of),EMRO,123,7612537,5,146297
7/9/2023,IR,Iran (Islamic Republic of),EMRO,125,7612662,4,146301
7/16/2023,IR,Iran (Islamic Republic of),EMRO,66,7612728,2,146303
7/23/2023,IR,Iran (Islamic Republic of),EMRO,100,7612828,3,146306
7/30/2023,IR,Iran (Islamic Republic of),EMRO,107,7612935,5,146311
8/6/2023,IR,Iran (Islamic Republic of),EMRO,135,7613070,5,146316
8/13/2023,IR,Iran (Islamic Republic of),EMRO,168,7613238,2,146318
8/20/2023,IR,Iran (Islamic Republic of),EMRO,230,7613468,3,146321
8/27/2023,IR,Iran (Islamic Republic of),EMRO,248,7613716,6,146327
9/3/2023,IR,Iran (Islamic Republic of),EMRO,118,7613834,5,146332
9/10/2023,IR,Iran (Islamic Republic of),EMRO,895,7614729,24,146356
9/17/2023,IR,Iran (Islamic Republic of),EMRO,1093,7615822,8,146364
9/24/2023,IR,Iran (Islamic Republic of),EMRO,969,7616791,22,146386
10/1/2023,IR,Iran (Islamic Republic of),EMRO,961,7617752,24,146410
10/8/2023,IR,Iran (Islamic Republic of),EMRO,975,7618727,26,146436
10/15/2023,IR,Iran (Islamic Republic of),EMRO,1254,7619981,44,146480
10/22/2023,IR,Iran (Islamic Republic of),EMRO,1059,7621040,50,146530
10/29/2023,IR,Iran (Islamic Republic of),EMRO,1087,7622127,50,146580
11/5/2023,IR,Iran (Islamic Republic of),EMRO,934,7623061,53,146633
11/12/2023,IR,Iran (Islamic Republic of),EMRO,653,7623714,29,146662
11/19/2023,IR,Iran (Islamic Republic of),EMRO,398,7624112,26,146688
11/26/2023,IR,Iran (Islamic Republic of),EMRO,295,7624407,17,146705
12/3/2023,IR,Iran (Islamic Republic of),EMRO,292,7624699,19,146724
12/10/2023,IR,Iran (Islamic Republic of),EMRO,283,7624982,11,146735
12/17/2023,IR,Iran (Islamic Republic of),EMRO,178,7625160,6,146741
12/24/2023,IR,Iran (Islamic Republic of),EMRO,132,7625292,10,146751
1/5/2020,IQ,Iraq,EMRO,0,0,0,0
1/12/2020,IQ,Iraq,EMRO,0,0,0,0
1/19/2020,IQ,Iraq,EMRO,0,0,0,0
1/26/2020,IQ,Iraq,EMRO,0,0,0,0
2/2/2020,IQ,Iraq,EMRO,0,0,0,0
2/9/2020,IQ,Iraq,EMRO,0,0,0,0
2/16/2020,IQ,Iraq,EMRO,0,0,0,0
2/23/2020,IQ,Iraq,EMRO,0,0,0,0
3/1/2020,IQ,Iraq,EMRO,13,13,0,0
3/8/2020,IQ,Iraq,EMRO,41,54,2,2
3/15/2020,IQ,Iraq,EMRO,58,112,7,9
3/22/2020,IQ,Iraq,EMRO,102,214,8,17
3/29/2020,IQ,Iraq,EMRO,292,506,25,42
4/5/2020,IQ,Iraq,EMRO,372,878,14,56
4/12/2020,IQ,Iraq,EMRO,440,1318,16,72
4/19/2020,IQ,Iraq,EMRO,195,1513,10,82
4/26/2020,IQ,Iraq,EMRO,250,1763,4,86
5/3/2020,IQ,Iraq,EMRO,456,2219,9,95
5/10/2020,IQ,Iraq,EMRO,460,2679,12,107
5/17/2020,IQ,Iraq,EMRO,581,3260,14,121
5/24/2020,IQ,Iraq,EMRO,1012,4272,31,152
5/31/2020,IQ,Iraq,EMRO,1907,6179,43,195
6/7/2020,IQ,Iraq,EMRO,4919,11098,123,318
6/14/2020,IQ,Iraq,EMRO,7852,18950,231,549
6/21/2020,IQ,Iraq,EMRO,10272,29222,464,1013
6/28/2020,IQ,Iraq,EMRO,14040,43262,647,1660
7/5/2020,IQ,Iraq,EMRO,15092,58354,708,2368
7/12/2020,IQ,Iraq,EMRO,16840,75194,687,3055
7/19/2020,IQ,Iraq,EMRO,15026,90220,636,3691
7/26/2020,IQ,Iraq,EMRO,17353,107573,593,4284
8/2/2020,IQ,Iraq,EMRO,19131,126704,521,4805
8/9/2020,IQ,Iraq,EMRO,20685,147389,505,5310
8/16/2020,IQ,Iraq,EMRO,25194,172583,475,5785
8/23/2020,IQ,Iraq,EMRO,28467,201050,568,6353
8/30/2020,IQ,Iraq,EMRO,26396,227446,538,6891
9/6/2020,IQ,Iraq,EMRO,29273,256719,531,7422
9/13/2020,IQ,Iraq,EMRO,30059,286778,519,7941
9/20/2020,IQ,Iraq,EMRO,28819,315597,550,8491
9/27/2020,IQ,Iraq,EMRO,30372,345969,444,8935
10/4/2020,IQ,Iraq,EMRO,29962,375931,412,9347
10/11/2020,IQ,Iraq,EMRO,24193,400124,443,9790
10/18/2020,IQ,Iraq,EMRO,23400,423524,408,10198
10/25/2020,IQ,Iraq,EMRO,25629,449153,370,10568
11/1/2020,IQ,Iraq,EMRO,23477,472630,342,10910
11/8/2020,IQ,Iraq,EMRO,23389,496019,373,11283
11/15/2020,IQ,Iraq,EMRO,20896,516915,340,11623
11/22/2020,IQ,Iraq,EMRO,16640,533555,302,11925
11/29/2020,IQ,Iraq,EMRO,15266,548821,275,12200
12/6/2020,IQ,Iraq,EMRO,13699,562520,211,12411
12/13/2020,IQ,Iraq,EMRO,11102,573622,154,12565
12/20/2020,IQ,Iraq,EMRO,9496,583118,115,12680
12/27/2020,IQ,Iraq,EMRO,7661,590779,87,12767
1/3/2021,IQ,Iraq,EMRO,6254,597033,62,12829
1/10/2021,IQ,Iraq,EMRO,5298,602331,52,12881
1/17/2021,IQ,Iraq,EMRO,5256,607587,54,12935
1/24/2021,IQ,Iraq,EMRO,5283,612870,53,12988
1/31/2021,IQ,Iraq,EMRO,6052,618922,53,13041
2/7/2021,IQ,Iraq,EMRO,8494,627416,70,13111
2/14/2021,IQ,Iraq,EMRO,14212,641628,53,13164
2/21/2021,IQ,Iraq,EMRO,23122,664750,81,13245
2/28/2021,IQ,Iraq,EMRO,27491,692241,138,13383
3/7/2021,IQ,Iraq,EMRO,30948,723189,165,13548
3/14/2021,IQ,Iraq,EMRO,31129,754318,171,13719
3/21/2021,IQ,Iraq,EMRO,35072,789390,250,13969
3/28/2021,IQ,Iraq,EMRO,37767,827157,208,14177
4/4/2021,IQ,Iraq,EMRO,41043,868200,253,14430
4/11/2021,IQ,Iraq,EMRO,49955,918155,248,14678
4/18/2021,IQ,Iraq,EMRO,52832,970987,270,14948
4/25/2021,IQ,Iraq,EMRO,54301,1025288,269,15217
5/2/2021,IQ,Iraq,EMRO,45078,1070366,281,15498
5/9/2021,IQ,Iraq,EMRO,38192,1108558,243,15741
5/16/2021,IQ,Iraq,EMRO,28359,1136917,189,15930
5/23/2021,IQ,Iraq,EMRO,27232,1164149,228,16158
5/30/2021,IQ,Iraq,EMRO,29459,1193608,176,16334
6/6/2021,IQ,Iraq,EMRO,28070,1221678,184,16518
6/13/2021,IQ,Iraq,EMRO,29013,1250691,172,16690
6/20/2021,IQ,Iraq,EMRO,32614,1283305,170,16860
6/27/2021,IQ,Iraq,EMRO,37927,1321232,201,17061
7/4/2021,IQ,Iraq,EMRO,43979,1365211,220,17281
7/11/2021,IQ,Iraq,EMRO,56535,1421746,234,17515
7/18/2021,IQ,Iraq,EMRO,61268,1483014,274,17789
7/25/2021,IQ,Iraq,EMRO,60487,1543501,443,18232
8/1/2021,IQ,Iraq,EMRO,83098,1626599,425,18657
8/8/2021,IQ,Iraq,EMRO,77764,1704363,489,19146
8/15/2021,IQ,Iraq,EMRO,64390,1768753,460,19606
8/22/2021,IQ,Iraq,EMRO,50702,1819455,504,20110
8/29/2021,IQ,Iraq,EMRO,48897,1868352,522,20632
9/5/2021,IQ,Iraq,EMRO,44043,1912395,410,21042
9/12/2021,IQ,Iraq,EMRO,34816,1947211,403,21445
9/19/2021,IQ,Iraq,EMRO,25494,1972705,330,21775
9/26/2021,IQ,Iraq,EMRO,18923,1991628,297,22072
10/3/2021,IQ,Iraq,EMRO,15599,2007227,272,22344
10/10/2021,IQ,Iraq,EMRO,14882,2022109,193,22537
10/17/2021,IQ,Iraq,EMRO,11628,2033737,201,22738
10/24/2021,IQ,Iraq,EMRO,11290,2045027,199,22937
10/31/2021,IQ,Iraq,EMRO,9175,2054202,201,23138
11/7/2021,IQ,Iraq,EMRO,7737,2061939,181,23319
11/14/2021,IQ,Iraq,EMRO,6449,2068388,164,23483
11/21/2021,IQ,Iraq,EMRO,5447,2073835,159,23642
11/28/2021,IQ,Iraq,EMRO,5249,2079084,130,23772
12/5/2021,IQ,Iraq,EMRO,4805,2083889,101,23873
12/12/2021,IQ,Iraq,EMRO,3608,2087497,92,23965
12/19/2021,IQ,Iraq,EMRO,2711,2090208,86,24051
12/26/2021,IQ,Iraq,EMRO,2104,2092312,71,24122
1/2/2022,IQ,Iraq,EMRO,1579,2093891,41,24163
1/9/2022,IQ,Iraq,EMRO,2915,2096806,37,24200
1/16/2022,IQ,Iraq,EMRO,13877,2110683,42,24242
1/23/2022,IQ,Iraq,EMRO,38623,2149306,41,24283
1/30/2022,IQ,Iraq,EMRO,48477,2197783,78,24361
2/6/2022,IQ,Iraq,EMRO,46827,2244610,138,24499
2/13/2022,IQ,Iraq,EMRO,28925,2273535,179,24678
2/20/2022,IQ,Iraq,EMRO,16476,2290011,173,24851
2/27/2022,IQ,Iraq,EMRO,10634,2300645,109,24960
3/6/2022,IQ,Iraq,EMRO,6910,2307555,81,25041
3/13/2022,IQ,Iraq,EMRO,4737,2312292,56,25097
3/20/2022,IQ,Iraq,EMRO,3499,2315791,30,25127
3/27/2022,IQ,Iraq,EMRO,1956,2317747,22,25149
4/3/2022,IQ,Iraq,EMRO,2379,2320126,21,25170
4/10/2022,IQ,Iraq,EMRO,1655,2321781,13,25183
4/17/2022,IQ,Iraq,EMRO,1259,2323040,15,25198
4/24/2022,IQ,Iraq,EMRO,1101,2324141,6,25204
5/1/2022,IQ,Iraq,EMRO,951,2325092,7,25211
5/8/2022,IQ,Iraq,EMRO,430,2325522,2,25213
5/15/2022,IQ,Iraq,EMRO,834,2326356,3,25216
5/22/2022,IQ,Iraq,EMRO,836,2327192,0,25216
5/29/2022,IQ,Iraq,EMRO,645,2327837,3,25219
6/5/2022,IQ,Iraq,EMRO,745,2328582,1,25220
6/12/2022,IQ,Iraq,EMRO,1080,2329662,2,25222
6/19/2022,IQ,Iraq,EMRO,2210,2331872,6,25228
6/26/2022,IQ,Iraq,EMRO,6237,2338109,1,25229
7/3/2022,IQ,Iraq,EMRO,15791,2353900,14,25243
7/10/2022,IQ,Iraq,EMRO,29194,2383094,10,25253
7/17/2022,IQ,Iraq,EMRO,19217,2402311,14,25267
7/24/2022,IQ,Iraq,EMRO,25573,2427884,19,25286
7/31/2022,IQ,Iraq,EMRO,15888,2443772,27,25313
8/7/2022,IQ,Iraq,EMRO,6865,2450637,12,25325
8/14/2022,IQ,Iraq,EMRO,3576,2454213,13,25338
8/21/2022,IQ,Iraq,EMRO,2342,2456555,5,25343
8/28/2022,IQ,Iraq,EMRO,1316,2457871,3,25346
9/4/2022,IQ,Iraq,EMRO,638,2458509,2,25348
9/11/2022,IQ,Iraq,EMRO,413,2458922,3,25351
9/18/2022,IQ,Iraq,EMRO,256,2459178,1,25352
9/25/2022,IQ,Iraq,EMRO,327,2459505,0,25352
10/2/2022,IQ,Iraq,EMRO,813,2460318,4,25356
10/9/2022,IQ,Iraq,EMRO,526,2460844,0,25356
10/16/2022,IQ,Iraq,EMRO,205,2461049,2,25358
10/23/2022,IQ,Iraq,EMRO,180,2461229,0,25358
10/30/2022,IQ,Iraq,EMRO,221,2461450,2,25360
11/6/2022,IQ,Iraq,EMRO,357,2461807,1,25361
11/13/2022,IQ,Iraq,EMRO,465,2462272,0,25361
11/20/2022,IQ,Iraq,EMRO,697,2462969,1,25362
11/27/2022,IQ,Iraq,EMRO,698,2463667,2,25364
12/4/2022,IQ,Iraq,EMRO,649,2464316,1,25365
12/11/2022,IQ,Iraq,EMRO,455,2464771,2,25367
12/18/2022,IQ,Iraq,EMRO,324,2465095,6,25373
12/25/2022,IQ,Iraq,EMRO,278,2465373,1,25374
1/1/2023,IQ,Iraq,EMRO,172,2465545,1,25375
1/8/2023,IQ,Iraq,EMRO,0,2465545,0,25375
1/15/2023,IQ,Iraq,EMRO,0,2465545,0,25375
1/22/2023,IQ,Iraq,EMRO,0,2465545,0,25375
1/29/2023,IQ,Iraq,EMRO,0,2465545,0,25375
2/5/2023,IQ,Iraq,EMRO,0,2465545,0,25375
2/12/2023,IQ,Iraq,EMRO,0,2465545,0,25375
2/19/2023,IQ,Iraq,EMRO,0,2465545,0,25375
2/26/2023,IQ,Iraq,EMRO,0,2465545,0,25375
3/5/2023,IQ,Iraq,EMRO,0,2465545,0,25375
3/12/2023,IQ,Iraq,EMRO,0,2465545,0,25375
3/19/2023,IQ,Iraq,EMRO,0,2465545,0,25375
3/26/2023,IQ,Iraq,EMRO,0,2465545,0,25375
4/2/2023,IQ,Iraq,EMRO,0,2465545,0,25375
4/9/2023,IQ,Iraq,EMRO,0,2465545,0,25375
4/16/2023,IQ,Iraq,EMRO,0,2465545,0,25375
4/23/2023,IQ,Iraq,EMRO,0,2465545,0,25375
4/30/2023,IQ,Iraq,EMRO,0,2465545,0,25375
5/7/2023,IQ,Iraq,EMRO,0,2465545,0,25375
5/14/2023,IQ,Iraq,EMRO,0,2465545,0,25375
5/21/2023,IQ,Iraq,EMRO,0,2465545,0,25375
5/28/2023,IQ,Iraq,EMRO,0,2465545,0,25375
6/4/2023,IQ,Iraq,EMRO,0,2465545,0,25375
6/11/2023,IQ,Iraq,EMRO,0,2465545,0,25375
6/18/2023,IQ,Iraq,EMRO,0,2465545,0,25375
6/25/2023,IQ,Iraq,EMRO,0,2465545,0,25375
7/2/2023,IQ,Iraq,EMRO,0,2465545,0,25375
7/9/2023,IQ,Iraq,EMRO,0,2465545,0,25375
7/16/2023,IQ,Iraq,EMRO,0,2465545,0,25375
7/23/2023,IQ,Iraq,EMRO,0,2465545,0,25375
7/30/2023,IQ,Iraq,EMRO,0,2465545,0,25375
8/6/2023,IQ,Iraq,EMRO,0,2465545,0,25375
8/13/2023,IQ,Iraq,EMRO,0,2465545,0,25375
8/20/2023,IQ,Iraq,EMRO,0,2465545,0,25375
8/27/2023,IQ,Iraq,EMRO,0,2465545,0,25375
9/3/2023,IQ,Iraq,EMRO,0,2465545,0,25375
9/10/2023,IQ,Iraq,EMRO,0,2465545,0,25375
9/17/2023,IQ,Iraq,EMRO,0,2465545,0,25375
9/24/2023,IQ,Iraq,EMRO,0,2465545,0,25375
10/1/2023,IQ,Iraq,EMRO,0,2465545,0,25375
10/8/2023,IQ,Iraq,EMRO,0,2465545,0,25375
10/15/2023,IQ,Iraq,EMRO,0,2465545,0,25375
10/22/2023,IQ,Iraq,EMRO,0,2465545,0,25375
10/29/2023,IQ,Iraq,EMRO,0,2465545,0,25375
11/5/2023,IQ,Iraq,EMRO,0,2465545,0,25375
11/12/2023,IQ,Iraq,EMRO,0,2465545,0,25375
11/19/2023,IQ,Iraq,EMRO,0,2465545,0,25375
11/26/2023,IQ,Iraq,EMRO,0,2465545,0,25375
12/3/2023,IQ,Iraq,EMRO,0,2465545,0,25375
12/10/2023,IQ,Iraq,EMRO,0,2465545,0,25375
12/17/2023,IQ,Iraq,EMRO,0,2465545,0,25375
12/24/2023,IQ,Iraq,EMRO,0,2465545,0,25375
1/5/2020,IE,Ireland,EURO,0,0,0,0
1/12/2020,IE,Ireland,EURO,0,0,0,0
1/19/2020,IE,Ireland,EURO,0,0,0,0
1/26/2020,IE,Ireland,EURO,0,0,0,0
2/2/2020,IE,Ireland,EURO,0,0,0,0
2/9/2020,IE,Ireland,EURO,0,0,0,0
2/16/2020,IE,Ireland,EURO,0,0,0,0
2/23/2020,IE,Ireland,EURO,0,0,0,0
3/1/2020,IE,Ireland,EURO,0,0,0,0
3/8/2020,IE,Ireland,EURO,18,18,1,1
3/15/2020,IE,Ireland,EURO,72,90,1,2
3/22/2020,IE,Ireland,EURO,593,683,3,5
3/29/2020,IE,Ireland,EURO,1438,2121,49,54
4/5/2020,IE,Ireland,EURO,2152,4273,121,175
4/12/2020,IE,Ireland,EURO,3816,8089,279,454
4/19/2020,IE,Ireland,EURO,5891,13980,342,796
4/26/2020,IE,Ireland,EURO,4204,18184,290,1086
5/3/2020,IE,Ireland,EURO,2649,20833,201,1287
5/10/2020,IE,Ireland,EURO,1708,22541,165,1452
5/17/2020,IE,Ireland,EURO,1415,23956,83,1535
5/24/2020,IE,Ireland,EURO,550,24506,61,1596
5/31/2020,IE,Ireland,EURO,370,24876,39,1635
6/7/2020,IE,Ireland,EURO,287,25163,27,1662
6/14/2020,IE,Ireland,EURO,87,25250,23,1685
6/21/2020,IE,Ireland,EURO,118,25368,14,1699
6/28/2020,IE,Ireland,EURO,46,25414,12,1711
7/5/2020,IE,Ireland,EURO,84,25498,8,1719
7/12/2020,IE,Ireland,EURO,91,25589,4,1723
7/19/2020,IE,Ireland,EURO,141,25730,5,1728
7/26/2020,IE,Ireland,EURO,115,25845,3,1731
8/2/2020,IE,Ireland,EURO,220,26065,2,1733
8/9/2020,IE,Ireland,EURO,405,26470,1,1734
8/16/2020,IE,Ireland,EURO,525,26995,3,1737
8/23/2020,IE,Ireland,EURO,760,27755,2,1739
8/30/2020,IE,Ireland,EURO,824,28579,1,1740
9/6/2020,IE,Ireland,EURO,724,29303,1,1741
9/13/2020,IE,Ireland,EURO,1268,30571,8,1749
9/20/2020,IE,Ireland,EURO,1700,32271,14,1763
9/27/2020,IE,Ireland,EURO,2044,34315,8,1771
10/4/2020,IE,Ireland,EURO,2748,37063,12,1783
10/11/2020,IE,Ireland,EURO,3640,40703,14,1797
10/18/2020,IE,Ireland,EURO,6724,47427,28,1825
10/25/2020,IE,Ireland,EURO,8912,56339,35,1860
11/1/2020,IE,Ireland,EURO,5798,62137,42,1902
11/8/2020,IE,Ireland,EURO,3479,65616,38,1940
11/15/2020,IE,Ireland,EURO,2561,68177,39,1979
11/22/2020,IE,Ireland,EURO,2703,70880,54,2033
11/29/2020,IE,Ireland,EURO,1897,72777,36,2069
12/6/2020,IE,Ireland,EURO,1792,74569,47,2116
12/13/2020,IE,Ireland,EURO,2016,76585,35,2151
12/20/2020,IE,Ireland,EURO,2747,79332,31,2182
12/27/2020,IE,Ireland,EURO,5844,85176,48,2230
1/3/2021,IE,Ireland,EURO,9434,94610,64,2294
1/10/2021,IE,Ireland,EURO,42352,136962,105,2399
1/17/2021,IE,Ireland,EURO,30664,167626,290,2689
1/24/2021,IE,Ireland,EURO,17731,185357,417,3106
1/31/2021,IE,Ireland,EURO,9613,194970,452,3558
2/7/2021,IE,Ireland,EURO,7871,202841,388,3946
2/14/2021,IE,Ireland,EURO,5957,208798,281,4227
2/21/2021,IE,Ireland,EURO,5680,214478,190,4417
2/28/2021,IE,Ireland,EURO,4851,219329,150,4567
3/7/2021,IE,Ireland,EURO,3918,223247,96,4663
3/14/2021,IE,Ireland,EURO,3651,226898,62,4725
3/21/2021,IE,Ireland,EURO,3486,230384,60,4785
3/28/2021,IE,Ireland,EURO,4021,234405,43,4828
4/4/2021,IE,Ireland,EURO,3860,238265,48,4876
4/11/2021,IE,Ireland,EURO,3005,241270,32,4908
4/18/2021,IE,Ireland,EURO,2627,243897,27,4935
4/25/2021,IE,Ireland,EURO,2924,246821,20,4955
5/2/2021,IE,Ireland,EURO,3127,249948,16,4971
5/9/2021,IE,Ireland,EURO,3034,252982,12,4983
5/16/2021,IE,Ireland,EURO,2966,255948,9,4992
5/23/2021,IE,Ireland,EURO,3109,259057,11,5003
5/30/2021,IE,Ireland,EURO,2871,261928,10,5013
6/6/2021,IE,Ireland,EURO,2919,264847,9,5022
6/13/2021,IE,Ireland,EURO,2289,267136,1,5023
6/20/2021,IE,Ireland,EURO,2193,269329,9,5032
6/27/2021,IE,Ireland,EURO,2226,271555,3,5035
7/4/2021,IE,Ireland,EURO,2819,274374,6,5041
7/11/2021,IE,Ireland,EURO,3439,277813,2,5043
7/18/2021,IE,Ireland,EURO,5219,283032,4,5047
7/25/2021,IE,Ireland,EURO,8571,291603,5,5052
8/1/2021,IE,Ireland,EURO,9024,300627,9,5061
8/8/2021,IE,Ireland,EURO,9251,309878,10,5071
8/15/2021,IE,Ireland,EURO,12115,321993,16,5087
8/22/2021,IE,Ireland,EURO,12389,334382,15,5102
8/29/2021,IE,Ireland,EURO,12766,347148,28,5130
9/5/2021,IE,Ireland,EURO,11324,358472,44,5174
9/12/2021,IE,Ireland,EURO,9911,368383,45,5219
9/19/2021,IE,Ireland,EURO,8840,377223,46,5265
9/26/2021,IE,Ireland,EURO,9196,386419,36,5301
10/3/2021,IE,Ireland,EURO,9106,395525,49,5350
10/10/2021,IE,Ireland,EURO,8844,404369,48,5398
10/17/2021,IE,Ireland,EURO,11721,416090,48,5446
10/24/2021,IE,Ireland,EURO,14171,430261,63,5509
10/31/2021,IE,Ireland,EURO,14940,445201,55,5564
11/7/2021,IE,Ireland,EURO,21608,466809,77,5641
11/14/2021,IE,Ireland,EURO,27728,494537,49,5690
11/21/2021,IE,Ireland,EURO,28823,523360,48,5738
11/28/2021,IE,Ireland,EURO,32704,556064,70,5808
12/5/2021,IE,Ireland,EURO,31944,588008,67,5875
12/12/2021,IE,Ireland,EURO,31480,619488,56,5931
12/19/2021,IE,Ireland,EURO,29191,648679,70,6001
12/26/2021,IE,Ireland,EURO,47414,696093,53,6054
1/2/2022,IE,Ireland,EURO,97002,793095,53,6107
1/9/2022,IE,Ireland,EURO,141823,934918,61,6168
1/16/2022,IE,Ireland,EURO,147583,1082501,89,6257
1/23/2022,IE,Ireland,EURO,56367,1138868,60,6317
1/30/2022,IE,Ireland,EURO,35097,1173965,78,6395
2/6/2022,IE,Ireland,EURO,36269,1210234,88,6483
2/13/2022,IE,Ireland,EURO,36892,1247126,59,6542
2/20/2022,IE,Ireland,EURO,32010,1279136,45,6587
2/27/2022,IE,Ireland,EURO,27088,1306224,60,6647
3/6/2022,IE,Ireland,EURO,22888,1329112,53,6700
3/13/2022,IE,Ireland,EURO,26726,1355838,65,6765
3/20/2022,IE,Ireland,EURO,34473,1390311,68,6833
3/27/2022,IE,Ireland,EURO,46646,1436957,84,6917
4/3/2022,IE,Ireland,EURO,42205,1479162,99,7016
4/10/2022,IE,Ireland,EURO,22014,1501176,103,7119
4/17/2022,IE,Ireland,EURO,13440,1514616,106,7225
4/24/2022,IE,Ireland,EURO,8932,1523548,81,7306
5/1/2022,IE,Ireland,EURO,7576,1531124,57,7363
5/8/2022,IE,Ireland,EURO,5251,1536375,56,7419
5/15/2022,IE,Ireland,EURO,13088,1549463,28,7447
5/22/2022,IE,Ireland,EURO,8038,1557501,28,7475
5/29/2022,IE,Ireland,EURO,4138,1561639,23,7498
6/5/2022,IE,Ireland,EURO,4467,1566106,19,7517
6/12/2022,IE,Ireland,EURO,6053,1572159,16,7533
6/19/2022,IE,Ireland,EURO,8220,1580379,24,7557
6/26/2022,IE,Ireland,EURO,11608,1591987,29,7586
7/3/2022,IE,Ireland,EURO,12852,1604839,44,7630
7/10/2022,IE,Ireland,EURO,14090,1618929,31,7661
7/17/2022,IE,Ireland,EURO,14291,1633220,50,7711
7/24/2022,IE,Ireland,EURO,7832,1641052,58,7769
7/31/2022,IE,Ireland,EURO,4541,1645593,40,7809
8/7/2022,IE,Ireland,EURO,2954,1648547,39,7848
8/14/2022,IE,Ireland,EURO,3193,1651740,41,7889
8/21/2022,IE,Ireland,EURO,2263,1654003,30,7919
8/28/2022,IE,Ireland,EURO,1641,1655644,19,7938
9/4/2022,IE,Ireland,EURO,1902,1657546,20,7958
9/11/2022,IE,Ireland,EURO,1780,1659326,15,7973
9/18/2022,IE,Ireland,EURO,1555,1660881,13,7986
9/25/2022,IE,Ireland,EURO,1875,1662756,16,8002
10/2/2022,IE,Ireland,EURO,1921,1664677,24,8026
10/9/2022,IE,Ireland,EURO,2261,1666938,32,8058
10/16/2022,IE,Ireland,EURO,2210,1669148,26,8084
10/23/2022,IE,Ireland,EURO,2036,1671184,36,8120
10/30/2022,IE,Ireland,EURO,1682,1672866,32,8152
11/6/2022,IE,Ireland,EURO,1905,1674771,33,8185
11/13/2022,IE,Ireland,EURO,1805,1676576,35,8220
11/20/2022,IE,Ireland,EURO,1565,1678141,34,8254
11/27/2022,IE,Ireland,EURO,1551,1679692,30,8284
12/4/2022,IE,Ireland,EURO,1745,1681437,32,8316
12/11/2022,IE,Ireland,EURO,2103,1683540,36,8352
12/18/2022,IE,Ireland,EURO,2699,1686239,29,8381
12/25/2022,IE,Ireland,EURO,3525,1689764,56,8437
1/1/2023,IE,Ireland,EURO,3004,1692768,65,8502
1/8/2023,IE,Ireland,EURO,3660,1696428,59,8561
1/15/2023,IE,Ireland,EURO,2245,1698673,64,8625
1/22/2023,IE,Ireland,EURO,1123,1699796,46,8671
1/29/2023,IE,Ireland,EURO,897,1700693,25,8696
2/5/2023,IE,Ireland,EURO,754,1701447,33,8729
2/12/2023,IE,Ireland,EURO,668,1702115,21,8750
2/19/2023,IE,Ireland,EURO,791,1702906,18,8768
2/26/2023,IE,Ireland,EURO,650,1703556,17,8785
3/5/2023,IE,Ireland,EURO,585,1704141,17,8802
3/12/2023,IE,Ireland,EURO,749,1704890,10,8812
3/19/2023,IE,Ireland,EURO,922,1705812,17,8829
3/26/2023,IE,Ireland,EURO,982,1706794,20,8849
4/2/2023,IE,Ireland,EURO,1345,1708139,19,8868
4/9/2023,IE,Ireland,EURO,707,1708846,20,8888
4/16/2023,IE,Ireland,EURO,588,1709434,15,8903
4/23/2023,IE,Ireland,EURO,612,1710046,16,8919
4/30/2023,IE,Ireland,EURO,504,1710550,26,8945
5/7/2023,IE,Ireland,EURO,477,1711027,19,8964
5/14/2023,IE,Ireland,EURO,492,1711519,17,8981
5/21/2023,IE,Ireland,EURO,423,1711942,29,9010
5/28/2023,IE,Ireland,EURO,517,1712459,12,9022
6/4/2023,IE,Ireland,EURO,435,1712894,18,9040
6/11/2023,IE,Ireland,EURO,311,1713205,21,9061
6/18/2023,IE,Ireland,EURO,281,1713486,12,9073
6/25/2023,IE,Ireland,EURO,223,1713709,8,9081
7/2/2023,IE,Ireland,EURO,130,1713839,7,9088
7/9/2023,IE,Ireland,EURO,172,1714011,11,9099
7/16/2023,IE,Ireland,EURO,212,1714223,4,9103
7/23/2023,IE,Ireland,EURO,261,1714484,4,9107
7/30/2023,IE,Ireland,EURO,365,1714849,12,9119
8/6/2023,IE,Ireland,EURO,625,1715474,8,9127
8/13/2023,IE,Ireland,EURO,691,1716165,15,9142
8/20/2023,IE,Ireland,EURO,844,1717009,15,9157
8/27/2023,IE,Ireland,EURO,931,1717940,24,9181
9/3/2023,IE,Ireland,EURO,756,1718696,20,9201
9/10/2023,IE,Ireland,EURO,801,1719497,21,9222
9/17/2023,IE,Ireland,EURO,718,1720215,13,9235
9/24/2023,IE,Ireland,EURO,583,1720798,13,9248
10/1/2023,IE,Ireland,EURO,741,1721539,10,9258
10/8/2023,IE,Ireland,EURO,706,1722245,17,9275
10/15/2023,IE,Ireland,EURO,567,1722812,17,9292
10/22/2023,IE,Ireland,EURO,609,1723421,12,9304
10/29/2023,IE,Ireland,EURO,502,1723923,13,9317
11/5/2023,IE,Ireland,EURO,371,1724294,4,9321
11/12/2023,IE,Ireland,EURO,521,1724815,25,9346
11/19/2023,IE,Ireland,EURO,211,1725026,20,9366
11/26/2023,IE,Ireland,EURO,0,1725026,0,9366
12/3/2023,IE,Ireland,EURO,0,1725026,0,9366
12/10/2023,IE,Ireland,EURO,864,1725890,4,9370
12/17/2023,IE,Ireland,EURO,512,1726402,6,9376
12/24/2023,IE,Ireland,EURO,709,1727111,12,9388
1/5/2020,IM,Isle of Man,,0,0,0,0
1/12/2020,IM,Isle of Man,,0,0,0,0
1/19/2020,IM,Isle of Man,,0,0,0,0
1/26/2020,IM,Isle of Man,,0,0,0,0
2/2/2020,IM,Isle of Man,,0,0,0,0
2/9/2020,IM,Isle of Man,,0,0,0,0
2/16/2020,IM,Isle of Man,,0,0,0,0
2/23/2020,IM,Isle of Man,,0,0,0,0
3/1/2020,IM,Isle of Man,,0,0,0,0
3/8/2020,IM,Isle of Man,,0,0,0,0
3/15/2020,IM,Isle of Man,,0,0,0,0
3/22/2020,IM,Isle of Man,,2,2,0,0
3/29/2020,IM,Isle of Man,,30,32,0,0
4/5/2020,IM,Isle of Man,,88,120,1,1
4/12/2020,IM,Isle of Man,,86,206,5,6
4/19/2020,IM,Isle of Man,,87,293,3,9
4/26/2020,IM,Isle of Man,,17,310,14,23
5/3/2020,IM,Isle of Man,,11,321,5,28
5/10/2020,IM,Isle of Man,,10,331,5,33
5/17/2020,IM,Isle of Man,,6,337,1,34
5/24/2020,IM,Isle of Man,,1,338,0,34
5/31/2020,IM,Isle of Man,,0,338,0,34
6/7/2020,IM,Isle of Man,,0,338,0,34
6/14/2020,IM,Isle of Man,,0,338,0,34
6/21/2020,IM,Isle of Man,,0,338,0,34
6/28/2020,IM,Isle of Man,,0,338,0,34
7/5/2020,IM,Isle of Man,,0,338,0,34
7/12/2020,IM,Isle of Man,,0,338,0,34
7/19/2020,IM,Isle of Man,,0,338,0,34
7/26/2020,IM,Isle of Man,,0,338,0,34
8/2/2020,IM,Isle of Man,,0,338,0,34
8/9/2020,IM,Isle of Man,,0,338,0,34
8/16/2020,IM,Isle of Man,,0,338,0,34
8/23/2020,IM,Isle of Man,,0,338,0,34
8/30/2020,IM,Isle of Man,,0,338,0,34
9/6/2020,IM,Isle of Man,,0,338,0,34
9/13/2020,IM,Isle of Man,,1,339,0,34
9/20/2020,IM,Isle of Man,,2,341,0,34
9/27/2020,IM,Isle of Man,,1,342,0,34
10/4/2020,IM,Isle of Man,,1,343,0,34
10/11/2020,IM,Isle of Man,,4,347,0,34
10/18/2020,IM,Isle of Man,,3,350,0,34
10/25/2020,IM,Isle of Man,,0,350,0,34
11/1/2020,IM,Isle of Man,,5,355,0,34
11/8/2020,IM,Isle of Man,,4,359,0,34
11/15/2020,IM,Isle of Man,,6,365,1,35
11/22/2020,IM,Isle of Man,,5,370,0,35
11/29/2020,IM,Isle of Man,,1,371,0,35
12/6/2020,IM,Isle of Man,,1,372,0,35
12/13/2020,IM,Isle of Man,,0,372,0,35
12/20/2020,IM,Isle of Man,,3,375,0,35
12/27/2020,IM,Isle of Man,,2,377,0,35
1/3/2021,IM,Isle of Man,,5,382,0,35
1/10/2021,IM,Isle of Man,,14,396,0,35
1/17/2021,IM,Isle of Man,,32,428,0,35
1/24/2021,IM,Isle of Man,,4,432,0,35
1/31/2021,IM,Isle of Man,,2,434,0,35
2/7/2021,IM,Isle of Man,,0,434,0,35
2/14/2021,IM,Isle of Man,,2,436,0,35
2/21/2021,IM,Isle of Man,,13,449,0,35
2/28/2021,IM,Isle of Man,,34,483,0,35
3/7/2021,IM,Isle of Man,,192,675,0,35
3/14/2021,IM,Isle of Man,,556,1231,1,36
3/21/2021,IM,Isle of Man,,229,1460,0,36
3/28/2021,IM,Isle of Man,,93,1553,3,39
4/4/2021,IM,Isle of Man,,16,1569,0,39
4/11/2021,IM,Isle of Man,,4,1573,0,39
4/18/2021,IM,Isle of Man,,0,1573,0,39
4/25/2021,IM,Isle of Man,,10,1583,0,39
5/2/2021,IM,Isle of Man,,4,1587,0,39
5/9/2021,IM,Isle of Man,,1,1588,0,39
5/16/2021,IM,Isle of Man,,0,1588,0,39
5/23/2021,IM,Isle of Man,,1,1589,0,39
5/30/2021,IM,Isle of Man,,2,1591,0,39
6/6/2021,IM,Isle of Man,,5,1596,0,39
6/13/2021,IM,Isle of Man,,2,1598,0,39
6/20/2021,IM,Isle of Man,,0,1598,0,39
6/27/2021,IM,Isle of Man,,7,1605,0,39
7/4/2021,IM,Isle of Man,,29,1634,0,39
7/11/2021,IM,Isle of Man,,53,1687,0,39
7/18/2021,IM,Isle of Man,,512,2199,0,39
7/25/2021,IM,Isle of Man,,1576,3775,0,39
8/1/2021,IM,Isle of Man,,952,4727,4,43
8/8/2021,IM,Isle of Man,,696,5423,3,46
8/15/2021,IM,Isle of Man,,484,5907,1,47
8/22/2021,IM,Isle of Man,,358,6265,1,48
8/29/2021,IM,Isle of Man,,310,6575,0,48
9/5/2021,IM,Isle of Man,,224,6799,0,48
9/12/2021,IM,Isle of Man,,188,6987,1,49
9/19/2021,IM,Isle of Man,,148,7135,1,50
9/26/2021,IM,Isle of Man,,228,7363,1,51
10/3/2021,IM,Isle of Man,,271,7634,1,52
10/10/2021,IM,Isle of Man,,393,8027,2,54
10/17/2021,IM,Isle of Man,,478,8505,2,56
10/24/2021,IM,Isle of Man,,601,9106,1,57
10/31/2021,IM,Isle of Man,,538,9644,0,57
11/7/2021,IM,Isle of Man,,297,9941,3,60
11/14/2021,IM,Isle of Man,,284,10225,4,64
11/21/2021,IM,Isle of Man,,332,10557,2,66
11/28/2021,IM,Isle of Man,,528,11085,0,66
12/5/2021,IM,Isle of Man,,789,11874,1,67
12/12/2021,IM,Isle of Man,,651,12525,0,67
12/19/2021,IM,Isle of Man,,514,13039,0,67
12/26/2021,IM,Isle of Man,,874,13913,0,67
1/2/2022,IM,Isle of Man,,2394,16307,0,67
1/9/2022,IM,Isle of Man,,2474,18781,1,68
1/16/2022,IM,Isle of Man,,1156,19937,2,70
1/23/2022,IM,Isle of Man,,785,20722,0,70
1/30/2022,IM,Isle of Man,,611,21333,1,71
2/6/2022,IM,Isle of Man,,465,21798,2,73
2/13/2022,IM,Isle of Man,,258,22056,4,77
2/20/2022,IM,Isle of Man,,245,22301,2,79
2/27/2022,IM,Isle of Man,,376,22677,1,80
3/6/2022,IM,Isle of Man,,736,23413,0,80
3/13/2022,IM,Isle of Man,,903,24316,1,81
3/20/2022,IM,Isle of Man,,1814,26130,0,81
3/27/2022,IM,Isle of Man,,1637,27767,1,82
4/3/2022,IM,Isle of Man,,1123,28890,2,84
4/10/2022,IM,Isle of Man,,1279,30169,3,87
4/17/2022,IM,Isle of Man,,0,30169,0,87
4/24/2022,IM,Isle of Man,,1497,31666,11,98
5/1/2022,IM,Isle of Man,,539,32205,4,102
5/8/2022,IM,Isle of Man,,219,32424,2,104
5/15/2022,IM,Isle of Man,,176,32600,1,105
5/22/2022,IM,Isle of Man,,194,32794,0,105
5/29/2022,IM,Isle of Man,,172,32966,1,106
6/5/2022,IM,Isle of Man,,132,33098,1,107
6/12/2022,IM,Isle of Man,,153,33251,0,107
6/19/2022,IM,Isle of Man,,570,33821,0,107
6/26/2022,IM,Isle of Man,,0,33821,1,108
7/3/2022,IM,Isle of Man,,2642,36463,0,108
7/10/2022,IM,Isle of Man,,535,36998,2,110
7/17/2022,IM,Isle of Man,,241,37239,0,110
7/24/2022,IM,Isle of Man,,299,37538,1,111
7/31/2022,IM,Isle of Man,,158,37696,3,114
8/7/2022,IM,Isle of Man,,98,37794,0,114
8/14/2022,IM,Isle of Man,,0,37794,0,114
8/21/2022,IM,Isle of Man,,0,37794,1,115
8/28/2022,IM,Isle of Man,,214,38008,1,116
9/4/2022,IM,Isle of Man,,0,38008,0,116
9/11/2022,IM,Isle of Man,,0,38008,0,116
9/18/2022,IM,Isle of Man,,0,38008,0,116
9/25/2022,IM,Isle of Man,,0,38008,0,116
10/2/2022,IM,Isle of Man,,0,38008,0,116
10/9/2022,IM,Isle of Man,,0,38008,0,116
10/16/2022,IM,Isle of Man,,0,38008,0,116
10/23/2022,IM,Isle of Man,,0,38008,0,116
10/30/2022,IM,Isle of Man,,0,38008,0,116
11/6/2022,IM,Isle of Man,,0,38008,0,116
11/13/2022,IM,Isle of Man,,0,38008,0,116
11/20/2022,IM,Isle of Man,,0,38008,0,116
11/27/2022,IM,Isle of Man,,0,38008,0,116
12/4/2022,IM,Isle of Man,,0,38008,0,116
12/11/2022,IM,Isle of Man,,0,38008,0,116
12/18/2022,IM,Isle of Man,,0,38008,0,116
12/25/2022,IM,Isle of Man,,0,38008,0,116
1/1/2023,IM,Isle of Man,,0,38008,0,116
1/8/2023,IM,Isle of Man,,0,38008,0,116
1/15/2023,IM,Isle of Man,,0,38008,0,116
1/22/2023,IM,Isle of Man,,0,38008,0,116
1/29/2023,IM,Isle of Man,,0,38008,0,116
2/5/2023,IM,Isle of Man,,0,38008,0,116
2/12/2023,IM,Isle of Man,,0,38008,0,116
2/19/2023,IM,Isle of Man,,0,38008,0,116
2/26/2023,IM,Isle of Man,,0,38008,0,116
3/5/2023,IM,Isle of Man,,0,38008,0,116
3/12/2023,IM,Isle of Man,,0,38008,0,116
3/19/2023,IM,Isle of Man,,0,38008,0,116
3/26/2023,IM,Isle of Man,,0,38008,0,116
4/2/2023,IM,Isle of Man,,0,38008,0,116
4/9/2023,IM,Isle of Man,,0,38008,0,116
4/16/2023,IM,Isle of Man,,0,38008,0,116
4/23/2023,IM,Isle of Man,,0,38008,0,116
4/30/2023,IM,Isle of Man,,0,38008,0,116
5/7/2023,IM,Isle of Man,,0,38008,0,116
5/14/2023,IM,Isle of Man,,0,38008,0,116
5/21/2023,IM,Isle of Man,,0,38008,0,116
5/28/2023,IM,Isle of Man,,0,38008,0,116
6/4/2023,IM,Isle of Man,,0,38008,0,116
6/11/2023,IM,Isle of Man,,0,38008,0,116
6/18/2023,IM,Isle of Man,,0,38008,0,116
6/25/2023,IM,Isle of Man,,0,38008,0,116
7/2/2023,IM,Isle of Man,,0,38008,0,116
7/9/2023,IM,Isle of Man,,0,38008,0,116
7/16/2023,IM,Isle of Man,,0,38008,0,116
7/23/2023,IM,Isle of Man,,0,38008,0,116
7/30/2023,IM,Isle of Man,,0,38008,0,116
8/6/2023,IM,Isle of Man,,0,38008,0,116
8/13/2023,IM,Isle of Man,,0,38008,0,116
8/20/2023,IM,Isle of Man,,0,38008,0,116
8/27/2023,IM,Isle of Man,,0,38008,0,116
9/3/2023,IM,Isle of Man,,0,38008,0,116
9/10/2023,IM,Isle of Man,,0,38008,0,116
9/17/2023,IM,Isle of Man,,0,38008,0,116
9/24/2023,IM,Isle of Man,,0,38008,0,116
10/1/2023,IM,Isle of Man,,0,38008,0,116
10/8/2023,IM,Isle of Man,,0,38008,0,116
10/15/2023,IM,Isle of Man,,0,38008,0,116
10/22/2023,IM,Isle of Man,,0,38008,0,116
10/29/2023,IM,Isle of Man,,0,38008,0,116
11/5/2023,IM,Isle of Man,,0,38008,0,116
11/12/2023,IM,Isle of Man,,0,38008,0,116
11/19/2023,IM,Isle of Man,,0,38008,0,116
11/26/2023,IM,Isle of Man,,0,38008,0,116
12/3/2023,IM,Isle of Man,,0,38008,0,116
12/10/2023,IM,Isle of Man,,0,38008,0,116
12/17/2023,IM,Isle of Man,,0,38008,0,116
12/24/2023,IM,Isle of Man,,0,38008,0,116
1/5/2020,IL,Israel,EURO,0,0,0,0
1/12/2020,IL,Israel,EURO,0,0,0,0
1/19/2020,IL,Israel,EURO,0,0,0,0
1/26/2020,IL,Israel,EURO,0,0,0,0
2/2/2020,IL,Israel,EURO,0,0,0,0
2/9/2020,IL,Israel,EURO,0,0,0,0
2/16/2020,IL,Israel,EURO,9,9,0,0
2/23/2020,IL,Israel,EURO,1,10,0,0
3/1/2020,IL,Israel,EURO,5,15,0,0
3/8/2020,IL,Israel,EURO,26,41,0,0
3/15/2020,IL,Israel,EURO,151,192,0,0
3/22/2020,IL,Israel,EURO,844,1036,1,1
3/29/2020,IL,Israel,EURO,2868,3904,12,13
4/5/2020,IL,Israel,EURO,4259,8163,36,49
4/12/2020,IL,Israel,EURO,2786,10949,54,103
4/19/2020,IL,Israel,EURO,2567,13516,63,166
4/26/2020,IL,Israel,EURO,1759,15275,37,203
5/3/2020,IL,Israel,EURO,768,16043,30,233
5/10/2020,IL,Israel,EURO,293,16336,19,252
5/17/2020,IL,Israel,EURO,169,16505,21,273
5/24/2020,IL,Israel,EURO,121,16626,10,283
5/31/2020,IL,Israel,EURO,344,16970,6,289
6/7/2020,IL,Israel,EURO,752,17722,11,300
6/14/2020,IL,Israel,EURO,1260,18982,5,305
6/21/2020,IL,Israel,EURO,1676,20658,5,310
6/28/2020,IL,Israel,EURO,2831,23489,16,326
7/5/2020,IL,Israel,EURO,5810,29299,15,341
7/12/2020,IL,Israel,EURO,8756,38055,34,375
7/19/2020,IL,Israel,EURO,11408,49463,53,428
7/26/2020,IL,Israel,EURO,11867,61330,68,496
8/2/2020,IL,Israel,EURO,10932,72262,83,579
8/9/2020,IL,Israel,EURO,10106,82368,82,661
8/16/2020,IL,Israel,EURO,9839,92207,88,749
8/23/2020,IL,Israel,EURO,9687,101894,87,836
8/30/2020,IL,Israel,EURO,11652,113546,88,924
9/6/2020,IL,Israel,EURO,15508,129054,108,1032
9/13/2020,IL,Israel,EURO,23881,152935,113,1145
9/20/2020,IL,Israel,EURO,32590,185525,145,1290
9/27/2020,IL,Israel,EURO,43128,228653,190,1480
10/4/2020,IL,Israel,EURO,35988,264641,241,1721
10/11/2020,IL,Israel,EURO,25121,289762,257,1978
10/18/2020,IL,Israel,EURO,12757,302519,245,2223
10/25/2020,IL,Israel,EURO,6926,309445,190,2413
11/1/2020,IL,Israel,EURO,4652,314097,156,2569
11/8/2020,IL,Israel,EURO,4530,318627,113,2682
11/15/2020,IL,Israel,EURO,4585,323212,60,2742
11/22/2020,IL,Israel,EURO,5091,328303,68,2810
11/29/2020,IL,Israel,EURO,6362,334665,58,2868
12/6/2020,IL,Israel,EURO,9033,343698,60,2928
12/13/2020,IL,Israel,EURO,11998,355696,80,3008
12/20/2020,IL,Israel,EURO,17326,373022,103,3111
12/27/2020,IL,Israel,EURO,26083,399105,131,3242
1/3/2021,IL,Israel,EURO,36643,435748,191,3433
1/10/2021,IL,Israel,EURO,50749,486497,244,3677
1/17/2021,IL,Israel,EURO,58256,544753,341,4018
1/24/2021,IL,Israel,EURO,49873,594626,366,4384
1/31/2021,IL,Israel,EURO,45816,640442,381,4765
2/7/2021,IL,Israel,EURO,46171,686613,348,5113
2/14/2021,IL,Israel,EURO,35955,722568,248,5361
2/21/2021,IL,Israel,EURO,25826,748394,205,5566
2/28/2021,IL,Israel,EURO,25825,774219,177,5743
3/7/2021,IL,Israel,EURO,26152,800371,132,5875
3/14/2021,IL,Israel,EURO,17889,818260,115,5990
3/21/2021,IL,Israel,EURO,9371,827631,101,6091
3/28/2021,IL,Israel,EURO,4543,832174,77,6168
4/4/2021,IL,Israel,EURO,2360,834534,81,6249
4/11/2021,IL,Israel,EURO,1684,836218,59,6308
4/18/2021,IL,Israel,EURO,1052,837270,43,6351
4/25/2021,IL,Israel,EURO,984,838254,24,6375
5/2/2021,IL,Israel,EURO,624,838878,16,6391
5/9/2021,IL,Israel,EURO,404,839282,13,6404
5/16/2021,IL,Israel,EURO,261,839543,8,6412
5/23/2021,IL,Israel,EURO,209,839752,7,6419
5/30/2021,IL,Israel,EURO,150,839902,6,6425
6/6/2021,IL,Israel,EURO,115,840017,4,6429
6/13/2021,IL,Israel,EURO,92,840109,3,6432
6/20/2021,IL,Israel,EURO,184,840293,3,6435
6/27/2021,IL,Israel,EURO,1095,841388,1,6436
7/4/2021,IL,Israel,EURO,2005,843393,0,6436
7/11/2021,IL,Israel,EURO,3244,846637,5,6441
7/18/2021,IL,Israel,EURO,5222,851859,12,6453
7/25/2021,IL,Israel,EURO,8764,860623,14,6467
8/1/2021,IL,Israel,EURO,14859,875482,26,6493
8/8/2021,IL,Israel,EURO,23515,898997,75,6568
8/15/2021,IL,Israel,EURO,38065,937062,124,6692
8/22/2021,IL,Israel,EURO,51170,988232,163,6855
8/29/2021,IL,Israel,EURO,61130,1049362,193,7048
9/5/2021,IL,Israel,EURO,66012,1115374,208,7256
9/12/2021,IL,Israel,EURO,55065,1170439,171,7427
9/19/2021,IL,Israel,EURO,54413,1224852,146,7573
9/26/2021,IL,Israel,EURO,40329,1265181,143,7716
10/3/2021,IL,Israel,EURO,24955,1290136,129,7845
10/10/2021,IL,Israel,EURO,16145,1306281,101,7946
10/17/2021,IL,Israel,EURO,11082,1317363,82,8028
10/24/2021,IL,Israel,EURO,7222,1324585,45,8073
10/31/2021,IL,Israel,EURO,4653,1329238,47,8120
11/7/2021,IL,Israel,EURO,3775,1333013,22,8142
11/14/2021,IL,Israel,EURO,3104,1336117,25,8167
11/21/2021,IL,Israel,EURO,3191,1339308,22,8189
11/28/2021,IL,Israel,EURO,3564,1342872,12,8201
12/5/2021,IL,Israel,EURO,3636,1346508,15,8216
12/12/2021,IL,Israel,EURO,4294,1350802,16,8232
12/19/2021,IL,Israel,EURO,4887,1355689,13,8245
12/26/2021,IL,Israel,EURO,9079,1364768,6,8251
1/2/2022,IL,Israel,EURO,26891,1391659,11,8262
1/9/2022,IL,Israel,EURO,112884,1504543,24,8286
1/16/2022,IL,Israel,EURO,308975,1813518,74,8360
1/23/2022,IL,Israel,EURO,494733,2308251,193,8553
1/30/2022,IL,Israel,EURO,474410,2782661,336,8889
2/6/2022,IL,Israel,EURO,382736,3165397,434,9323
2/13/2022,IL,Israel,EURO,241078,3406475,439,9762
2/20/2022,IL,Israel,EURO,135580,3542055,262,10024
2/27/2022,IL,Israel,EURO,77870,3619925,192,10216
3/6/2022,IL,Israel,EURO,53061,3672986,134,10350
3/13/2022,IL,Israel,EURO,43758,3716744,71,10421
3/20/2022,IL,Israel,EURO,47811,3764555,58,10479
3/27/2022,IL,Israel,EURO,88966,3853521,50,10529
4/3/2022,IL,Israel,EURO,86177,3939698,63,10592
4/10/2022,IL,Israel,EURO,57296,3996994,60,10652
4/17/2022,IL,Israel,EURO,34453,4031447,48,10700
4/24/2022,IL,Israel,EURO,25894,4057341,46,10746
5/1/2022,IL,Israel,EURO,21226,4078567,36,10782
5/8/2022,IL,Israel,EURO,14419,4092986,30,10812
5/15/2022,IL,Israel,EURO,15310,4108296,20,10832
5/22/2022,IL,Israel,EURO,14797,4123093,23,10855
5/29/2022,IL,Israel,EURO,13249,4136342,11,10866
6/5/2022,IL,Israel,EURO,16478,4152820,14,10880
6/12/2022,IL,Israel,EURO,29452,4182272,13,10893
6/19/2022,IL,Israel,EURO,47448,4229720,18,10911
6/26/2022,IL,Israel,EURO,67821,4297541,49,10960
7/3/2022,IL,Israel,EURO,74269,4371810,89,11049
7/10/2022,IL,Israel,EURO,73628,4445438,96,11145
7/17/2022,IL,Israel,EURO,60205,4505643,103,11248
7/24/2022,IL,Israel,EURO,43530,4549173,99,11347
7/31/2022,IL,Israel,EURO,30706,4579879,82,11429
8/7/2022,IL,Israel,EURO,21063,4600942,70,11499
8/14/2022,IL,Israel,EURO,13168,4614110,52,11551
8/21/2022,IL,Israel,EURO,9188,4623298,43,11594
8/28/2022,IL,Israel,EURO,6922,4630220,41,11635
9/4/2022,IL,Israel,EURO,6023,4636243,26,11661
9/11/2022,IL,Israel,EURO,6094,4642337,16,11677
9/18/2022,IL,Israel,EURO,7637,4649974,15,11692
9/25/2022,IL,Israel,EURO,7584,4657558,9,11701
10/2/2022,IL,Israel,EURO,6116,4663674,13,11714
10/9/2022,IL,Israel,EURO,4937,4668611,17,11731
10/16/2022,IL,Israel,EURO,4311,4672922,17,11748
10/23/2022,IL,Israel,EURO,4605,4677527,18,11766
10/30/2022,IL,Israel,EURO,5518,4683045,16,11782
11/6/2022,IL,Israel,EURO,6333,4689378,15,11797
11/13/2022,IL,Israel,EURO,7173,4696551,16,11813
11/20/2022,IL,Israel,EURO,8825,4705376,23,11836
11/27/2022,IL,Israel,EURO,10228,4715604,24,11860
12/4/2022,IL,Israel,EURO,11231,4726835,39,11899
12/11/2022,IL,Israel,EURO,10967,4737802,44,11943
12/18/2022,IL,Israel,EURO,10321,4748123,42,11985
12/25/2022,IL,Israel,EURO,8581,4756704,41,12026
1/1/2023,IL,Israel,EURO,7374,4764078,41,12067
1/8/2023,IL,Israel,EURO,6639,4770717,46,12113
1/15/2023,IL,Israel,EURO,5328,4776045,24,12137
1/22/2023,IL,Israel,EURO,4576,4780621,36,12173
1/29/2023,IL,Israel,EURO,4168,4784789,26,12199
2/5/2023,IL,Israel,EURO,3442,4788231,26,12225
2/12/2023,IL,Israel,EURO,2878,4791109,19,12244
2/19/2023,IL,Israel,EURO,3097,4794206,21,12265
2/26/2023,IL,Israel,EURO,3552,4797758,26,12291
3/5/2023,IL,Israel,EURO,3657,4801415,25,12316
3/12/2023,IL,Israel,EURO,3462,4804877,23,12339
3/19/2023,IL,Israel,EURO,3838,4808715,32,12371
3/26/2023,IL,Israel,EURO,3192,4811907,22,12393
4/2/2023,IL,Israel,EURO,2791,4814698,24,12417
4/9/2023,IL,Israel,EURO,1969,4816667,16,12433
4/16/2023,IL,Israel,EURO,1852,4818519,22,12455
4/23/2023,IL,Israel,EURO,1956,4820475,25,12480
4/30/2023,IL,Israel,EURO,1334,4821809,19,12499
5/7/2023,IL,Israel,EURO,1540,4823349,12,12511
5/14/2023,IL,Israel,EURO,1169,4824518,7,12518
5/21/2023,IL,Israel,EURO,850,4825368,16,12534
5/28/2023,IL,Israel,EURO,688,4826056,7,12541
6/4/2023,IL,Israel,EURO,745,4826801,9,12550
6/11/2023,IL,Israel,EURO,735,4827536,8,12558
6/18/2023,IL,Israel,EURO,601,4828137,6,12564
6/25/2023,IL,Israel,EURO,597,4828734,3,12567
7/2/2023,IL,Israel,EURO,514,4829248,6,12573
7/9/2023,IL,Israel,EURO,497,4829745,6,12579
7/16/2023,IL,Israel,EURO,539,4830284,4,12583
7/23/2023,IL,Israel,EURO,535,4830819,6,12589
7/30/2023,IL,Israel,EURO,563,4831382,8,12597
8/6/2023,IL,Israel,EURO,541,4831923,10,12607
8/13/2023,IL,Israel,EURO,601,4832524,17,12624
8/20/2023,IL,Israel,EURO,747,4833271,9,12633
8/27/2023,IL,Israel,EURO,866,4834137,10,12643
9/3/2023,IL,Israel,EURO,985,4835122,9,12652
9/10/2023,IL,Israel,EURO,1048,4836170,16,12668
9/17/2023,IL,Israel,EURO,1269,4837439,10,12678
9/24/2023,IL,Israel,EURO,1464,4838903,9,12687
10/1/2023,IL,Israel,EURO,1038,4839941,10,12697
10/8/2023,IL,Israel,EURO,784,4840725,0,12697
10/15/2023,IL,Israel,EURO,389,4841114,1,12698
10/22/2023,IL,Israel,EURO,264,4841378,5,12703
10/29/2023,IL,Israel,EURO,180,4841558,4,12707
11/5/2023,IL,Israel,EURO,198,4841756,0,12707
11/12/2023,IL,Israel,EURO,16,4841772,0,12707
11/19/2023,IL,Israel,EURO,0,4841772,0,12707
11/26/2023,IL,Israel,EURO,0,4841772,0,12707
12/3/2023,IL,Israel,EURO,0,4841772,0,12707
12/10/2023,IL,Israel,EURO,0,4841772,0,12707
12/17/2023,IL,Israel,EURO,0,4841772,0,12707
12/24/2023,IL,Israel,EURO,0,4841772,0,12707
1/5/2020,IT,Italy,EURO,0,0,0,0
1/12/2020,IT,Italy,EURO,0,0,0,0
1/19/2020,IT,Italy,EURO,0,0,0,0
1/26/2020,IT,Italy,EURO,0,0,0,0
2/2/2020,IT,Italy,EURO,3,3,0,0
2/9/2020,IT,Italy,EURO,0,3,0,0
2/16/2020,IT,Italy,EURO,0,3,0,0
2/23/2020,IT,Italy,EURO,76,79,2,2
3/1/2020,IT,Italy,EURO,1049,1128,27,29
3/8/2020,IT,Italy,EURO,4755,5883,204,233
3/15/2020,IT,Italy,EURO,15274,21157,1208,1441
3/22/2020,IT,Italy,EURO,32421,53578,3384,4825
3/29/2020,IT,Italy,EURO,38894,92472,5198,10023
4/5/2020,IT,Italy,EURO,32160,124632,5339,15362
4/12/2020,IT,Italy,EURO,27639,152271,4106,19468
4/19/2020,IT,Italy,EURO,23654,175925,3759,23227
4/26/2020,IT,Italy,EURO,19426,195351,3157,26384
5/3/2020,IT,Italy,EURO,13977,209328,2326,28710
5/10/2020,IT,Italy,EURO,8940,218268,1685,30395
5/17/2020,IT,Italy,EURO,6492,224760,1368,31763
5/24/2020,IT,Italy,EURO,4567,229327,972,32735
5/31/2020,IT,Italy,EURO,3337,232664,605,33340
6/7/2020,IT,Italy,EURO,2137,234801,506,33846
6/14/2020,IT,Italy,EURO,1850,236651,455,34301
6/21/2020,IT,Italy,EURO,2023,238674,309,34610
6/28/2020,IT,Italy,EURO,1861,240535,106,34716
7/5/2020,IT,Italy,EURO,1283,241818,138,34854
7/12/2020,IT,Italy,EURO,1408,243226,91,34945
7/19/2020,IT,Italy,EURO,1389,244615,97,35042
7/26/2020,IT,Italy,EURO,1648,246263,60,35102
8/2/2020,IT,Italy,EURO,1968,248231,44,35146
8/9/2020,IT,Italy,EURO,2271,250502,57,35203
8/16/2020,IT,Italy,EURO,3335,253837,189,35392
8/23/2020,IT,Italy,EURO,4698,258535,38,35430
8/30/2020,IT,Italy,EURO,8717,267252,43,35473
9/6/2020,IT,Italy,EURO,9484,276736,60,35533
9/13/2020,IT,Italy,EURO,9960,286696,70,35603
9/20/2020,IT,Italy,EURO,10272,296968,89,35692
9/27/2020,IT,Italy,EURO,11535,308503,126,35818
10/4/2020,IT,Italy,EURO,14647,323150,150,35968
10/11/2020,IT,Italy,EURO,26743,349893,172,36140
10/18/2020,IT,Italy,EURO,53042,402935,334,36474
10/25/2020,IT,Italy,EURO,101973,504908,736,37210
11/1/2020,IT,Italy,EURO,174921,679829,1408,38618
11/8/2020,IT,Italy,EURO,223060,902889,2445,41063
11/15/2020,IT,Italy,EURO,242062,1144951,3620,44683
11/22/2020,IT,Italy,EURO,235979,1380930,4578,49261
11/29/2020,IT,Italy,EURO,184001,1564931,5102,54363
12/6/2020,IT,Italy,EURO,145459,1710390,5151,59514
12/13/2020,IT,Italy,EURO,115784,1826174,4522,64036
12/20/2020,IT,Italy,EURO,112308,1938482,4411,68447
12/27/2020,IT,Italy,EURO,100700,2039182,3180,71627
1/3/2021,IT,Italy,EURO,102019,2141201,3358,74985
1/10/2021,IT,Italy,EURO,116665,2257866,3409,78394
1/17/2021,IT,Italy,EURO,110867,2368733,3406,81800
1/24/2021,IT,Italy,EURO,86452,2455185,3362,85162
1/31/2021,IT,Italy,EURO,86598,2541783,3117,88279
2/7/2021,IT,Italy,EURO,83315,2625098,2724,91003
2/14/2021,IT,Italy,EURO,85721,2710819,2353,93356
2/21/2021,IT,Italy,EURO,84977,2795796,2130,95486
2/28/2021,IT,Italy,EURO,112029,2907825,2021,97507
3/7/2021,IT,Italy,EURO,138937,3046762,2071,99578
3/14/2021,IT,Italy,EURO,155076,3201838,2303,101881
3/21/2021,IT,Italy,EURO,154493,3356331,2761,104642
3/28/2021,IT,Italy,EURO,156059,3512390,2994,107636
4/4/2021,IT,Italy,EURO,137857,3650247,3068,110704
4/11/2021,IT,Italy,EURO,103830,3754077,3219,113923
4/18/2021,IT,Italy,EURO,103366,3857443,2753,116676
4/25/2021,IT,Italy,EURO,92074,3949517,2345,119021
5/2/2021,IT,Italy,EURO,86100,4035617,2012,121033
5/9/2021,IT,Italy,EURO,67304,4102921,1661,122694
5/16/2021,IT,Italy,EURO,50453,4153374,1369,124063
5/23/2021,IT,Italy,EURO,34816,4188190,1090,125153
5/30/2021,IT,Italy,EURO,24865,4213055,849,126002
6/6/2021,IT,Italy,EURO,17098,4230153,470,126472
6/13/2021,IT,Italy,EURO,13329,4243482,504,126976
6/20/2021,IT,Italy,EURO,8613,4252095,277,127253
6/27/2021,IT,Italy,EURO,5194,4257289,205,127458
7/4/2021,IT,Italy,EURO,5222,4262511,179,127637
7/11/2021,IT,Italy,EURO,7374,4269885,131,127768
7/18/2021,IT,Italy,EURO,14447,4284332,96,127864
7/25/2021,IT,Italy,EURO,28341,4312673,78,127942
8/1/2021,IT,Italy,EURO,37355,4350028,121,128063
8/8/2021,IT,Italy,EURO,40656,4390684,146,128209
8/15/2021,IT,Italy,EURO,44324,4435008,204,128413
8/22/2021,IT,Italy,EURO,43683,4478691,315,128728
8/29/2021,IT,Italy,EURO,45601,4524292,328,129056
9/5/2021,IT,Italy,EURO,41834,4566126,410,129466
9/12/2021,IT,Italy,EURO,35623,4601749,419,129885
9/19/2021,IT,Italy,EURO,30526,4632275,399,130284
9/26/2021,IT,Italy,EURO,24940,4657215,369,130653
10/3/2021,IT,Italy,EURO,21852,4679067,345,130998
10/10/2021,IT,Italy,EURO,18971,4698038,276,131274
10/17/2021,IT,Italy,EURO,17426,4715464,243,131517
10/24/2021,IT,Italy,EURO,21998,4737462,285,131802
10/31/2021,IT,Italy,EURO,29978,4767440,272,132074
11/7/2021,IT,Italy,EURO,34785,4802225,291,132365
11/14/2021,IT,Italy,EURO,50271,4852496,374,132739
11/21/2021,IT,Italy,EURO,63485,4915981,392,133131
11/28/2021,IT,Italy,EURO,78910,4994891,496,133627
12/5/2021,IT,Italy,EURO,99181,5094072,525,134152
12/12/2021,IT,Italy,EURO,112233,5206305,613,134765
12/19/2021,IT,Italy,EURO,158547,5364852,779,135544
12/26/2021,IT,Italy,EURO,257579,5622431,986,136530
1/2/2022,IT,Italy,EURO,644604,6267035,983,137513
1/9/2022,IT,Italy,EURO,1014262,7281297,1368,138881
1/16/2022,IT,Italy,EURO,1268153,8549450,1975,140856
1/23/2022,IT,Italy,EURO,1231741,9781191,2440,143296
1/30/2022,IT,Italy,EURO,1040184,10821375,2618,145914
2/6/2022,IT,Italy,EURO,721418,11542793,2628,148542
2/13/2022,IT,Italy,EURO,510537,12053330,2282,150824
2/20/2022,IT,Italy,EURO,374443,12427773,2024,152848
2/27/2022,IT,Italy,EURO,304907,12732680,1568,154416
3/6/2022,IT,Italy,EURO,257543,12990223,1366,155782
3/13/2022,IT,Italy,EURO,332905,13323128,1000,156782
3/20/2022,IT,Italy,EURO,477051,13800179,910,157692
3/27/2022,IT,Italy,EURO,503932,14304111,1008,158700
4/3/2022,IT,Italy,EURO,486695,14790806,966,159666
4/10/2022,IT,Italy,EURO,447322,15238128,992,160658
4/17/2022,IT,Italy,EURO,421707,15659835,944,161602
4/24/2022,IT,Italy,EURO,419374,16079209,1007,162609
5/1/2022,IT,Italy,EURO,383991,16463200,898,163507
5/8/2022,IT,Italy,EURO,304573,16767773,910,164417
5/15/2022,IT,Italy,EURO,262374,17030147,765,165182
5/22/2022,IT,Italy,EURO,199116,17229263,736,165918
5/29/2022,IT,Italy,EURO,144478,17373741,624,166542
6/5/2022,IT,Italy,EURO,116710,17490451,380,166922
6/12/2022,IT,Italy,EURO,143614,17634065,443,167365
6/19/2022,IT,Italy,EURO,210840,17844905,338,167703
6/26/2022,IT,Italy,EURO,340012,18184917,355,168058
7/3/2022,IT,Italy,EURO,511037,18695954,430,168488
7/10/2022,IT,Italy,EURO,661984,19357938,574,169062
7/17/2022,IT,Italy,EURO,718925,20076863,784,169846
7/24/2022,IT,Italy,EURO,531327,20608190,952,170798
7/31/2022,IT,Italy,EURO,394583,21002773,1205,172003
8/7/2022,IT,Italy,EURO,283998,21286771,1059,173062
8/14/2022,IT,Italy,EURO,193305,21480076,920,173982
8/21/2022,IT,Italy,EURO,150922,21630998,677,174659
8/28/2022,IT,Italy,EURO,157864,21788862,647,175306
9/4/2022,IT,Italy,EURO,136211,21925073,496,175802
9/11/2022,IT,Italy,EURO,110644,22035717,373,176175
9/18/2022,IT,Italy,EURO,113218,22148935,371,176546
9/25/2022,IT,Italy,EURO,135877,22284812,321,176867
10/2/2022,IT,Italy,EURO,215534,22500346,263,177130
10/9/2022,IT,Italy,EURO,280947,22781293,348,177478
10/16/2022,IT,Italy,EURO,288452,23069745,478,177956
10/23/2022,IT,Italy,EURO,252777,23322522,586,178542
10/30/2022,IT,Italy,EURO,208501,23531023,559,179101
11/6/2022,IT,Italy,EURO,165989,23697012,554,179655
11/13/2022,IT,Italy,EURO,181181,23878193,484,180139
11/20/2022,IT,Italy,EURO,221013,24099206,540,180679
11/27/2022,IT,Italy,EURO,228458,24327664,592,181271
12/4/2022,IT,Italy,EURO,227792,24555456,673,181944
12/11/2022,IT,Italy,EURO,198433,24753889,675,182619
12/18/2022,IT,Italy,EURO,174187,24928076,751,183370
12/25/2022,IT,Italy,EURO,132427,25060503,798,184168
1/1/2023,IT,Italy,EURO,132328,25192831,750,184918
1/8/2023,IT,Italy,EURO,108312,25301143,614,185532
1/15/2023,IT,Italy,EURO,79745,25380888,626,186158
1/22/2023,IT,Italy,EURO,47190,25428078,443,186601
1/29/2023,IT,Italy,EURO,36722,25464800,303,186904
2/5/2023,IT,Italy,EURO,32751,25497551,455,187359
2/12/2023,IT,Italy,EURO,29286,25526837,259,187618
2/19/2023,IT,Italy,EURO,29146,25555983,309,187927
2/26/2023,IT,Italy,EURO,29177,25585160,247,188174
3/5/2023,IT,Italy,EURO,25133,25610293,222,188396
3/12/2023,IT,Italy,EURO,24149,25634442,198,188594
3/19/2023,IT,Italy,EURO,23041,25657483,201,188795
3/26/2023,IT,Italy,EURO,22665,25680148,179,188974
4/2/2023,IT,Italy,EURO,20999,25701147,181,189155
4/9/2023,IT,Italy,EURO,19907,25721054,148,189303
4/16/2023,IT,Italy,EURO,24746,25745800,137,189440
4/23/2023,IT,Italy,EURO,26659,25772459,187,189627
4/30/2023,IT,Italy,EURO,23050,25795509,159,189786
5/7/2023,IT,Italy,EURO,19894,25815403,182,189968
5/14/2023,IT,Italy,EURO,17110,25832513,154,190122
5/21/2023,IT,Italy,EURO,14163,25846676,164,190286
5/28/2023,IT,Italy,EURO,15136,25861812,154,190440
6/4/2023,IT,Italy,EURO,10983,25872795,111,190551
6/11/2023,IT,Italy,EURO,9501,25882296,104,190655
6/18/2023,IT,Italy,EURO,6930,25889226,81,190736
6/25/2023,IT,Italy,EURO,5292,25894518,84,190820
7/2/2023,IT,Italy,EURO,4430,25898948,67,190887
7/9/2023,IT,Italy,EURO,3536,25902484,29,190916
7/16/2023,IT,Italy,EURO,3405,25905889,43,190959
7/23/2023,IT,Italy,EURO,3572,25909461,43,191002
7/30/2023,IT,Italy,EURO,4381,25913842,17,191019
8/6/2023,IT,Italy,EURO,6352,25920194,49,191068
8/13/2023,IT,Italy,EURO,6071,25926265,76,191144
8/20/2023,IT,Italy,EURO,7691,25933956,38,191182
8/27/2023,IT,Italy,EURO,12948,25946904,55,191237
9/3/2023,IT,Italy,EURO,17113,25964017,81,191318
9/10/2023,IT,Italy,EURO,24730,25988747,89,191407
9/17/2023,IT,Italy,EURO,34727,26023474,109,191516
9/24/2023,IT,Italy,EURO,37524,26060998,134,191650
10/1/2023,IT,Italy,EURO,39802,26100800,130,191780
10/8/2023,IT,Italy,EURO,45648,26146448,154,191934
10/15/2023,IT,Italy,EURO,38171,26184619,164,192098
10/22/2023,IT,Italy,EURO,29933,26214552,214,192312
10/29/2023,IT,Italy,EURO,28440,26242992,167,192479
11/5/2023,IT,Italy,EURO,25282,26268274,167,192646
11/12/2023,IT,Italy,EURO,30038,26298312,148,192794
11/19/2023,IT,Italy,EURO,20405,26318717,115,192909
11/26/2023,IT,Italy,EURO,0,26318717,0,192909
12/3/2023,IT,Italy,EURO,0,26318717,0,192909
12/10/2023,IT,Italy,EURO,68344,26387061,238,193147
12/17/2023,IT,Italy,EURO,46451,26433512,272,193419
12/24/2023,IT,Italy,EURO,62391,26495903,324,193743
1/5/2020,JM,Jamaica,AMRO,0,0,0,0
1/12/2020,JM,Jamaica,AMRO,0,0,0,0
1/19/2020,JM,Jamaica,AMRO,0,0,0,0
1/26/2020,JM,Jamaica,AMRO,0,0,0,0
2/2/2020,JM,Jamaica,AMRO,0,0,0,0
2/9/2020,JM,Jamaica,AMRO,0,0,0,0
2/16/2020,JM,Jamaica,AMRO,0,0,0,0
2/23/2020,JM,Jamaica,AMRO,0,0,0,0
3/1/2020,JM,Jamaica,AMRO,0,0,0,0
3/8/2020,JM,Jamaica,AMRO,0,0,0,0
3/15/2020,JM,Jamaica,AMRO,8,8,0,0
3/22/2020,JM,Jamaica,AMRO,8,16,1,1
3/29/2020,JM,Jamaica,AMRO,14,30,0,1
4/5/2020,JM,Jamaica,AMRO,23,53,2,3
4/12/2020,JM,Jamaica,AMRO,12,65,1,4
4/19/2020,JM,Jamaica,AMRO,98,163,1,5
4/26/2020,JM,Jamaica,AMRO,125,288,2,7
5/3/2020,JM,Jamaica,AMRO,144,432,1,8
5/10/2020,JM,Jamaica,AMRO,58,490,1,9
5/17/2020,JM,Jamaica,AMRO,21,511,0,9
5/24/2020,JM,Jamaica,AMRO,33,544,0,9
5/31/2020,JM,Jamaica,AMRO,31,575,0,9
6/7/2020,JM,Jamaica,AMRO,20,595,1,10
6/14/2020,JM,Jamaica,AMRO,19,614,0,10
6/21/2020,JM,Jamaica,AMRO,38,652,0,10
6/28/2020,JM,Jamaica,AMRO,34,686,0,10
7/5/2020,JM,Jamaica,AMRO,35,721,0,10
7/12/2020,JM,Jamaica,AMRO,32,753,0,10
7/19/2020,JM,Jamaica,AMRO,15,768,0,10
7/26/2020,JM,Jamaica,AMRO,63,831,0,10
8/2/2020,JM,Jamaica,AMRO,47,878,0,10
8/9/2020,JM,Jamaica,AMRO,109,987,2,12
8/16/2020,JM,Jamaica,AMRO,95,1082,2,14
8/23/2020,JM,Jamaica,AMRO,264,1346,2,16
8/30/2020,JM,Jamaica,AMRO,665,2011,3,19
9/6/2020,JM,Jamaica,AMRO,953,2964,11,30
9/13/2020,JM,Jamaica,AMRO,659,3623,10,40
9/20/2020,JM,Jamaica,AMRO,1135,4758,20,60
9/27/2020,JM,Jamaica,AMRO,1096,5854,28,88
10/4/2020,JM,Jamaica,AMRO,941,6795,31,119
10/11/2020,JM,Jamaica,AMRO,764,7559,19,138
10/18/2020,JM,Jamaica,AMRO,636,8195,30,168
10/25/2020,JM,Jamaica,AMRO,475,8670,18,186
11/1/2020,JM,Jamaica,AMRO,424,9094,20,206
11/8/2020,JM,Jamaica,AMRO,378,9472,12,218
11/15/2020,JM,Jamaica,AMRO,308,9780,11,229
11/22/2020,JM,Jamaica,AMRO,460,10240,8,237
11/29/2020,JM,Jamaica,AMRO,429,10669,14,251
12/6/2020,JM,Jamaica,AMRO,394,11063,10,261
12/13/2020,JM,Jamaica,AMRO,545,11608,10,271
12/20/2020,JM,Jamaica,AMRO,527,12135,14,285
12/27/2020,JM,Jamaica,AMRO,549,12684,9,294
1/3/2021,JM,Jamaica,AMRO,247,12931,9,303
1/10/2021,JM,Jamaica,AMRO,524,13455,8,311
1/17/2021,JM,Jamaica,AMRO,641,14096,12,323
1/24/2021,JM,Jamaica,AMRO,676,14772,13,336
1/31/2021,JM,Jamaica,AMRO,755,15527,12,348
2/7/2021,JM,Jamaica,AMRO,1314,16841,9,357
2/14/2021,JM,Jamaica,AMRO,1989,18830,15,372
2/21/2021,JM,Jamaica,AMRO,2094,20924,19,391
2/28/2021,JM,Jamaica,AMRO,1893,22817,26,417
3/7/2021,JM,Jamaica,AMRO,2486,25303,29,446
3/14/2021,JM,Jamaica,AMRO,4609,29912,38,484
3/21/2021,JM,Jamaica,AMRO,4753,34665,40,524
3/28/2021,JM,Jamaica,AMRO,3082,37747,42,566
4/4/2021,JM,Jamaica,AMRO,2702,40449,47,613
4/11/2021,JM,Jamaica,AMRO,1670,42119,56,669
4/18/2021,JM,Jamaica,AMRO,1565,43684,52,721
4/25/2021,JM,Jamaica,AMRO,1183,44867,35,756
5/2/2021,JM,Jamaica,AMRO,910,45777,23,779
5/9/2021,JM,Jamaica,AMRO,811,46588,24,803
5/16/2021,JM,Jamaica,AMRO,645,47233,40,843
5/23/2021,JM,Jamaica,AMRO,666,47899,69,912
5/30/2021,JM,Jamaica,AMRO,475,48374,30,942
6/6/2021,JM,Jamaica,AMRO,527,48901,22,964
6/13/2021,JM,Jamaica,AMRO,331,49232,32,996
6/20/2021,JM,Jamaica,AMRO,375,49607,35,1031
6/27/2021,JM,Jamaica,AMRO,357,49964,26,1057
7/4/2021,JM,Jamaica,AMRO,278,50242,27,1084
7/11/2021,JM,Jamaica,AMRO,387,50629,30,1114
7/18/2021,JM,Jamaica,AMRO,417,51046,39,1153
7/25/2021,JM,Jamaica,AMRO,782,51828,20,1173
8/1/2021,JM,Jamaica,AMRO,1067,52895,17,1190
8/8/2021,JM,Jamaica,AMRO,1585,54480,29,1219
8/15/2021,JM,Jamaica,AMRO,2809,57289,66,1285
8/22/2021,JM,Jamaica,AMRO,3993,61282,86,1371
8/29/2021,JM,Jamaica,AMRO,4452,65734,112,1483
9/5/2021,JM,Jamaica,AMRO,4923,70657,110,1593
9/12/2021,JM,Jamaica,AMRO,4640,75297,111,1704
9/19/2021,JM,Jamaica,AMRO,3830,79127,73,1777
9/26/2021,JM,Jamaica,AMRO,3222,82349,47,1824
10/3/2021,JM,Jamaica,AMRO,2068,84417,60,1884
10/10/2021,JM,Jamaica,AMRO,1488,85905,111,1995
10/17/2021,JM,Jamaica,AMRO,1327,87232,108,2103
10/24/2021,JM,Jamaica,AMRO,927,88159,72,2175
10/31/2021,JM,Jamaica,AMRO,748,88907,54,2229
11/7/2021,JM,Jamaica,AMRO,680,89587,45,2274
11/14/2021,JM,Jamaica,AMRO,562,90149,48,2322
11/21/2021,JM,Jamaica,AMRO,481,90630,34,2356
11/28/2021,JM,Jamaica,AMRO,492,91122,29,2385
12/5/2021,JM,Jamaica,AMRO,299,91421,22,2407
12/12/2021,JM,Jamaica,AMRO,304,91725,17,2424
12/19/2021,JM,Jamaica,AMRO,293,92018,20,2444
12/26/2021,JM,Jamaica,AMRO,337,92355,18,2462
1/2/2022,JM,Jamaica,AMRO,2294,94649,14,2476
1/9/2022,JM,Jamaica,AMRO,6407,101056,19,2495
1/16/2022,JM,Jamaica,AMRO,9194,110250,27,2522
1/23/2022,JM,Jamaica,AMRO,8477,118727,50,2572
1/30/2022,JM,Jamaica,AMRO,4915,123642,67,2639
2/6/2022,JM,Jamaica,AMRO,2139,125781,52,2691
2/13/2022,JM,Jamaica,AMRO,1105,126886,47,2738
2/20/2022,JM,Jamaica,AMRO,550,127436,33,2771
2/27/2022,JM,Jamaica,AMRO,480,127916,40,2811
3/6/2022,JM,Jamaica,AMRO,226,128142,14,2825
3/13/2022,JM,Jamaica,AMRO,212,128354,19,2844
3/20/2022,JM,Jamaica,AMRO,146,128500,19,2863
3/27/2022,JM,Jamaica,AMRO,128,128628,12,2875
4/3/2022,JM,Jamaica,AMRO,183,128811,18,2893
4/10/2022,JM,Jamaica,AMRO,181,128992,21,2914
4/17/2022,JM,Jamaica,AMRO,211,129203,12,2926
4/24/2022,JM,Jamaica,AMRO,286,129489,17,2943
5/1/2022,JM,Jamaica,AMRO,573,130062,21,2964
5/8/2022,JM,Jamaica,AMRO,932,130994,11,2975
5/15/2022,JM,Jamaica,AMRO,1322,132316,24,2999
5/22/2022,JM,Jamaica,AMRO,1981,134297,29,3028
5/29/2022,JM,Jamaica,AMRO,2016,136313,21,3049
6/5/2022,JM,Jamaica,AMRO,2061,138374,24,3073
6/12/2022,JM,Jamaica,AMRO,1829,140203,9,3082
6/19/2022,JM,Jamaica,AMRO,1261,141464,12,3094
6/26/2022,JM,Jamaica,AMRO,812,142276,19,3113
7/3/2022,JM,Jamaica,AMRO,821,143097,21,3134
7/10/2022,JM,Jamaica,AMRO,768,143865,21,3155
7/17/2022,JM,Jamaica,AMRO,752,144617,15,3170
7/24/2022,JM,Jamaica,AMRO,880,145497,11,3181
7/31/2022,JM,Jamaica,AMRO,744,146241,12,3193
8/7/2022,JM,Jamaica,AMRO,765,147006,13,3206
8/14/2022,JM,Jamaica,AMRO,902,147908,15,3221
8/21/2022,JM,Jamaica,AMRO,829,148737,16,3237
8/28/2022,JM,Jamaica,AMRO,683,149420,13,3250
9/4/2022,JM,Jamaica,AMRO,681,150101,12,3262
9/11/2022,JM,Jamaica,AMRO,562,150663,21,3283
9/18/2022,JM,Jamaica,AMRO,558,151221,7,3290
9/25/2022,JM,Jamaica,AMRO,373,151594,16,3306
10/2/2022,JM,Jamaica,AMRO,337,151931,14,3320
10/9/2022,JM,Jamaica,AMRO,170,152101,15,3335
10/16/2022,JM,Jamaica,AMRO,135,152236,14,3349
10/23/2022,JM,Jamaica,AMRO,70,152306,1,3350
10/30/2022,JM,Jamaica,AMRO,75,152381,1,3351
11/6/2022,JM,Jamaica,AMRO,0,152381,0,3351
11/13/2022,JM,Jamaica,AMRO,136,152517,48,3399
11/20/2022,JM,Jamaica,AMRO,52,152569,22,3421
11/27/2022,JM,Jamaica,AMRO,55,152624,12,3433
12/4/2022,JM,Jamaica,AMRO,0,152624,0,3433
12/11/2022,JM,Jamaica,AMRO,45,152669,14,3447
12/18/2022,JM,Jamaica,AMRO,0,152669,0,3447
12/25/2022,JM,Jamaica,AMRO,122,152791,16,3463
1/1/2023,JM,Jamaica,AMRO,0,152791,0,3463
1/8/2023,JM,Jamaica,AMRO,36,152827,2,3465
1/15/2023,JM,Jamaica,AMRO,141,152968,0,3465
1/22/2023,JM,Jamaica,AMRO,175,153143,11,3476
1/29/2023,JM,Jamaica,AMRO,264,153407,4,3480
2/5/2023,JM,Jamaica,AMRO,222,153629,4,3484
2/12/2023,JM,Jamaica,AMRO,276,153905,4,3488
2/19/2023,JM,Jamaica,AMRO,160,154065,12,3500
2/26/2023,JM,Jamaica,AMRO,131,154196,2,3502
3/5/2023,JM,Jamaica,AMRO,220,154416,12,3514
3/12/2023,JM,Jamaica,AMRO,0,154416,0,3514
3/19/2023,JM,Jamaica,AMRO,55,154471,7,3521
3/26/2023,JM,Jamaica,AMRO,67,154538,7,3528
4/2/2023,JM,Jamaica,AMRO,64,154602,1,3529
4/9/2023,JM,Jamaica,AMRO,0,154602,0,3529
4/16/2023,JM,Jamaica,AMRO,85,154687,3,3532
4/23/2023,JM,Jamaica,AMRO,53,154740,4,3536
4/30/2023,JM,Jamaica,AMRO,46,154786,0,3536
5/7/2023,JM,Jamaica,AMRO,0,154786,0,3536
5/14/2023,JM,Jamaica,AMRO,88,154874,0,3536
5/21/2023,JM,Jamaica,AMRO,0,154874,0,3536
5/28/2023,JM,Jamaica,AMRO,39,154913,2,3538
6/4/2023,JM,Jamaica,AMRO,71,154984,2,3540
6/11/2023,JM,Jamaica,AMRO,89,155073,3,3543
6/18/2023,JM,Jamaica,AMRO,63,155136,4,3547
6/25/2023,JM,Jamaica,AMRO,76,155212,4,3551
7/2/2023,JM,Jamaica,AMRO,80,155292,1,3552
7/9/2023,JM,Jamaica,AMRO,143,155435,3,3555
7/16/2023,JM,Jamaica,AMRO,173,155608,4,3559
7/23/2023,JM,Jamaica,AMRO,186,155794,3,3562
7/30/2023,JM,Jamaica,AMRO,116,155910,7,3569
8/6/2023,JM,Jamaica,AMRO,91,156001,2,3571
8/13/2023,JM,Jamaica,AMRO,57,156058,5,3576
8/20/2023,JM,Jamaica,AMRO,87,156145,2,3578
8/27/2023,JM,Jamaica,AMRO,44,156189,3,3581
9/3/2023,JM,Jamaica,AMRO,57,156246,2,3583
9/10/2023,JM,Jamaica,AMRO,51,156297,0,3583
9/17/2023,JM,Jamaica,AMRO,49,156346,1,3584
9/24/2023,JM,Jamaica,AMRO,59,156405,2,3586
10/1/2023,JM,Jamaica,AMRO,42,156447,0,3586
10/8/2023,JM,Jamaica,AMRO,31,156478,3,3589
10/15/2023,JM,Jamaica,AMRO,25,156503,0,3589
10/22/2023,JM,Jamaica,AMRO,12,156515,1,3590
10/29/2023,JM,Jamaica,AMRO,6,156521,0,3590
11/5/2023,JM,Jamaica,AMRO,7,156528,0,3590
11/12/2023,JM,Jamaica,AMRO,11,156539,0,3590
11/19/2023,JM,Jamaica,AMRO,9,156548,0,3590
11/26/2023,JM,Jamaica,AMRO,8,156556,0,3590
12/3/2023,JM,Jamaica,AMRO,3,156559,0,3590
12/10/2023,JM,Jamaica,AMRO,5,156564,0,3590
12/17/2023,JM,Jamaica,AMRO,9,156573,0,3590
12/24/2023,JM,Jamaica,AMRO,0,156573,0,3590
1/5/2020,JP,Japan,WPRO,0,0,0,0
1/12/2020,JP,Japan,WPRO,0,0,0,0
1/19/2020,JP,Japan,WPRO,1,1,0,0
1/26/2020,JP,Japan,WPRO,2,3,0,0
2/2/2020,JP,Japan,WPRO,12,15,0,0
2/9/2020,JP,Japan,WPRO,10,25,0,0
2/16/2020,JP,Japan,WPRO,27,52,1,1
2/23/2020,JP,Japan,WPRO,80,132,0,1
3/1/2020,JP,Japan,WPRO,107,239,5,6
3/8/2020,JP,Japan,WPRO,216,455,0,6
3/15/2020,JP,Japan,WPRO,325,780,16,22
3/22/2020,JP,Japan,WPRO,266,1046,18,40
3/29/2020,JP,Japan,WPRO,647,1693,12,52
4/5/2020,JP,Japan,WPRO,1578,3271,18,70
4/12/2020,JP,Japan,WPRO,3477,6748,28,98
4/19/2020,JP,Japan,WPRO,3613,10361,63,161
4/26/2020,JP,Japan,WPRO,2821,13182,187,348
5/3/2020,JP,Japan,WPRO,1657,14839,144,492
5/10/2020,JP,Japan,WPRO,908,15747,121,613
5/17/2020,JP,Japan,WPRO,538,16285,131,744
5/24/2020,JP,Japan,WPRO,265,16550,76,820
5/31/2020,JP,Japan,WPRO,301,16851,71,891
6/7/2020,JP,Japan,WPRO,290,17141,25,916
6/14/2020,JP,Japan,WPRO,288,17429,9,925
6/21/2020,JP,Japan,WPRO,435,17864,28,953
6/28/2020,JP,Japan,WPRO,526,18390,18,971
7/5/2020,JP,Japan,WPRO,1132,19522,6,977
7/12/2020,JP,Japan,WPRO,1980,21502,5,982
7/19/2020,JP,Japan,WPRO,3140,24642,3,985
7/26/2020,JP,Japan,WPRO,4740,29382,11,996
8/2/2020,JP,Japan,WPRO,7307,36689,15,1011
8/9/2020,JP,Japan,WPRO,10094,46783,29,1040
8/16/2020,JP,Japan,WPRO,7931,54714,48,1088
8/23/2020,JP,Japan,WPRO,7033,61747,88,1176
8/30/2020,JP,Japan,WPRO,5517,67264,88,1264
9/6/2020,JP,Japan,WPRO,4155,71419,93,1357
9/13/2020,JP,Japan,WPRO,3799,75218,82,1439
9/20/2020,JP,Japan,WPRO,3439,78657,61,1500
9/27/2020,JP,Japan,WPRO,3033,81690,45,1545
10/4/2020,JP,Japan,WPRO,3649,85339,52,1597
10/11/2020,JP,Japan,WPRO,3573,88912,30,1627
10/18/2020,JP,Japan,WPRO,3744,92656,43,1670
10/25/2020,JP,Japan,WPRO,3878,96534,41,1711
11/1/2020,JP,Japan,WPRO,4612,101146,55,1766
11/8/2020,JP,Japan,WPRO,5940,107086,46,1812
11/15/2020,JP,Japan,WPRO,9591,116677,71,1883
11/22/2020,JP,Japan,WPRO,13502,130179,91,1974
11/29/2020,JP,Japan,WPRO,14474,144653,132,2106
12/6/2020,JP,Japan,WPRO,15445,160098,209,2315
12/13/2020,JP,Japan,WPRO,17189,177287,247,2562
12/20/2020,JP,Japan,WPRO,18593,195880,311,2873
12/27/2020,JP,Japan,WPRO,21432,217312,340,3213
1/3/2021,JP,Japan,WPRO,26535,243847,335,3548
1/10/2021,JP,Japan,WPRO,42905,286752,448,3996
1/17/2021,JP,Japan,WPRO,41542,328294,450,4446
1/24/2021,JP,Japan,WPRO,36519,364813,573,5019
1/31/2021,JP,Japan,WPRO,24705,389518,635,5654
2/7/2021,JP,Japan,WPRO,15472,404990,684,6338
2/14/2021,JP,Japan,WPRO,10792,415782,574,6912
2/21/2021,JP,Japan,WPRO,9815,425597,505,7417
2/28/2021,JP,Japan,WPRO,7176,432773,443,7860
3/7/2021,JP,Japan,WPRO,7219,439992,367,8227
3/14/2021,JP,Japan,WPRO,7914,447906,333,8560
3/21/2021,JP,Japan,WPRO,8875,456781,252,8812
3/28/2021,JP,Japan,WPRO,11833,468614,219,9031
4/4/2021,JP,Japan,WPRO,16711,485325,190,9221
4/11/2021,JP,Japan,WPRO,20961,506286,161,9382
4/18/2021,JP,Japan,WPRO,27766,534052,240,9622
4/25/2021,JP,Japan,WPRO,32811,566863,291,9913
5/2/2021,JP,Japan,WPRO,35999,602862,448,10361
5/9/2021,JP,Japan,WPRO,37182,640044,515,10876
5/16/2021,JP,Japan,WPRO,43131,683175,632,11508
5/23/2021,JP,Japan,WPRO,35689,718864,804,12312
5/30/2021,JP,Japan,WPRO,25623,744487,655,12967
6/6/2021,JP,Japan,WPRO,17914,762401,607,13574
6/13/2021,JP,Japan,WPRO,12830,775231,497,14071
6/20/2021,JP,Japan,WPRO,10056,785287,352,14423
6/27/2021,JP,Japan,WPRO,10469,795756,246,14669
7/4/2021,JP,Japan,WPRO,11078,806834,179,14848
7/11/2021,JP,Japan,WPRO,13881,820715,107,14955
7/18/2021,JP,Japan,WPRO,20822,841537,93,15048
7/25/2021,JP,Japan,WPRO,28908,870445,81,15129
8/1/2021,JP,Japan,WPRO,65441,935886,68,15197
8/8/2021,JP,Japan,WPRO,95410,1031296,83,15280
8/15/2021,JP,Japan,WPRO,113250,1144546,128,15408
8/22/2021,JP,Japan,WPRO,155807,1300353,223,15631
8/29/2021,JP,Japan,WPRO,154011,1454364,315,15946
9/5/2021,JP,Japan,WPRO,117008,1571372,408,16354
9/12/2021,JP,Japan,WPRO,68173,1639545,443,16797
9/19/2021,JP,Japan,WPRO,37166,1676711,407,17204
9/26/2021,JP,Japan,WPRO,17964,1694675,278,17482
10/3/2021,JP,Japan,WPRO,10371,1705046,248,17730
10/10/2021,JP,Japan,WPRO,5927,1710973,211,17941
10/17/2021,JP,Japan,WPRO,3747,1714720,162,18103
10/24/2021,JP,Japan,WPRO,2218,1716938,96,18199
10/31/2021,JP,Japan,WPRO,5926,1722864,69,18268
11/7/2021,JP,Japan,WPRO,1336,1724200,42,18310
11/14/2021,JP,Japan,WPRO,1266,1725466,17,18327
11/21/2021,JP,Japan,WPRO,1008,1726474,20,18347
11/28/2021,JP,Japan,WPRO,669,1727143,11,18358
12/5/2021,JP,Japan,WPRO,799,1727942,6,18364
12/12/2021,JP,Japan,WPRO,878,1728820,9,18373
12/19/2021,JP,Japan,WPRO,1144,1729964,6,18379
12/26/2021,JP,Japan,WPRO,1825,1731789,8,18387
1/2/2022,JP,Japan,WPRO,3019,1734808,8,18395
1/9/2022,JP,Japan,WPRO,30796,1765604,8,18403
1/16/2022,JP,Japan,WPRO,114235,1879839,30,18433
1/23/2022,JP,Japan,WPRO,289814,2169653,73,18506
1/30/2022,JP,Japan,WPRO,499985,2669638,258,18764
2/6/2022,JP,Japan,WPRO,630951,3300589,560,19324
2/13/2022,JP,Japan,WPRO,611609,3912198,1035,20359
2/20/2022,JP,Japan,WPRO,572555,4484753,1462,21821
2/27/2022,JP,Japan,WPRO,469867,4954620,1449,23270
3/6/2022,JP,Japan,WPRO,438913,5393533,1665,24935
3/13/2022,JP,Japan,WPRO,378863,5772396,1219,26154
3/20/2022,JP,Japan,WPRO,331694,6104090,891,27045
3/27/2022,JP,Japan,WPRO,273629,6377719,722,27767
4/3/2022,JP,Japan,WPRO,324367,6702086,519,28286
4/10/2022,JP,Japan,WPRO,337477,7039563,398,28684
4/17/2022,JP,Japan,WPRO,334688,7374251,339,29023
4/24/2022,JP,Japan,WPRO,285761,7660012,285,29308
5/1/2022,JP,Japan,WPRO,241921,7901933,293,29601
5/8/2022,JP,Japan,WPRO,197600,8099533,212,29813
5/15/2022,JP,Japan,WPRO,273523,8373056,248,30061
5/22/2022,JP,Japan,WPRO,245627,8618683,246,30307
5/29/2022,JP,Japan,WPRO,192931,8811614,251,30558
6/5/2022,JP,Japan,WPRO,134170,8945784,215,30773
6/12/2022,JP,Japan,WPRO,105948,9051732,137,30910
6/19/2022,JP,Japan,WPRO,98001,9149733,135,31045
6/26/2022,JP,Japan,WPRO,103653,9253386,94,31139
7/3/2022,JP,Japan,WPRO,122586,9375972,193,31332
7/10/2022,JP,Japan,WPRO,269760,9645732,113,31445
7/17/2022,JP,Japan,WPRO,559111,10204843,165,31610
7/24/2022,JP,Japan,WPRO,969068,11173911,330,31940
7/31/2022,JP,Japan,WPRO,1379099,12553010,754,32694
8/7/2022,JP,Japan,WPRO,1496968,14049978,1131,33825
8/14/2022,JP,Japan,WPRO,1395301,15445279,1546,35371
8/21/2022,JP,Japan,WPRO,1476374,16921653,1906,37277
8/28/2022,JP,Japan,WPRO,1258772,18180425,1976,39253
9/4/2022,JP,Japan,WPRO,1164787,19345212,2040,41293
9/11/2022,JP,Japan,WPRO,537181,19882393,1501,42794
9/18/2022,JP,Japan,WPRO,605919,20488312,1033,43827
9/25/2022,JP,Japan,WPRO,535502,21023814,636,44463
10/2/2022,JP,Japan,WPRO,306958,21330772,555,45018
10/9/2022,JP,Japan,WPRO,208547,21539319,493,45511
10/16/2022,JP,Japan,WPRO,218276,21757595,379,45890
10/23/2022,JP,Japan,WPRO,233682,21991277,457,46347
10/30/2022,JP,Japan,WPRO,281974,22273251,364,46711
11/6/2022,JP,Japan,WPRO,401693,22674944,428,47139
11/13/2022,JP,Japan,WPRO,503766,23178710,576,47715
11/20/2022,JP,Japan,WPRO,593075,23771785,767,48482
11/27/2022,JP,Japan,WPRO,698772,24470557,952,49434
12/4/2022,JP,Japan,WPRO,749895,25220452,1174,50608
12/11/2022,JP,Japan,WPRO,849371,26069823,1435,52043
12/18/2022,JP,Japan,WPRO,1046650,27116473,1687,53730
12/25/2022,JP,Japan,WPRO,1149932,28266405,2083,55813
1/1/2023,JP,Japan,WPRO,946130,29212535,1908,57721
1/8/2023,JP,Japan,WPRO,1070496,30283031,775,58496
1/15/2023,JP,Japan,WPRO,1025321,31308352,0,58496
1/22/2023,JP,Japan,WPRO,672526,31980878,0,58496
1/29/2023,JP,Japan,WPRO,438754,32419632,0,58496
2/5/2023,JP,Japan,WPRO,292614,32712246,10981,69477
2/12/2023,JP,Japan,WPRO,223365,32935611,1218,70695
2/19/2023,JP,Japan,WPRO,141082,33076693,991,71686
2/26/2023,JP,Japan,WPRO,95874,33172567,582,72268
3/5/2023,JP,Japan,WPRO,78930,33251497,503,72771
3/12/2023,JP,Japan,WPRO,65012,33316509,428,73199
3/19/2023,JP,Japan,WPRO,51856,33368365,312,73511
3/26/2023,JP,Japan,WPRO,47096,33415461,236,73747
4/2/2023,JP,Japan,WPRO,47398,33462859,206,73953
4/9/2023,JP,Japan,WPRO,53989,33516848,143,74096
4/16/2023,JP,Japan,WPRO,56847,33573695,139,74235
4/23/2023,JP,Japan,WPRO,65510,33639205,141,74376
4/30/2023,JP,Japan,WPRO,74812,33714017,166,74542
5/7/2023,JP,Japan,WPRO,64976,33778993,112,74654
5/14/2023,JP,Japan,WPRO,24579,33803572,40,74694
5/21/2023,JP,Japan,WPRO,0,33803572,0,74694
5/28/2023,JP,Japan,WPRO,0,33803572,0,74694
6/4/2023,JP,Japan,WPRO,0,33803572,0,74694
6/11/2023,JP,Japan,WPRO,0,33803572,0,74694
6/18/2023,JP,Japan,WPRO,0,33803572,0,74694
6/25/2023,JP,Japan,WPRO,0,33803572,0,74694
7/2/2023,JP,Japan,WPRO,0,33803572,0,74694
7/9/2023,JP,Japan,WPRO,0,33803572,0,74694
7/16/2023,JP,Japan,WPRO,0,33803572,0,74694
7/23/2023,JP,Japan,WPRO,0,33803572,0,74694
7/30/2023,JP,Japan,WPRO,0,33803572,0,74694
8/6/2023,JP,Japan,WPRO,0,33803572,0,74694
8/13/2023,JP,Japan,WPRO,0,33803572,0,74694
8/20/2023,JP,Japan,WPRO,0,33803572,0,74694
8/27/2023,JP,Japan,WPRO,0,33803572,0,74694
9/3/2023,JP,Japan,WPRO,0,33803572,0,74694
9/10/2023,JP,Japan,WPRO,0,33803572,0,74694
9/17/2023,JP,Japan,WPRO,0,33803572,0,74694
9/24/2023,JP,Japan,WPRO,0,33803572,0,74694
10/1/2023,JP,Japan,WPRO,0,33803572,0,74694
10/8/2023,JP,Japan,WPRO,0,33803572,0,74694
10/15/2023,JP,Japan,WPRO,0,33803572,0,74694
10/22/2023,JP,Japan,WPRO,0,33803572,0,74694
10/29/2023,JP,Japan,WPRO,0,33803572,0,74694
11/5/2023,JP,Japan,WPRO,0,33803572,0,74694
11/12/2023,JP,Japan,WPRO,0,33803572,0,74694
11/19/2023,JP,Japan,WPRO,0,33803572,0,74694
11/26/2023,JP,Japan,WPRO,0,33803572,0,74694
12/3/2023,JP,Japan,WPRO,0,33803572,0,74694
12/10/2023,JP,Japan,WPRO,0,33803572,0,74694
12/17/2023,JP,Japan,WPRO,0,33803572,0,74694
12/24/2023,JP,Japan,WPRO,0,33803572,0,74694
1/5/2020,JE,Jersey,,0,0,0,0
1/12/2020,JE,Jersey,,0,0,0,0
1/19/2020,JE,Jersey,,0,0,0,0
1/26/2020,JE,Jersey,,0,0,0,0
2/2/2020,JE,Jersey,,0,0,0,0
2/9/2020,JE,Jersey,,0,0,0,0
2/16/2020,JE,Jersey,,0,0,0,0
2/23/2020,JE,Jersey,,0,0,0,0
3/1/2020,JE,Jersey,,0,0,0,0
3/8/2020,JE,Jersey,,0,0,0,0
3/15/2020,JE,Jersey,,2,2,0,0
3/22/2020,JE,Jersey,,13,15,0,0
3/29/2020,JE,Jersey,,30,45,2,2
4/5/2020,JE,Jersey,,102,147,1,3
4/12/2020,JE,Jersey,,51,198,1,4
4/19/2020,JE,Jersey,,47,245,8,12
4/26/2020,JE,Jersey,,19,264,7,19
5/3/2020,JE,Jersey,,11,275,5,24
5/10/2020,JE,Jersey,,2,277,1,25
5/17/2020,JE,Jersey,,4,281,2,27
5/24/2020,JE,Jersey,,9,290,2,29
5/31/2020,JE,Jersey,,2,292,0,29
6/7/2020,JE,Jersey,,3,295,1,30
6/14/2020,JE,Jersey,,2,297,0,30
6/21/2020,JE,Jersey,,5,302,1,31
6/28/2020,JE,Jersey,,2,304,0,31
7/5/2020,JE,Jersey,,0,304,0,31
7/12/2020,JE,Jersey,,5,309,0,31
7/19/2020,JE,Jersey,,6,315,0,31
7/26/2020,JE,Jersey,,1,316,0,31
8/2/2020,JE,Jersey,,4,320,0,31
8/9/2020,JE,Jersey,,7,327,0,31
8/16/2020,JE,Jersey,,9,336,0,31
8/23/2020,JE,Jersey,,8,344,1,32
8/30/2020,JE,Jersey,,10,354,0,32
9/6/2020,JE,Jersey,,6,360,0,32
9/13/2020,JE,Jersey,,9,369,0,32
9/20/2020,JE,Jersey,,12,381,0,32
9/27/2020,JE,Jersey,,10,391,0,32
10/4/2020,JE,Jersey,,20,411,0,32
10/11/2020,JE,Jersey,,39,450,0,32
10/18/2020,JE,Jersey,,36,486,0,32
10/25/2020,JE,Jersey,,42,528,0,32
11/1/2020,JE,Jersey,,40,568,0,32
11/8/2020,JE,Jersey,,76,644,0,32
11/15/2020,JE,Jersey,,90,734,0,32
11/22/2020,JE,Jersey,,73,807,0,32
11/29/2020,JE,Jersey,,137,944,0,32
12/6/2020,JE,Jersey,,309,1253,0,32
12/13/2020,JE,Jersey,,433,1686,0,32
12/20/2020,JE,Jersey,,578,2264,4,36
12/27/2020,JE,Jersey,,379,2643,5,41
1/3/2021,JE,Jersey,,144,2787,3,44
1/10/2021,JE,Jersey,,165,2952,13,57
1/17/2021,JE,Jersey,,87,3039,5,62
1/24/2021,JE,Jersey,,65,3104,1,63
1/31/2021,JE,Jersey,,34,3138,3,66
2/7/2021,JE,Jersey,,23,3161,1,67
2/14/2021,JE,Jersey,,25,3186,0,67
2/21/2021,JE,Jersey,,13,3199,1,68
2/28/2021,JE,Jersey,,4,3203,1,69
3/7/2021,JE,Jersey,,4,3207,0,69
3/14/2021,JE,Jersey,,2,3209,0,69
3/21/2021,JE,Jersey,,1,3210,0,69
3/28/2021,JE,Jersey,,2,3212,0,69
4/4/2021,JE,Jersey,,3,3215,0,69
4/11/2021,JE,Jersey,,1,3216,0,69
4/18/2021,JE,Jersey,,2,3218,0,69
4/25/2021,JE,Jersey,,1,3219,0,69
5/2/2021,JE,Jersey,,1,3220,0,69
5/9/2021,JE,Jersey,,1,3221,0,69
5/16/2021,JE,Jersey,,2,3223,0,69
5/23/2021,JE,Jersey,,5,3228,0,69
5/30/2021,JE,Jersey,,1,3229,0,69
6/6/2021,JE,Jersey,,4,3233,0,69
6/13/2021,JE,Jersey,,39,3272,0,69
6/20/2021,JE,Jersey,,23,3295,0,69
6/27/2021,JE,Jersey,,131,3426,0,69
7/4/2021,JE,Jersey,,366,3792,0,69
7/11/2021,JE,Jersey,,874,4666,0,69
7/18/2021,JE,Jersey,,1650,6316,0,69
7/25/2021,JE,Jersey,,1434,7750,0,69
8/1/2021,JE,Jersey,,620,8370,0,69
8/8/2021,JE,Jersey,,280,8650,4,73
8/15/2021,JE,Jersey,,225,8875,1,74
8/22/2021,JE,Jersey,,223,9098,1,75
8/29/2021,JE,Jersey,,166,9264,2,77
9/5/2021,JE,Jersey,,187,9451,0,77
9/12/2021,JE,Jersey,,201,9652,1,78
9/19/2021,JE,Jersey,,137,9789,0,78
9/26/2021,JE,Jersey,,143,9932,0,78
10/3/2021,JE,Jersey,,117,10049,0,78
10/10/2021,JE,Jersey,,164,10213,1,79
10/17/2021,JE,Jersey,,212,10425,0,79
10/24/2021,JE,Jersey,,251,10676,1,80
10/31/2021,JE,Jersey,,393,11069,0,80
11/7/2021,JE,Jersey,,423,11492,0,80
11/14/2021,JE,Jersey,,681,12173,0,80
11/21/2021,JE,Jersey,,768,12941,0,80
11/28/2021,JE,Jersey,,901,13842,0,80
12/5/2021,JE,Jersey,,903,14745,1,81
12/12/2021,JE,Jersey,,776,15521,3,84
12/19/2021,JE,Jersey,,809,16330,3,87
12/26/2021,JE,Jersey,,1142,17472,2,89
1/2/2022,JE,Jersey,,2770,20242,0,89
1/9/2022,JE,Jersey,,3535,23777,1,90
1/16/2022,JE,Jersey,,2375,26152,2,92
1/23/2022,JE,Jersey,,1945,28097,4,96
1/30/2022,JE,Jersey,,2381,30478,4,100
2/6/2022,JE,Jersey,,2122,32600,4,104
2/13/2022,JE,Jersey,,1758,34358,2,106
2/20/2022,JE,Jersey,,1455,35813,3,109
2/27/2022,JE,Jersey,,1459,37272,3,112
3/6/2022,JE,Jersey,,1988,39260,2,114
3/13/2022,JE,Jersey,,2122,41382,2,116
3/20/2022,JE,Jersey,,2160,43542,0,116
3/27/2022,JE,Jersey,,2069,45611,3,119
4/3/2022,JE,Jersey,,1414,47025,1,120
4/10/2022,JE,Jersey,,1103,48128,1,121
4/17/2022,JE,Jersey,,794,48922,1,122
4/24/2022,JE,Jersey,,600,49522,1,123
5/1/2022,JE,Jersey,,364,49886,3,126
5/8/2022,JE,Jersey,,213,50099,1,127
5/15/2022,JE,Jersey,,211,50310,0,127
5/22/2022,JE,Jersey,,200,50510,2,129
5/29/2022,JE,Jersey,,168,50678,0,129
6/5/2022,JE,Jersey,,180,50858,0,129
6/12/2022,JE,Jersey,,470,51328,0,129
6/19/2022,JE,Jersey,,616,51944,2,131
6/26/2022,JE,Jersey,,1139,53083,0,131
7/3/2022,JE,Jersey,,1395,54478,0,131
7/10/2022,JE,Jersey,,1610,56088,0,131
7/17/2022,JE,Jersey,,1079,57167,0,131
7/24/2022,JE,Jersey,,597,57764,1,132
7/31/2022,JE,Jersey,,357,58121,1,133
8/7/2022,JE,Jersey,,302,58423,2,135
8/14/2022,JE,Jersey,,199,58622,0,135
8/21/2022,JE,Jersey,,181,58803,0,135
8/28/2022,JE,Jersey,,143,58946,1,136
9/4/2022,JE,Jersey,,202,59148,0,136
9/11/2022,JE,Jersey,,229,59377,1,137
9/18/2022,JE,Jersey,,304,59681,1,138
9/25/2022,JE,Jersey,,322,60003,0,138
10/2/2022,JE,Jersey,,384,60387,1,139
10/9/2022,JE,Jersey,,408,60795,2,141
10/16/2022,JE,Jersey,,368,61163,0,141
10/23/2022,JE,Jersey,,333,61496,0,141
10/30/2022,JE,Jersey,,321,61817,0,141
11/6/2022,JE,Jersey,,307,62124,0,141
11/13/2022,JE,Jersey,,302,62426,0,141
11/20/2022,JE,Jersey,,250,62676,1,142
11/27/2022,JE,Jersey,,228,62904,0,142
12/4/2022,JE,Jersey,,348,63252,0,142
12/11/2022,JE,Jersey,,583,63835,0,142
12/18/2022,JE,Jersey,,769,64604,2,144
12/25/2022,JE,Jersey,,782,65386,2,146
1/1/2023,JE,Jersey,,416,65802,0,146
1/8/2023,JE,Jersey,,271,66073,4,150
1/15/2023,JE,Jersey,,142,66215,4,154
1/22/2023,JE,Jersey,,69,66284,1,155
1/29/2023,JE,Jersey,,94,66378,2,157
2/5/2023,JE,Jersey,,13,66391,4,161
2/12/2023,JE,Jersey,,0,66391,0,161
2/19/2023,JE,Jersey,,0,66391,0,161
2/26/2023,JE,Jersey,,0,66391,0,161
3/5/2023,JE,Jersey,,0,66391,0,161
3/12/2023,JE,Jersey,,0,66391,0,161
3/19/2023,JE,Jersey,,0,66391,0,161
3/26/2023,JE,Jersey,,0,66391,0,161
4/2/2023,JE,Jersey,,0,66391,0,161
4/9/2023,JE,Jersey,,0,66391,0,161
4/16/2023,JE,Jersey,,0,66391,0,161
4/23/2023,JE,Jersey,,0,66391,0,161
4/30/2023,JE,Jersey,,0,66391,0,161
5/7/2023,JE,Jersey,,0,66391,0,161
5/14/2023,JE,Jersey,,0,66391,0,161
5/21/2023,JE,Jersey,,0,66391,0,161
5/28/2023,JE,Jersey,,0,66391,0,161
6/4/2023,JE,Jersey,,0,66391,0,161
6/11/2023,JE,Jersey,,0,66391,0,161
6/18/2023,JE,Jersey,,0,66391,0,161
6/25/2023,JE,Jersey,,0,66391,0,161
7/2/2023,JE,Jersey,,0,66391,0,161
7/9/2023,JE,Jersey,,0,66391,0,161
7/16/2023,JE,Jersey,,0,66391,0,161
7/23/2023,JE,Jersey,,0,66391,0,161
7/30/2023,JE,Jersey,,0,66391,0,161
8/6/2023,JE,Jersey,,0,66391,0,161
8/13/2023,JE,Jersey,,0,66391,0,161
8/20/2023,JE,Jersey,,0,66391,0,161
8/27/2023,JE,Jersey,,0,66391,0,161
9/3/2023,JE,Jersey,,0,66391,0,161
9/10/2023,JE,Jersey,,0,66391,0,161
9/17/2023,JE,Jersey,,0,66391,0,161
9/24/2023,JE,Jersey,,0,66391,0,161
10/1/2023,JE,Jersey,,0,66391,0,161
10/8/2023,JE,Jersey,,0,66391,0,161
10/15/2023,JE,Jersey,,0,66391,0,161
10/22/2023,JE,Jersey,,0,66391,0,161
10/29/2023,JE,Jersey,,0,66391,0,161
11/5/2023,JE,Jersey,,0,66391,0,161
11/12/2023,JE,Jersey,,0,66391,0,161
11/19/2023,JE,Jersey,,0,66391,0,161
11/26/2023,JE,Jersey,,0,66391,0,161
12/3/2023,JE,Jersey,,0,66391,0,161
12/10/2023,JE,Jersey,,0,66391,0,161
12/17/2023,JE,Jersey,,0,66391,0,161
12/24/2023,JE,Jersey,,0,66391,0,161
1/5/2020,JO,Jordan,EMRO,0,0,0,0
1/12/2020,JO,Jordan,EMRO,0,0,0,0
1/19/2020,JO,Jordan,EMRO,0,0,0,0
1/26/2020,JO,Jordan,EMRO,0,0,0,0
2/2/2020,JO,Jordan,EMRO,0,0,0,0
2/9/2020,JO,Jordan,EMRO,0,0,0,0
2/16/2020,JO,Jordan,EMRO,0,0,0,0
2/23/2020,JO,Jordan,EMRO,0,0,0,0
3/1/2020,JO,Jordan,EMRO,0,0,0,0
3/8/2020,JO,Jordan,EMRO,1,1,0,0
3/15/2020,JO,Jordan,EMRO,0,1,0,0
3/22/2020,JO,Jordan,EMRO,98,99,0,0
3/29/2020,JO,Jordan,EMRO,147,246,1,1
4/5/2020,JO,Jordan,EMRO,77,323,4,5
4/12/2020,JO,Jordan,EMRO,58,381,2,7
4/19/2020,JO,Jordan,EMRO,32,413,0,7
4/26/2020,JO,Jordan,EMRO,20,433,0,7
5/3/2020,JO,Jordan,EMRO,7,440,2,9
5/10/2020,JO,Jordan,EMRO,48,488,0,9
5/17/2020,JO,Jordan,EMRO,61,549,0,9
5/24/2020,JO,Jordan,EMRO,85,634,0,9
5/31/2020,JO,Jordan,EMRO,28,662,0,9
6/7/2020,JO,Jordan,EMRO,31,693,0,9
6/14/2020,JO,Jordan,EMRO,134,827,0,9
6/21/2020,JO,Jordan,EMRO,55,882,0,9
6/28/2020,JO,Jordan,EMRO,86,968,0,9
7/5/2020,JO,Jordan,EMRO,35,1003,1,10
7/12/2020,JO,Jordan,EMRO,18,1021,0,10
7/19/2020,JO,Jordan,EMRO,37,1058,1,11
7/26/2020,JO,Jordan,EMRO,96,1154,0,11
8/2/2020,JO,Jordan,EMRO,54,1208,0,11
8/9/2020,JO,Jordan,EMRO,38,1246,0,11
8/16/2020,JO,Jordan,EMRO,93,1339,0,11
8/23/2020,JO,Jordan,EMRO,237,1576,0,11
8/30/2020,JO,Jordan,EMRO,317,1893,4,15
9/6/2020,JO,Jordan,EMRO,460,2353,1,16
9/13/2020,JO,Jordan,EMRO,709,3062,6,22
9/20/2020,JO,Jordan,EMRO,1478,4540,8,30
9/27/2020,JO,Jordan,EMRO,3521,8061,13,43
10/4/2020,JO,Jordan,EMRO,6688,14749,45,88
10/11/2020,JO,Jordan,EMRO,9249,23998,93,181
10/18/2020,JO,Jordan,EMRO,12055,36053,149,330
10/25/2020,JO,Jordan,EMRO,14697,50750,210,540
11/1/2020,JO,Jordan,EMRO,21857,72607,289,829
11/8/2020,JO,Jordan,EMRO,32195,104802,352,1181
11/15/2020,JO,Jordan,EMRO,36503,141305,523,1704
11/22/2020,JO,Jordan,EMRO,36856,178161,468,2172
11/29/2020,JO,Jordan,EMRO,32548,210709,454,2626
12/6/2020,JO,Jordan,EMRO,26804,237513,384,3010
12/13/2020,JO,Jordan,EMRO,19762,257275,325,3335
12/20/2020,JO,Jordan,EMRO,15522,272797,210,3545
12/27/2020,JO,Jordan,EMRO,13559,286356,184,3729
1/3/2021,JO,Jordan,EMRO,10312,296668,148,3877
1/10/2021,JO,Jordan,EMRO,9291,305959,132,4009
1/17/2021,JO,Jordan,EMRO,7598,313557,128,4137
1/24/2021,JO,Jordan,EMRO,5962,319519,80,4217
1/31/2021,JO,Jordan,EMRO,6155,325674,87,4304
2/7/2021,JO,Jordan,EMRO,8181,333855,65,4369
2/14/2021,JO,Jordan,EMRO,10948,344803,75,4444
2/21/2021,JO,Jordan,EMRO,15008,359811,99,4543
2/28/2021,JO,Jordan,EMRO,26685,386496,132,4675
3/7/2021,JO,Jordan,EMRO,34919,421415,225,4900
3/14/2021,JO,Jordan,EMRO,47585,469000,385,5285
3/21/2021,JO,Jordan,EMRO,57666,526666,503,5788
3/28/2021,JO,Jordan,EMRO,55467,582133,684,6472
4/4/2021,JO,Jordan,EMRO,44742,626875,658,7130
4/11/2021,JO,Jordan,EMRO,35520,662395,578,7708
4/18/2021,JO,Jordan,EMRO,21071,683466,470,8178
4/25/2021,JO,Jordan,EMRO,16957,700423,385,8563
5/2/2021,JO,Jordan,EMRO,11654,712077,308,8871
5/9/2021,JO,Jordan,EMRO,7156,719233,205,9076
5/16/2021,JO,Jordan,EMRO,4112,723345,167,9243
5/23/2021,JO,Jordan,EMRO,6361,729706,114,9357
5/30/2021,JO,Jordan,EMRO,5433,735139,86,9443
6/6/2021,JO,Jordan,EMRO,4180,739319,73,9516
6/13/2021,JO,Jordan,EMRO,3512,742831,66,9582
6/20/2021,JO,Jordan,EMRO,3147,745978,74,9656
6/27/2021,JO,Jordan,EMRO,3341,749319,62,9718
7/4/2021,JO,Jordan,EMRO,3298,752617,51,9769
7/11/2021,JO,Jordan,EMRO,3737,756354,57,9826
7/18/2021,JO,Jordan,EMRO,4196,760550,61,9887
7/25/2021,JO,Jordan,EMRO,3372,763922,61,9948
8/1/2021,JO,Jordan,EMRO,6790,770712,84,10032
8/8/2021,JO,Jordan,EMRO,5466,776178,84,10116
8/15/2021,JO,Jordan,EMRO,6032,782210,87,10203
8/22/2021,JO,Jordan,EMRO,6306,788516,82,10285
8/29/2021,JO,Jordan,EMRO,5834,794350,83,10368
9/5/2021,JO,Jordan,EMRO,5890,800240,95,10463
9/12/2021,JO,Jordan,EMRO,6261,806501,79,10542
9/19/2021,JO,Jordan,EMRO,6180,812681,64,10606
9/26/2021,JO,Jordan,EMRO,6115,818796,63,10669
10/3/2021,JO,Jordan,EMRO,6449,825245,67,10736
10/10/2021,JO,Jordan,EMRO,7154,832399,66,10802
10/17/2021,JO,Jordan,EMRO,7718,840117,63,10865
10/24/2021,JO,Jordan,EMRO,9641,849758,76,10941
10/31/2021,JO,Jordan,EMRO,11060,860818,87,11028
11/7/2021,JO,Jordan,EMRO,12889,873707,86,11114
11/14/2021,JO,Jordan,EMRO,15964,889671,101,11215
11/21/2021,JO,Jordan,EMRO,21599,911270,132,11347
11/28/2021,JO,Jordan,EMRO,28023,939293,168,11515
12/5/2021,JO,Jordan,EMRO,32108,971401,200,11715
12/12/2021,JO,Jordan,EMRO,34735,1006136,226,11941
12/19/2021,JO,Jordan,EMRO,27333,1033469,250,12191
12/26/2021,JO,Jordan,EMRO,17952,1051421,253,12444
1/2/2022,JO,Jordan,EMRO,12856,1064277,240,12684
1/9/2022,JO,Jordan,EMRO,13155,1077432,172,12856
1/16/2022,JO,Jordan,EMRO,20042,1097474,118,12974
1/23/2022,JO,Jordan,EMRO,36623,1134097,88,13062
1/30/2022,JO,Jordan,EMRO,63153,1197250,112,13174
2/6/2022,JO,Jordan,EMRO,116993,1314243,126,13300
2/13/2022,JO,Jordan,EMRO,136567,1450810,177,13477
2/20/2022,JO,Jordan,EMRO,110012,1560822,180,13657
2/27/2022,JO,Jordan,EMRO,56356,1617178,141,13798
3/6/2022,JO,Jordan,EMRO,37499,1654677,84,13882
3/13/2022,JO,Jordan,EMRO,25502,1680179,77,13959
3/20/2022,JO,Jordan,EMRO,9135,1689314,44,14003
3/27/2022,JO,Jordan,EMRO,3171,1692485,28,14031
4/3/2022,JO,Jordan,EMRO,1731,1694216,17,14048
4/10/2022,JO,Jordan,EMRO,741,1694957,7,14055
4/17/2022,JO,Jordan,EMRO,475,1695432,4,14059
4/24/2022,JO,Jordan,EMRO,313,1695745,5,14064
5/1/2022,JO,Jordan,EMRO,225,1695970,2,14066
5/8/2022,JO,Jordan,EMRO,84,1696054,0,14066
5/15/2022,JO,Jordan,EMRO,305,1696359,0,14066
5/22/2022,JO,Jordan,EMRO,309,1696668,0,14066
5/29/2022,JO,Jordan,EMRO,269,1696937,0,14066
6/5/2022,JO,Jordan,EMRO,334,1697271,2,14068
6/12/2022,JO,Jordan,EMRO,402,1697673,0,14068
6/19/2022,JO,Jordan,EMRO,643,1698316,0,14068
6/26/2022,JO,Jordan,EMRO,881,1699197,0,14068
7/3/2022,JO,Jordan,EMRO,1329,1700526,0,14068
7/10/2022,JO,Jordan,EMRO,2135,1702661,1,14069
7/17/2022,JO,Jordan,EMRO,2455,1705116,1,14070
7/24/2022,JO,Jordan,EMRO,4763,1709879,4,14074
7/31/2022,JO,Jordan,EMRO,5417,1715296,9,14083
8/7/2022,JO,Jordan,EMRO,5482,1720778,7,14090
8/14/2022,JO,Jordan,EMRO,5939,1726717,5,14095
8/21/2022,JO,Jordan,EMRO,4832,1731549,10,14105
8/28/2022,JO,Jordan,EMRO,3946,1735495,5,14110
9/4/2022,JO,Jordan,EMRO,3372,1738867,4,14114
9/11/2022,JO,Jordan,EMRO,3389,1742256,0,14114
9/18/2022,JO,Jordan,EMRO,2776,1745032,2,14116
9/25/2022,JO,Jordan,EMRO,1965,1746997,6,14122
10/2/2022,JO,Jordan,EMRO,0,1746997,0,14122
10/9/2022,JO,Jordan,EMRO,0,1746997,0,14122
10/16/2022,JO,Jordan,EMRO,0,1746997,0,14122
10/23/2022,JO,Jordan,EMRO,0,1746997,0,14122
10/30/2022,JO,Jordan,EMRO,0,1746997,0,14122
11/6/2022,JO,Jordan,EMRO,0,1746997,0,14122
11/13/2022,JO,Jordan,EMRO,0,1746997,0,14122
11/20/2022,JO,Jordan,EMRO,0,1746997,0,14122
11/27/2022,JO,Jordan,EMRO,0,1746997,0,14122
12/4/2022,JO,Jordan,EMRO,0,1746997,0,14122
12/11/2022,JO,Jordan,EMRO,0,1746997,0,14122
12/18/2022,JO,Jordan,EMRO,0,1746997,0,14122
12/25/2022,JO,Jordan,EMRO,0,1746997,0,14122
1/1/2023,JO,Jordan,EMRO,0,1746997,0,14122
1/8/2023,JO,Jordan,EMRO,0,1746997,0,14122
1/15/2023,JO,Jordan,EMRO,0,1746997,0,14122
1/22/2023,JO,Jordan,EMRO,0,1746997,0,14122
1/29/2023,JO,Jordan,EMRO,0,1746997,0,14122
2/5/2023,JO,Jordan,EMRO,0,1746997,0,14122
2/12/2023,JO,Jordan,EMRO,0,1746997,0,14122
2/19/2023,JO,Jordan,EMRO,0,1746997,0,14122
2/26/2023,JO,Jordan,EMRO,0,1746997,0,14122
3/5/2023,JO,Jordan,EMRO,0,1746997,0,14122
3/12/2023,JO,Jordan,EMRO,0,1746997,0,14122
3/19/2023,JO,Jordan,EMRO,0,1746997,0,14122
3/26/2023,JO,Jordan,EMRO,0,1746997,0,14122
4/2/2023,JO,Jordan,EMRO,0,1746997,0,14122
4/9/2023,JO,Jordan,EMRO,0,1746997,0,14122
4/16/2023,JO,Jordan,EMRO,0,1746997,0,14122
4/23/2023,JO,Jordan,EMRO,0,1746997,0,14122
4/30/2023,JO,Jordan,EMRO,0,1746997,0,14122
5/7/2023,JO,Jordan,EMRO,0,1746997,0,14122
5/14/2023,JO,Jordan,EMRO,0,1746997,0,14122
5/21/2023,JO,Jordan,EMRO,0,1746997,0,14122
5/28/2023,JO,Jordan,EMRO,0,1746997,0,14122
6/4/2023,JO,Jordan,EMRO,0,1746997,0,14122
6/11/2023,JO,Jordan,EMRO,0,1746997,0,14122
6/18/2023,JO,Jordan,EMRO,0,1746997,0,14122
6/25/2023,JO,Jordan,EMRO,0,1746997,0,14122
7/2/2023,JO,Jordan,EMRO,0,1746997,0,14122
7/9/2023,JO,Jordan,EMRO,0,1746997,0,14122
7/16/2023,JO,Jordan,EMRO,0,1746997,0,14122
7/23/2023,JO,Jordan,EMRO,0,1746997,0,14122
7/30/2023,JO,Jordan,EMRO,0,1746997,0,14122
8/6/2023,JO,Jordan,EMRO,0,1746997,0,14122
8/13/2023,JO,Jordan,EMRO,0,1746997,0,14122
8/20/2023,JO,Jordan,EMRO,0,1746997,0,14122
8/27/2023,JO,Jordan,EMRO,0,1746997,0,14122
9/3/2023,JO,Jordan,EMRO,0,1746997,0,14122
9/10/2023,JO,Jordan,EMRO,0,1746997,0,14122
9/17/2023,JO,Jordan,EMRO,0,1746997,0,14122
9/24/2023,JO,Jordan,EMRO,0,1746997,0,14122
10/1/2023,JO,Jordan,EMRO,0,1746997,0,14122
10/8/2023,JO,Jordan,EMRO,0,1746997,0,14122
10/15/2023,JO,Jordan,EMRO,0,1746997,0,14122
10/22/2023,JO,Jordan,EMRO,0,1746997,0,14122
10/29/2023,JO,Jordan,EMRO,0,1746997,0,14122
11/5/2023,JO,Jordan,EMRO,0,1746997,0,14122
11/12/2023,JO,Jordan,EMRO,0,1746997,0,14122
11/19/2023,JO,Jordan,EMRO,0,1746997,0,14122
11/26/2023,JO,Jordan,EMRO,0,1746997,0,14122
12/3/2023,JO,Jordan,EMRO,0,1746997,0,14122
12/10/2023,JO,Jordan,EMRO,0,1746997,0,14122
12/17/2023,JO,Jordan,EMRO,0,1746997,0,14122
12/24/2023,JO,Jordan,EMRO,0,1746997,0,14122
1/5/2020,KZ,Kazakhstan,EURO,0,0,0,0
1/12/2020,KZ,Kazakhstan,EURO,0,0,0,0
1/19/2020,KZ,Kazakhstan,EURO,0,0,0,0
1/26/2020,KZ,Kazakhstan,EURO,0,0,0,0
2/2/2020,KZ,Kazakhstan,EURO,0,0,0,0
2/9/2020,KZ,Kazakhstan,EURO,0,0,0,0
2/16/2020,KZ,Kazakhstan,EURO,0,0,0,0
2/23/2020,KZ,Kazakhstan,EURO,0,0,0,0
3/1/2020,KZ,Kazakhstan,EURO,0,0,0,0
3/8/2020,KZ,Kazakhstan,EURO,0,0,0,0
3/15/2020,KZ,Kazakhstan,EURO,6,6,0,0
3/22/2020,KZ,Kazakhstan,EURO,51,57,0,0
3/29/2020,KZ,Kazakhstan,EURO,227,284,1,1
4/5/2020,KZ,Kazakhstan,EURO,247,531,4,5
4/12/2020,KZ,Kazakhstan,EURO,366,897,5,10
4/19/2020,KZ,Kazakhstan,EURO,730,1627,9,19
4/26/2020,KZ,Kazakhstan,EURO,974,2601,6,25
5/3/2020,KZ,Kazakhstan,EURO,1276,3877,1,26
5/10/2020,KZ,Kazakhstan,EURO,1179,5056,5,31
5/17/2020,KZ,Kazakhstan,EURO,1101,6157,3,34
5/24/2020,KZ,Kazakhstan,EURO,2165,8322,1,35
5/31/2020,KZ,Kazakhstan,EURO,2536,10858,3,38
6/7/2020,KZ,Kazakhstan,EURO,1836,12694,16,54
6/14/2020,KZ,Kazakhstan,EURO,1802,14496,19,73
6/21/2020,KZ,Kazakhstan,EURO,3345,17841,45,118
6/28/2020,KZ,Kazakhstan,EURO,10222,28063,55,173
7/5/2020,KZ,Kazakhstan,EURO,19108,47171,69,242
7/12/2020,KZ,Kazakhstan,EURO,11082,58253,110,352
7/19/2020,KZ,Kazakhstan,EURO,12086,70339,23,375
7/26/2020,KZ,Kazakhstan,EURO,11381,81720,210,585
8/2/2020,KZ,Kazakhstan,EURO,15054,96774,238,823
8/9/2020,KZ,Kazakhstan,EURO,15048,111822,286,1109
8/16/2020,KZ,Kazakhstan,EURO,9339,121161,324,1433
8/23/2020,KZ,Kazakhstan,EURO,6042,127203,200,1633
8/30/2020,KZ,Kazakhstan,EURO,4139,131342,148,1781
9/6/2020,KZ,Kazakhstan,EURO,2582,133924,97,1878
9/13/2020,KZ,Kazakhstan,EURO,2460,136384,70,1948
9/20/2020,KZ,Kazakhstan,EURO,1964,138348,51,1999
9/27/2020,KZ,Kazakhstan,EURO,1827,140175,44,2043
10/4/2020,KZ,Kazakhstan,EURO,1573,141748,32,2075
10/11/2020,KZ,Kazakhstan,EURO,1884,143632,31,2106
10/18/2020,KZ,Kazakhstan,EURO,1688,145320,30,2136
10/25/2020,KZ,Kazakhstan,EURO,1977,147297,42,2178
11/1/2020,KZ,Kazakhstan,EURO,3083,150380,41,2219
11/8/2020,KZ,Kazakhstan,EURO,4840,155220,40,2259
11/15/2020,KZ,Kazakhstan,EURO,5392,160612,47,2306
11/22/2020,KZ,Kazakhstan,EURO,6013,166625,59,2365
11/29/2020,KZ,Kazakhstan,EURO,6344,172969,52,2417
12/6/2020,KZ,Kazakhstan,EURO,6375,179344,60,2477
12/13/2020,KZ,Kazakhstan,EURO,6169,185513,65,2542
12/20/2020,KZ,Kazakhstan,EURO,5456,190969,67,2609
12/27/2020,KZ,Kazakhstan,EURO,6173,197142,60,2669
1/3/2021,KZ,Kazakhstan,EURO,5738,202880,80,2749
1/10/2021,KZ,Kazakhstan,EURO,5716,208596,96,2845
1/17/2021,KZ,Kazakhstan,EURO,6331,214927,40,2885
1/24/2021,KZ,Kazakhstan,EURO,9468,224395,71,2956
1/31/2021,KZ,Kazakhstan,EURO,10174,234569,79,3035
2/7/2021,KZ,Kazakhstan,EURO,8838,243407,91,3126
2/14/2021,KZ,Kazakhstan,EURO,7069,250476,59,3185
2/21/2021,KZ,Kazakhstan,EURO,5912,256388,61,3246
2/28/2021,KZ,Kazakhstan,EURO,5705,262093,65,3311
3/7/2021,KZ,Kazakhstan,EURO,5564,267657,78,3389
3/14/2021,KZ,Kazakhstan,EURO,5864,273521,67,3456
3/21/2021,KZ,Kazakhstan,EURO,8277,281798,55,3511
3/28/2021,KZ,Kazakhstan,EURO,8994,290792,2291,5802
4/4/2021,KZ,Kazakhstan,EURO,13130,303922,110,5912
4/11/2021,KZ,Kazakhstan,EURO,16959,320881,116,6028
4/18/2021,KZ,Kazakhstan,EURO,17964,338845,151,6179
4/25/2021,KZ,Kazakhstan,EURO,19989,358834,194,6373
5/2/2021,KZ,Kazakhstan,EURO,19736,378570,188,6561
5/9/2021,KZ,Kazakhstan,EURO,17560,396130,197,6758
5/16/2021,KZ,Kazakhstan,EURO,16106,412236,218,6976
5/23/2021,KZ,Kazakhstan,EURO,15637,427873,173,7149
5/30/2021,KZ,Kazakhstan,EURO,12496,440369,0,7149
6/6/2021,KZ,Kazakhstan,EURO,9489,449858,172,7321
6/13/2021,KZ,Kazakhstan,EURO,7616,457474,144,7465
6/20/2021,KZ,Kazakhstan,EURO,7711,465185,121,7586
6/27/2021,KZ,Kazakhstan,EURO,9854,475039,80,7666
7/4/2021,KZ,Kazakhstan,EURO,16238,491277,93,7759
7/11/2021,KZ,Kazakhstan,EURO,21408,512685,175,7934
7/18/2021,KZ,Kazakhstan,EURO,34825,547510,239,8173
7/25/2021,KZ,Kazakhstan,EURO,41346,588856,365,8538
8/1/2021,KZ,Kazakhstan,EURO,52691,641547,539,9077
8/8/2021,KZ,Kazakhstan,EURO,56033,697580,832,9909
8/15/2021,KZ,Kazakhstan,EURO,55346,752926,882,10791
8/22/2021,KZ,Kazakhstan,EURO,51785,804711,934,11725
8/29/2021,KZ,Kazakhstan,EURO,44846,849557,930,12655
9/5/2021,KZ,Kazakhstan,EURO,34667,884224,1077,13732
9/12/2021,KZ,Kazakhstan,EURO,28017,912241,691,14423
9/19/2021,KZ,Kazakhstan,EURO,22208,934449,608,15031
9/26/2021,KZ,Kazakhstan,EURO,17936,952385,799,15830
10/3/2021,KZ,Kazakhstan,EURO,14827,967212,312,16142
10/10/2021,KZ,Kazakhstan,EURO,13917,981129,298,16440
10/17/2021,KZ,Kazakhstan,EURO,13335,994464,242,16682
10/24/2021,KZ,Kazakhstan,EURO,12491,1006955,251,16933
10/31/2021,KZ,Kazakhstan,EURO,11886,1018841,198,17131
11/7/2021,KZ,Kazakhstan,EURO,10087,1028928,187,17318
11/14/2021,KZ,Kazakhstan,EURO,8710,1037638,194,17512
11/21/2021,KZ,Kazakhstan,EURO,8145,1045783,158,17670
11/28/2021,KZ,Kazakhstan,EURO,6839,1052622,135,17805
12/5/2021,KZ,Kazakhstan,EURO,5483,1058105,127,17932
12/12/2021,KZ,Kazakhstan,EURO,4793,1062898,104,18036
12/19/2021,KZ,Kazakhstan,EURO,3649,1066547,80,18116
12/26/2021,KZ,Kazakhstan,EURO,3317,1069864,69,18185
1/2/2022,KZ,Kazakhstan,EURO,3135,1072999,51,18236
1/9/2022,KZ,Kazakhstan,EURO,6672,1079671,42,18278
1/16/2022,KZ,Kazakhstan,EURO,54927,1134598,34,18312
1/23/2022,KZ,Kazakhstan,EURO,97258,1231856,70,18382
1/30/2022,KZ,Kazakhstan,EURO,80452,1312308,108,18490
2/6/2022,KZ,Kazakhstan,EURO,45666,1357974,151,18641
2/13/2022,KZ,Kazakhstan,EURO,19486,1377460,130,18771
2/20/2022,KZ,Kazakhstan,EURO,8870,1386330,95,18866
2/27/2022,KZ,Kazakhstan,EURO,3843,1390173,63,18929
3/6/2022,KZ,Kazakhstan,EURO,1838,1392011,44,18973
3/13/2022,KZ,Kazakhstan,EURO,849,1392860,20,18993
3/20/2022,KZ,Kazakhstan,EURO,567,1393427,11,19004
3/27/2022,KZ,Kazakhstan,EURO,216,1393643,6,19010
4/3/2022,KZ,Kazakhstan,EURO,249,1393892,2,19012
4/10/2022,KZ,Kazakhstan,EURO,178,1394070,1,19013
4/17/2022,KZ,Kazakhstan,EURO,154,1394224,0,19013
4/24/2022,KZ,Kazakhstan,EURO,125,1394349,0,19013
5/1/2022,KZ,Kazakhstan,EURO,174,1394523,0,19013
5/8/2022,KZ,Kazakhstan,EURO,109,1394632,1,19014
5/15/2022,KZ,Kazakhstan,EURO,78,1394710,1,19015
5/22/2022,KZ,Kazakhstan,EURO,87,1394797,0,19015
5/29/2022,KZ,Kazakhstan,EURO,90,1394887,0,19015
6/5/2022,KZ,Kazakhstan,EURO,70,1394957,1,19016
6/12/2022,KZ,Kazakhstan,EURO,98,1395055,1,19017
6/19/2022,KZ,Kazakhstan,EURO,112,1395167,0,19017
6/26/2022,KZ,Kazakhstan,EURO,299,1395466,1,19018
7/3/2022,KZ,Kazakhstan,EURO,959,1396425,0,19018
7/10/2022,KZ,Kazakhstan,EURO,2293,1398718,0,19018
7/17/2022,KZ,Kazakhstan,EURO,7190,1405908,2,19020
7/24/2022,KZ,Kazakhstan,EURO,15001,1420909,1,19021
7/31/2022,KZ,Kazakhstan,EURO,18815,1439724,0,19021
8/7/2022,KZ,Kazakhstan,EURO,16803,1456527,5,19026
8/14/2022,KZ,Kazakhstan,EURO,10234,1466761,4,19030
8/21/2022,KZ,Kazakhstan,EURO,6630,1473391,4,19034
8/28/2022,KZ,Kazakhstan,EURO,4094,1477485,7,19041
9/4/2022,KZ,Kazakhstan,EURO,2363,1479848,0,19041
9/11/2022,KZ,Kazakhstan,EURO,1677,1481525,4,19045
9/18/2022,KZ,Kazakhstan,EURO,990,1482515,3,19048
9/25/2022,KZ,Kazakhstan,EURO,688,1483203,0,19048
10/2/2022,KZ,Kazakhstan,EURO,533,1483736,2,19050
10/9/2022,KZ,Kazakhstan,EURO,334,1484070,2,19052
10/16/2022,KZ,Kazakhstan,EURO,324,1484394,0,19052
10/23/2022,KZ,Kazakhstan,EURO,243,1484637,0,19052
10/30/2022,KZ,Kazakhstan,EURO,279,1484916,0,19052
11/6/2022,KZ,Kazakhstan,EURO,285,1485201,0,19052
11/13/2022,KZ,Kazakhstan,EURO,363,1485564,1,19053
11/20/2022,KZ,Kazakhstan,EURO,494,1486058,0,19053
11/27/2022,KZ,Kazakhstan,EURO,712,1486770,0,19053
12/4/2022,KZ,Kazakhstan,EURO,1039,1487809,0,19053
12/11/2022,KZ,Kazakhstan,EURO,1304,1489113,3,19056
12/18/2022,KZ,Kazakhstan,EURO,1434,1490547,1,19057
12/25/2022,KZ,Kazakhstan,EURO,1674,1492221,0,19057
1/1/2023,KZ,Kazakhstan,EURO,1513,1493734,1,19058
1/8/2023,KZ,Kazakhstan,EURO,987,1494721,2,19060
1/15/2023,KZ,Kazakhstan,EURO,859,1495580,3,19063
1/22/2023,KZ,Kazakhstan,EURO,517,1496097,2,19065
1/29/2023,KZ,Kazakhstan,EURO,381,1496478,0,19065
2/5/2023,KZ,Kazakhstan,EURO,419,1496897,0,19065
2/12/2023,KZ,Kazakhstan,EURO,552,1497449,1,19066
2/19/2023,KZ,Kazakhstan,EURO,618,1498067,2,19068
2/26/2023,KZ,Kazakhstan,EURO,568,1498635,0,19068
3/5/2023,KZ,Kazakhstan,EURO,491,1499126,2,19070
3/12/2023,KZ,Kazakhstan,EURO,411,1499537,1,19071
3/19/2023,KZ,Kazakhstan,EURO,564,1500101,0,19071
3/26/2023,KZ,Kazakhstan,EURO,305,1500406,0,19071
4/2/2023,KZ,Kazakhstan,EURO,530,1500936,1,19072
4/9/2023,KZ,Kazakhstan,EURO,424,1501360,0,19072
4/16/2023,KZ,Kazakhstan,EURO,458,1501818,0,19072
4/23/2023,KZ,Kazakhstan,EURO,404,1502222,0,19072
4/30/2023,KZ,Kazakhstan,EURO,388,1502610,0,19072
5/7/2023,KZ,Kazakhstan,EURO,247,1502857,0,19072
5/14/2023,KZ,Kazakhstan,EURO,0,1502857,0,19072
5/21/2023,KZ,Kazakhstan,EURO,0,1502857,0,19072
5/28/2023,KZ,Kazakhstan,EURO,0,1502857,0,19072
6/4/2023,KZ,Kazakhstan,EURO,0,1502857,0,19072
6/11/2023,KZ,Kazakhstan,EURO,0,1502857,0,19072
6/18/2023,KZ,Kazakhstan,EURO,0,1502857,0,19072
6/25/2023,KZ,Kazakhstan,EURO,0,1502857,0,19072
7/2/2023,KZ,Kazakhstan,EURO,0,1502857,0,19072
7/9/2023,KZ,Kazakhstan,EURO,0,1502857,0,19072
7/16/2023,KZ,Kazakhstan,EURO,0,1502857,0,19072
7/23/2023,KZ,Kazakhstan,EURO,0,1502857,0,19072
7/30/2023,KZ,Kazakhstan,EURO,0,1502857,0,19072
8/6/2023,KZ,Kazakhstan,EURO,0,1502857,0,19072
8/13/2023,KZ,Kazakhstan,EURO,0,1502857,0,19072
8/20/2023,KZ,Kazakhstan,EURO,0,1502857,0,19072
8/27/2023,KZ,Kazakhstan,EURO,0,1502857,0,19072
9/3/2023,KZ,Kazakhstan,EURO,0,1502857,0,19072
9/10/2023,KZ,Kazakhstan,EURO,0,1502857,0,19072
9/17/2023,KZ,Kazakhstan,EURO,0,1502857,0,19072
9/24/2023,KZ,Kazakhstan,EURO,0,1502857,0,19072
10/1/2023,KZ,Kazakhstan,EURO,0,1502857,0,19072
10/8/2023,KZ,Kazakhstan,EURO,0,1502857,0,19072
10/15/2023,KZ,Kazakhstan,EURO,0,1502857,0,19072
10/22/2023,KZ,Kazakhstan,EURO,0,1502857,0,19072
10/29/2023,KZ,Kazakhstan,EURO,0,1502857,0,19072
11/5/2023,KZ,Kazakhstan,EURO,0,1502857,0,19072
11/12/2023,KZ,Kazakhstan,EURO,0,1502857,0,19072
11/19/2023,KZ,Kazakhstan,EURO,0,1502857,0,19072
11/26/2023,KZ,Kazakhstan,EURO,0,1502857,0,19072
12/3/2023,KZ,Kazakhstan,EURO,0,1502857,0,19072
12/10/2023,KZ,Kazakhstan,EURO,0,1502857,0,19072
12/17/2023,KZ,Kazakhstan,EURO,0,1502857,0,19072
12/24/2023,KZ,Kazakhstan,EURO,0,1502857,0,19072
1/5/2020,KE,Kenya,AFRO,0,0,0,0
1/12/2020,KE,Kenya,AFRO,0,0,0,0
1/19/2020,KE,Kenya,AFRO,0,0,0,0
1/26/2020,KE,Kenya,AFRO,0,0,0,0
2/2/2020,KE,Kenya,AFRO,0,0,0,0
2/9/2020,KE,Kenya,AFRO,0,0,0,0
2/16/2020,KE,Kenya,AFRO,0,0,0,0
2/23/2020,KE,Kenya,AFRO,0,0,0,0
3/1/2020,KE,Kenya,AFRO,0,0,0,0
3/8/2020,KE,Kenya,AFRO,0,0,0,0
3/15/2020,KE,Kenya,AFRO,1,1,0,0
3/22/2020,KE,Kenya,AFRO,6,7,0,0
3/29/2020,KE,Kenya,AFRO,31,38,4,4
4/5/2020,KE,Kenya,AFRO,88,126,3,7
4/12/2020,KE,Kenya,AFRO,65,191,0,7
4/19/2020,KE,Kenya,AFRO,71,262,4,11
4/26/2020,KE,Kenya,AFRO,81,343,2,13
5/3/2020,KE,Kenya,AFRO,92,435,8,21
5/10/2020,KE,Kenya,AFRO,214,649,9,30
5/17/2020,KE,Kenya,AFRO,181,830,20,50
5/24/2020,KE,Kenya,AFRO,362,1192,0,50
5/31/2020,KE,Kenya,AFRO,696,1888,13,63
6/7/2020,KE,Kenya,AFRO,712,2600,20,83
6/14/2020,KE,Kenya,AFRO,857,3457,17,100
6/21/2020,KE,Kenya,AFRO,1021,4478,21,121
6/28/2020,KE,Kenya,AFRO,1333,5811,20,141
7/5/2020,KE,Kenya,AFRO,1766,7577,18,159
7/12/2020,KE,Kenya,AFRO,2149,9726,25,184
7/19/2020,KE,Kenya,AFRO,3024,12750,41,225
7/26/2020,KE,Kenya,AFRO,3893,16643,53,278
8/2/2020,KE,Kenya,AFRO,4720,21363,86,364
8/9/2020,KE,Kenya,AFRO,4474,25837,54,418
8/16/2020,KE,Kenya,AFRO,4012,29849,54,472
8/23/2020,KE,Kenya,AFRO,2269,32118,70,542
8/30/2020,KE,Kenya,AFRO,1676,33794,30,572
9/6/2020,KE,Kenya,AFRO,1226,35020,22,594
9/13/2020,KE,Kenya,AFRO,943,35963,25,619
9/20/2020,KE,Kenya,AFRO,866,36829,27,646
9/27/2020,KE,Kenya,AFRO,1042,37871,43,689
10/4/2020,KE,Kenya,AFRO,1313,39184,39,728
10/11/2020,KE,Kenya,AFRO,1974,41158,32,760
10/18/2020,KE,Kenya,AFRO,3038,44196,65,825
10/25/2020,KE,Kenya,AFRO,4594,48790,71,896
11/1/2020,KE,Kenya,AFRO,6402,55192,100,996
11/8/2020,KE,Kenya,AFRO,6577,61769,107,1103
11/15/2020,KE,Kenya,AFRO,7504,69273,146,1249
11/22/2020,KE,Kenya,AFRO,7131,76404,117,1366
11/29/2020,KE,Kenya,AFRO,6201,82605,79,1445
12/6/2020,KE,Kenya,AFRO,5379,87984,73,1518
12/13/2020,KE,Kenya,AFRO,3542,91526,68,1586
12/20/2020,KE,Kenya,AFRO,2625,94151,47,1633
12/27/2020,KE,Kenya,AFRO,1692,95843,22,1655
1/3/2021,KE,Kenya,AFRO,835,96678,30,1685
1/10/2021,KE,Kenya,AFRO,1506,98184,19,1704
1/17/2021,KE,Kenya,AFRO,898,99082,24,1728
1/24/2021,KE,Kenya,AFRO,816,99898,12,1740
1/31/2021,KE,Kenya,AFRO,777,100675,15,1755
2/7/2021,KE,Kenya,AFRO,1015,101690,21,1776
2/14/2021,KE,Kenya,AFRO,1102,102792,19,1795
2/21/2021,KE,Kenya,AFRO,1201,103993,22,1817
2/28/2021,KE,Kenya,AFRO,1655,105648,37,1854
3/7/2021,KE,Kenya,AFRO,2714,108362,20,1874
3/14/2021,KE,Kenya,AFRO,4443,112805,34,1908
3/21/2021,KE,Kenya,AFRO,7358,120163,86,1994
3/28/2021,KE,Kenya,AFRO,9167,129330,110,2104
4/4/2021,KE,Kenya,AFRO,8747,138077,102,2206
4/11/2021,KE,Kenya,AFRO,7107,145184,124,2330
4/18/2021,KE,Kenya,AFRO,6103,151287,133,2463
4/25/2021,KE,Kenya,AFRO,5031,156318,140,2603
5/2/2021,KE,Kenya,AFRO,3735,160053,141,2744
5/9/2021,KE,Kenya,AFRO,3185,163238,139,2883
5/16/2021,KE,Kenya,AFRO,2141,165379,118,3001
5/23/2021,KE,Kenya,AFRO,2729,168108,48,3049
5/30/2021,KE,Kenya,AFRO,2377,170485,92,3141
6/6/2021,KE,Kenya,AFRO,1840,172325,123,3264
6/13/2021,KE,Kenya,AFRO,2851,175176,132,3396
6/20/2021,KE,Kenya,AFRO,3616,178792,51,3447
6/27/2021,KE,Kenya,AFRO,3601,182393,127,3574
7/4/2021,KE,Kenya,AFRO,3198,185591,97,3671
7/11/2021,KE,Kenya,AFRO,2922,188513,50,3721
7/18/2021,KE,Kenya,AFRO,3922,192435,39,3760
7/25/2021,KE,Kenya,AFRO,4310,196745,89,3849
8/1/2021,KE,Kenya,AFRO,6468,203213,82,3931
8/8/2021,KE,Kenya,AFRO,7815,211028,186,4117
8/15/2021,KE,Kenya,AFRO,8910,219938,202,4319
8/22/2021,KE,Kenya,AFRO,8425,228363,148,4467
8/29/2021,KE,Kenya,AFRO,6226,234589,227,4694
9/5/2021,KE,Kenya,AFRO,5103,239692,84,4778
9/12/2021,KE,Kenya,AFRO,3764,243456,124,4902
9/19/2021,KE,Kenya,AFRO,2840,246296,78,4980
9/26/2021,KE,Kenya,AFRO,2096,248392,116,5096
10/3/2021,KE,Kenya,AFRO,1631,250023,35,5131
10/10/2021,KE,Kenya,AFRO,1034,251057,50,5181
10/17/2021,KE,Kenya,AFRO,902,251959,34,5215
10/24/2021,KE,Kenya,AFRO,669,252628,40,5255
10/31/2021,KE,Kenya,AFRO,665,253293,21,5276
11/7/2021,KE,Kenya,AFRO,520,253813,29,5305
11/14/2021,KE,Kenya,AFRO,463,254276,11,5316
11/21/2021,KE,Kenya,AFRO,412,254688,9,5325
11/28/2021,KE,Kenya,AFRO,252,254940,8,5333
12/5/2021,KE,Kenya,AFRO,468,255408,2,5335
12/12/2021,KE,Kenya,AFRO,726,256134,11,5346
12/19/2021,KE,Kenya,AFRO,6201,262335,7,5353
12/26/2021,KE,Kenya,AFRO,19023,281358,6,5359
1/2/2022,KE,Kenya,AFRO,15797,297155,22,5381
1/9/2022,KE,Kenya,AFRO,13642,310797,56,5437
1/16/2022,KE,Kenya,AFRO,6527,317324,51,5488
1/23/2022,KE,Kenya,AFRO,2814,320138,43,5531
1/30/2022,KE,Kenya,AFRO,1096,321234,47,5578
2/6/2022,KE,Kenya,AFRO,809,322043,29,5607
2/13/2022,KE,Kenya,AFRO,393,322436,22,5629
2/20/2022,KE,Kenya,AFRO,233,322669,6,5635
2/27/2022,KE,Kenya,AFRO,237,322906,4,5639
3/6/2022,KE,Kenya,AFRO,165,323071,1,5640
3/13/2022,KE,Kenya,AFRO,100,323171,4,5644
3/20/2022,KE,Kenya,AFRO,101,323272,3,5647
3/27/2022,KE,Kenya,AFRO,93,323365,0,5647
4/3/2022,KE,Kenya,AFRO,85,323450,1,5648
4/10/2022,KE,Kenya,AFRO,81,323531,0,5648
4/17/2022,KE,Kenya,AFRO,78,323609,1,5649
4/24/2022,KE,Kenya,AFRO,87,323696,0,5649
5/1/2022,KE,Kenya,AFRO,77,323773,0,5649
5/8/2022,KE,Kenya,AFRO,95,323868,0,5649
5/15/2022,KE,Kenya,AFRO,143,324011,0,5649
5/22/2022,KE,Kenya,AFRO,211,324222,0,5649
5/29/2022,KE,Kenya,AFRO,464,324686,2,5651
6/5/2022,KE,Kenya,AFRO,756,325442,0,5651
6/12/2022,KE,Kenya,AFRO,1295,326737,0,5651
6/19/2022,KE,Kenya,AFRO,2370,329107,0,5651
6/26/2022,KE,Kenya,AFRO,2859,331966,0,5651
7/3/2022,KE,Kenya,AFRO,2283,334249,4,5655
7/10/2022,KE,Kenya,AFRO,1524,335773,8,5663
7/17/2022,KE,Kenya,AFRO,917,336690,5,5668
7/24/2022,KE,Kenya,AFRO,552,337242,2,5670
7/31/2022,KE,Kenya,AFRO,357,337599,2,5672
8/7/2022,KE,Kenya,AFRO,234,337833,0,5672
8/14/2022,KE,Kenya,AFRO,105,337938,1,5673
8/21/2022,KE,Kenya,AFRO,104,338042,0,5673
8/28/2022,KE,Kenya,AFRO,111,338153,0,5673
9/4/2022,KE,Kenya,AFRO,81,338234,1,5674
9/11/2022,KE,Kenya,AFRO,56,338290,0,5674
9/18/2022,KE,Kenya,AFRO,42,338332,1,5675
9/25/2022,KE,Kenya,AFRO,57,338389,0,5675
10/2/2022,KE,Kenya,AFRO,50,338439,3,5678
10/9/2022,KE,Kenya,AFRO,54,338493,0,5678
10/16/2022,KE,Kenya,AFRO,78,338571,0,5678
10/23/2022,KE,Kenya,AFRO,178,338749,0,5678
10/30/2022,KE,Kenya,AFRO,329,339078,0,5678
11/6/2022,KE,Kenya,AFRO,593,339671,0,5678
11/13/2022,KE,Kenya,AFRO,700,340371,0,5678
11/20/2022,KE,Kenya,AFRO,604,340975,6,5684
11/27/2022,KE,Kenya,AFRO,485,341460,0,5684
12/4/2022,KE,Kenya,AFRO,176,341636,0,5684
12/11/2022,KE,Kenya,AFRO,288,341924,0,5684
12/18/2022,KE,Kenya,AFRO,183,342107,0,5684
12/25/2022,KE,Kenya,AFRO,363,342470,4,5688
1/1/2023,KE,Kenya,AFRO,37,342507,0,5688
1/8/2023,KE,Kenya,AFRO,0,342507,0,5688
1/15/2023,KE,Kenya,AFRO,92,342599,0,5688
1/22/2023,KE,Kenya,AFRO,104,342703,0,5688
1/29/2023,KE,Kenya,AFRO,82,342785,0,5688
2/5/2023,KE,Kenya,AFRO,32,342817,0,5688
2/12/2023,KE,Kenya,AFRO,32,342849,0,5688
2/19/2023,KE,Kenya,AFRO,25,342874,0,5688
2/26/2023,KE,Kenya,AFRO,41,342915,0,5688
3/5/2023,KE,Kenya,AFRO,20,342935,0,5688
3/12/2023,KE,Kenya,AFRO,7,342942,0,5688
3/19/2023,KE,Kenya,AFRO,14,342956,0,5688
3/26/2023,KE,Kenya,AFRO,11,342967,0,5688
4/2/2023,KE,Kenya,AFRO,16,342983,0,5688
4/9/2023,KE,Kenya,AFRO,9,342992,0,5688
4/16/2023,KE,Kenya,AFRO,13,343005,0,5688
4/23/2023,KE,Kenya,AFRO,27,343032,0,5688
4/30/2023,KE,Kenya,AFRO,28,343060,0,5688
5/7/2023,KE,Kenya,AFRO,14,343074,0,5688
5/14/2023,KE,Kenya,AFRO,0,343074,0,5688
5/21/2023,KE,Kenya,AFRO,0,343074,0,5688
5/28/2023,KE,Kenya,AFRO,0,343074,0,5688
6/4/2023,KE,Kenya,AFRO,238,343312,0,5688
6/11/2023,KE,Kenya,AFRO,0,343312,0,5688
6/18/2023,KE,Kenya,AFRO,154,343466,1,5689
6/25/2023,KE,Kenya,AFRO,277,343743,0,5689
7/2/2023,KE,Kenya,AFRO,43,343786,0,5689
7/9/2023,KE,Kenya,AFRO,0,343786,0,5689
7/16/2023,KE,Kenya,AFRO,64,343850,0,5689
7/23/2023,KE,Kenya,AFRO,65,343915,0,5689
7/30/2023,KE,Kenya,AFRO,3,343918,0,5689
8/6/2023,KE,Kenya,AFRO,0,343918,0,5689
8/13/2023,KE,Kenya,AFRO,37,343955,0,5689
8/20/2023,KE,Kenya,AFRO,23,343978,0,5689
8/27/2023,KE,Kenya,AFRO,7,343985,0,5689
9/3/2023,KE,Kenya,AFRO,1,343986,0,5689
9/10/2023,KE,Kenya,AFRO,9,343995,0,5689
9/17/2023,KE,Kenya,AFRO,3,343998,0,5689
9/24/2023,KE,Kenya,AFRO,13,344011,0,5689
10/1/2023,KE,Kenya,AFRO,14,344025,0,5689
10/8/2023,KE,Kenya,AFRO,17,344042,0,5689
10/15/2023,KE,Kenya,AFRO,15,344057,0,5689
10/22/2023,KE,Kenya,AFRO,15,344072,0,5689
10/29/2023,KE,Kenya,AFRO,19,344091,0,5689
11/5/2023,KE,Kenya,AFRO,3,344094,0,5689
11/12/2023,KE,Kenya,AFRO,0,344094,0,5689
11/19/2023,KE,Kenya,AFRO,0,344094,0,5689
11/26/2023,KE,Kenya,AFRO,0,344094,0,5689
12/3/2023,KE,Kenya,AFRO,0,344094,0,5689
12/10/2023,KE,Kenya,AFRO,0,344094,0,5689
12/17/2023,KE,Kenya,AFRO,0,344094,0,5689
12/24/2023,KE,Kenya,AFRO,0,344094,0,5689
1/5/2020,KI,Kiribati,WPRO,0,0,0,0
1/12/2020,KI,Kiribati,WPRO,0,0,0,0
1/19/2020,KI,Kiribati,WPRO,0,0,0,0
1/26/2020,KI,Kiribati,WPRO,0,0,0,0
2/2/2020,KI,Kiribati,WPRO,0,0,0,0
2/9/2020,KI,Kiribati,WPRO,0,0,0,0
2/16/2020,KI,Kiribati,WPRO,0,0,0,0
2/23/2020,KI,Kiribati,WPRO,0,0,0,0
3/1/2020,KI,Kiribati,WPRO,0,0,0,0
3/8/2020,KI,Kiribati,WPRO,0,0,0,0
3/15/2020,KI,Kiribati,WPRO,0,0,0,0
3/22/2020,KI,Kiribati,WPRO,0,0,0,0
3/29/2020,KI,Kiribati,WPRO,0,0,0,0
4/5/2020,KI,Kiribati,WPRO,0,0,0,0
4/12/2020,KI,Kiribati,WPRO,0,0,0,0
4/19/2020,KI,Kiribati,WPRO,0,0,0,0
4/26/2020,KI,Kiribati,WPRO,0,0,0,0
5/3/2020,KI,Kiribati,WPRO,0,0,0,0
5/10/2020,KI,Kiribati,WPRO,0,0,0,0
5/17/2020,KI,Kiribati,WPRO,0,0,0,0
5/24/2020,KI,Kiribati,WPRO,0,0,0,0
5/31/2020,KI,Kiribati,WPRO,0,0,0,0
6/7/2020,KI,Kiribati,WPRO,0,0,0,0
6/14/2020,KI,Kiribati,WPRO,0,0,0,0
6/21/2020,KI,Kiribati,WPRO,0,0,0,0
6/28/2020,KI,Kiribati,WPRO,0,0,0,0
7/5/2020,KI,Kiribati,WPRO,0,0,0,0
7/12/2020,KI,Kiribati,WPRO,0,0,0,0
7/19/2020,KI,Kiribati,WPRO,0,0,0,0
7/26/2020,KI,Kiribati,WPRO,0,0,0,0
8/2/2020,KI,Kiribati,WPRO,0,0,0,0
8/9/2020,KI,Kiribati,WPRO,0,0,0,0
8/16/2020,KI,Kiribati,WPRO,0,0,0,0
8/23/2020,KI,Kiribati,WPRO,0,0,0,0
8/30/2020,KI,Kiribati,WPRO,0,0,0,0
9/6/2020,KI,Kiribati,WPRO,0,0,0,0
9/13/2020,KI,Kiribati,WPRO,0,0,0,0
9/20/2020,KI,Kiribati,WPRO,0,0,0,0
9/27/2020,KI,Kiribati,WPRO,0,0,0,0
10/4/2020,KI,Kiribati,WPRO,0,0,0,0
10/11/2020,KI,Kiribati,WPRO,0,0,0,0
10/18/2020,KI,Kiribati,WPRO,0,0,0,0
10/25/2020,KI,Kiribati,WPRO,0,0,0,0
11/1/2020,KI,Kiribati,WPRO,0,0,0,0
11/8/2020,KI,Kiribati,WPRO,0,0,0,0
11/15/2020,KI,Kiribati,WPRO,0,0,0,0
11/22/2020,KI,Kiribati,WPRO,0,0,0,0
11/29/2020,KI,Kiribati,WPRO,0,0,0,0
12/6/2020,KI,Kiribati,WPRO,0,0,0,0
12/13/2020,KI,Kiribati,WPRO,0,0,0,0
12/20/2020,KI,Kiribati,WPRO,0,0,0,0
12/27/2020,KI,Kiribati,WPRO,0,0,0,0
1/3/2021,KI,Kiribati,WPRO,0,0,0,0
1/10/2021,KI,Kiribati,WPRO,0,0,0,0
1/17/2021,KI,Kiribati,WPRO,0,0,0,0
1/24/2021,KI,Kiribati,WPRO,0,0,0,0
1/31/2021,KI,Kiribati,WPRO,0,0,0,0
2/7/2021,KI,Kiribati,WPRO,0,0,0,0
2/14/2021,KI,Kiribati,WPRO,0,0,0,0
2/21/2021,KI,Kiribati,WPRO,0,0,0,0
2/28/2021,KI,Kiribati,WPRO,0,0,0,0
3/7/2021,KI,Kiribati,WPRO,0,0,0,0
3/14/2021,KI,Kiribati,WPRO,0,0,0,0
3/21/2021,KI,Kiribati,WPRO,0,0,0,0
3/28/2021,KI,Kiribati,WPRO,0,0,0,0
4/4/2021,KI,Kiribati,WPRO,0,0,0,0
4/11/2021,KI,Kiribati,WPRO,0,0,0,0
4/18/2021,KI,Kiribati,WPRO,0,0,0,0
4/25/2021,KI,Kiribati,WPRO,0,0,0,0
5/2/2021,KI,Kiribati,WPRO,0,0,0,0
5/9/2021,KI,Kiribati,WPRO,0,0,0,0
5/16/2021,KI,Kiribati,WPRO,0,0,0,0
5/23/2021,KI,Kiribati,WPRO,0,0,0,0
5/30/2021,KI,Kiribati,WPRO,0,0,0,0
6/6/2021,KI,Kiribati,WPRO,0,0,0,0
6/13/2021,KI,Kiribati,WPRO,0,0,0,0
6/20/2021,KI,Kiribati,WPRO,0,0,0,0
6/27/2021,KI,Kiribati,WPRO,0,0,0,0
7/4/2021,KI,Kiribati,WPRO,0,0,0,0
7/11/2021,KI,Kiribati,WPRO,0,0,0,0
7/18/2021,KI,Kiribati,WPRO,0,0,0,0
7/25/2021,KI,Kiribati,WPRO,0,0,0,0
8/1/2021,KI,Kiribati,WPRO,0,0,0,0
8/8/2021,KI,Kiribati,WPRO,0,0,0,0
8/15/2021,KI,Kiribati,WPRO,0,0,0,0
8/22/2021,KI,Kiribati,WPRO,0,0,0,0
8/29/2021,KI,Kiribati,WPRO,0,0,0,0
9/5/2021,KI,Kiribati,WPRO,0,0,0,0
9/12/2021,KI,Kiribati,WPRO,0,0,0,0
9/19/2021,KI,Kiribati,WPRO,0,0,0,0
9/26/2021,KI,Kiribati,WPRO,0,0,0,0
10/3/2021,KI,Kiribati,WPRO,0,0,0,0
10/10/2021,KI,Kiribati,WPRO,0,0,0,0
10/17/2021,KI,Kiribati,WPRO,0,0,0,0
10/24/2021,KI,Kiribati,WPRO,0,0,0,0
10/31/2021,KI,Kiribati,WPRO,0,0,0,0
11/7/2021,KI,Kiribati,WPRO,0,0,0,0
11/14/2021,KI,Kiribati,WPRO,0,0,0,0
11/21/2021,KI,Kiribati,WPRO,0,0,0,0
11/28/2021,KI,Kiribati,WPRO,0,0,0,0
12/5/2021,KI,Kiribati,WPRO,0,0,0,0
12/12/2021,KI,Kiribati,WPRO,0,0,0,0
12/19/2021,KI,Kiribati,WPRO,0,0,0,0
12/26/2021,KI,Kiribati,WPRO,0,0,0,0
1/2/2022,KI,Kiribati,WPRO,0,0,0,0
1/9/2022,KI,Kiribati,WPRO,0,0,0,0
1/16/2022,KI,Kiribati,WPRO,0,0,0,0
1/23/2022,KI,Kiribati,WPRO,59,59,0,0
1/30/2022,KI,Kiribati,WPRO,305,364,0,0
2/6/2022,KI,Kiribati,WPRO,1179,1543,0,0
2/13/2022,KI,Kiribati,WPRO,1005,2548,3,3
2/20/2022,KI,Kiribati,WPRO,285,2833,8,11
2/27/2022,KI,Kiribati,WPRO,81,2914,0,11
3/6/2022,KI,Kiribati,WPRO,71,2985,0,11
3/13/2022,KI,Kiribati,WPRO,42,3027,2,13
3/20/2022,KI,Kiribati,WPRO,22,3049,0,13
3/27/2022,KI,Kiribati,WPRO,16,3065,0,13
4/3/2022,KI,Kiribati,WPRO,2,3067,0,13
4/10/2022,KI,Kiribati,WPRO,2,3069,0,13
4/17/2022,KI,Kiribati,WPRO,0,3069,0,13
4/24/2022,KI,Kiribati,WPRO,7,3076,0,13
5/1/2022,KI,Kiribati,WPRO,8,3084,0,13
5/8/2022,KI,Kiribati,WPRO,5,3089,0,13
5/15/2022,KI,Kiribati,WPRO,4,3093,0,13
5/22/2022,KI,Kiribati,WPRO,5,3098,0,13
5/29/2022,KI,Kiribati,WPRO,0,3098,0,13
6/5/2022,KI,Kiribati,WPRO,0,3098,0,13
6/12/2022,KI,Kiribati,WPRO,111,3209,0,13
6/19/2022,KI,Kiribati,WPRO,6,3215,0,13
6/26/2022,KI,Kiribati,WPRO,21,3236,0,13
7/3/2022,KI,Kiribati,WPRO,0,3236,0,13
7/10/2022,KI,Kiribati,WPRO,0,3236,0,13
7/17/2022,KI,Kiribati,WPRO,0,3236,0,13
7/24/2022,KI,Kiribati,WPRO,194,3430,0,13
7/31/2022,KI,Kiribati,WPRO,0,3430,0,13
8/7/2022,KI,Kiribati,WPRO,0,3430,0,13
8/14/2022,KI,Kiribati,WPRO,0,3430,0,13
8/21/2022,KI,Kiribati,WPRO,0,3430,0,13
8/28/2022,KI,Kiribati,WPRO,0,3430,0,13
9/4/2022,KI,Kiribati,WPRO,0,3430,0,13
9/11/2022,KI,Kiribati,WPRO,0,3430,0,13
9/18/2022,KI,Kiribati,WPRO,0,3430,0,13
9/25/2022,KI,Kiribati,WPRO,0,3430,0,13
10/2/2022,KI,Kiribati,WPRO,0,3430,0,13
10/9/2022,KI,Kiribati,WPRO,0,3430,0,13
10/16/2022,KI,Kiribati,WPRO,0,3430,0,13
10/23/2022,KI,Kiribati,WPRO,0,3430,0,13
10/30/2022,KI,Kiribati,WPRO,0,3430,0,13
11/6/2022,KI,Kiribati,WPRO,0,3430,0,13
11/13/2022,KI,Kiribati,WPRO,0,3430,0,13
11/20/2022,KI,Kiribati,WPRO,0,3430,0,13
11/27/2022,KI,Kiribati,WPRO,0,3430,0,13
12/4/2022,KI,Kiribati,WPRO,0,3430,0,13
12/11/2022,KI,Kiribati,WPRO,0,3430,0,13
12/18/2022,KI,Kiribati,WPRO,0,3430,0,13
12/25/2022,KI,Kiribati,WPRO,0,3430,0,13
1/1/2023,KI,Kiribati,WPRO,0,3430,0,13
1/8/2023,KI,Kiribati,WPRO,0,3430,0,13
1/15/2023,KI,Kiribati,WPRO,1491,4921,0,13
1/22/2023,KI,Kiribati,WPRO,70,4991,0,13
1/29/2023,KI,Kiribati,WPRO,17,5008,0,13
2/5/2023,KI,Kiribati,WPRO,0,5008,5,18
2/12/2023,KI,Kiribati,WPRO,4,5012,0,18
2/19/2023,KI,Kiribati,WPRO,0,5012,0,18
2/26/2023,KI,Kiribati,WPRO,1,5013,0,18
3/5/2023,KI,Kiribati,WPRO,1,5014,0,18
3/12/2023,KI,Kiribati,WPRO,0,5014,0,18
3/19/2023,KI,Kiribati,WPRO,0,5014,0,18
3/26/2023,KI,Kiribati,WPRO,0,5014,0,18
4/2/2023,KI,Kiribati,WPRO,0,5014,0,18
4/9/2023,KI,Kiribati,WPRO,0,5014,0,18
4/16/2023,KI,Kiribati,WPRO,0,5014,0,18
4/23/2023,KI,Kiribati,WPRO,11,5025,6,24
4/30/2023,KI,Kiribati,WPRO,0,5025,0,24
5/7/2023,KI,Kiribati,WPRO,0,5025,0,24
5/14/2023,KI,Kiribati,WPRO,0,5025,0,24
5/21/2023,KI,Kiribati,WPRO,2,5027,0,24
5/28/2023,KI,Kiribati,WPRO,2,5029,0,24
6/4/2023,KI,Kiribati,WPRO,8,5037,0,24
6/11/2023,KI,Kiribati,WPRO,0,5037,0,24
6/18/2023,KI,Kiribati,WPRO,0,5037,0,24
6/25/2023,KI,Kiribati,WPRO,44,5081,0,24
7/2/2023,KI,Kiribati,WPRO,0,5081,0,24
7/9/2023,KI,Kiribati,WPRO,1,5082,0,24
7/16/2023,KI,Kiribati,WPRO,0,5082,0,24
7/23/2023,KI,Kiribati,WPRO,0,5082,0,24
7/30/2023,KI,Kiribati,WPRO,0,5082,0,24
8/6/2023,KI,Kiribati,WPRO,0,5082,0,24
8/13/2023,KI,Kiribati,WPRO,3,5085,0,24
8/20/2023,KI,Kiribati,WPRO,0,5085,0,24
8/27/2023,KI,Kiribati,WPRO,0,5085,0,24
9/3/2023,KI,Kiribati,WPRO,0,5085,0,24
9/10/2023,KI,Kiribati,WPRO,0,5085,0,24
9/17/2023,KI,Kiribati,WPRO,0,5085,0,24
9/24/2023,KI,Kiribati,WPRO,0,5085,0,24
10/1/2023,KI,Kiribati,WPRO,0,5085,0,24
10/8/2023,KI,Kiribati,WPRO,0,5085,0,24
10/15/2023,KI,Kiribati,WPRO,0,5085,0,24
10/22/2023,KI,Kiribati,WPRO,0,5085,0,24
10/29/2023,KI,Kiribati,WPRO,0,5085,0,24
11/5/2023,KI,Kiribati,WPRO,0,5085,0,24
11/12/2023,KI,Kiribati,WPRO,0,5085,0,24
11/19/2023,KI,Kiribati,WPRO,0,5085,0,24
11/26/2023,KI,Kiribati,WPRO,0,5085,0,24
12/3/2023,KI,Kiribati,WPRO,0,5085,0,24
12/10/2023,KI,Kiribati,WPRO,0,5085,0,24
12/17/2023,KI,Kiribati,WPRO,0,5085,0,24
12/24/2023,KI,Kiribati,WPRO,0,5085,0,24
1/5/2020,XK,Kosovo (in accordance with UN Security Council resolution 1244 (1999)),EURO,0,0,0,0
1/12/2020,XK,Kosovo (in accordance with UN Security Council resolution 1244 (1999)),EURO,0,0,0,0
1/19/2020,XK,Kosovo (in accordance with UN Security Council resolution 1244 (1999)),EURO,0,0,0,0
1/26/2020,XK,Kosovo (in accordance with UN Security Council resolution 1244 (1999)),EURO,0,0,0,0
2/2/2020,XK,Kosovo (in accordance with UN Security Council resolution 1244 (1999)),EURO,0,0,0,0
2/9/2020,XK,Kosovo (in accordance with UN Security Council resolution 1244 (1999)),EURO,0,0,0,0
2/16/2020,XK,Kosovo (in accordance with UN Security Council resolution 1244 (1999)),EURO,0,0,0,0
2/23/2020,XK,Kosovo (in accordance with UN Security Council resolution 1244 (1999)),EURO,0,0,0,0
3/1/2020,XK,Kosovo (in accordance with UN Security Council resolution 1244 (1999)),EURO,0,0,0,0
3/8/2020,XK,Kosovo (in accordance with UN Security Council resolution 1244 (1999)),EURO,0,0,0,0
3/15/2020,XK,Kosovo (in accordance with UN Security Council resolution 1244 (1999)),EURO,2,2,0,0
3/22/2020,XK,Kosovo (in accordance with UN Security Council resolution 1244 (1999)),EURO,29,31,1,1
3/29/2020,XK,Kosovo (in accordance with UN Security Council resolution 1244 (1999)),EURO,60,91,0,1
4/5/2020,XK,Kosovo (in accordance with UN Security Council resolution 1244 (1999)),EURO,49,140,0,1
4/12/2020,XK,Kosovo (in accordance with UN Security Council resolution 1244 (1999)),EURO,143,283,6,7
4/19/2020,XK,Kosovo (in accordance with UN Security Council resolution 1244 (1999)),EURO,227,510,6,13
4/26/2020,XK,Kosovo (in accordance with UN Security Council resolution 1244 (1999)),EURO,221,731,3,16
5/3/2020,XK,Kosovo (in accordance with UN Security Council resolution 1244 (1999)),EURO,92,823,1,17
5/10/2020,XK,Kosovo (in accordance with UN Security Council resolution 1244 (1999)),EURO,47,870,2,19
5/17/2020,XK,Kosovo (in accordance with UN Security Council resolution 1244 (1999)),EURO,74,944,1,20
5/24/2020,XK,Kosovo (in accordance with UN Security Council resolution 1244 (1999)),EURO,81,1025,0,20
5/31/2020,XK,Kosovo (in accordance with UN Security Council resolution 1244 (1999)),EURO,39,1064,1,21
6/7/2020,XK,Kosovo (in accordance with UN Security Council resolution 1244 (1999)),EURO,87,1151,0,21
6/14/2020,XK,Kosovo (in accordance with UN Security Council resolution 1244 (1999)),EURO,286,1437,2,23
6/21/2020,XK,Kosovo (in accordance with UN Security Council resolution 1244 (1999)),EURO,593,2030,2,25
6/28/2020,XK,Kosovo (in accordance with UN Security Council resolution 1244 (1999)),EURO,517,2547,12,37
7/5/2020,XK,Kosovo (in accordance with UN Security Council resolution 1244 (1999)),EURO,766,3313,17,54
7/12/2020,XK,Kosovo (in accordance with UN Security Council resolution 1244 (1999)),EURO,1359,4672,37,91
7/19/2020,XK,Kosovo (in accordance with UN Security Council resolution 1244 (1999)),EURO,902,5574,29,120
7/26/2020,XK,Kosovo (in accordance with UN Security Council resolution 1244 (1999)),EURO,1300,6874,39,159
8/2/2020,XK,Kosovo (in accordance with UN Security Council resolution 1244 (1999)),EURO,1637,8511,68,227
8/9/2020,XK,Kosovo (in accordance with UN Security Council resolution 1244 (1999)),EURO,1505,10016,78,305
8/16/2020,XK,Kosovo (in accordance with UN Security Council resolution 1244 (1999)),EURO,1216,11232,75,380
8/23/2020,XK,Kosovo (in accordance with UN Security Council resolution 1244 (1999)),EURO,1062,12294,67,447
8/30/2020,XK,Kosovo (in accordance with UN Security Council resolution 1244 (1999)),EURO,878,13172,51,498
9/6/2020,XK,Kosovo (in accordance with UN Security Council resolution 1244 (1999)),EURO,812,13984,48,546
9/13/2020,XK,Kosovo (in accordance with UN Security Council resolution 1244 (1999)),EURO,539,14523,33,579
9/20/2020,XK,Kosovo (in accordance with UN Security Council resolution 1244 (1999)),EURO,436,14959,22,601
9/27/2020,XK,Kosovo (in accordance with UN Security Council resolution 1244 (1999)),EURO,423,15382,8,609
10/4/2020,XK,Kosovo (in accordance with UN Security Council resolution 1244 (1999)),EURO,333,15715,11,620
10/11/2020,XK,Kosovo (in accordance with UN Security Council resolution 1244 (1999)),EURO,372,16087,15,635
10/18/2020,XK,Kosovo (in accordance with UN Security Council resolution 1244 (1999)),EURO,624,16711,7,642
10/25/2020,XK,Kosovo (in accordance with UN Security Council resolution 1244 (1999)),EURO,1003,17714,9,651
11/1/2020,XK,Kosovo (in accordance with UN Security Council resolution 1244 (1999)),EURO,2085,19799,20,671
11/8/2020,XK,Kosovo (in accordance with UN Security Council resolution 1244 (1999)),EURO,3583,23382,63,734
11/15/2020,XK,Kosovo (in accordance with UN Security Council resolution 1244 (1999)),EURO,5191,28573,65,799
11/22/2020,XK,Kosovo (in accordance with UN Security Council resolution 1244 (1999)),EURO,4972,33545,95,894
11/29/2020,XK,Kosovo (in accordance with UN Security Council resolution 1244 (1999)),EURO,4843,38388,85,979
12/6/2020,XK,Kosovo (in accordance with UN Security Council resolution 1244 (1999)),EURO,3906,42294,98,1077
12/13/2020,XK,Kosovo (in accordance with UN Security Council resolution 1244 (1999)),EURO,3781,46075,99,1176
12/20/2020,XK,Kosovo (in accordance with UN Security Council resolution 1244 (1999)),EURO,2564,48639,62,1238
12/27/2020,XK,Kosovo (in accordance with UN Security Council resolution 1244 (1999)),EURO,1723,50362,57,1295
1/3/2021,XK,Kosovo (in accordance with UN Security Council resolution 1244 (1999)),EURO,1326,51688,35,1330
1/10/2021,XK,Kosovo (in accordance with UN Security Council resolution 1244 (1999)),EURO,1792,53480,35,1365
1/17/2021,XK,Kosovo (in accordance with UN Security Council resolution 1244 (1999)),EURO,1975,55455,30,1395
1/24/2021,XK,Kosovo (in accordance with UN Security Council resolution 1244 (1999)),EURO,2201,57656,45,1440
1/31/2021,XK,Kosovo (in accordance with UN Security Council resolution 1244 (1999)),EURO,2235,59891,42,1482
2/7/2021,XK,Kosovo (in accordance with UN Security Council resolution 1244 (1999)),EURO,2075,61966,28,1510
2/14/2021,XK,Kosovo (in accordance with UN Security Council resolution 1244 (1999)),EURO,2086,64052,24,1534
2/21/2021,XK,Kosovo (in accordance with UN Security Council resolution 1244 (1999)),EURO,1887,65939,27,1561
2/28/2021,XK,Kosovo (in accordance with UN Security Council resolution 1244 (1999)),EURO,2821,68760,24,1585
3/7/2021,XK,Kosovo (in accordance with UN Security Council resolution 1244 (1999)),EURO,3697,72457,45,1630
3/14/2021,XK,Kosovo (in accordance with UN Security Council resolution 1244 (1999)),EURO,4188,76645,56,1686
3/21/2021,XK,Kosovo (in accordance with UN Security Council resolution 1244 (1999)),EURO,4704,81349,56,1742
3/28/2021,XK,Kosovo (in accordance with UN Security Council resolution 1244 (1999)),EURO,5675,87024,78,1820
4/4/2021,XK,Kosovo (in accordance with UN Security Council resolution 1244 (1999)),EURO,5908,92932,76,1896
4/11/2021,XK,Kosovo (in accordance with UN Security Council resolution 1244 (1999)),EURO,4492,97424,70,1966
4/18/2021,XK,Kosovo (in accordance with UN Security Council resolution 1244 (1999)),EURO,3686,101110,85,2051
4/25/2021,XK,Kosovo (in accordance with UN Security Council resolution 1244 (1999)),EURO,2662,103772,57,2108
5/2/2021,XK,Kosovo (in accordance with UN Security Council resolution 1244 (1999)),EURO,1560,105332,60,2168
5/9/2021,XK,Kosovo (in accordance with UN Security Council resolution 1244 (1999)),EURO,970,106302,25,2193
5/16/2021,XK,Kosovo (in accordance with UN Security Council resolution 1244 (1999)),EURO,498,106800,20,2213
5/23/2021,XK,Kosovo (in accordance with UN Security Council resolution 1244 (1999)),EURO,370,107170,16,2229
5/30/2021,XK,Kosovo (in accordance with UN Security Council resolution 1244 (1999)),EURO,169,107339,4,2233
6/6/2021,XK,Kosovo (in accordance with UN Security Council resolution 1244 (1999)),EURO,104,107443,1,2234
6/13/2021,XK,Kosovo (in accordance with UN Security Council resolution 1244 (1999)),EURO,85,107528,5,2239
6/20/2021,XK,Kosovo (in accordance with UN Security Council resolution 1244 (1999)),EURO,74,107602,2,2241
6/27/2021,XK,Kosovo (in accordance with UN Security Council resolution 1244 (1999)),EURO,80,107682,6,2247
7/4/2021,XK,Kosovo (in accordance with UN Security Council resolution 1244 (1999)),EURO,63,107745,3,2250
7/11/2021,XK,Kosovo (in accordance with UN Security Council resolution 1244 (1999)),EURO,54,107799,4,2254
7/18/2021,XK,Kosovo (in accordance with UN Security Council resolution 1244 (1999)),EURO,54,107853,0,2254
7/25/2021,XK,Kosovo (in accordance with UN Security Council resolution 1244 (1999)),EURO,96,107949,1,2255
8/1/2021,XK,Kosovo (in accordance with UN Security Council resolution 1244 (1999)),EURO,373,108322,1,2256
8/8/2021,XK,Kosovo (in accordance with UN Security Council resolution 1244 (1999)),EURO,1297,109619,5,2261
8/15/2021,XK,Kosovo (in accordance with UN Security Council resolution 1244 (1999)),EURO,5489,115108,9,2270
8/22/2021,XK,Kosovo (in accordance with UN Security Council resolution 1244 (1999)),EURO,12476,127584,35,2305
8/29/2021,XK,Kosovo (in accordance with UN Security Council resolution 1244 (1999)),EURO,13475,141059,107,2412
9/5/2021,XK,Kosovo (in accordance with UN Security Council resolution 1244 (1999)),EURO,10177,151236,183,2595
9/12/2021,XK,Kosovo (in accordance with UN Security Council resolution 1244 (1999)),EURO,5299,156535,167,2762
9/19/2021,XK,Kosovo (in accordance with UN Security Council resolution 1244 (1999)),EURO,2356,158891,117,2879
9/26/2021,XK,Kosovo (in accordance with UN Security Council resolution 1244 (1999)),EURO,859,159750,42,2921
10/3/2021,XK,Kosovo (in accordance with UN Security Council resolution 1244 (1999)),EURO,377,160127,28,2949
10/10/2021,XK,Kosovo (in accordance with UN Security Council resolution 1244 (1999)),EURO,184,160311,7,2956
10/17/2021,XK,Kosovo (in accordance with UN Security Council resolution 1244 (1999)),EURO,176,160487,7,2963
10/24/2021,XK,Kosovo (in accordance with UN Security Council resolution 1244 (1999)),EURO,92,160579,1,2964
10/31/2021,XK,Kosovo (in accordance with UN Security Council resolution 1244 (1999)),EURO,127,160706,2,2966
11/7/2021,XK,Kosovo (in accordance with UN Security Council resolution 1244 (1999)),EURO,104,160810,2,2968
11/14/2021,XK,Kosovo (in accordance with UN Security Council resolution 1244 (1999)),EURO,81,160891,2,2970
11/21/2021,XK,Kosovo (in accordance with UN Security Council resolution 1244 (1999)),EURO,65,160956,2,2972
11/28/2021,XK,Kosovo (in accordance with UN Security Council resolution 1244 (1999)),EURO,76,161032,1,2973
12/5/2021,XK,Kosovo (in accordance with UN Security Council resolution 1244 (1999)),EURO,57,161089,1,2974
12/12/2021,XK,Kosovo (in accordance with UN Security Council resolution 1244 (1999)),EURO,61,161150,3,2977
12/19/2021,XK,Kosovo (in accordance with UN Security Council resolution 1244 (1999)),EURO,65,161215,2,2979
12/26/2021,XK,Kosovo (in accordance with UN Security Council resolution 1244 (1999)),EURO,69,161284,0,2979
1/2/2022,XK,Kosovo (in accordance with UN Security Council resolution 1244 (1999)),EURO,204,161488,2,2981
1/9/2022,XK,Kosovo (in accordance with UN Security Council resolution 1244 (1999)),EURO,842,162330,0,2981
1/16/2022,XK,Kosovo (in accordance with UN Security Council resolution 1244 (1999)),EURO,2990,165320,3,2984
1/23/2022,XK,Kosovo (in accordance with UN Security Council resolution 1244 (1999)),EURO,13126,178446,3,2987
1/30/2022,XK,Kosovo (in accordance with UN Security Council resolution 1244 (1999)),EURO,23466,201912,15,3002
2/6/2022,XK,Kosovo (in accordance with UN Security Council resolution 1244 (1999)),EURO,14290,216202,25,3027
2/13/2022,XK,Kosovo (in accordance with UN Security Council resolution 1244 (1999)),EURO,6094,222296,31,3058
2/20/2022,XK,Kosovo (in accordance with UN Security Council resolution 1244 (1999)),EURO,2626,224922,30,3088
2/27/2022,XK,Kosovo (in accordance with UN Security Council resolution 1244 (1999)),EURO,1147,226069,14,3102
3/6/2022,XK,Kosovo (in accordance with UN Security Council resolution 1244 (1999)),EURO,467,226536,5,3107
3/13/2022,XK,Kosovo (in accordance with UN Security Council resolution 1244 (1999)),EURO,266,226802,7,3114
3/20/2022,XK,Kosovo (in accordance with UN Security Council resolution 1244 (1999)),EURO,248,227050,3,3117
3/27/2022,XK,Kosovo (in accordance with UN Security Council resolution 1244 (1999)),EURO,231,227281,3,3120
4/3/2022,XK,Kosovo (in accordance with UN Security Council resolution 1244 (1999)),EURO,209,227490,6,3126
4/10/2022,XK,Kosovo (in accordance with UN Security Council resolution 1244 (1999)),EURO,176,227666,2,3128
4/17/2022,XK,Kosovo (in accordance with UN Security Council resolution 1244 (1999)),EURO,129,227795,0,3128
4/24/2022,XK,Kosovo (in accordance with UN Security Council resolution 1244 (1999)),EURO,115,227910,0,3128
5/1/2022,XK,Kosovo (in accordance with UN Security Council resolution 1244 (1999)),EURO,120,228030,0,3128
5/8/2022,XK,Kosovo (in accordance with UN Security Council resolution 1244 (1999)),EURO,65,228095,0,3128
5/15/2022,XK,Kosovo (in accordance with UN Security Council resolution 1244 (1999)),EURO,80,228175,1,3129
5/22/2022,XK,Kosovo (in accordance with UN Security Council resolution 1244 (1999)),EURO,81,228256,0,3129
5/29/2022,XK,Kosovo (in accordance with UN Security Council resolution 1244 (1999)),EURO,49,228305,0,3129
6/5/2022,XK,Kosovo (in accordance with UN Security Council resolution 1244 (1999)),EURO,45,228350,0,3129
6/12/2022,XK,Kosovo (in accordance with UN Security Council resolution 1244 (1999)),EURO,37,228387,0,3129
6/19/2022,XK,Kosovo (in accordance with UN Security Council resolution 1244 (1999)),EURO,93,228480,0,3129
6/26/2022,XK,Kosovo (in accordance with UN Security Council resolution 1244 (1999)),EURO,199,228679,1,3130
7/3/2022,XK,Kosovo (in accordance with UN Security Council resolution 1244 (1999)),EURO,849,229528,0,3130
7/10/2022,XK,Kosovo (in accordance with UN Security Council resolution 1244 (1999)),EURO,1886,231414,3,3133
7/17/2022,XK,Kosovo (in accordance with UN Security Council resolution 1244 (1999)),EURO,4507,235921,4,3137
7/24/2022,XK,Kosovo (in accordance with UN Security Council resolution 1244 (1999)),EURO,8333,244254,13,3150
7/31/2022,XK,Kosovo (in accordance with UN Security Council resolution 1244 (1999)),EURO,9015,253269,10,3160
8/7/2022,XK,Kosovo (in accordance with UN Security Council resolution 1244 (1999)),EURO,7374,260643,5,3165
8/14/2022,XK,Kosovo (in accordance with UN Security Council resolution 1244 (1999)),EURO,5607,266250,9,3174
8/21/2022,XK,Kosovo (in accordance with UN Security Council resolution 1244 (1999)),EURO,3168,269418,5,3179
8/28/2022,XK,Kosovo (in accordance with UN Security Council resolution 1244 (1999)),EURO,1602,271020,3,3182
9/4/2022,XK,Kosovo (in accordance with UN Security Council resolution 1244 (1999)),EURO,617,271637,6,3188
9/11/2022,XK,Kosovo (in accordance with UN Security Council resolution 1244 (1999)),EURO,242,271879,1,3189
9/18/2022,XK,Kosovo (in accordance with UN Security Council resolution 1244 (1999)),EURO,69,271948,0,3189
9/25/2022,XK,Kosovo (in accordance with UN Security Council resolution 1244 (1999)),EURO,52,272000,0,3189
10/2/2022,XK,Kosovo (in accordance with UN Security Council resolution 1244 (1999)),EURO,32,272032,0,3189
10/9/2022,XK,Kosovo (in accordance with UN Security Council resolution 1244 (1999)),EURO,14,272046,1,3190
10/16/2022,XK,Kosovo (in accordance with UN Security Council resolution 1244 (1999)),EURO,30,272076,0,3190
10/23/2022,XK,Kosovo (in accordance with UN Security Council resolution 1244 (1999)),EURO,19,272095,1,3191
10/30/2022,XK,Kosovo (in accordance with UN Security Council resolution 1244 (1999)),EURO,22,272117,1,3192
11/6/2022,XK,Kosovo (in accordance with UN Security Council resolution 1244 (1999)),EURO,19,272136,0,3192
11/13/2022,XK,Kosovo (in accordance with UN Security Council resolution 1244 (1999)),EURO,17,272153,0,3192
11/20/2022,XK,Kosovo (in accordance with UN Security Council resolution 1244 (1999)),EURO,1,272154,0,3192
11/27/2022,XK,Kosovo (in accordance with UN Security Council resolution 1244 (1999)),EURO,11,272165,0,3192
12/4/2022,XK,Kosovo (in accordance with UN Security Council resolution 1244 (1999)),EURO,5,272170,0,3192
12/11/2022,XK,Kosovo (in accordance with UN Security Council resolution 1244 (1999)),EURO,4,272174,0,3192
12/18/2022,XK,Kosovo (in accordance with UN Security Council resolution 1244 (1999)),EURO,13,272187,0,3192
12/25/2022,XK,Kosovo (in accordance with UN Security Council resolution 1244 (1999)),EURO,18,272205,0,3192
1/1/2023,XK,Kosovo (in accordance with UN Security Council resolution 1244 (1999)),EURO,35,272240,0,3192
1/8/2023,XK,Kosovo (in accordance with UN Security Council resolution 1244 (1999)),EURO,52,272292,0,3192
1/15/2023,XK,Kosovo (in accordance with UN Security Council resolution 1244 (1999)),EURO,65,272357,0,3192
1/22/2023,XK,Kosovo (in accordance with UN Security Council resolution 1244 (1999)),EURO,75,272432,0,3192
1/29/2023,XK,Kosovo (in accordance with UN Security Council resolution 1244 (1999)),EURO,59,272491,0,3192
2/5/2023,XK,Kosovo (in accordance with UN Security Council resolution 1244 (1999)),EURO,74,272565,2,3194
2/12/2023,XK,Kosovo (in accordance with UN Security Council resolution 1244 (1999)),EURO,94,272659,0,3194
2/19/2023,XK,Kosovo (in accordance with UN Security Council resolution 1244 (1999)),EURO,127,272786,2,3196
2/26/2023,XK,Kosovo (in accordance with UN Security Council resolution 1244 (1999)),EURO,173,272959,1,3197
3/5/2023,XK,Kosovo (in accordance with UN Security Council resolution 1244 (1999)),EURO,200,273159,4,3201
3/12/2023,XK,Kosovo (in accordance with UN Security Council resolution 1244 (1999)),EURO,174,273333,0,3201
3/19/2023,XK,Kosovo (in accordance with UN Security Council resolution 1244 (1999)),EURO,173,273506,1,3202
3/26/2023,XK,Kosovo (in accordance with UN Security Council resolution 1244 (1999)),EURO,98,273604,0,3202
4/2/2023,XK,Kosovo (in accordance with UN Security Council resolution 1244 (1999)),EURO,85,273689,2,3204
4/9/2023,XK,Kosovo (in accordance with UN Security Council resolution 1244 (1999)),EURO,69,273758,1,3205
4/16/2023,XK,Kosovo (in accordance with UN Security Council resolution 1244 (1999)),EURO,34,273792,0,3205
4/23/2023,XK,Kosovo (in accordance with UN Security Council resolution 1244 (1999)),EURO,28,273820,1,3206
4/30/2023,XK,Kosovo (in accordance with UN Security Council resolution 1244 (1999)),EURO,26,273846,0,3206
5/7/2023,XK,Kosovo (in accordance with UN Security Council resolution 1244 (1999)),EURO,21,273867,0,3206
5/14/2023,XK,Kosovo (in accordance with UN Security Council resolution 1244 (1999)),EURO,11,273878,0,3206
5/21/2023,XK,Kosovo (in accordance with UN Security Council resolution 1244 (1999)),EURO,10,273888,0,3206
5/28/2023,XK,Kosovo (in accordance with UN Security Council resolution 1244 (1999)),EURO,11,273899,2,3208
6/4/2023,XK,Kosovo (in accordance with UN Security Council resolution 1244 (1999)),EURO,3,273902,0,3208
6/11/2023,XK,Kosovo (in accordance with UN Security Council resolution 1244 (1999)),EURO,4,273906,0,3208
6/18/2023,XK,Kosovo (in accordance with UN Security Council resolution 1244 (1999)),EURO,2,273908,1,3209
6/25/2023,XK,Kosovo (in accordance with UN Security Council resolution 1244 (1999)),EURO,0,273908,0,3209
7/2/2023,XK,Kosovo (in accordance with UN Security Council resolution 1244 (1999)),EURO,1,273909,0,3209
7/9/2023,XK,Kosovo (in accordance with UN Security Council resolution 1244 (1999)),EURO,3,273912,0,3209
7/16/2023,XK,Kosovo (in accordance with UN Security Council resolution 1244 (1999)),EURO,2,273914,0,3209
7/23/2023,XK,Kosovo (in accordance with UN Security Council resolution 1244 (1999)),EURO,0,273914,0,3209
7/30/2023,XK,Kosovo (in accordance with UN Security Council resolution 1244 (1999)),EURO,4,273918,0,3209
8/6/2023,XK,Kosovo (in accordance with UN Security Council resolution 1244 (1999)),EURO,0,273918,0,3209
8/13/2023,XK,Kosovo (in accordance with UN Security Council resolution 1244 (1999)),EURO,5,273923,0,3209
8/20/2023,XK,Kosovo (in accordance with UN Security Council resolution 1244 (1999)),EURO,10,273933,0,3209
8/27/2023,XK,Kosovo (in accordance with UN Security Council resolution 1244 (1999)),EURO,36,273969,0,3209
9/3/2023,XK,Kosovo (in accordance with UN Security Council resolution 1244 (1999)),EURO,24,273993,1,3210
9/10/2023,XK,Kosovo (in accordance with UN Security Council resolution 1244 (1999)),EURO,27,274020,0,3210
9/17/2023,XK,Kosovo (in accordance with UN Security Council resolution 1244 (1999)),EURO,38,274058,0,3210
9/24/2023,XK,Kosovo (in accordance with UN Security Council resolution 1244 (1999)),EURO,53,274111,1,3211
10/1/2023,XK,Kosovo (in accordance with UN Security Council resolution 1244 (1999)),EURO,71,274182,0,3211
10/8/2023,XK,Kosovo (in accordance with UN Security Council resolution 1244 (1999)),EURO,36,274218,0,3211
10/15/2023,XK,Kosovo (in accordance with UN Security Council resolution 1244 (1999)),EURO,29,274247,0,3211
10/22/2023,XK,Kosovo (in accordance with UN Security Council resolution 1244 (1999)),EURO,32,274279,1,3212
10/29/2023,XK,Kosovo (in accordance with UN Security Council resolution 1244 (1999)),EURO,0,274279,0,3212
11/5/2023,XK,Kosovo (in accordance with UN Security Council resolution 1244 (1999)),EURO,0,274279,0,3212
11/12/2023,XK,Kosovo (in accordance with UN Security Council resolution 1244 (1999)),EURO,0,274279,0,3212
11/19/2023,XK,Kosovo (in accordance with UN Security Council resolution 1244 (1999)),EURO,0,274279,0,3212
11/26/2023,XK,Kosovo (in accordance with UN Security Council resolution 1244 (1999)),EURO,0,274279,0,3212
12/3/2023,XK,Kosovo (in accordance with UN Security Council resolution 1244 (1999)),EURO,0,274279,0,3212
12/10/2023,XK,Kosovo (in accordance with UN Security Council resolution 1244 (1999)),EURO,0,274279,0,3212
12/17/2023,XK,Kosovo (in accordance with UN Security Council resolution 1244 (1999)),EURO,0,274279,0,3212
12/24/2023,XK,Kosovo (in accordance with UN Security Council resolution 1244 (1999)),EURO,0,274279,0,3212
1/5/2020,KW,Kuwait,EMRO,0,0,0,0
1/12/2020,KW,Kuwait,EMRO,0,0,0,0
1/19/2020,KW,Kuwait,EMRO,0,0,0,0
1/26/2020,KW,Kuwait,EMRO,0,0,0,0
2/2/2020,KW,Kuwait,EMRO,0,0,0,0
2/9/2020,KW,Kuwait,EMRO,0,0,0,0
2/16/2020,KW,Kuwait,EMRO,0,0,0,0
2/23/2020,KW,Kuwait,EMRO,0,0,0,0
3/1/2020,KW,Kuwait,EMRO,45,45,0,0
3/8/2020,KW,Kuwait,EMRO,16,61,0,0
3/15/2020,KW,Kuwait,EMRO,43,104,0,0
3/22/2020,KW,Kuwait,EMRO,72,176,0,0
3/29/2020,KW,Kuwait,EMRO,59,235,0,0
4/5/2020,KW,Kuwait,EMRO,244,479,0,0
4/12/2020,KW,Kuwait,EMRO,675,1154,1,1
4/19/2020,KW,Kuwait,EMRO,597,1751,5,6
4/26/2020,KW,Kuwait,EMRO,1141,2892,13,19
5/3/2020,KW,Kuwait,EMRO,1727,4619,14,33
5/10/2020,KW,Kuwait,EMRO,3004,7623,16,49
5/17/2020,KW,Kuwait,EMRO,6179,13802,58,107
5/24/2020,KW,Kuwait,EMRO,6662,20464,41,148
5/31/2020,KW,Kuwait,EMRO,5728,26192,57,205
6/7/2020,KW,Kuwait,EMRO,4939,31131,49,254
6/14/2020,KW,Kuwait,EMRO,4335,35466,35,289
6/21/2020,KW,Kuwait,EMRO,3679,39145,30,319
6/28/2020,KW,Kuwait,EMRO,5246,44391,25,344
7/5/2020,KW,Kuwait,EMRO,4912,49303,21,365
7/12/2020,KW,Kuwait,EMRO,4755,54058,21,386
7/19/2020,KW,Kuwait,EMRO,4846,58904,21,407
7/26/2020,KW,Kuwait,EMRO,4405,63309,22,429
8/2/2020,KW,Kuwait,EMRO,4139,67448,24,453
8/9/2020,KW,Kuwait,EMRO,3751,71199,21,474
8/16/2020,KW,Kuwait,EMRO,4498,75697,24,498
8/23/2020,KW,Kuwait,EMRO,4260,79957,15,513
8/30/2020,KW,Kuwait,EMRO,4267,84224,15,528
9/6/2020,KW,Kuwait,EMRO,4739,88963,12,540
9/13/2020,KW,Kuwait,EMRO,5248,94211,18,558
9/20/2020,KW,Kuwait,EMRO,4838,99049,23,581
9/27/2020,KW,Kuwait,EMRO,4150,103199,16,597
10/4/2020,KW,Kuwait,EMRO,3259,106458,23,620
10/11/2020,KW,Kuwait,EMRO,4110,110568,35,655
10/18/2020,KW,Kuwait,EMRO,4915,115483,39,694
10/25/2020,KW,Kuwait,EMRO,5444,120927,50,744
11/1/2020,KW,Kuwait,EMRO,4999,125926,35,779
11/8/2020,KW,Kuwait,EMRO,5279,131205,29,808
11/15/2020,KW,Kuwait,EMRO,5136,136341,27,835
11/22/2020,KW,Kuwait,EMRO,3393,139734,28,863
11/29/2020,KW,Kuwait,EMRO,2461,142195,12,875
12/6/2020,KW,Kuwait,EMRO,1969,144164,14,889
12/13/2020,KW,Kuwait,EMRO,1880,146044,22,911
12/20/2020,KW,Kuwait,EMRO,1731,147775,7,918
12/27/2020,KW,Kuwait,EMRO,1674,149449,11,929
1/3/2021,KW,Kuwait,EMRO,1625,151074,8,937
1/10/2021,KW,Kuwait,EMRO,2826,153900,5,942
1/17/2021,KW,Kuwait,EMRO,3499,157399,5,947
1/24/2021,KW,Kuwait,EMRO,3502,160901,5,952
1/31/2021,KW,Kuwait,EMRO,3721,164622,7,959
2/7/2021,KW,Kuwait,EMRO,5414,170036,5,964
2/14/2021,KW,Kuwait,EMRO,6867,176903,34,998
2/21/2021,KW,Kuwait,EMRO,6419,183322,41,1039
2/28/2021,KW,Kuwait,EMRO,6568,189890,39,1078
3/7/2021,KW,Kuwait,EMRO,9538,199428,42,1120
3/14/2021,KW,Kuwait,EMRO,9032,208460,45,1165
3/21/2021,KW,Kuwait,EMRO,9473,217933,50,1215
3/28/2021,KW,Kuwait,EMRO,9245,227178,64,1279
4/4/2021,KW,Kuwait,EMRO,8811,235989,60,1339
4/11/2021,KW,Kuwait,EMRO,9715,245704,64,1403
4/18/2021,KW,Kuwait,EMRO,10156,255860,37,1440
4/25/2021,KW,Kuwait,EMRO,9544,265404,71,1511
5/2/2021,KW,Kuwait,EMRO,9866,275270,58,1569
5/9/2021,KW,Kuwait,EMRO,8806,284076,66,1635
5/16/2021,KW,Kuwait,EMRO,6725,290801,52,1687
5/23/2021,KW,Kuwait,EMRO,7422,298223,37,1724
5/30/2021,KW,Kuwait,EMRO,8494,306717,40,1764
6/6/2021,KW,Kuwait,EMRO,9183,315900,30,1794
6/13/2021,KW,Kuwait,EMRO,10551,326451,23,1817
6/20/2021,KW,Kuwait,EMRO,10920,337371,45,1862
6/27/2021,KW,Kuwait,EMRO,12552,349923,57,1919
7/4/2021,KW,Kuwait,EMRO,12095,362018,86,2005
7/11/2021,KW,Kuwait,EMRO,12086,374104,95,2100
7/18/2021,KW,Kuwait,EMRO,10469,384573,111,2211
7/25/2021,KW,Kuwait,EMRO,7208,391781,68,2279
8/1/2021,KW,Kuwait,EMRO,6050,397831,41,2320
8/8/2021,KW,Kuwait,EMRO,4963,402794,46,2366
8/15/2021,KW,Kuwait,EMRO,3440,406234,20,2386
8/22/2021,KW,Kuwait,EMRO,1844,408078,17,2403
8/29/2021,KW,Kuwait,EMRO,1285,409363,13,2416
9/5/2021,KW,Kuwait,EMRO,907,410270,7,2423
9/12/2021,KW,Kuwait,EMRO,464,410734,7,2430
9/19/2021,KW,Kuwait,EMRO,390,411124,8,2438
9/26/2021,KW,Kuwait,EMRO,323,411447,7,2445
10/3/2021,KW,Kuwait,EMRO,284,411731,6,2451
10/10/2021,KW,Kuwait,EMRO,317,412048,3,2454
10/17/2021,KW,Kuwait,EMRO,249,412297,2,2456
10/24/2021,KW,Kuwait,EMRO,209,412506,4,2460
10/31/2021,KW,Kuwait,EMRO,147,412653,1,2461
11/7/2021,KW,Kuwait,EMRO,168,412821,1,2462
11/14/2021,KW,Kuwait,EMRO,161,412982,0,2462
11/21/2021,KW,Kuwait,EMRO,138,413120,2,2464
11/28/2021,KW,Kuwait,EMRO,146,413266,1,2465
12/5/2021,KW,Kuwait,EMRO,198,413464,0,2465
12/12/2021,KW,Kuwait,EMRO,208,413672,1,2466
12/19/2021,KW,Kuwait,EMRO,351,414023,0,2466
12/26/2021,KW,Kuwait,EMRO,888,414911,2,2468
1/2/2022,KW,Kuwait,EMRO,2812,417723,0,2468
1/9/2022,KW,Kuwait,EMRO,13197,430920,3,2471
1/16/2022,KW,Kuwait,EMRO,29908,460828,4,2475
1/23/2022,KW,Kuwait,EMRO,32279,493107,10,2485
1/30/2022,KW,Kuwait,EMRO,40955,534062,9,2494
2/6/2022,KW,Kuwait,EMRO,40525,574587,14,2508
2/13/2022,KW,Kuwait,EMRO,24452,599039,11,2519
2/20/2022,KW,Kuwait,EMRO,12781,611820,9,2528
2/27/2022,KW,Kuwait,EMRO,6883,618703,8,2536
3/6/2022,KW,Kuwait,EMRO,3786,622489,8,2544
3/13/2022,KW,Kuwait,EMRO,2972,625461,6,2550
3/20/2022,KW,Kuwait,EMRO,1682,627143,3,2553
3/27/2022,KW,Kuwait,EMRO,1317,628460,0,2553
4/3/2022,KW,Kuwait,EMRO,1065,629525,1,2554
4/10/2022,KW,Kuwait,EMRO,797,630322,1,2555
4/17/2022,KW,Kuwait,EMRO,624,630946,0,2555
4/24/2022,KW,Kuwait,EMRO,463,631409,0,2555
5/1/2022,KW,Kuwait,EMRO,319,631728,0,2555
5/8/2022,KW,Kuwait,EMRO,201,631929,0,2555
5/15/2022,KW,Kuwait,EMRO,440,632369,0,2555
5/22/2022,KW,Kuwait,EMRO,412,632781,0,2555
5/29/2022,KW,Kuwait,EMRO,535,633316,0,2555
6/5/2022,KW,Kuwait,EMRO,851,634167,0,2555
6/12/2022,KW,Kuwait,EMRO,1701,635868,0,2555
6/19/2022,KW,Kuwait,EMRO,2840,638708,0,2555
6/26/2022,KW,Kuwait,EMRO,3277,641985,0,2555
7/3/2022,KW,Kuwait,EMRO,3130,645115,0,2555
7/10/2022,KW,Kuwait,EMRO,2820,647935,1,2556
7/17/2022,KW,Kuwait,EMRO,2150,650085,2,2558
7/24/2022,KW,Kuwait,EMRO,2935,653020,1,2559
7/31/2022,KW,Kuwait,EMRO,1651,654671,3,2562
8/7/2022,KW,Kuwait,EMRO,1061,655732,0,2562
8/14/2022,KW,Kuwait,EMRO,724,656456,1,2563
8/21/2022,KW,Kuwait,EMRO,586,657042,0,2563
8/28/2022,KW,Kuwait,EMRO,353,657395,0,2563
9/4/2022,KW,Kuwait,EMRO,350,657745,0,2563
9/11/2022,KW,Kuwait,EMRO,396,658141,0,2563
9/18/2022,KW,Kuwait,EMRO,576,658717,0,2563
9/25/2022,KW,Kuwait,EMRO,627,659344,0,2563
10/2/2022,KW,Kuwait,EMRO,579,659923,1,2564
10/9/2022,KW,Kuwait,EMRO,744,660667,0,2564
10/16/2022,KW,Kuwait,EMRO,666,661333,1,2565
10/23/2022,KW,Kuwait,EMRO,454,661787,1,2566
10/30/2022,KW,Kuwait,EMRO,336,662123,3,2569
11/6/2022,KW,Kuwait,EMRO,236,662359,0,2569
11/13/2022,KW,Kuwait,EMRO,165,662524,1,2570
11/20/2022,KW,Kuwait,EMRO,107,662631,0,2570
11/27/2022,KW,Kuwait,EMRO,96,662727,0,2570
12/4/2022,KW,Kuwait,EMRO,61,662788,0,2570
12/11/2022,KW,Kuwait,EMRO,70,662858,0,2570
12/18/2022,KW,Kuwait,EMRO,0,662858,0,2570
12/25/2022,KW,Kuwait,EMRO,60,662918,0,2570
1/1/2023,KW,Kuwait,EMRO,52,662970,0,2570
1/8/2023,KW,Kuwait,EMRO,48,663018,0,2570
1/15/2023,KW,Kuwait,EMRO,63,663081,0,2570
1/22/2023,KW,Kuwait,EMRO,65,663146,0,2570
1/29/2023,KW,Kuwait,EMRO,0,663146,0,2570
2/5/2023,KW,Kuwait,EMRO,0,663146,0,2570
2/12/2023,KW,Kuwait,EMRO,128,663274,0,2570
2/19/2023,KW,Kuwait,EMRO,182,663456,0,2570
2/26/2023,KW,Kuwait,EMRO,0,663456,0,2570
3/5/2023,KW,Kuwait,EMRO,403,663859,0,2570
3/12/2023,KW,Kuwait,EMRO,543,664402,0,2570
3/19/2023,KW,Kuwait,EMRO,370,664772,0,2570
3/26/2023,KW,Kuwait,EMRO,350,665122,0,2570
4/2/2023,KW,Kuwait,EMRO,264,665386,0,2570
4/9/2023,KW,Kuwait,EMRO,141,665527,0,2570
4/16/2023,KW,Kuwait,EMRO,118,665645,0,2570
4/23/2023,KW,Kuwait,EMRO,96,665741,0,2570
4/30/2023,KW,Kuwait,EMRO,61,665802,0,2570
5/7/2023,KW,Kuwait,EMRO,49,665851,0,2570
5/14/2023,KW,Kuwait,EMRO,34,665885,0,2570
5/21/2023,KW,Kuwait,EMRO,24,665909,0,2570
5/28/2023,KW,Kuwait,EMRO,22,665931,0,2570
6/4/2023,KW,Kuwait,EMRO,11,665942,0,2570
6/11/2023,KW,Kuwait,EMRO,13,665955,0,2570
6/18/2023,KW,Kuwait,EMRO,12,665967,0,2570
6/25/2023,KW,Kuwait,EMRO,7,665974,0,2570
7/2/2023,KW,Kuwait,EMRO,8,665982,0,2570
7/9/2023,KW,Kuwait,EMRO,23,666005,0,2570
7/16/2023,KW,Kuwait,EMRO,6,666011,0,2570
7/23/2023,KW,Kuwait,EMRO,0,666011,0,2570
7/30/2023,KW,Kuwait,EMRO,0,666011,0,2570
8/6/2023,KW,Kuwait,EMRO,10,666021,0,2570
8/13/2023,KW,Kuwait,EMRO,22,666043,0,2570
8/20/2023,KW,Kuwait,EMRO,38,666081,0,2570
8/27/2023,KW,Kuwait,EMRO,42,666123,0,2570
9/3/2023,KW,Kuwait,EMRO,30,666153,0,2570
9/10/2023,KW,Kuwait,EMRO,53,666206,0,2570
9/17/2023,KW,Kuwait,EMRO,78,666284,0,2570
9/24/2023,KW,Kuwait,EMRO,0,666284,0,2570
10/1/2023,KW,Kuwait,EMRO,49,666333,0,2570
10/8/2023,KW,Kuwait,EMRO,58,666391,0,2570
10/15/2023,KW,Kuwait,EMRO,41,666432,0,2570
10/22/2023,KW,Kuwait,EMRO,28,666460,0,2570
10/29/2023,KW,Kuwait,EMRO,26,666486,0,2570
11/5/2023,KW,Kuwait,EMRO,15,666501,0,2570
11/12/2023,KW,Kuwait,EMRO,11,666512,0,2570
11/19/2023,KW,Kuwait,EMRO,8,666520,0,2570
11/26/2023,KW,Kuwait,EMRO,9,666529,0,2570
12/3/2023,KW,Kuwait,EMRO,9,666538,0,2570
12/10/2023,KW,Kuwait,EMRO,13,666551,0,2570
12/17/2023,KW,Kuwait,EMRO,0,666551,0,2570
12/24/2023,KW,Kuwait,EMRO,35,666586,0,2570
1/5/2020,KG,Kyrgyzstan,EURO,0,0,0,0
1/12/2020,KG,Kyrgyzstan,EURO,0,0,0,0
1/19/2020,KG,Kyrgyzstan,EURO,0,0,0,0
1/26/2020,KG,Kyrgyzstan,EURO,0,0,0,0
2/2/2020,KG,Kyrgyzstan,EURO,0,0,0,0
2/9/2020,KG,Kyrgyzstan,EURO,0,0,0,0
2/16/2020,KG,Kyrgyzstan,EURO,0,0,0,0
2/23/2020,KG,Kyrgyzstan,EURO,0,0,0,0
3/1/2020,KG,Kyrgyzstan,EURO,0,0,0,0
3/8/2020,KG,Kyrgyzstan,EURO,0,0,0,0
3/15/2020,KG,Kyrgyzstan,EURO,0,0,0,0
3/22/2020,KG,Kyrgyzstan,EURO,0,0,0,0
3/29/2020,KG,Kyrgyzstan,EURO,0,0,0,0
4/5/2020,KG,Kyrgyzstan,EURO,0,0,0,0
4/12/2020,KG,Kyrgyzstan,EURO,0,0,0,0
4/19/2020,KG,Kyrgyzstan,EURO,0,0,0,0
4/26/2020,KG,Kyrgyzstan,EURO,0,0,0,0
5/3/2020,KG,Kyrgyzstan,EURO,0,0,0,0
5/10/2020,KG,Kyrgyzstan,EURO,0,0,0,0
5/17/2020,KG,Kyrgyzstan,EURO,0,0,0,0
5/24/2020,KG,Kyrgyzstan,EURO,0,0,0,0
5/31/2020,KG,Kyrgyzstan,EURO,0,0,0,0
6/7/2020,KG,Kyrgyzstan,EURO,0,0,0,0
6/14/2020,KG,Kyrgyzstan,EURO,0,0,0,0
6/21/2020,KG,Kyrgyzstan,EURO,0,0,0,0
6/28/2020,KG,Kyrgyzstan,EURO,0,0,0,0
7/5/2020,KG,Kyrgyzstan,EURO,0,0,0,0
7/12/2020,KG,Kyrgyzstan,EURO,0,0,0,0
7/19/2020,KG,Kyrgyzstan,EURO,0,0,0,0
7/26/2020,KG,Kyrgyzstan,EURO,0,0,0,0
8/2/2020,KG,Kyrgyzstan,EURO,0,0,0,0
8/9/2020,KG,Kyrgyzstan,EURO,0,0,0,0
8/16/2020,KG,Kyrgyzstan,EURO,0,0,0,0
8/23/2020,KG,Kyrgyzstan,EURO,0,0,0,0
8/30/2020,KG,Kyrgyzstan,EURO,0,0,0,0
9/6/2020,KG,Kyrgyzstan,EURO,0,0,0,0
9/13/2020,KG,Kyrgyzstan,EURO,0,0,0,0
9/20/2020,KG,Kyrgyzstan,EURO,0,0,0,0
9/27/2020,KG,Kyrgyzstan,EURO,0,0,0,0
10/4/2020,KG,Kyrgyzstan,EURO,0,0,0,0
10/11/2020,KG,Kyrgyzstan,EURO,0,0,0,0
10/18/2020,KG,Kyrgyzstan,EURO,0,0,0,0
10/25/2020,KG,Kyrgyzstan,EURO,0,0,0,0
11/1/2020,KG,Kyrgyzstan,EURO,0,0,0,0
11/8/2020,KG,Kyrgyzstan,EURO,0,0,0,0
11/15/2020,KG,Kyrgyzstan,EURO,0,0,0,0
11/22/2020,KG,Kyrgyzstan,EURO,0,0,0,0
11/29/2020,KG,Kyrgyzstan,EURO,0,0,0,0
12/6/2020,KG,Kyrgyzstan,EURO,0,0,0,0
12/13/2020,KG,Kyrgyzstan,EURO,0,0,0,0
12/20/2020,KG,Kyrgyzstan,EURO,0,0,0,0
12/27/2020,KG,Kyrgyzstan,EURO,0,0,0,0
1/3/2021,KG,Kyrgyzstan,EURO,0,0,0,0
1/10/2021,KG,Kyrgyzstan,EURO,0,0,0,0
1/17/2021,KG,Kyrgyzstan,EURO,0,0,0,0
1/24/2021,KG,Kyrgyzstan,EURO,0,0,0,0
1/31/2021,KG,Kyrgyzstan,EURO,0,0,0,0
2/7/2021,KG,Kyrgyzstan,EURO,0,0,0,0
2/14/2021,KG,Kyrgyzstan,EURO,0,0,0,0
2/21/2021,KG,Kyrgyzstan,EURO,0,0,0,0
2/28/2021,KG,Kyrgyzstan,EURO,0,0,0,0
3/7/2021,KG,Kyrgyzstan,EURO,0,0,0,0
3/14/2021,KG,Kyrgyzstan,EURO,0,0,0,0
3/21/2021,KG,Kyrgyzstan,EURO,0,0,0,0
3/28/2021,KG,Kyrgyzstan,EURO,0,0,0,0
4/4/2021,KG,Kyrgyzstan,EURO,0,0,0,0
4/11/2021,KG,Kyrgyzstan,EURO,0,0,0,0
4/18/2021,KG,Kyrgyzstan,EURO,0,0,0,0
4/25/2021,KG,Kyrgyzstan,EURO,0,0,0,0
5/2/2021,KG,Kyrgyzstan,EURO,0,0,0,0
5/9/2021,KG,Kyrgyzstan,EURO,0,0,0,0
5/16/2021,KG,Kyrgyzstan,EURO,0,0,0,0
5/23/2021,KG,Kyrgyzstan,EURO,0,0,0,0
5/30/2021,KG,Kyrgyzstan,EURO,0,0,0,0
6/6/2021,KG,Kyrgyzstan,EURO,0,0,0,0
6/13/2021,KG,Kyrgyzstan,EURO,0,0,0,0
6/20/2021,KG,Kyrgyzstan,EURO,0,0,0,0
6/27/2021,KG,Kyrgyzstan,EURO,6331,6331,45,45
7/4/2021,KG,Kyrgyzstan,EURO,10124,16455,64,109
7/11/2021,KG,Kyrgyzstan,EURO,8908,25363,67,176
7/18/2021,KG,Kyrgyzstan,EURO,9338,34701,73,249
7/25/2021,KG,Kyrgyzstan,EURO,7804,42505,75,324
8/1/2021,KG,Kyrgyzstan,EURO,6623,49128,83,407
8/8/2021,KG,Kyrgyzstan,EURO,4757,53885,63,470
8/15/2021,KG,Kyrgyzstan,EURO,2827,56712,44,514
8/22/2021,KG,Kyrgyzstan,EURO,1821,58533,38,552
8/29/2021,KG,Kyrgyzstan,EURO,1441,59974,35,587
9/5/2021,KG,Kyrgyzstan,EURO,993,60967,30,617
9/12/2021,KG,Kyrgyzstan,EURO,644,61611,20,637
9/19/2021,KG,Kyrgyzstan,EURO,554,62165,16,653
9/26/2021,KG,Kyrgyzstan,EURO,537,62702,12,665
10/3/2021,KG,Kyrgyzstan,EURO,466,63168,6,671
10/10/2021,KG,Kyrgyzstan,EURO,553,63721,12,683
10/17/2021,KG,Kyrgyzstan,EURO,577,64298,16,699
10/24/2021,KG,Kyrgyzstan,EURO,716,65014,19,718
10/31/2021,KG,Kyrgyzstan,EURO,698,65712,17,735
11/7/2021,KG,Kyrgyzstan,EURO,555,66267,17,752
11/14/2021,KG,Kyrgyzstan,EURO,543,66810,18,770
11/21/2021,KG,Kyrgyzstan,EURO,459,67269,20,790
11/28/2021,KG,Kyrgyzstan,EURO,401,67670,16,806
12/5/2021,KG,Kyrgyzstan,EURO,364,68034,17,823
12/12/2021,KG,Kyrgyzstan,EURO,342,68376,10,833
12/19/2021,KG,Kyrgyzstan,EURO,227,68603,14,847
12/26/2021,KG,Kyrgyzstan,EURO,288,68891,13,860
1/2/2022,KG,Kyrgyzstan,EURO,321,69212,8,868
1/9/2022,KG,Kyrgyzstan,EURO,1238,70450,14,882
1/16/2022,KG,Kyrgyzstan,EURO,4403,74853,14,896
1/23/2022,KG,Kyrgyzstan,EURO,5352,80205,18,914
1/30/2022,KG,Kyrgyzstan,EURO,1,80206,0,914
2/6/2022,KG,Kyrgyzstan,EURO,1203,81409,25,939
2/13/2022,KG,Kyrgyzstan,EURO,547,81956,25,964
2/20/2022,KG,Kyrgyzstan,EURO,271,82227,16,980
2/27/2022,KG,Kyrgyzstan,EURO,163,82390,11,991
3/6/2022,KG,Kyrgyzstan,EURO,141,82531,9,1000
3/13/2022,KG,Kyrgyzstan,EURO,101,82632,7,1007
3/20/2022,KG,Kyrgyzstan,EURO,76,82708,7,1014
3/27/2022,KG,Kyrgyzstan,EURO,74,82782,4,1018
4/3/2022,KG,Kyrgyzstan,EURO,76,82858,6,1024
4/10/2022,KG,Kyrgyzstan,EURO,2,82860,0,1024
4/17/2022,KG,Kyrgyzstan,EURO,10,82870,0,1024
4/24/2022,KG,Kyrgyzstan,EURO,10,82880,0,1024
5/1/2022,KG,Kyrgyzstan,EURO,3,82883,0,1024
5/8/2022,KG,Kyrgyzstan,EURO,0,82883,0,1024
5/15/2022,KG,Kyrgyzstan,EURO,3,82886,0,1024
5/22/2022,KG,Kyrgyzstan,EURO,0,82886,0,1024
5/29/2022,KG,Kyrgyzstan,EURO,5,82891,0,1024
6/5/2022,KG,Kyrgyzstan,EURO,2,82893,0,1024
6/12/2022,KG,Kyrgyzstan,EURO,12,82905,0,1024
6/19/2022,KG,Kyrgyzstan,EURO,7,82912,0,1024
6/26/2022,KG,Kyrgyzstan,EURO,29,82941,0,1024
7/3/2022,KG,Kyrgyzstan,EURO,48,82989,0,1024
7/10/2022,KG,Kyrgyzstan,EURO,114,83103,0,1024
7/17/2022,KG,Kyrgyzstan,EURO,489,83592,0,1024
7/24/2022,KG,Kyrgyzstan,EURO,981,84573,0,1024
7/31/2022,KG,Kyrgyzstan,EURO,1091,85664,0,1024
8/7/2022,KG,Kyrgyzstan,EURO,895,86559,0,1024
8/14/2022,KG,Kyrgyzstan,EURO,527,87086,0,1024
8/21/2022,KG,Kyrgyzstan,EURO,339,87425,0,1024
8/28/2022,KG,Kyrgyzstan,EURO,179,87604,0,1024
9/4/2022,KG,Kyrgyzstan,EURO,119,87723,0,1024
9/11/2022,KG,Kyrgyzstan,EURO,85,87808,0,1024
9/18/2022,KG,Kyrgyzstan,EURO,78,87886,0,1024
9/25/2022,KG,Kyrgyzstan,EURO,85,87971,0,1024
10/2/2022,KG,Kyrgyzstan,EURO,77,88048,0,1024
10/9/2022,KG,Kyrgyzstan,EURO,90,88138,0,1024
10/16/2022,KG,Kyrgyzstan,EURO,84,88222,0,1024
10/23/2022,KG,Kyrgyzstan,EURO,65,88287,0,1024
10/30/2022,KG,Kyrgyzstan,EURO,53,88340,0,1024
11/6/2022,KG,Kyrgyzstan,EURO,13,88353,0,1024
11/13/2022,KG,Kyrgyzstan,EURO,19,88372,0,1024
11/20/2022,KG,Kyrgyzstan,EURO,28,88400,0,1024
11/27/2022,KG,Kyrgyzstan,EURO,19,88419,0,1024
12/4/2022,KG,Kyrgyzstan,EURO,12,88431,0,1024
12/11/2022,KG,Kyrgyzstan,EURO,10,88441,0,1024
12/18/2022,KG,Kyrgyzstan,EURO,4,88445,0,1024
12/25/2022,KG,Kyrgyzstan,EURO,10,88455,0,1024
1/1/2023,KG,Kyrgyzstan,EURO,12,88467,0,1024
1/8/2023,KG,Kyrgyzstan,EURO,6,88473,0,1024
1/15/2023,KG,Kyrgyzstan,EURO,2,88475,0,1024
1/22/2023,KG,Kyrgyzstan,EURO,3,88478,0,1024
1/29/2023,KG,Kyrgyzstan,EURO,1,88479,0,1024
2/5/2023,KG,Kyrgyzstan,EURO,7,88486,0,1024
2/12/2023,KG,Kyrgyzstan,EURO,12,88498,0,1024
2/19/2023,KG,Kyrgyzstan,EURO,22,88520,0,1024
2/26/2023,KG,Kyrgyzstan,EURO,40,88560,0,1024
3/5/2023,KG,Kyrgyzstan,EURO,35,88595,0,1024
3/12/2023,KG,Kyrgyzstan,EURO,32,88627,0,1024
3/19/2023,KG,Kyrgyzstan,EURO,29,88656,0,1024
3/26/2023,KG,Kyrgyzstan,EURO,36,88692,0,1024
4/2/2023,KG,Kyrgyzstan,EURO,27,88719,0,1024
4/9/2023,KG,Kyrgyzstan,EURO,17,88736,0,1024
4/16/2023,KG,Kyrgyzstan,EURO,17,88753,0,1024
4/23/2023,KG,Kyrgyzstan,EURO,10,88763,0,1024
4/30/2023,KG,Kyrgyzstan,EURO,12,88775,0,1024
5/7/2023,KG,Kyrgyzstan,EURO,1,88776,0,1024
5/14/2023,KG,Kyrgyzstan,EURO,1,88777,0,1024
5/21/2023,KG,Kyrgyzstan,EURO,2,88779,0,1024
5/28/2023,KG,Kyrgyzstan,EURO,5,88784,0,1024
6/4/2023,KG,Kyrgyzstan,EURO,2,88786,0,1024
6/11/2023,KG,Kyrgyzstan,EURO,3,88789,0,1024
6/18/2023,KG,Kyrgyzstan,EURO,4,88793,0,1024
6/25/2023,KG,Kyrgyzstan,EURO,8,88801,0,1024
7/2/2023,KG,Kyrgyzstan,EURO,2,88803,0,1024
7/9/2023,KG,Kyrgyzstan,EURO,5,88808,0,1024
7/16/2023,KG,Kyrgyzstan,EURO,5,88813,0,1024
7/23/2023,KG,Kyrgyzstan,EURO,2,88815,0,1024
7/30/2023,KG,Kyrgyzstan,EURO,8,88823,0,1024
8/6/2023,KG,Kyrgyzstan,EURO,4,88827,0,1024
8/13/2023,KG,Kyrgyzstan,EURO,4,88831,0,1024
8/20/2023,KG,Kyrgyzstan,EURO,11,88842,0,1024
8/27/2023,KG,Kyrgyzstan,EURO,9,88851,0,1024
9/3/2023,KG,Kyrgyzstan,EURO,7,88858,0,1024
9/10/2023,KG,Kyrgyzstan,EURO,9,88867,0,1024
9/17/2023,KG,Kyrgyzstan,EURO,9,88876,0,1024
9/24/2023,KG,Kyrgyzstan,EURO,13,88889,0,1024
10/1/2023,KG,Kyrgyzstan,EURO,11,88900,0,1024
10/8/2023,KG,Kyrgyzstan,EURO,5,88905,0,1024
10/15/2023,KG,Kyrgyzstan,EURO,3,88908,0,1024
10/22/2023,KG,Kyrgyzstan,EURO,9,88917,0,1024
10/29/2023,KG,Kyrgyzstan,EURO,7,88924,0,1024
11/5/2023,KG,Kyrgyzstan,EURO,0,88924,0,1024
11/12/2023,KG,Kyrgyzstan,EURO,0,88924,0,1024
11/19/2023,KG,Kyrgyzstan,EURO,0,88924,0,1024
11/26/2023,KG,Kyrgyzstan,EURO,0,88924,0,1024
12/3/2023,KG,Kyrgyzstan,EURO,0,88924,0,1024
12/10/2023,KG,Kyrgyzstan,EURO,4,88928,0,1024
12/17/2023,KG,Kyrgyzstan,EURO,1,88929,0,1024
12/24/2023,KG,Kyrgyzstan,EURO,2,88931,0,1024
1/5/2020,LA,Lao People's Democratic Republic,WPRO,0,0,0,0
1/12/2020,LA,Lao People's Democratic Republic,WPRO,0,0,0,0
1/19/2020,LA,Lao People's Democratic Republic,WPRO,0,0,0,0
1/26/2020,LA,Lao People's Democratic Republic,WPRO,0,0,0,0
2/2/2020,LA,Lao People's Democratic Republic,WPRO,0,0,0,0
2/9/2020,LA,Lao People's Democratic Republic,WPRO,0,0,0,0
2/16/2020,LA,Lao People's Democratic Republic,WPRO,0,0,0,0
2/23/2020,LA,Lao People's Democratic Republic,WPRO,0,0,0,0
3/1/2020,LA,Lao People's Democratic Republic,WPRO,0,0,0,0
3/8/2020,LA,Lao People's Democratic Republic,WPRO,0,0,0,0
3/15/2020,LA,Lao People's Democratic Republic,WPRO,0,0,0,0
3/22/2020,LA,Lao People's Democratic Republic,WPRO,0,0,0,0
3/29/2020,LA,Lao People's Democratic Republic,WPRO,6,6,0,0
4/5/2020,LA,Lao People's Democratic Republic,WPRO,4,10,0,0
4/12/2020,LA,Lao People's Democratic Republic,WPRO,6,16,0,0
4/19/2020,LA,Lao People's Democratic Republic,WPRO,3,19,0,0
4/26/2020,LA,Lao People's Democratic Republic,WPRO,0,19,0,0
5/3/2020,LA,Lao People's Democratic Republic,WPRO,0,19,0,0
5/10/2020,LA,Lao People's Democratic Republic,WPRO,0,19,0,0
5/17/2020,LA,Lao People's Democratic Republic,WPRO,0,19,0,0
5/24/2020,LA,Lao People's Democratic Republic,WPRO,0,19,0,0
5/31/2020,LA,Lao People's Democratic Republic,WPRO,0,19,0,0
6/7/2020,LA,Lao People's Democratic Republic,WPRO,0,19,0,0
6/14/2020,LA,Lao People's Democratic Republic,WPRO,0,19,0,0
6/21/2020,LA,Lao People's Democratic Republic,WPRO,0,19,0,0
6/28/2020,LA,Lao People's Democratic Republic,WPRO,0,19,0,0
7/5/2020,LA,Lao People's Democratic Republic,WPRO,0,19,0,0
7/12/2020,LA,Lao People's Democratic Republic,WPRO,0,19,0,0
7/19/2020,LA,Lao People's Democratic Republic,WPRO,0,19,0,0
7/26/2020,LA,Lao People's Democratic Republic,WPRO,1,20,0,0
8/2/2020,LA,Lao People's Democratic Republic,WPRO,0,20,0,0
8/9/2020,LA,Lao People's Democratic Republic,WPRO,0,20,0,0
8/16/2020,LA,Lao People's Democratic Republic,WPRO,2,22,0,0
8/23/2020,LA,Lao People's Democratic Republic,WPRO,0,22,0,0
8/30/2020,LA,Lao People's Democratic Republic,WPRO,0,22,0,0
9/6/2020,LA,Lao People's Democratic Republic,WPRO,0,22,0,0
9/13/2020,LA,Lao People's Democratic Republic,WPRO,1,23,0,0
9/20/2020,LA,Lao People's Democratic Republic,WPRO,0,23,0,0
9/27/2020,LA,Lao People's Democratic Republic,WPRO,0,23,0,0
10/4/2020,LA,Lao People's Democratic Republic,WPRO,0,23,0,0
10/11/2020,LA,Lao People's Democratic Republic,WPRO,0,23,0,0
10/18/2020,LA,Lao People's Democratic Republic,WPRO,0,23,0,0
10/25/2020,LA,Lao People's Democratic Republic,WPRO,1,24,0,0
11/1/2020,LA,Lao People's Democratic Republic,WPRO,0,24,0,0
11/8/2020,LA,Lao People's Democratic Republic,WPRO,0,24,0,0
11/15/2020,LA,Lao People's Democratic Republic,WPRO,0,24,0,0
11/22/2020,LA,Lao People's Democratic Republic,WPRO,1,25,0,0
11/29/2020,LA,Lao People's Democratic Republic,WPRO,14,39,0,0
12/6/2020,LA,Lao People's Democratic Republic,WPRO,0,39,0,0
12/13/2020,LA,Lao People's Democratic Republic,WPRO,2,41,0,0
12/20/2020,LA,Lao People's Democratic Republic,WPRO,0,41,0,0
12/27/2020,LA,Lao People's Democratic Republic,WPRO,0,41,0,0
1/3/2021,LA,Lao People's Democratic Republic,WPRO,0,41,0,0
1/10/2021,LA,Lao People's Democratic Republic,WPRO,0,41,0,0
1/17/2021,LA,Lao People's Democratic Republic,WPRO,0,41,0,0
1/24/2021,LA,Lao People's Democratic Republic,WPRO,2,43,0,0
1/31/2021,LA,Lao People's Democratic Republic,WPRO,1,44,0,0
2/7/2021,LA,Lao People's Democratic Republic,WPRO,1,45,0,0
2/14/2021,LA,Lao People's Democratic Republic,WPRO,0,45,0,0
2/21/2021,LA,Lao People's Democratic Republic,WPRO,0,45,0,0
2/28/2021,LA,Lao People's Democratic Republic,WPRO,0,45,0,0
3/7/2021,LA,Lao People's Democratic Republic,WPRO,2,47,0,0
3/14/2021,LA,Lao People's Democratic Republic,WPRO,2,49,0,0
3/21/2021,LA,Lao People's Democratic Republic,WPRO,0,49,0,0
3/28/2021,LA,Lao People's Democratic Republic,WPRO,0,49,0,0
4/4/2021,LA,Lao People's Democratic Republic,WPRO,0,49,0,0
4/11/2021,LA,Lao People's Democratic Republic,WPRO,2,51,0,0
4/18/2021,LA,Lao People's Democratic Republic,WPRO,7,58,0,0
4/25/2021,LA,Lao People's Democratic Republic,WPRO,254,312,0,0
5/2/2021,LA,Lao People's Democratic Republic,WPRO,568,880,0,0
5/9/2021,LA,Lao People's Democratic Republic,WPRO,362,1242,1,1
5/16/2021,LA,Lao People's Democratic Republic,WPRO,289,1531,1,2
5/23/2021,LA,Lao People's Democratic Republic,WPRO,210,1741,0,2
5/30/2021,LA,Lao People's Democratic Republic,WPRO,110,1851,1,3
6/6/2021,LA,Lao People's Democratic Republic,WPRO,52,1903,0,3
6/13/2021,LA,Lao People's Democratic Republic,WPRO,33,1936,0,3
6/20/2021,LA,Lao People's Democratic Republic,WPRO,57,1993,0,3
6/27/2021,LA,Lao People's Democratic Republic,WPRO,57,2050,0,3
7/4/2021,LA,Lao People's Democratic Republic,WPRO,194,2244,0,3
7/11/2021,LA,Lao People's Democratic Republic,WPRO,475,2719,0,3
7/18/2021,LA,Lao People's Democratic Republic,WPRO,707,3426,2,5
7/25/2021,LA,Lao People's Democratic Republic,WPRO,1336,4762,0,5
8/1/2021,LA,Lao People's Democratic Republic,WPRO,1804,6566,2,7
8/8/2021,LA,Lao People's Democratic Republic,WPRO,1825,8391,1,8
8/15/2021,LA,Lao People's Democratic Republic,WPRO,1701,10092,1,9
8/22/2021,LA,Lao People's Democratic Republic,WPRO,2377,12469,2,11
8/29/2021,LA,Lao People's Democratic Republic,WPRO,2172,14641,1,12
9/5/2021,LA,Lao People's Democratic Republic,WPRO,1292,15933,4,16
9/12/2021,LA,Lao People's Democratic Republic,WPRO,1424,17357,0,16
9/19/2021,LA,Lao People's Democratic Republic,WPRO,1828,19185,0,16
9/26/2021,LA,Lao People's Democratic Republic,WPRO,2634,21819,0,16
10/3/2021,LA,Lao People's Democratic Republic,WPRO,3398,25217,6,22
10/10/2021,LA,Lao People's Democratic Republic,WPRO,3323,28540,4,26
10/17/2021,LA,Lao People's Democratic Republic,WPRO,3489,32029,14,40
10/24/2021,LA,Lao People's Democratic Republic,WPRO,3604,35633,12,52
10/31/2021,LA,Lao People's Democratic Republic,WPRO,4638,40271,13,65
11/7/2021,LA,Lao People's Democratic Republic,WPRO,6785,47056,17,82
11/14/2021,LA,Lao People's Democratic Republic,WPRO,7136,54192,17,99
11/21/2021,LA,Lao People's Democratic Republic,WPRO,7968,62160,33,132
11/28/2021,LA,Lao People's Democratic Republic,WPRO,9358,71518,27,159
12/5/2021,LA,Lao People's Democratic Republic,WPRO,8315,79833,48,207
12/12/2021,LA,Lao People's Democratic Republic,WPRO,9487,89320,40,247
12/19/2021,LA,Lao People's Democratic Republic,WPRO,9252,98572,26,273
12/26/2021,LA,Lao People's Democratic Republic,WPRO,7659,106231,52,325
1/2/2022,LA,Lao People's Democratic Republic,WPRO,6536,112767,55,380
1/9/2022,LA,Lao People's Democratic Republic,WPRO,6113,118880,57,437
1/16/2022,LA,Lao People's Democratic Republic,WPRO,5851,124731,58,495
1/23/2022,LA,Lao People's Democratic Republic,WPRO,5222,129953,31,526
1/30/2022,LA,Lao People's Democratic Republic,WPRO,3571,133524,18,544
2/6/2022,LA,Lao People's Democratic Republic,WPRO,2914,136438,30,574
2/13/2022,LA,Lao People's Democratic Republic,WPRO,2590,139028,20,594
2/20/2022,LA,Lao People's Democratic Republic,WPRO,2055,141083,16,610
2/27/2022,LA,Lao People's Democratic Republic,WPRO,1526,142609,11,621
3/6/2022,LA,Lao People's Democratic Republic,WPRO,1546,144155,8,629
3/13/2022,LA,Lao People's Democratic Republic,WPRO,2173,146328,11,640
3/20/2022,LA,Lao People's Democratic Republic,WPRO,6629,152957,5,645
3/27/2022,LA,Lao People's Democratic Republic,WPRO,15036,167993,16,661
4/3/2022,LA,Lao People's Democratic Republic,WPRO,15567,183560,10,671
4/10/2022,LA,Lao People's Democratic Republic,WPRO,11905,195465,0,671
4/17/2022,LA,Lao People's Democratic Republic,WPRO,4725,200190,0,671
4/24/2022,LA,Lao People's Democratic Republic,WPRO,5080,205270,0,671
5/1/2022,LA,Lao People's Democratic Republic,WPRO,2338,207608,0,671
5/8/2022,LA,Lao People's Democratic Republic,WPRO,1221,208829,0,671
5/15/2022,LA,Lao People's Democratic Republic,WPRO,605,209434,0,671
5/22/2022,LA,Lao People's Democratic Republic,WPRO,294,209728,0,671
5/29/2022,LA,Lao People's Democratic Republic,WPRO,237,209965,0,671
6/5/2022,LA,Lao People's Democratic Republic,WPRO,116,210081,0,671
6/12/2022,LA,Lao People's Democratic Republic,WPRO,66,210147,0,671
6/19/2022,LA,Lao People's Democratic Republic,WPRO,56,210203,0,671
6/26/2022,LA,Lao People's Democratic Republic,WPRO,44,210247,0,671
7/3/2022,LA,Lao People's Democratic Republic,WPRO,59,210306,0,671
7/10/2022,LA,Lao People's Democratic Republic,WPRO,55,210361,0,671
7/17/2022,LA,Lao People's Democratic Republic,WPRO,149,210510,0,671
7/24/2022,LA,Lao People's Democratic Republic,WPRO,256,210766,0,671
7/31/2022,LA,Lao People's Democratic Republic,WPRO,426,211192,0,671
8/7/2022,LA,Lao People's Democratic Republic,WPRO,579,211771,0,671
8/14/2022,LA,Lao People's Democratic Republic,WPRO,552,212323,0,671
8/21/2022,LA,Lao People's Democratic Republic,WPRO,834,213157,0,671
8/28/2022,LA,Lao People's Democratic Republic,WPRO,581,213738,0,671
9/4/2022,LA,Lao People's Democratic Republic,WPRO,619,214357,0,671
9/11/2022,LA,Lao People's Democratic Republic,WPRO,540,214897,0,671
9/18/2022,LA,Lao People's Democratic Republic,WPRO,494,215391,0,671
9/25/2022,LA,Lao People's Democratic Republic,WPRO,300,215691,0,671
10/2/2022,LA,Lao People's Democratic Republic,WPRO,169,215860,0,671
10/9/2022,LA,Lao People's Democratic Republic,WPRO,133,215993,0,671
10/16/2022,LA,Lao People's Democratic Republic,WPRO,95,216088,0,671
10/23/2022,LA,Lao People's Democratic Republic,WPRO,85,216173,0,671
10/30/2022,LA,Lao People's Democratic Republic,WPRO,56,216229,0,671
11/6/2022,LA,Lao People's Democratic Republic,WPRO,48,216277,0,671
11/13/2022,LA,Lao People's Democratic Republic,WPRO,78,216355,0,671
11/20/2022,LA,Lao People's Democratic Republic,WPRO,105,216460,0,671
11/27/2022,LA,Lao People's Democratic Republic,WPRO,132,216592,0,671
12/4/2022,LA,Lao People's Democratic Republic,WPRO,218,216810,0,671
12/11/2022,LA,Lao People's Democratic Republic,WPRO,335,217145,0,671
12/18/2022,LA,Lao People's Democratic Republic,WPRO,267,217412,0,671
12/25/2022,LA,Lao People's Democratic Republic,WPRO,230,217642,0,671
1/1/2023,LA,Lao People's Democratic Republic,WPRO,152,217794,0,671
1/8/2023,LA,Lao People's Democratic Republic,WPRO,63,217857,0,671
1/15/2023,LA,Lao People's Democratic Republic,WPRO,70,217927,0,671
1/22/2023,LA,Lao People's Democratic Republic,WPRO,15,217942,0,671
1/29/2023,LA,Lao People's Democratic Republic,WPRO,20,217962,0,671
2/5/2023,LA,Lao People's Democratic Republic,WPRO,25,217987,0,671
2/12/2023,LA,Lao People's Democratic Republic,WPRO,10,217997,0,671
2/19/2023,LA,Lao People's Democratic Republic,WPRO,9,218006,0,671
2/26/2023,LA,Lao People's Democratic Republic,WPRO,8,218014,0,671
3/5/2023,LA,Lao People's Democratic Republic,WPRO,5,218019,0,671
3/12/2023,LA,Lao People's Democratic Republic,WPRO,4,218023,0,671
3/19/2023,LA,Lao People's Democratic Republic,WPRO,3,218026,0,671
3/26/2023,LA,Lao People's Democratic Republic,WPRO,7,218033,0,671
4/2/2023,LA,Lao People's Democratic Republic,WPRO,4,218037,0,671
4/9/2023,LA,Lao People's Democratic Republic,WPRO,0,218037,0,671
4/16/2023,LA,Lao People's Democratic Republic,WPRO,11,218048,0,671
4/23/2023,LA,Lao People's Democratic Republic,WPRO,21,218069,0,671
4/30/2023,LA,Lao People's Democratic Republic,WPRO,8,218077,0,671
5/7/2023,LA,Lao People's Democratic Republic,WPRO,8,218085,0,671
5/14/2023,LA,Lao People's Democratic Republic,WPRO,13,218098,0,671
5/21/2023,LA,Lao People's Democratic Republic,WPRO,95,218193,0,671
5/28/2023,LA,Lao People's Democratic Republic,WPRO,32,218225,0,671
6/4/2023,LA,Lao People's Democratic Republic,WPRO,37,218262,0,671
6/11/2023,LA,Lao People's Democratic Republic,WPRO,57,218319,0,671
6/18/2023,LA,Lao People's Democratic Republic,WPRO,48,218367,0,671
6/25/2023,LA,Lao People's Democratic Republic,WPRO,52,218419,0,671
7/2/2023,LA,Lao People's Democratic Republic,WPRO,66,218485,0,671
7/9/2023,LA,Lao People's Democratic Republic,WPRO,84,218569,0,671
7/16/2023,LA,Lao People's Democratic Republic,WPRO,78,218647,0,671
7/23/2023,LA,Lao People's Democratic Republic,WPRO,55,218702,0,671
7/30/2023,LA,Lao People's Democratic Republic,WPRO,37,218739,0,671
8/6/2023,LA,Lao People's Democratic Republic,WPRO,23,218762,0,671
8/13/2023,LA,Lao People's Democratic Republic,WPRO,15,218777,0,671
8/20/2023,LA,Lao People's Democratic Republic,WPRO,16,218793,0,671
8/27/2023,LA,Lao People's Democratic Republic,WPRO,12,218805,0,671
9/3/2023,LA,Lao People's Democratic Republic,WPRO,11,218816,0,671
9/10/2023,LA,Lao People's Democratic Republic,WPRO,21,218837,0,671
9/17/2023,LA,Lao People's Democratic Republic,WPRO,16,218853,0,671
9/24/2023,LA,Lao People's Democratic Republic,WPRO,11,218864,0,671
10/1/2023,LA,Lao People's Democratic Republic,WPRO,6,218870,0,671
10/8/2023,LA,Lao People's Democratic Republic,WPRO,6,218876,0,671
10/15/2023,LA,Lao People's Democratic Republic,WPRO,0,218876,0,671
10/22/2023,LA,Lao People's Democratic Republic,WPRO,9,218885,0,671
10/29/2023,LA,Lao People's Democratic Republic,WPRO,6,218891,0,671
11/5/2023,LA,Lao People's Democratic Republic,WPRO,0,218891,0,671
11/12/2023,LA,Lao People's Democratic Republic,WPRO,3,218894,0,671
11/19/2023,LA,Lao People's Democratic Republic,WPRO,2,218896,0,671
11/26/2023,LA,Lao People's Democratic Republic,WPRO,2,218898,0,671
12/3/2023,LA,Lao People's Democratic Republic,WPRO,3,218901,0,671
12/10/2023,LA,Lao People's Democratic Republic,WPRO,0,218901,0,671
12/17/2023,LA,Lao People's Democratic Republic,WPRO,2,218903,0,671
12/24/2023,LA,Lao People's Democratic Republic,WPRO,0,218903,0,671
1/5/2020,LV,Latvia,EURO,0,0,0,0
1/12/2020,LV,Latvia,EURO,0,0,0,0
1/19/2020,LV,Latvia,EURO,0,0,0,0
1/26/2020,LV,Latvia,EURO,0,0,0,0
2/2/2020,LV,Latvia,EURO,0,0,0,0
2/9/2020,LV,Latvia,EURO,0,0,0,0
2/16/2020,LV,Latvia,EURO,0,0,0,0
2/23/2020,LV,Latvia,EURO,0,0,0,0
3/1/2020,LV,Latvia,EURO,0,0,0,0
3/8/2020,LV,Latvia,EURO,3,3,0,0
3/15/2020,LV,Latvia,EURO,27,30,0,0
3/22/2020,LV,Latvia,EURO,106,136,0,0
3/29/2020,LV,Latvia,EURO,211,347,0,0
4/5/2020,LV,Latvia,EURO,187,534,2,2
4/12/2020,LV,Latvia,EURO,118,652,5,7
4/19/2020,LV,Latvia,EURO,76,728,1,8
4/26/2020,LV,Latvia,EURO,85,813,5,13
5/3/2020,LV,Latvia,EURO,67,880,3,16
5/10/2020,LV,Latvia,EURO,60,940,2,18
5/17/2020,LV,Latvia,EURO,68,1008,2,20
5/24/2020,LV,Latvia,EURO,39,1047,3,23
5/31/2020,LV,Latvia,EURO,19,1066,2,25
6/7/2020,LV,Latvia,EURO,22,1088,0,25
6/14/2020,LV,Latvia,EURO,9,1097,3,28
6/21/2020,LV,Latvia,EURO,14,1111,2,30
6/28/2020,LV,Latvia,EURO,5,1116,0,30
7/5/2020,LV,Latvia,EURO,8,1124,0,30
7/12/2020,LV,Latvia,EURO,49,1173,1,31
7/19/2020,LV,Latvia,EURO,19,1192,0,31
7/26/2020,LV,Latvia,EURO,27,1219,0,31
8/2/2020,LV,Latvia,EURO,24,1243,1,32
8/9/2020,LV,Latvia,EURO,47,1290,0,32
8/16/2020,LV,Latvia,EURO,32,1322,0,32
8/23/2020,LV,Latvia,EURO,15,1337,1,33
8/30/2020,LV,Latvia,EURO,56,1393,1,34
9/6/2020,LV,Latvia,EURO,35,1428,1,35
9/13/2020,LV,Latvia,EURO,46,1474,0,35
9/20/2020,LV,Latvia,EURO,51,1525,1,36
9/27/2020,LV,Latvia,EURO,151,1676,0,36
10/4/2020,LV,Latvia,EURO,410,2086,3,39
10/11/2020,LV,Latvia,EURO,584,2670,1,40
10/18/2020,LV,Latvia,EURO,780,3450,4,44
10/25/2020,LV,Latvia,EURO,1228,4678,16,60
11/1/2020,LV,Latvia,EURO,1458,6136,20,80
11/8/2020,LV,Latvia,EURO,1959,8095,25,105
11/15/2020,LV,Latvia,EURO,2452,10547,30,135
11/22/2020,LV,Latvia,EURO,2573,13120,40,175
11/29/2020,LV,Latvia,EURO,3855,16975,58,233
12/6/2020,LV,Latvia,EURO,4338,21313,63,296
12/13/2020,LV,Latvia,EURO,4362,25675,103,399
12/20/2020,LV,Latvia,EURO,5265,30940,106,505
12/27/2020,LV,Latvia,EURO,5390,36330,127,632
1/3/2021,LV,Latvia,EURO,6167,42497,96,728
1/10/2021,LV,Latvia,EURO,7071,49568,189,917
1/17/2021,LV,Latvia,EURO,6096,55664,140,1057
1/24/2021,LV,Latvia,EURO,5342,61006,151,1208
1/31/2021,LV,Latvia,EURO,5233,66239,155,1363
2/7/2021,LV,Latvia,EURO,5559,71798,111,1474
2/14/2021,LV,Latvia,EURO,4906,76704,99,1573
2/21/2021,LV,Latvia,EURO,4813,81517,107,1680
2/28/2021,LV,Latvia,EURO,4667,86184,88,1768
3/7/2021,LV,Latvia,EURO,4145,90329,78,1846
3/14/2021,LV,Latvia,EURO,3450,93779,63,1909
3/21/2021,LV,Latvia,EURO,3628,97407,62,1971
3/28/2021,LV,Latvia,EURO,3631,101038,46,2017
4/4/2021,LV,Latvia,EURO,3065,104103,71,2088
4/11/2021,LV,Latvia,EURO,3503,107606,56,2144
4/18/2021,LV,Latvia,EURO,3726,111332,68,2212
4/25/2021,LV,Latvia,EURO,3982,115314,52,2264
5/2/2021,LV,Latvia,EURO,4434,119748,67,2331
5/9/2021,LV,Latvia,EURO,4213,123961,50,2381
5/16/2021,LV,Latvia,EURO,4015,127976,66,2447
5/23/2021,LV,Latvia,EURO,2967,130943,65,2512
5/30/2021,LV,Latvia,EURO,2153,133096,47,2559
6/6/2021,LV,Latvia,EURO,1714,134810,37,2596
6/13/2021,LV,Latvia,EURO,1218,136028,39,2635
6/20/2021,LV,Latvia,EURO,780,136808,24,2659
6/27/2021,LV,Latvia,EURO,400,137208,24,2683
7/4/2021,LV,Latvia,EURO,421,137629,16,2699
7/11/2021,LV,Latvia,EURO,268,137897,2,2701
7/18/2021,LV,Latvia,EURO,260,138157,9,2710
7/25/2021,LV,Latvia,EURO,322,138479,3,2713
8/1/2021,LV,Latvia,EURO,418,138897,3,2716
8/8/2021,LV,Latvia,EURO,522,139419,4,2720
8/15/2021,LV,Latvia,EURO,701,140120,4,2724
8/22/2021,LV,Latvia,EURO,923,141043,8,2732
8/29/2021,LV,Latvia,EURO,1274,142317,9,2741
9/5/2021,LV,Latvia,EURO,2199,144516,16,2757
9/12/2021,LV,Latvia,EURO,2675,147191,32,2789
9/19/2021,LV,Latvia,EURO,3367,150558,36,2825
9/26/2021,LV,Latvia,EURO,4226,154784,54,2879
10/3/2021,LV,Latvia,EURO,6855,161639,61,2940
10/10/2021,LV,Latvia,EURO,9635,171274,79,3019
10/17/2021,LV,Latvia,EURO,14340,185614,133,3152
10/24/2021,LV,Latvia,EURO,16957,202571,208,3360
10/31/2021,LV,Latvia,EURO,16566,219137,259,3619
11/7/2021,LV,Latvia,EURO,12685,231822,265,3884
11/14/2021,LV,Latvia,EURO,8516,240338,245,4129
11/21/2021,LV,Latvia,EURO,5776,246114,206,4335
11/28/2021,LV,Latvia,EURO,6297,252411,133,4468
12/5/2021,LV,Latvia,EURO,4916,257327,114,4582
12/12/2021,LV,Latvia,EURO,4615,261942,86,4668
12/19/2021,LV,Latvia,EURO,5195,267137,79,4747
12/26/2021,LV,Latvia,EURO,4292,271429,68,4815
1/2/2022,LV,Latvia,EURO,5590,277019,72,4887
1/9/2022,LV,Latvia,EURO,10830,287849,89,4976
1/16/2022,LV,Latvia,EURO,15943,303792,78,5054
1/23/2022,LV,Latvia,EURO,31747,335539,87,5141
1/30/2022,LV,Latvia,EURO,53448,388987,84,5225
2/6/2022,LV,Latvia,EURO,61116,450103,97,5322
2/13/2022,LV,Latvia,EURO,68517,518620,114,5436
2/20/2022,LV,Latvia,EURO,67322,585942,122,5558
2/27/2022,LV,Latvia,EURO,63560,649502,126,5684
3/6/2022,LV,Latvia,EURO,52036,701538,117,5801
3/13/2022,LV,Latvia,EURO,40796,742334,110,5911
3/20/2022,LV,Latvia,EURO,28702,771036,117,6028
3/27/2022,LV,Latvia,EURO,19582,790618,95,6123
4/3/2022,LV,Latvia,EURO,11914,802532,87,6210
4/10/2022,LV,Latvia,EURO,6264,808796,58,6268
4/17/2022,LV,Latvia,EURO,4377,813173,49,6317
4/24/2022,LV,Latvia,EURO,4140,817313,42,6359
5/1/2022,LV,Latvia,EURO,2907,820220,27,6386
5/8/2022,LV,Latvia,EURO,1906,822126,15,6401
5/15/2022,LV,Latvia,EURO,1433,823559,15,6416
5/22/2022,LV,Latvia,EURO,1157,824716,12,6428
5/29/2022,LV,Latvia,EURO,1218,825934,12,6440
6/5/2022,LV,Latvia,EURO,1026,826960,11,6451
6/12/2022,LV,Latvia,EURO,1227,828187,10,6461
6/19/2022,LV,Latvia,EURO,1498,829685,12,6473
6/26/2022,LV,Latvia,EURO,1523,831208,13,6486
7/3/2022,LV,Latvia,EURO,3409,834617,7,6493
7/10/2022,LV,Latvia,EURO,3867,838484,9,6502
7/17/2022,LV,Latvia,EURO,5493,843977,12,6514
7/24/2022,LV,Latvia,EURO,8574,852551,9,6523
7/31/2022,LV,Latvia,EURO,9066,861617,25,6548
8/7/2022,LV,Latvia,EURO,9733,871350,10,6558
8/14/2022,LV,Latvia,EURO,9574,880924,16,6574
8/21/2022,LV,Latvia,EURO,8177,889101,22,6596
8/28/2022,LV,Latvia,EURO,5479,894580,17,6613
9/4/2022,LV,Latvia,EURO,4909,899489,16,6629
9/11/2022,LV,Latvia,EURO,5623,905112,13,6642
9/18/2022,LV,Latvia,EURO,8368,913480,23,6665
9/25/2022,LV,Latvia,EURO,8470,921950,24,6689
10/2/2022,LV,Latvia,EURO,7816,929766,36,6725
10/9/2022,LV,Latvia,EURO,6719,936485,32,6757
10/16/2022,LV,Latvia,EURO,5189,941674,44,6801
10/23/2022,LV,Latvia,EURO,4373,946047,18,6819
10/30/2022,LV,Latvia,EURO,3521,949568,21,6840
11/6/2022,LV,Latvia,EURO,2874,952442,15,6855
11/13/2022,LV,Latvia,EURO,2541,954983,18,6873
11/20/2022,LV,Latvia,EURO,2312,957295,8,6881
11/27/2022,LV,Latvia,EURO,3124,960419,16,6897
12/4/2022,LV,Latvia,EURO,2757,963176,20,6917
12/11/2022,LV,Latvia,EURO,2842,966018,28,6945
12/18/2022,LV,Latvia,EURO,2310,968328,26,6971
12/25/2022,LV,Latvia,EURO,2191,970519,40,7011
1/1/2023,LV,Latvia,EURO,1327,971846,47,7058
1/8/2023,LV,Latvia,EURO,393,972239,31,7089
1/15/2023,LV,Latvia,EURO,264,972503,26,7115
1/22/2023,LV,Latvia,EURO,177,972680,21,7136
1/29/2023,LV,Latvia,EURO,154,972834,10,7146
2/5/2023,LV,Latvia,EURO,177,973011,12,7158
2/12/2023,LV,Latvia,EURO,194,973205,7,7165
2/19/2023,LV,Latvia,EURO,171,973376,20,7185
2/26/2023,LV,Latvia,EURO,158,973534,9,7194
3/5/2023,LV,Latvia,EURO,180,973714,17,7211
3/12/2023,LV,Latvia,EURO,153,973867,13,7224
3/19/2023,LV,Latvia,EURO,190,974057,14,7238
3/26/2023,LV,Latvia,EURO,219,974276,11,7249
4/2/2023,LV,Latvia,EURO,199,974475,17,7266
4/9/2023,LV,Latvia,EURO,229,974704,16,7282
4/16/2023,LV,Latvia,EURO,188,974892,17,7299
4/23/2023,LV,Latvia,EURO,182,975074,8,7307
4/30/2023,LV,Latvia,EURO,137,975211,12,7319
5/7/2023,LV,Latvia,EURO,114,975325,12,7331
5/14/2023,LV,Latvia,EURO,67,975392,4,7335
5/21/2023,LV,Latvia,EURO,64,975456,9,7344
5/28/2023,LV,Latvia,EURO,58,975514,5,7349
6/4/2023,LV,Latvia,EURO,59,975573,4,7353
6/11/2023,LV,Latvia,EURO,59,975632,10,7363
6/18/2023,LV,Latvia,EURO,59,975691,3,7366
6/25/2023,LV,Latvia,EURO,17,975708,2,7368
7/2/2023,LV,Latvia,EURO,15,975723,2,7370
7/9/2023,LV,Latvia,EURO,13,975736,1,7371
7/16/2023,LV,Latvia,EURO,42,975778,1,7372
7/23/2023,LV,Latvia,EURO,12,975790,0,7372
7/30/2023,LV,Latvia,EURO,22,975812,1,7373
8/6/2023,LV,Latvia,EURO,14,975826,1,7374
8/13/2023,LV,Latvia,EURO,24,975850,3,7377
8/20/2023,LV,Latvia,EURO,28,975878,1,7378
8/27/2023,LV,Latvia,EURO,32,975910,0,7378
9/3/2023,LV,Latvia,EURO,55,975965,0,7378
9/10/2023,LV,Latvia,EURO,90,976055,1,7379
9/17/2023,LV,Latvia,EURO,122,976177,2,7381
9/24/2023,LV,Latvia,EURO,139,976316,3,7384
10/1/2023,LV,Latvia,EURO,112,976428,4,7388
10/8/2023,LV,Latvia,EURO,70,976498,5,7393
10/15/2023,LV,Latvia,EURO,72,976570,2,7395
10/22/2023,LV,Latvia,EURO,90,976660,6,7401
10/29/2023,LV,Latvia,EURO,138,976798,11,7412
11/5/2023,LV,Latvia,EURO,0,976798,0,7412
11/12/2023,LV,Latvia,EURO,0,976798,0,7412
11/19/2023,LV,Latvia,EURO,0,976798,0,7412
11/26/2023,LV,Latvia,EURO,0,976798,0,7412
12/3/2023,LV,Latvia,EURO,0,976798,0,7412
12/10/2023,LV,Latvia,EURO,270,977068,18,7430
12/17/2023,LV,Latvia,EURO,0,977068,0,7430
12/24/2023,LV,Latvia,EURO,0,977068,0,7430
1/5/2020,LB,Lebanon,EMRO,0,0,0,0
1/12/2020,LB,Lebanon,EMRO,0,0,0,0
1/19/2020,LB,Lebanon,EMRO,0,0,0,0
1/26/2020,LB,Lebanon,EMRO,0,0,0,0
2/2/2020,LB,Lebanon,EMRO,0,0,0,0
2/9/2020,LB,Lebanon,EMRO,0,0,0,0
2/16/2020,LB,Lebanon,EMRO,0,0,0,0
2/23/2020,LB,Lebanon,EMRO,1,1,0,0
3/1/2020,LB,Lebanon,EMRO,6,7,0,0
3/8/2020,LB,Lebanon,EMRO,21,28,0,0
3/15/2020,LB,Lebanon,EMRO,65,93,3,3
3/22/2020,LB,Lebanon,EMRO,137,230,1,4
3/29/2020,LB,Lebanon,EMRO,182,412,4,8
4/5/2020,LB,Lebanon,EMRO,108,520,9,17
4/12/2020,LB,Lebanon,EMRO,99,619,3,20
4/19/2020,LB,Lebanon,EMRO,53,672,1,21
4/26/2020,LB,Lebanon,EMRO,32,704,3,24
5/3/2020,LB,Lebanon,EMRO,29,733,1,25
5/10/2020,LB,Lebanon,EMRO,76,809,1,26
5/17/2020,LB,Lebanon,EMRO,93,902,0,26
5/24/2020,LB,Lebanon,EMRO,195,1097,0,26
5/31/2020,LB,Lebanon,EMRO,94,1191,0,26
6/7/2020,LB,Lebanon,EMRO,129,1320,3,29
6/14/2020,LB,Lebanon,EMRO,122,1442,3,32
6/21/2020,LB,Lebanon,EMRO,94,1536,0,32
6/28/2020,LB,Lebanon,EMRO,183,1719,1,33
7/5/2020,LB,Lebanon,EMRO,136,1855,2,35
7/12/2020,LB,Lebanon,EMRO,313,2168,1,36
7/19/2020,LB,Lebanon,EMRO,607,2775,4,40
7/26/2020,LB,Lebanon,EMRO,807,3582,7,47
8/2/2020,LB,Lebanon,EMRO,1148,4730,14,61
8/9/2020,LB,Lebanon,EMRO,1493,6223,13,74
8/16/2020,LB,Lebanon,EMRO,2219,8442,23,97
8/23/2020,LB,Lebanon,EMRO,3749,12191,24,121
8/30/2020,LB,Lebanon,EMRO,4084,16275,34,155
9/6/2020,LB,Lebanon,EMRO,3736,20011,32,187
9/13/2020,LB,Lebanon,EMRO,3658,23669,52,239
9/20/2020,LB,Lebanon,EMRO,4628,28297,47,286
9/27/2020,LB,Lebanon,EMRO,6931,35228,54,340
10/4/2020,LB,Lebanon,EMRO,8252,43480,58,398
10/11/2020,LB,Lebanon,EMRO,9078,52558,57,455
10/18/2020,LB,Lebanon,EMRO,8389,60947,62,517
10/25/2020,LB,Lebanon,EMRO,9043,69990,45,562
11/1/2020,LB,Lebanon,EMRO,11238,81228,75,637
11/8/2020,LB,Lebanon,EMRO,11869,93097,76,713
11/15/2020,LB,Lebanon,EMRO,11170,104267,93,806
11/22/2020,LB,Lebanon,EMRO,10975,115242,88,894
11/29/2020,LB,Lebanon,EMRO,10395,125637,97,991
12/6/2020,LB,Lebanon,EMRO,10239,135876,99,1090
12/13/2020,LB,Lebanon,EMRO,9369,145245,100,1190
12/20/2020,LB,Lebanon,EMRO,11325,156570,80,1270
12/27/2020,LB,Lebanon,EMRO,12902,169472,109,1379
1/3/2021,LB,Lebanon,EMRO,16936,186408,387,1766
1/10/2021,LB,Lebanon,EMRO,29145,215553,114,1880
1/17/2021,LB,Lebanon,EMRO,33605,249158,276,2156
1/24/2021,LB,Lebanon,EMRO,27429,276587,414,2570
1/31/2021,LB,Lebanon,EMRO,22326,298913,461,3031
2/7/2021,LB,Lebanon,EMRO,18923,317836,531,3562
2/14/2021,LB,Lebanon,EMRO,19156,336992,399,3961
2/21/2021,LB,Lebanon,EMRO,16379,353371,336,4297
2/28/2021,LB,Lebanon,EMRO,19404,372775,355,4652
3/7/2021,LB,Lebanon,EMRO,20436,393211,361,5013
3/14/2021,LB,Lebanon,EMRO,22151,415362,321,5334
3/21/2021,LB,Lebanon,EMRO,21213,436575,381,5715
3/28/2021,LB,Lebanon,EMRO,21763,458338,343,6058
4/4/2021,LB,Lebanon,EMRO,18775,477113,321,6379
4/11/2021,LB,Lebanon,EMRO,17520,494633,251,6630
4/18/2021,LB,Lebanon,EMRO,13870,508503,256,6886
4/25/2021,LB,Lebanon,EMRO,11112,519615,232,7118
5/2/2021,LB,Lebanon,EMRO,7893,527508,184,7302
5/9/2021,LB,Lebanon,EMRO,4761,532269,158,7460
5/16/2021,LB,Lebanon,EMRO,3177,535446,142,7602
5/23/2021,LB,Lebanon,EMRO,2772,538218,68,7670
5/30/2021,LB,Lebanon,EMRO,1914,540132,48,7718
6/6/2021,LB,Lebanon,EMRO,1291,541423,40,7758
6/13/2021,LB,Lebanon,EMRO,1100,542523,36,7794
6/20/2021,LB,Lebanon,EMRO,848,543371,25,7819
6/27/2021,LB,Lebanon,EMRO,920,544291,22,7841
7/4/2021,LB,Lebanon,EMRO,1072,545363,18,7859
7/11/2021,LB,Lebanon,EMRO,2134,547497,14,7873
7/18/2021,LB,Lebanon,EMRO,2995,550492,11,7884
7/25/2021,LB,Lebanon,EMRO,3966,554458,7,7891
8/1/2021,LB,Lebanon,EMRO,6922,561380,15,7906
8/8/2021,LB,Lebanon,EMRO,8718,570098,32,7938
8/15/2021,LB,Lebanon,EMRO,11399,581497,34,7972
8/22/2021,LB,Lebanon,EMRO,9486,590983,36,8008
8/29/2021,LB,Lebanon,EMRO,8315,599298,32,8040
9/5/2021,LB,Lebanon,EMRO,7238,606536,49,8089
9/12/2021,LB,Lebanon,EMRO,6177,612713,92,8181
9/19/2021,LB,Lebanon,EMRO,4949,617662,51,8232
9/26/2021,LB,Lebanon,EMRO,4073,621735,45,8277
10/3/2021,LB,Lebanon,EMRO,3710,625445,64,8341
10/10/2021,LB,Lebanon,EMRO,4116,629561,41,8382
10/17/2021,LB,Lebanon,EMRO,3794,633355,37,8419
10/24/2021,LB,Lebanon,EMRO,3957,637312,30,8449
10/31/2021,LB,Lebanon,EMRO,4027,641339,46,8495
11/7/2021,LB,Lebanon,EMRO,4466,645805,45,8540
11/14/2021,LB,Lebanon,EMRO,5983,651788,37,8577
11/21/2021,LB,Lebanon,EMRO,6679,658467,58,8635
11/28/2021,LB,Lebanon,EMRO,8301,666768,66,8701
12/5/2021,LB,Lebanon,EMRO,10406,677174,64,8765
12/12/2021,LB,Lebanon,EMRO,11341,688515,71,8836
12/19/2021,LB,Lebanon,EMRO,10949,699464,88,8924
12/26/2021,LB,Lebanon,EMRO,11795,711259,103,9027
1/2/2022,LB,Lebanon,EMRO,20029,731288,109,9136
1/9/2022,LB,Lebanon,EMRO,38112,769400,131,9267
1/16/2022,LB,Lebanon,EMRO,45231,814631,100,9367
1/23/2022,LB,Lebanon,EMRO,44217,858848,107,9474
1/30/2022,LB,Lebanon,EMRO,48976,907824,102,9576
2/6/2022,LB,Lebanon,EMRO,57803,965627,118,9694
2/13/2022,LB,Lebanon,EMRO,46417,1012044,130,9824
2/20/2022,LB,Lebanon,EMRO,30984,1043028,126,9950
2/27/2022,LB,Lebanon,EMRO,22279,1065307,119,10069
3/6/2022,LB,Lebanon,EMRO,11935,1077242,73,10142
3/13/2022,LB,Lebanon,EMRO,6872,1084114,58,10200
3/20/2022,LB,Lebanon,EMRO,3721,1087835,43,10243
3/27/2022,LB,Lebanon,EMRO,2663,1090498,35,10278
4/3/2022,LB,Lebanon,EMRO,2309,1092807,33,10311
4/10/2022,LB,Lebanon,EMRO,1696,1094503,26,10337
4/17/2022,LB,Lebanon,EMRO,1015,1095518,22,10359
4/24/2022,LB,Lebanon,EMRO,802,1096320,16,10375
5/1/2022,LB,Lebanon,EMRO,635,1096955,12,10387
5/8/2022,LB,Lebanon,EMRO,537,1097492,11,10398
5/15/2022,LB,Lebanon,EMRO,464,1097956,9,10407
5/22/2022,LB,Lebanon,EMRO,548,1098504,10,10417
5/29/2022,LB,Lebanon,EMRO,561,1099065,9,10426
6/5/2022,LB,Lebanon,EMRO,680,1099745,9,10435
6/12/2022,LB,Lebanon,EMRO,1126,1100871,9,10444
6/19/2022,LB,Lebanon,EMRO,2393,1103264,8,10452
6/26/2022,LB,Lebanon,EMRO,4338,1107602,8,10460
7/3/2022,LB,Lebanon,EMRO,7212,1114814,8,10468
7/10/2022,LB,Lebanon,EMRO,9814,1124628,8,10476
7/17/2022,LB,Lebanon,EMRO,13830,1138458,11,10487
7/24/2022,LB,Lebanon,EMRO,17202,1155660,19,10506
7/31/2022,LB,Lebanon,EMRO,16609,1172269,23,10529
8/7/2022,LB,Lebanon,EMRO,13136,1185405,17,10546
8/14/2022,LB,Lebanon,EMRO,10379,1195784,26,10572
8/21/2022,LB,Lebanon,EMRO,7620,1203404,27,10599
8/28/2022,LB,Lebanon,EMRO,4469,1207873,20,10619
9/4/2022,LB,Lebanon,EMRO,2693,1210566,17,10636
9/11/2022,LB,Lebanon,EMRO,1931,1212497,9,10645
9/18/2022,LB,Lebanon,EMRO,1272,1213769,12,10657
9/25/2022,LB,Lebanon,EMRO,1123,1214892,13,10670
10/2/2022,LB,Lebanon,EMRO,1033,1215925,7,10677
10/9/2022,LB,Lebanon,EMRO,713,1216638,7,10684
10/16/2022,LB,Lebanon,EMRO,361,1216999,4,10688
10/23/2022,LB,Lebanon,EMRO,1083,1218082,11,10699
10/30/2022,LB,Lebanon,EMRO,548,1218630,6,10705
11/6/2022,LB,Lebanon,EMRO,511,1219141,8,10713
11/13/2022,LB,Lebanon,EMRO,432,1219573,7,10720
11/20/2022,LB,Lebanon,EMRO,470,1220043,7,10727
11/27/2022,LB,Lebanon,EMRO,342,1220385,7,10734
12/4/2022,LB,Lebanon,EMRO,329,1220714,5,10739
12/11/2022,LB,Lebanon,EMRO,430,1221144,2,10741
12/18/2022,LB,Lebanon,EMRO,496,1221640,1,10742
12/25/2022,LB,Lebanon,EMRO,486,1222126,2,10744
1/1/2023,LB,Lebanon,EMRO,682,1222808,3,10747
1/8/2023,LB,Lebanon,EMRO,907,1223715,6,10753
1/15/2023,LB,Lebanon,EMRO,1536,1225251,7,10760
1/22/2023,LB,Lebanon,EMRO,1490,1226741,13,10773
1/29/2023,LB,Lebanon,EMRO,1521,1228262,13,10786
2/5/2023,LB,Lebanon,EMRO,1128,1229390,9,10795
2/12/2023,LB,Lebanon,EMRO,751,1230141,8,10803
2/19/2023,LB,Lebanon,EMRO,694,1230835,12,10815
2/26/2023,LB,Lebanon,EMRO,878,1231713,10,10825
3/5/2023,LB,Lebanon,EMRO,689,1232402,12,10837
3/12/2023,LB,Lebanon,EMRO,619,1233021,6,10843
3/19/2023,LB,Lebanon,EMRO,626,1233647,10,10853
3/26/2023,LB,Lebanon,EMRO,648,1234295,9,10862
4/2/2023,LB,Lebanon,EMRO,601,1234896,8,10870
4/9/2023,LB,Lebanon,EMRO,464,1235360,9,10879
4/16/2023,LB,Lebanon,EMRO,444,1235804,6,10885
4/23/2023,LB,Lebanon,EMRO,532,1236336,10,10895
4/30/2023,LB,Lebanon,EMRO,420,1236756,6,10901
5/7/2023,LB,Lebanon,EMRO,371,1237127,5,10906
5/14/2023,LB,Lebanon,EMRO,429,1237556,8,10914
5/21/2023,LB,Lebanon,EMRO,0,1237556,0,10914
5/28/2023,LB,Lebanon,EMRO,0,1237556,0,10914
6/4/2023,LB,Lebanon,EMRO,0,1237556,0,10914
6/11/2023,LB,Lebanon,EMRO,808,1238364,16,10930
6/18/2023,LB,Lebanon,EMRO,47,1238411,2,10932
6/25/2023,LB,Lebanon,EMRO,141,1238552,4,10936
7/2/2023,LB,Lebanon,EMRO,0,1238552,0,10936
7/9/2023,LB,Lebanon,EMRO,0,1238552,0,10936
7/16/2023,LB,Lebanon,EMRO,0,1238552,0,10936
7/23/2023,LB,Lebanon,EMRO,0,1238552,0,10936
7/30/2023,LB,Lebanon,EMRO,0,1238552,0,10936
8/6/2023,LB,Lebanon,EMRO,0,1238552,0,10936
8/13/2023,LB,Lebanon,EMRO,0,1238552,0,10936
8/20/2023,LB,Lebanon,EMRO,1352,1239904,11,10947
8/27/2023,LB,Lebanon,EMRO,0,1239904,0,10947
9/3/2023,LB,Lebanon,EMRO,0,1239904,0,10947
9/10/2023,LB,Lebanon,EMRO,0,1239904,0,10947
9/17/2023,LB,Lebanon,EMRO,0,1239904,0,10947
9/24/2023,LB,Lebanon,EMRO,0,1239904,0,10947
10/1/2023,LB,Lebanon,EMRO,0,1239904,0,10947
10/8/2023,LB,Lebanon,EMRO,0,1239904,0,10947
10/15/2023,LB,Lebanon,EMRO,0,1239904,0,10947
10/22/2023,LB,Lebanon,EMRO,0,1239904,0,10947
10/29/2023,LB,Lebanon,EMRO,0,1239904,0,10947
11/5/2023,LB,Lebanon,EMRO,0,1239904,0,10947
11/12/2023,LB,Lebanon,EMRO,0,1239904,0,10947
11/19/2023,LB,Lebanon,EMRO,0,1239904,0,10947
11/26/2023,LB,Lebanon,EMRO,0,1239904,0,10947
12/3/2023,LB,Lebanon,EMRO,0,1239904,0,10947
12/10/2023,LB,Lebanon,EMRO,0,1239904,0,10947
12/17/2023,LB,Lebanon,EMRO,0,1239904,0,10947
12/24/2023,LB,Lebanon,EMRO,0,1239904,0,10947
1/5/2020,LS,Lesotho,AFRO,0,0,0,0
1/12/2020,LS,Lesotho,AFRO,0,0,0,0
1/19/2020,LS,Lesotho,AFRO,0,0,0,0
1/26/2020,LS,Lesotho,AFRO,0,0,0,0
2/2/2020,LS,Lesotho,AFRO,0,0,0,0
2/9/2020,LS,Lesotho,AFRO,0,0,0,0
2/16/2020,LS,Lesotho,AFRO,0,0,0,0
2/23/2020,LS,Lesotho,AFRO,0,0,0,0
3/1/2020,LS,Lesotho,AFRO,0,0,0,0
3/8/2020,LS,Lesotho,AFRO,0,0,0,0
3/15/2020,LS,Lesotho,AFRO,0,0,0,0
3/22/2020,LS,Lesotho,AFRO,0,0,0,0
3/29/2020,LS,Lesotho,AFRO,0,0,0,0
4/5/2020,LS,Lesotho,AFRO,0,0,0,0
4/12/2020,LS,Lesotho,AFRO,0,0,0,0
4/19/2020,LS,Lesotho,AFRO,0,0,0,0
4/26/2020,LS,Lesotho,AFRO,0,0,0,0
5/3/2020,LS,Lesotho,AFRO,0,0,0,0
5/10/2020,LS,Lesotho,AFRO,0,0,0,0
5/17/2020,LS,Lesotho,AFRO,1,1,0,0
5/24/2020,LS,Lesotho,AFRO,1,2,0,0
5/31/2020,LS,Lesotho,AFRO,0,2,0,0
6/7/2020,LS,Lesotho,AFRO,2,4,0,0
6/14/2020,LS,Lesotho,AFRO,0,4,0,0
6/21/2020,LS,Lesotho,AFRO,0,4,0,0
6/28/2020,LS,Lesotho,AFRO,23,27,0,0
7/5/2020,LS,Lesotho,AFRO,52,79,0,0
7/12/2020,LS,Lesotho,AFRO,105,184,20,20
7/19/2020,LS,Lesotho,AFRO,175,359,4,24
7/26/2020,LS,Lesotho,AFRO,87,446,5,29
8/2/2020,LS,Lesotho,AFRO,256,702,3,32
8/9/2020,LS,Lesotho,AFRO,40,742,9,41
8/16/2020,LS,Lesotho,AFRO,161,903,2,43
8/23/2020,LS,Lesotho,AFRO,112,1015,5,48
8/30/2020,LS,Lesotho,AFRO,51,1066,1,49
9/6/2020,LS,Lesotho,AFRO,82,1148,0,49
9/13/2020,LS,Lesotho,AFRO,97,1245,2,51
9/20/2020,LS,Lesotho,AFRO,145,1390,0,51
9/27/2020,LS,Lesotho,AFRO,168,1558,2,53
10/4/2020,LS,Lesotho,AFRO,122,1680,4,57
10/11/2020,LS,Lesotho,AFRO,120,1800,3,60
10/18/2020,LS,Lesotho,AFRO,33,1833,0,60
10/25/2020,LS,Lesotho,AFRO,107,1940,1,61
11/1/2020,LS,Lesotho,AFRO,13,1953,1,62
11/8/2020,LS,Lesotho,AFRO,10,1963,0,62
11/15/2020,LS,Lesotho,AFRO,87,2050,0,62
11/22/2020,LS,Lesotho,AFRO,35,2085,0,62
11/29/2020,LS,Lesotho,AFRO,24,2109,0,62
12/6/2020,LS,Lesotho,AFRO,36,2145,0,62
12/13/2020,LS,Lesotho,AFRO,5,2150,0,62
12/20/2020,LS,Lesotho,AFRO,135,2285,0,62
12/27/2020,LS,Lesotho,AFRO,292,2577,2,64
1/3/2021,LS,Lesotho,AFRO,0,2577,0,64
1/10/2021,LS,Lesotho,AFRO,2626,5203,20,84
1/17/2021,LS,Lesotho,AFRO,1168,6371,9,93
1/24/2021,LS,Lesotho,AFRO,1285,7656,30,123
1/31/2021,LS,Lesotho,AFRO,993,8649,41,164
2/7/2021,LS,Lesotho,AFRO,731,9380,19,183
2/14/2021,LS,Lesotho,AFRO,585,9965,47,230
2/21/2021,LS,Lesotho,AFRO,496,10461,55,285
2/28/2021,LS,Lesotho,AFRO,30,10491,7,292
3/7/2021,LS,Lesotho,AFRO,32,10523,15,307
3/14/2021,LS,Lesotho,AFRO,7,10530,2,309
3/21/2021,LS,Lesotho,AFRO,5,10535,0,309
3/28/2021,LS,Lesotho,AFRO,151,10686,6,315
4/4/2021,LS,Lesotho,AFRO,21,10707,0,315
4/11/2021,LS,Lesotho,AFRO,0,10707,0,315
4/18/2021,LS,Lesotho,AFRO,2,10709,0,315
4/25/2021,LS,Lesotho,AFRO,19,10728,1,316
5/2/2021,LS,Lesotho,AFRO,5,10733,2,318
5/9/2021,LS,Lesotho,AFRO,40,10773,1,319
5/16/2021,LS,Lesotho,AFRO,17,10790,1,320
5/23/2021,LS,Lesotho,AFRO,32,10822,6,326
5/30/2021,LS,Lesotho,AFRO,9,10831,0,326
6/6/2021,LS,Lesotho,AFRO,8,10839,0,326
6/13/2021,LS,Lesotho,AFRO,20,10859,0,326
6/20/2021,LS,Lesotho,AFRO,222,11081,3,329
6/27/2021,LS,Lesotho,AFRO,158,11239,0,329
7/4/2021,LS,Lesotho,AFRO,329,11568,0,329
7/11/2021,LS,Lesotho,AFRO,339,11907,6,335
7/18/2021,LS,Lesotho,AFRO,491,12398,4,339
7/25/2021,LS,Lesotho,AFRO,482,12880,24,363
8/1/2021,LS,Lesotho,AFRO,723,13603,14,377
8/8/2021,LS,Lesotho,AFRO,240,13843,13,390
8/15/2021,LS,Lesotho,AFRO,400,14243,7,397
8/22/2021,LS,Lesotho,AFRO,128,14371,3,400
8/29/2021,LS,Lesotho,AFRO,450,14821,17,417
9/5/2021,LS,Lesotho,AFRO,1491,16312,49,466
9/12/2021,LS,Lesotho,AFRO,1491,17803,49,515
9/19/2021,LS,Lesotho,AFRO,1491,19294,49,564
9/26/2021,LS,Lesotho,AFRO,1491,20785,52,616
10/3/2021,LS,Lesotho,AFRO,575,21360,34,650
10/10/2021,LS,Lesotho,AFRO,97,21457,2,652
10/17/2021,LS,Lesotho,AFRO,73,21530,3,655
10/24/2021,LS,Lesotho,AFRO,57,21587,1,656
10/31/2021,LS,Lesotho,AFRO,48,21635,2,658
11/7/2021,LS,Lesotho,AFRO,50,21685,1,659
11/14/2021,LS,Lesotho,AFRO,6,21691,2,661
11/21/2021,LS,Lesotho,AFRO,38,21729,0,661
11/28/2021,LS,Lesotho,AFRO,48,21777,1,662
12/5/2021,LS,Lesotho,AFRO,187,21964,2,664
12/12/2021,LS,Lesotho,AFRO,1138,23102,0,664
12/19/2021,LS,Lesotho,AFRO,2426,25528,1,665
12/26/2021,LS,Lesotho,AFRO,2654,28182,0,665
1/2/2022,LS,Lesotho,AFRO,1806,29988,8,673
1/9/2022,LS,Lesotho,AFRO,1186,31174,10,683
1/16/2022,LS,Lesotho,AFRO,670,31844,4,687
1/23/2022,LS,Lesotho,AFRO,205,32049,3,690
1/30/2022,LS,Lesotho,AFRO,198,32247,3,693
2/6/2022,LS,Lesotho,AFRO,114,32361,2,695
2/13/2022,LS,Lesotho,AFRO,70,32431,1,696
2/20/2022,LS,Lesotho,AFRO,168,32599,0,696
2/27/2022,LS,Lesotho,AFRO,96,32695,1,697
3/6/2022,LS,Lesotho,AFRO,21,32716,0,697
3/13/2022,LS,Lesotho,AFRO,59,32775,0,697
3/20/2022,LS,Lesotho,AFRO,104,32879,0,697
3/27/2022,LS,Lesotho,AFRO,16,32895,0,697
4/3/2022,LS,Lesotho,AFRO,15,32910,0,697
4/10/2022,LS,Lesotho,AFRO,58,32968,0,697
4/17/2022,LS,Lesotho,AFRO,42,33010,0,697
4/24/2022,LS,Lesotho,AFRO,103,33113,0,697
5/1/2022,LS,Lesotho,AFRO,24,33137,0,697
5/8/2022,LS,Lesotho,AFRO,56,33193,1,698
5/15/2022,LS,Lesotho,AFRO,89,33282,0,698
5/22/2022,LS,Lesotho,AFRO,88,33370,0,698
5/29/2022,LS,Lesotho,AFRO,116,33486,0,698
6/5/2022,LS,Lesotho,AFRO,173,33659,1,699
6/12/2022,LS,Lesotho,AFRO,212,33871,0,699
6/19/2022,LS,Lesotho,AFRO,67,33938,0,699
6/26/2022,LS,Lesotho,AFRO,0,33938,0,699
7/3/2022,LS,Lesotho,AFRO,156,34094,2,701
7/10/2022,LS,Lesotho,AFRO,39,34133,1,702
7/17/2022,LS,Lesotho,AFRO,41,34174,0,702
7/24/2022,LS,Lesotho,AFRO,47,34221,2,704
7/31/2022,LS,Lesotho,AFRO,13,34234,0,704
8/7/2022,LS,Lesotho,AFRO,11,34245,0,704
8/14/2022,LS,Lesotho,AFRO,6,34251,0,704
8/21/2022,LS,Lesotho,AFRO,47,34298,0,704
8/28/2022,LS,Lesotho,AFRO,111,34409,0,704
9/4/2022,LS,Lesotho,AFRO,48,34457,1,705
9/11/2022,LS,Lesotho,AFRO,33,34490,1,706
9/18/2022,LS,Lesotho,AFRO,0,34490,0,706
9/25/2022,LS,Lesotho,AFRO,0,34490,0,706
10/2/2022,LS,Lesotho,AFRO,0,34490,0,706
10/9/2022,LS,Lesotho,AFRO,0,34490,0,706
10/16/2022,LS,Lesotho,AFRO,0,34490,0,706
10/23/2022,LS,Lesotho,AFRO,0,34490,0,706
10/30/2022,LS,Lesotho,AFRO,0,34490,0,706
11/6/2022,LS,Lesotho,AFRO,0,34490,0,706
11/13/2022,LS,Lesotho,AFRO,0,34490,0,706
11/20/2022,LS,Lesotho,AFRO,0,34490,0,706
11/27/2022,LS,Lesotho,AFRO,0,34490,0,706
12/4/2022,LS,Lesotho,AFRO,0,34490,0,706
12/11/2022,LS,Lesotho,AFRO,0,34490,0,706
12/18/2022,LS,Lesotho,AFRO,0,34490,0,706
12/25/2022,LS,Lesotho,AFRO,0,34490,0,706
1/1/2023,LS,Lesotho,AFRO,0,34490,0,706
1/8/2023,LS,Lesotho,AFRO,0,34490,0,706
1/15/2023,LS,Lesotho,AFRO,0,34490,0,706
1/22/2023,LS,Lesotho,AFRO,0,34490,0,706
1/29/2023,LS,Lesotho,AFRO,0,34490,0,706
2/5/2023,LS,Lesotho,AFRO,0,34490,0,706
2/12/2023,LS,Lesotho,AFRO,0,34490,0,706
2/19/2023,LS,Lesotho,AFRO,0,34490,0,706
2/26/2023,LS,Lesotho,AFRO,0,34490,0,706
3/5/2023,LS,Lesotho,AFRO,0,34490,0,706
3/12/2023,LS,Lesotho,AFRO,0,34490,0,706
3/19/2023,LS,Lesotho,AFRO,0,34490,0,706
3/26/2023,LS,Lesotho,AFRO,0,34490,0,706
4/2/2023,LS,Lesotho,AFRO,0,34490,0,706
4/9/2023,LS,Lesotho,AFRO,0,34490,0,706
4/16/2023,LS,Lesotho,AFRO,0,34490,0,706
4/23/2023,LS,Lesotho,AFRO,0,34490,0,706
4/30/2023,LS,Lesotho,AFRO,0,34490,0,706
5/7/2023,LS,Lesotho,AFRO,0,34490,0,706
5/14/2023,LS,Lesotho,AFRO,0,34490,0,706
5/21/2023,LS,Lesotho,AFRO,0,34490,0,706
5/28/2023,LS,Lesotho,AFRO,0,34490,0,706
6/4/2023,LS,Lesotho,AFRO,0,34490,0,706
6/11/2023,LS,Lesotho,AFRO,0,34490,0,706
6/18/2023,LS,Lesotho,AFRO,0,34490,0,706
6/25/2023,LS,Lesotho,AFRO,0,34490,0,706
7/2/2023,LS,Lesotho,AFRO,0,34490,0,706
7/9/2023,LS,Lesotho,AFRO,0,34490,0,706
7/16/2023,LS,Lesotho,AFRO,0,34490,0,706
7/23/2023,LS,Lesotho,AFRO,0,34490,0,706
7/30/2023,LS,Lesotho,AFRO,0,34490,0,706
8/6/2023,LS,Lesotho,AFRO,0,34490,0,706
8/13/2023,LS,Lesotho,AFRO,0,34490,0,706
8/20/2023,LS,Lesotho,AFRO,0,34490,0,706
8/27/2023,LS,Lesotho,AFRO,0,34490,0,706
9/3/2023,LS,Lesotho,AFRO,0,34490,0,706
9/10/2023,LS,Lesotho,AFRO,0,34490,0,706
9/17/2023,LS,Lesotho,AFRO,0,34490,0,706
9/24/2023,LS,Lesotho,AFRO,1346,35836,3,709
10/1/2023,LS,Lesotho,AFRO,0,35836,0,709
10/8/2023,LS,Lesotho,AFRO,24,35860,0,709
10/15/2023,LS,Lesotho,AFRO,74,35934,0,709
10/22/2023,LS,Lesotho,AFRO,67,36001,0,709
10/29/2023,LS,Lesotho,AFRO,10,36011,0,709
11/5/2023,LS,Lesotho,AFRO,28,36039,0,709
11/12/2023,LS,Lesotho,AFRO,13,36052,0,709
11/19/2023,LS,Lesotho,AFRO,34,36086,0,709
11/26/2023,LS,Lesotho,AFRO,27,36113,0,709
12/3/2023,LS,Lesotho,AFRO,11,36124,0,709
12/10/2023,LS,Lesotho,AFRO,8,36132,0,709
12/17/2023,LS,Lesotho,AFRO,0,36132,0,709
12/24/2023,LS,Lesotho,AFRO,0,36132,0,709
1/5/2020,LR,Liberia,AFRO,0,0,0,0
1/12/2020,LR,Liberia,AFRO,0,0,0,0
1/19/2020,LR,Liberia,AFRO,0,0,0,0
1/26/2020,LR,Liberia,AFRO,0,0,0,0
2/2/2020,LR,Liberia,AFRO,0,0,0,0
2/9/2020,LR,Liberia,AFRO,0,0,0,0
2/16/2020,LR,Liberia,AFRO,0,0,0,0
2/23/2020,LR,Liberia,AFRO,0,0,0,0
3/1/2020,LR,Liberia,AFRO,0,0,0,0
3/8/2020,LR,Liberia,AFRO,0,0,0,0
3/15/2020,LR,Liberia,AFRO,0,0,0,0
3/22/2020,LR,Liberia,AFRO,3,3,0,0
3/29/2020,LR,Liberia,AFRO,1,4,0,0
4/5/2020,LR,Liberia,AFRO,7,11,1,1
4/12/2020,LR,Liberia,AFRO,46,57,5,6
4/19/2020,LR,Liberia,AFRO,41,98,3,9
4/26/2020,LR,Liberia,AFRO,32,130,5,14
5/3/2020,LR,Liberia,AFRO,41,171,6,20
5/10/2020,LR,Liberia,AFRO,44,215,2,22
5/17/2020,LR,Liberia,AFRO,22,237,1,23
5/24/2020,LR,Liberia,AFRO,33,270,5,28
5/31/2020,LR,Liberia,AFRO,24,294,2,30
6/7/2020,LR,Liberia,AFRO,70,364,3,33
6/14/2020,LR,Liberia,AFRO,99,463,2,35
6/21/2020,LR,Liberia,AFRO,168,631,2,37
6/28/2020,LR,Liberia,AFRO,137,768,0,37
7/5/2020,LR,Liberia,AFRO,103,871,3,40
7/12/2020,LR,Liberia,AFRO,136,1007,15,55
7/19/2020,LR,Liberia,AFRO,81,1088,19,74
7/26/2020,LR,Liberia,AFRO,64,1152,3,77
8/2/2020,LR,Liberia,AFRO,52,1204,6,83
8/9/2020,LR,Liberia,AFRO,31,1235,2,85
8/16/2020,LR,Liberia,AFRO,49,1284,3,88
8/23/2020,LR,Liberia,AFRO,21,1305,0,88
8/30/2020,LR,Liberia,AFRO,20,1325,0,88
9/6/2020,LR,Liberia,AFRO,3,1328,0,88
9/13/2020,LR,Liberia,AFRO,18,1346,0,88
9/20/2020,LR,Liberia,AFRO,17,1363,0,88
9/27/2020,LR,Liberia,AFRO,3,1366,0,88
10/4/2020,LR,Liberia,AFRO,9,1375,0,88
10/11/2020,LR,Liberia,AFRO,22,1397,0,88
10/18/2020,LR,Liberia,AFRO,10,1407,0,88
10/25/2020,LR,Liberia,AFRO,15,1422,0,88
11/1/2020,LR,Liberia,AFRO,39,1461,0,88
11/8/2020,LR,Liberia,AFRO,14,1475,0,88
11/15/2020,LR,Liberia,AFRO,59,1534,0,88
11/22/2020,LR,Liberia,AFRO,51,1585,0,88
11/29/2020,LR,Liberia,AFRO,34,1619,1,89
12/6/2020,LR,Liberia,AFRO,106,1725,0,89
12/13/2020,LR,Liberia,AFRO,67,1792,0,89
12/20/2020,LR,Liberia,AFRO,17,1809,0,89
12/27/2020,LR,Liberia,AFRO,12,1821,0,89
1/3/2021,LR,Liberia,AFRO,35,1856,0,89
1/10/2021,LR,Liberia,AFRO,24,1880,0,89
1/17/2021,LR,Liberia,AFRO,26,1906,0,89
1/24/2021,LR,Liberia,AFRO,19,1925,0,89
1/31/2021,LR,Liberia,AFRO,29,1954,0,89
2/7/2021,LR,Liberia,AFRO,23,1977,0,89
2/14/2021,LR,Liberia,AFRO,16,1993,2,91
2/21/2021,LR,Liberia,AFRO,11,2004,0,91
2/28/2021,LR,Liberia,AFRO,19,2023,0,91
3/7/2021,LR,Liberia,AFRO,12,2035,0,91
3/14/2021,LR,Liberia,AFRO,10,2045,0,91
3/21/2021,LR,Liberia,AFRO,9,2054,0,91
3/28/2021,LR,Liberia,AFRO,12,2066,0,91
4/4/2021,LR,Liberia,AFRO,4,2070,0,91
4/11/2021,LR,Liberia,AFRO,6,2076,0,91
4/18/2021,LR,Liberia,AFRO,16,2092,0,91
4/25/2021,LR,Liberia,AFRO,15,2107,0,91
5/2/2021,LR,Liberia,AFRO,10,2117,0,91
5/9/2021,LR,Liberia,AFRO,11,2128,0,91
5/16/2021,LR,Liberia,AFRO,13,2141,0,91
5/23/2021,LR,Liberia,AFRO,27,2168,1,92
5/30/2021,LR,Liberia,AFRO,36,2204,0,92
6/6/2021,LR,Liberia,AFRO,110,2314,3,95
6/13/2021,LR,Liberia,AFRO,265,2579,15,110
6/20/2021,LR,Liberia,AFRO,509,3088,28,138
6/27/2021,LR,Liberia,AFRO,704,3792,39,177
7/4/2021,LR,Liberia,AFRO,1142,4934,33,210
7/11/2021,LR,Liberia,AFRO,286,5220,29,239
7/18/2021,LR,Liberia,AFRO,240,5460,22,261
7/25/2021,LR,Liberia,AFRO,76,5536,12,273
8/1/2021,LR,Liberia,AFRO,25,5561,3,276
8/8/2021,LR,Liberia,AFRO,31,5592,3,279
8/15/2021,LR,Liberia,AFRO,32,5624,2,281
8/22/2021,LR,Liberia,AFRO,33,5657,1,282
8/29/2021,LR,Liberia,AFRO,61,5718,1,283
9/5/2021,LR,Liberia,AFRO,32,5750,0,283
9/12/2021,LR,Liberia,AFRO,22,5772,0,283
9/19/2021,LR,Liberia,AFRO,21,5793,0,283
9/26/2021,LR,Liberia,AFRO,10,5803,2,285
10/3/2021,LR,Liberia,AFRO,2,5805,1,286
10/10/2021,LR,Liberia,AFRO,2,5807,0,286
10/17/2021,LR,Liberia,AFRO,5,5812,0,286
10/24/2021,LR,Liberia,AFRO,2,5814,1,287
10/31/2021,LR,Liberia,AFRO,4,5818,0,287
11/7/2021,LR,Liberia,AFRO,0,5818,0,287
11/14/2021,LR,Liberia,AFRO,3,5821,0,287
11/21/2021,LR,Liberia,AFRO,2,5823,0,287
11/28/2021,LR,Liberia,AFRO,1,5824,0,287
12/5/2021,LR,Liberia,AFRO,6,5830,0,287
12/12/2021,LR,Liberia,AFRO,17,5847,0,287
12/19/2021,LR,Liberia,AFRO,72,5919,0,287
12/26/2021,LR,Liberia,AFRO,309,6228,0,287
1/2/2022,LR,Liberia,AFRO,516,6744,0,287
1/9/2022,LR,Liberia,AFRO,331,7075,0,287
1/16/2022,LR,Liberia,AFRO,118,7193,0,287
1/23/2022,LR,Liberia,AFRO,53,7246,3,290
1/30/2022,LR,Liberia,AFRO,26,7272,0,290
2/6/2022,LR,Liberia,AFRO,74,7346,0,290
2/13/2022,LR,Liberia,AFRO,14,7360,0,290
2/20/2022,LR,Liberia,AFRO,21,7381,4,294
2/27/2022,LR,Liberia,AFRO,3,7384,0,294
3/6/2022,LR,Liberia,AFRO,9,7393,0,294
3/13/2022,LR,Liberia,AFRO,0,7393,0,294
3/20/2022,LR,Liberia,AFRO,2,7395,0,294
3/27/2022,LR,Liberia,AFRO,4,7399,0,294
4/3/2022,LR,Liberia,AFRO,1,7400,0,294
4/10/2022,LR,Liberia,AFRO,21,7421,0,294
4/17/2022,LR,Liberia,AFRO,13,7434,0,294
4/24/2022,LR,Liberia,AFRO,0,7434,0,294
5/1/2022,LR,Liberia,AFRO,1,7435,0,294
5/8/2022,LR,Liberia,AFRO,16,7451,0,294
5/15/2022,LR,Liberia,AFRO,4,7455,0,294
5/22/2022,LR,Liberia,AFRO,1,7456,0,294
5/29/2022,LR,Liberia,AFRO,0,7456,0,294
6/5/2022,LR,Liberia,AFRO,2,7458,0,294
6/12/2022,LR,Liberia,AFRO,30,7488,0,294
6/19/2022,LR,Liberia,AFRO,5,7493,0,294
6/26/2022,LR,Liberia,AFRO,6,7499,0,294
7/3/2022,LR,Liberia,AFRO,2,7501,0,294
7/10/2022,LR,Liberia,AFRO,3,7504,0,294
7/17/2022,LR,Liberia,AFRO,3,7507,0,294
7/24/2022,LR,Liberia,AFRO,1,7508,0,294
7/31/2022,LR,Liberia,AFRO,40,7548,0,294
8/7/2022,LR,Liberia,AFRO,104,7652,0,294
8/14/2022,LR,Liberia,AFRO,76,7728,0,294
8/21/2022,LR,Liberia,AFRO,102,7830,0,294
8/28/2022,LR,Liberia,AFRO,53,7883,0,294
9/4/2022,LR,Liberia,AFRO,43,7926,0,294
9/11/2022,LR,Liberia,AFRO,18,7944,0,294
9/18/2022,LR,Liberia,AFRO,16,7960,0,294
9/25/2022,LR,Liberia,AFRO,13,7973,0,294
10/2/2022,LR,Liberia,AFRO,3,7976,0,294
10/9/2022,LR,Liberia,AFRO,10,7986,0,294
10/16/2022,LR,Liberia,AFRO,4,7990,0,294
10/23/2022,LR,Liberia,AFRO,3,7993,0,294
10/30/2022,LR,Liberia,AFRO,6,7999,0,294
11/6/2022,LR,Liberia,AFRO,10,8009,0,294
11/13/2022,LR,Liberia,AFRO,5,8014,0,294
11/20/2022,LR,Liberia,AFRO,11,8025,0,294
11/27/2022,LR,Liberia,AFRO,10,8035,0,294
12/4/2022,LR,Liberia,AFRO,8,8043,0,294
12/11/2022,LR,Liberia,AFRO,0,8043,0,294
12/18/2022,LR,Liberia,AFRO,3,8046,0,294
12/25/2022,LR,Liberia,AFRO,4,8050,0,294
1/1/2023,LR,Liberia,AFRO,5,8055,0,294
1/8/2023,LR,Liberia,AFRO,5,8060,0,294
1/15/2023,LR,Liberia,AFRO,0,8060,0,294
1/22/2023,LR,Liberia,AFRO,2,8062,0,294
1/29/2023,LR,Liberia,AFRO,0,8062,0,294
2/5/2023,LR,Liberia,AFRO,15,8077,0,294
2/12/2023,LR,Liberia,AFRO,6,8083,0,294
2/19/2023,LR,Liberia,AFRO,7,8090,0,294
2/26/2023,LR,Liberia,AFRO,0,8090,0,294
3/5/2023,LR,Liberia,AFRO,0,8090,0,294
3/12/2023,LR,Liberia,AFRO,0,8090,0,294
3/19/2023,LR,Liberia,AFRO,0,8090,0,294
3/26/2023,LR,Liberia,AFRO,0,8090,0,294
4/2/2023,LR,Liberia,AFRO,0,8090,0,294
4/9/2023,LR,Liberia,AFRO,0,8090,0,294
4/16/2023,LR,Liberia,AFRO,0,8090,0,294
4/23/2023,LR,Liberia,AFRO,0,8090,0,294
4/30/2023,LR,Liberia,AFRO,0,8090,0,294
5/7/2023,LR,Liberia,AFRO,0,8090,0,294
5/14/2023,LR,Liberia,AFRO,0,8090,0,294
5/21/2023,LR,Liberia,AFRO,0,8090,0,294
5/28/2023,LR,Liberia,AFRO,0,8090,0,294
6/4/2023,LR,Liberia,AFRO,0,8090,0,294
6/11/2023,LR,Liberia,AFRO,0,8090,0,294
6/18/2023,LR,Liberia,AFRO,0,8090,0,294
6/25/2023,LR,Liberia,AFRO,0,8090,0,294
7/2/2023,LR,Liberia,AFRO,0,8090,0,294
7/9/2023,LR,Liberia,AFRO,0,8090,0,294
7/16/2023,LR,Liberia,AFRO,0,8090,0,294
7/23/2023,LR,Liberia,AFRO,0,8090,0,294
7/30/2023,LR,Liberia,AFRO,0,8090,0,294
8/6/2023,LR,Liberia,AFRO,0,8090,0,294
8/13/2023,LR,Liberia,AFRO,-160,7930,0,294
8/20/2023,LR,Liberia,AFRO,0,7930,0,294
8/27/2023,LR,Liberia,AFRO,0,7930,0,294
9/3/2023,LR,Liberia,AFRO,0,7930,0,294
9/10/2023,LR,Liberia,AFRO,0,7930,0,294
9/17/2023,LR,Liberia,AFRO,0,7930,0,294
9/24/2023,LR,Liberia,AFRO,0,7930,0,294
10/1/2023,LR,Liberia,AFRO,0,7930,0,294
10/8/2023,LR,Liberia,AFRO,0,7930,0,294
10/15/2023,LR,Liberia,AFRO,0,7930,0,294
10/22/2023,LR,Liberia,AFRO,0,7930,0,294
10/29/2023,LR,Liberia,AFRO,0,7930,0,294
11/5/2023,LR,Liberia,AFRO,0,7930,0,294
11/12/2023,LR,Liberia,AFRO,0,7930,0,294
11/19/2023,LR,Liberia,AFRO,0,7930,0,294
11/26/2023,LR,Liberia,AFRO,0,7930,0,294
12/3/2023,LR,Liberia,AFRO,0,7930,0,294
12/10/2023,LR,Liberia,AFRO,0,7930,0,294
12/17/2023,LR,Liberia,AFRO,0,7930,0,294
12/24/2023,LR,Liberia,AFRO,0,7930,0,294
1/5/2020,LY,Libya,EMRO,0,0,0,0
1/12/2020,LY,Libya,EMRO,0,0,0,0
1/19/2020,LY,Libya,EMRO,0,0,0,0
1/26/2020,LY,Libya,EMRO,0,0,0,0
2/2/2020,LY,Libya,EMRO,0,0,0,0
2/9/2020,LY,Libya,EMRO,0,0,0,0
2/16/2020,LY,Libya,EMRO,0,0,0,0
2/23/2020,LY,Libya,EMRO,0,0,0,0
3/1/2020,LY,Libya,EMRO,0,0,0,0
3/8/2020,LY,Libya,EMRO,0,0,0,0
3/15/2020,LY,Libya,EMRO,0,0,0,0
3/22/2020,LY,Libya,EMRO,0,0,0,0
3/29/2020,LY,Libya,EMRO,1,1,0,0
4/5/2020,LY,Libya,EMRO,10,11,1,1
4/12/2020,LY,Libya,EMRO,13,24,0,1
4/19/2020,LY,Libya,EMRO,25,49,0,1
4/26/2020,LY,Libya,EMRO,11,60,1,2
5/3/2020,LY,Libya,EMRO,3,63,1,3
5/10/2020,LY,Libya,EMRO,1,64,0,3
5/17/2020,LY,Libya,EMRO,0,64,0,3
5/24/2020,LY,Libya,EMRO,8,72,0,3
5/31/2020,LY,Libya,EMRO,46,118,2,5
6/7/2020,LY,Libya,EMRO,121,239,0,5
6/14/2020,LY,Libya,EMRO,170,409,1,6
6/21/2020,LY,Libya,EMRO,111,520,4,10
6/28/2020,LY,Libya,EMRO,193,713,8,18
7/5/2020,LY,Libya,EMRO,205,918,9,27
7/12/2020,LY,Libya,EMRO,424,1342,11,38
7/19/2020,LY,Libya,EMRO,362,1704,9,47
7/26/2020,LY,Libya,EMRO,721,2425,10,57
8/2/2020,LY,Libya,EMRO,1196,3621,17,74
8/9/2020,LY,Libya,EMRO,1457,5078,34,108
8/16/2020,LY,Libya,EMRO,2249,7327,31,139
8/23/2020,LY,Libya,EMRO,2794,10121,41,180
8/30/2020,LY,Libya,EMRO,2837,12958,51,231
9/6/2020,LY,Libya,EMRO,4136,17094,41,272
9/13/2020,LY,Libya,EMRO,5254,22348,82,354
9/20/2020,LY,Libya,EMRO,4886,27234,72,426
9/27/2020,LY,Libya,EMRO,4594,31828,73,499
10/4/2020,LY,Libya,EMRO,4259,36087,79,578
10/11/2020,LY,Libya,EMRO,5599,41686,45,623
10/18/2020,LY,Libya,EMRO,6159,47845,76,699
10/25/2020,LY,Libya,EMRO,6529,54374,91,790
11/1/2020,LY,Libya,EMRO,6721,61095,67,857
11/8/2020,LY,Libya,EMRO,5944,67039,63,920
11/15/2020,LY,Libya,EMRO,5589,72628,75,995
11/22/2020,LY,Libya,EMRO,4180,76808,73,1068
11/29/2020,LY,Libya,EMRO,4465,81273,85,1153
12/6/2020,LY,Libya,EMRO,4256,85529,66,1219
12/13/2020,LY,Libya,EMRO,4351,89880,59,1278
12/20/2020,LY,Libya,EMRO,3892,93772,68,1346
12/27/2020,LY,Libya,EMRO,3881,97653,69,1415
1/3/2021,LY,Libya,EMRO,3091,100744,72,1487
1/10/2021,LY,Libya,EMRO,3258,104002,81,1568
1/17/2021,LY,Libya,EMRO,4015,108017,83,1651
1/24/2021,LY,Libya,EMRO,4523,112540,86,1737
1/31/2021,LY,Libya,EMRO,5110,117650,105,1842
2/7/2021,LY,Libya,EMRO,5244,122894,94,1936
2/14/2021,LY,Libya,EMRO,3987,126881,78,2014
2/21/2021,LY,Libya,EMRO,2444,129325,74,2088
2/28/2021,LY,Libya,EMRO,3133,132458,86,2174
3/7/2021,LY,Libya,EMRO,5024,137482,62,2236
3/14/2021,LY,Libya,EMRO,6161,143643,112,2348
3/21/2021,LY,Libya,EMRO,6698,150341,139,2487
3/28/2021,LY,Libya,EMRO,5775,156116,115,2602
4/4/2021,LY,Libya,EMRO,4972,161088,82,2684
4/11/2021,LY,Libya,EMRO,5800,166888,123,2807
4/18/2021,LY,Libya,EMRO,4243,171131,75,2882
4/25/2021,LY,Libya,EMRO,3621,174752,65,2947
5/2/2021,LY,Libya,EMRO,2756,177508,82,3029
5/9/2021,LY,Libya,EMRO,2189,179697,34,3063
5/16/2021,LY,Libya,EMRO,1482,181179,22,3085
5/23/2021,LY,Libya,EMRO,1720,182899,20,3105
5/30/2021,LY,Libya,EMRO,1916,184815,11,3116
6/6/2021,LY,Libya,EMRO,2138,186953,21,3137
6/13/2021,LY,Libya,EMRO,1809,188762,21,3158
6/20/2021,LY,Libya,EMRO,1664,190426,15,3173
6/27/2021,LY,Libya,EMRO,1703,192129,12,3185
7/4/2021,LY,Libya,EMRO,2194,194323,20,3205
7/11/2021,LY,Libya,EMRO,6913,201236,27,3232
7/18/2021,LY,Libya,EMRO,16198,217434,21,3253
7/25/2021,LY,Libya,EMRO,12170,229604,91,3344
8/1/2021,LY,Libya,EMRO,19510,249114,165,3509
8/8/2021,LY,Libya,EMRO,15713,264827,180,3689
8/15/2021,LY,Libya,EMRO,14272,279099,180,3869
8/22/2021,LY,Libya,EMRO,14433,293532,148,4017
8/29/2021,LY,Libya,EMRO,10258,303790,148,4165
9/5/2021,LY,Libya,EMRO,9714,313504,143,4308
9/12/2021,LY,Libya,EMRO,8983,322487,102,4410
9/19/2021,LY,Libya,EMRO,7337,329824,80,4490
9/26/2021,LY,Libya,EMRO,6167,335991,98,4588
10/3/2021,LY,Libya,EMRO,5100,341091,76,4664
10/10/2021,LY,Libya,EMRO,4360,345451,93,4757
10/17/2021,LY,Libya,EMRO,3759,349210,103,4860
10/24/2021,LY,Libya,EMRO,3671,352881,122,4982
10/31/2021,LY,Libya,EMRO,3774,356655,96,5078
11/7/2021,LY,Libya,EMRO,3611,360266,108,5186
11/14/2021,LY,Libya,EMRO,3810,364076,89,5275
11/21/2021,LY,Libya,EMRO,3142,367218,90,5365
11/28/2021,LY,Libya,EMRO,3569,370787,65,5430
12/5/2021,LY,Libya,EMRO,3493,374280,50,5480
12/12/2021,LY,Libya,EMRO,3170,377450,60,5540
12/19/2021,LY,Libya,EMRO,3573,381023,49,5589
12/26/2021,LY,Libya,EMRO,3640,384663,52,5641
1/2/2022,LY,Libya,EMRO,4071,388734,69,5710
1/9/2022,LY,Libya,EMRO,4134,392868,68,5778
1/16/2022,LY,Libya,EMRO,3584,396452,50,5828
1/23/2022,LY,Libya,EMRO,6692,403144,79,5907
1/30/2022,LY,Libya,EMRO,16399,419543,86,5993
2/6/2022,LY,Libya,EMRO,26333,445876,59,6052
2/13/2022,LY,Libya,EMRO,20790,466666,61,6113
2/20/2022,LY,Libya,EMRO,15487,482153,65,6178
2/27/2022,LY,Libya,EMRO,10001,492154,63,6241
3/6/2022,LY,Libya,EMRO,5125,497279,47,6288
3/13/2022,LY,Libya,EMRO,2488,499767,48,6336
3/20/2022,LY,Libya,EMRO,1097,500864,32,6368
3/27/2022,LY,Libya,EMRO,556,501420,29,6397
4/3/2022,LY,Libya,EMRO,318,501738,22,6419
4/10/2022,LY,Libya,EMRO,96,501834,10,6429
4/17/2022,LY,Libya,EMRO,28,501862,0,6429
4/24/2022,LY,Libya,EMRO,42,501904,1,6430
5/1/2022,LY,Libya,EMRO,12,501916,0,6430
5/8/2022,LY,Libya,EMRO,3,501919,0,6430
5/15/2022,LY,Libya,EMRO,35,501954,0,6430
5/22/2022,LY,Libya,EMRO,33,501987,0,6430
5/29/2022,LY,Libya,EMRO,29,502016,0,6430
6/5/2022,LY,Libya,EMRO,24,502040,0,6430
6/12/2022,LY,Libya,EMRO,36,502076,0,6430
6/19/2022,LY,Libya,EMRO,34,502110,0,6430
6/26/2022,LY,Libya,EMRO,28,502138,0,6430
7/3/2022,LY,Libya,EMRO,51,502189,0,6430
7/10/2022,LY,Libya,EMRO,100,502289,0,6430
7/17/2022,LY,Libya,EMRO,353,502642,1,6431
7/24/2022,LY,Libya,EMRO,969,503611,0,6431
7/31/2022,LY,Libya,EMRO,1138,504749,0,6431
8/7/2022,LY,Libya,EMRO,862,505611,2,6433
8/14/2022,LY,Libya,EMRO,567,506178,1,6434
8/21/2022,LY,Libya,EMRO,337,506515,2,6436
8/28/2022,LY,Libya,EMRO,231,506746,0,6436
9/4/2022,LY,Libya,EMRO,92,506838,1,6437
9/11/2022,LY,Libya,EMRO,51,506889,0,6437
9/18/2022,LY,Libya,EMRO,33,506922,0,6437
9/25/2022,LY,Libya,EMRO,32,506954,0,6437
10/2/2022,LY,Libya,EMRO,40,506994,0,6437
10/9/2022,LY,Libya,EMRO,16,507010,0,6437
10/16/2022,LY,Libya,EMRO,2,507012,0,6437
10/23/2022,LY,Libya,EMRO,12,507024,0,6437
10/30/2022,LY,Libya,EMRO,10,507034,0,6437
11/6/2022,LY,Libya,EMRO,17,507051,0,6437
11/13/2022,LY,Libya,EMRO,9,507060,0,6437
11/20/2022,LY,Libya,EMRO,10,507070,0,6437
11/27/2022,LY,Libya,EMRO,8,507078,0,6437
12/4/2022,LY,Libya,EMRO,6,507084,0,6437
12/11/2022,LY,Libya,EMRO,16,507100,0,6437
12/18/2022,LY,Libya,EMRO,12,507112,0,6437
12/25/2022,LY,Libya,EMRO,9,507121,0,6437
1/1/2023,LY,Libya,EMRO,21,507142,0,6437
1/8/2023,LY,Libya,EMRO,11,507153,0,6437
1/15/2023,LY,Libya,EMRO,1,507154,0,6437
1/22/2023,LY,Libya,EMRO,4,507158,0,6437
1/29/2023,LY,Libya,EMRO,1,507159,0,6437
2/5/2023,LY,Libya,EMRO,3,507162,0,6437
2/12/2023,LY,Libya,EMRO,4,507166,0,6437
2/19/2023,LY,Libya,EMRO,4,507170,0,6437
2/26/2023,LY,Libya,EMRO,1,507171,0,6437
3/5/2023,LY,Libya,EMRO,3,507174,0,6437
3/12/2023,LY,Libya,EMRO,13,507187,0,6437
3/19/2023,LY,Libya,EMRO,14,507201,0,6437
3/26/2023,LY,Libya,EMRO,5,507206,0,6437
4/2/2023,LY,Libya,EMRO,0,507206,0,6437
4/9/2023,LY,Libya,EMRO,23,507229,0,6437
4/16/2023,LY,Libya,EMRO,15,507244,0,6437
4/23/2023,LY,Libya,EMRO,6,507250,0,6437
4/30/2023,LY,Libya,EMRO,2,507252,0,6437
5/7/2023,LY,Libya,EMRO,0,507252,0,6437
5/14/2023,LY,Libya,EMRO,1,507253,0,6437
5/21/2023,LY,Libya,EMRO,2,507255,0,6437
5/28/2023,LY,Libya,EMRO,7,507262,0,6437
6/4/2023,LY,Libya,EMRO,1,507263,0,6437
6/11/2023,LY,Libya,EMRO,1,507264,0,6437
6/18/2023,LY,Libya,EMRO,0,507264,0,6437
6/25/2023,LY,Libya,EMRO,2,507266,0,6437
7/2/2023,LY,Libya,EMRO,0,507266,0,6437
7/9/2023,LY,Libya,EMRO,0,507266,0,6437
7/16/2023,LY,Libya,EMRO,0,507266,0,6437
7/23/2023,LY,Libya,EMRO,0,507266,0,6437
7/30/2023,LY,Libya,EMRO,0,507266,0,6437
8/6/2023,LY,Libya,EMRO,0,507266,0,6437
8/13/2023,LY,Libya,EMRO,0,507266,0,6437
8/20/2023,LY,Libya,EMRO,0,507266,0,6437
8/27/2023,LY,Libya,EMRO,2,507268,0,6437
9/3/2023,LY,Libya,EMRO,1,507269,0,6437
9/10/2023,LY,Libya,EMRO,0,507269,0,6437
9/17/2023,LY,Libya,EMRO,0,507269,0,6437
9/24/2023,LY,Libya,EMRO,0,507269,0,6437
10/1/2023,LY,Libya,EMRO,0,507269,0,6437
10/8/2023,LY,Libya,EMRO,0,507269,0,6437
10/15/2023,LY,Libya,EMRO,0,507269,0,6437
10/22/2023,LY,Libya,EMRO,0,507269,0,6437
10/29/2023,LY,Libya,EMRO,0,507269,0,6437
11/5/2023,LY,Libya,EMRO,0,507269,0,6437
11/12/2023,LY,Libya,EMRO,0,507269,0,6437
11/19/2023,LY,Libya,EMRO,0,507269,0,6437
11/26/2023,LY,Libya,EMRO,0,507269,0,6437
12/3/2023,LY,Libya,EMRO,0,507269,0,6437
12/10/2023,LY,Libya,EMRO,0,507269,0,6437
12/17/2023,LY,Libya,EMRO,0,507269,0,6437
12/24/2023,LY,Libya,EMRO,0,507269,0,6437
1/5/2020,LI,Liechtenstein,,0,0,0,0
1/12/2020,LI,Liechtenstein,,0,0,0,0
1/19/2020,LI,Liechtenstein,,0,0,0,0
1/26/2020,LI,Liechtenstein,,0,0,0,0
2/2/2020,LI,Liechtenstein,,0,0,0,0
2/9/2020,LI,Liechtenstein,,0,0,0,0
2/16/2020,LI,Liechtenstein,,0,0,0,0
2/23/2020,LI,Liechtenstein,,0,0,0,0
3/1/2020,LI,Liechtenstein,,0,0,0,0
3/8/2020,LI,Liechtenstein,,1,1,0,0
3/15/2020,LI,Liechtenstein,,10,11,0,0
3/22/2020,LI,Liechtenstein,,35,46,0,0
3/29/2020,LI,Liechtenstein,,18,64,0,0
4/5/2020,LI,Liechtenstein,,14,78,1,1
4/12/2020,LI,Liechtenstein,,3,81,0,1
4/19/2020,LI,Liechtenstein,,1,82,0,1
4/26/2020,LI,Liechtenstein,,1,83,0,1
5/3/2020,LI,Liechtenstein,,0,83,0,1
5/10/2020,LI,Liechtenstein,,0,83,0,1
5/17/2020,LI,Liechtenstein,,0,83,0,1
5/24/2020,LI,Liechtenstein,,0,83,0,1
5/31/2020,LI,Liechtenstein,,0,83,0,1
6/7/2020,LI,Liechtenstein,,0,83,0,1
6/14/2020,LI,Liechtenstein,,0,83,0,1
6/21/2020,LI,Liechtenstein,,0,83,0,1
6/28/2020,LI,Liechtenstein,,0,83,0,1
7/5/2020,LI,Liechtenstein,,1,84,0,1
7/12/2020,LI,Liechtenstein,,1,85,0,1
7/19/2020,LI,Liechtenstein,,2,87,0,1
7/26/2020,LI,Liechtenstein,,0,87,0,1
8/2/2020,LI,Liechtenstein,,2,89,0,1
8/9/2020,LI,Liechtenstein,,0,89,0,1
8/16/2020,LI,Liechtenstein,,5,94,0,1
8/23/2020,LI,Liechtenstein,,7,101,0,1
8/30/2020,LI,Liechtenstein,,7,108,0,1
9/6/2020,LI,Liechtenstein,,0,108,0,1
9/13/2020,LI,Liechtenstein,,3,111,0,1
9/20/2020,LI,Liechtenstein,,3,114,0,1
9/27/2020,LI,Liechtenstein,,5,119,0,1
10/4/2020,LI,Liechtenstein,,9,128,0,1
10/11/2020,LI,Liechtenstein,,22,150,0,1
10/18/2020,LI,Liechtenstein,,77,227,0,1
10/25/2020,LI,Liechtenstein,,186,413,0,1
11/1/2020,LI,Liechtenstein,,190,603,2,3
11/8/2020,LI,Liechtenstein,,217,820,0,3
11/15/2020,LI,Liechtenstein,,193,1013,3,6
11/22/2020,LI,Liechtenstein,,141,1154,4,10
11/29/2020,LI,Liechtenstein,,149,1303,7,17
12/6/2020,LI,Liechtenstein,,130,1433,2,19
12/13/2020,LI,Liechtenstein,,144,1577,2,21
12/20/2020,LI,Liechtenstein,,254,1831,5,26
12/27/2020,LI,Liechtenstein,,257,2088,13,39
1/3/2021,LI,Liechtenstein,,196,2284,5,44
1/10/2021,LI,Liechtenstein,,121,2405,6,50
1/17/2021,LI,Liechtenstein,,49,2454,0,50
1/24/2021,LI,Liechtenstein,,59,2513,3,53
1/31/2021,LI,Liechtenstein,,54,2567,0,53
2/7/2021,LI,Liechtenstein,,30,2597,0,53
2/14/2021,LI,Liechtenstein,,18,2615,2,55
2/21/2021,LI,Liechtenstein,,7,2622,0,55
2/28/2021,LI,Liechtenstein,,28,2650,0,55
3/7/2021,LI,Liechtenstein,,20,2670,1,56
3/14/2021,LI,Liechtenstein,,20,2690,0,56
3/21/2021,LI,Liechtenstein,,21,2711,0,56
3/28/2021,LI,Liechtenstein,,28,2739,0,56
4/4/2021,LI,Liechtenstein,,37,2776,0,56
4/11/2021,LI,Liechtenstein,,61,2837,0,56
4/18/2021,LI,Liechtenstein,,72,2909,0,56
4/25/2021,LI,Liechtenstein,,64,2973,1,57
5/2/2021,LI,Liechtenstein,,62,3035,0,57
5/9/2021,LI,Liechtenstein,,27,3062,1,58
5/16/2021,LI,Liechtenstein,,17,3079,0,58
5/23/2021,LI,Liechtenstein,,12,3091,0,58
5/30/2021,LI,Liechtenstein,,12,3103,0,58
6/6/2021,LI,Liechtenstein,,12,3115,0,58
6/13/2021,LI,Liechtenstein,,5,3120,1,59
6/20/2021,LI,Liechtenstein,,3,3123,0,59
6/27/2021,LI,Liechtenstein,,4,3127,0,59
7/4/2021,LI,Liechtenstein,,13,3140,0,59
7/11/2021,LI,Liechtenstein,,13,3153,0,59
7/18/2021,LI,Liechtenstein,,11,3164,0,59
7/25/2021,LI,Liechtenstein,,15,3179,0,59
8/1/2021,LI,Liechtenstein,,13,3192,0,59
8/8/2021,LI,Liechtenstein,,15,3207,0,59
8/15/2021,LI,Liechtenstein,,63,3270,0,59
8/22/2021,LI,Liechtenstein,,73,3343,0,59
8/29/2021,LI,Liechtenstein,,38,3381,0,59
9/5/2021,LI,Liechtenstein,,64,3445,0,59
9/12/2021,LI,Liechtenstein,,53,3498,1,60
9/19/2021,LI,Liechtenstein,,32,3530,0,60
9/26/2021,LI,Liechtenstein,,25,3555,0,60
10/3/2021,LI,Liechtenstein,,6,3561,0,60
10/10/2021,LI,Liechtenstein,,11,3572,0,60
10/17/2021,LI,Liechtenstein,,31,3603,0,60
10/24/2021,LI,Liechtenstein,,39,3642,1,61
10/31/2021,LI,Liechtenstein,,43,3685,0,61
11/7/2021,LI,Liechtenstein,,93,3778,0,61
11/14/2021,LI,Liechtenstein,,147,3925,0,61
11/21/2021,LI,Liechtenstein,,378,4303,0,61
11/28/2021,LI,Liechtenstein,,400,4703,1,62
12/5/2021,LI,Liechtenstein,,409,5112,0,62
12/12/2021,LI,Liechtenstein,,375,5487,5,67
12/19/2021,LI,Liechtenstein,,304,5791,2,69
12/26/2021,LI,Liechtenstein,,268,6059,0,69
1/2/2022,LI,Liechtenstein,,292,6351,0,69
1/9/2022,LI,Liechtenstein,,481,6832,0,69
1/16/2022,LI,Liechtenstein,,545,7377,1,70
1/23/2022,LI,Liechtenstein,,757,8134,1,71
1/30/2022,LI,Liechtenstein,,910,9044,0,71
2/6/2022,LI,Liechtenstein,,810,9854,0,71
2/13/2022,LI,Liechtenstein,,846,10700,0,71
2/20/2022,LI,Liechtenstein,,615,11315,3,74
2/27/2022,LI,Liechtenstein,,648,11963,1,75
3/6/2022,LI,Liechtenstein,,1143,13106,1,76
3/13/2022,LI,Liechtenstein,,1126,14232,2,78
3/20/2022,LI,Liechtenstein,,1149,15381,2,80
3/27/2022,LI,Liechtenstein,,710,16091,2,82
4/3/2022,LI,Liechtenstein,,406,16497,0,82
4/10/2022,LI,Liechtenstein,,266,16763,0,82
4/17/2022,LI,Liechtenstein,,204,16967,0,82
4/24/2022,LI,Liechtenstein,,112,17079,0,82
5/1/2022,LI,Liechtenstein,,95,17174,1,83
5/8/2022,LI,Liechtenstein,,80,17254,0,83
5/15/2022,LI,Liechtenstein,,67,17321,0,83
5/22/2022,LI,Liechtenstein,,57,17378,0,83
5/29/2022,LI,Liechtenstein,,53,17431,0,83
6/5/2022,LI,Liechtenstein,,95,17526,0,83
6/12/2022,LI,Liechtenstein,,76,17602,1,84
6/19/2022,LI,Liechtenstein,,95,17697,0,84
6/26/2022,LI,Liechtenstein,,124,17821,0,84
7/3/2022,LI,Liechtenstein,,158,17979,1,85
7/10/2022,LI,Liechtenstein,,209,18188,0,85
7/17/2022,LI,Liechtenstein,,205,18393,0,85
7/24/2022,LI,Liechtenstein,,164,18557,0,85
7/31/2022,LI,Liechtenstein,,148,18705,1,86
8/7/2022,LI,Liechtenstein,,113,18818,0,86
8/14/2022,LI,Liechtenstein,,109,18927,0,86
8/21/2022,LI,Liechtenstein,,70,18997,0,86
8/28/2022,LI,Liechtenstein,,105,19102,0,86
9/4/2022,LI,Liechtenstein,,118,19220,0,86
9/11/2022,LI,Liechtenstein,,105,19325,0,86
9/18/2022,LI,Liechtenstein,,111,19436,0,86
9/25/2022,LI,Liechtenstein,,151,19587,0,86
10/2/2022,LI,Liechtenstein,,271,19858,0,86
10/9/2022,LI,Liechtenstein,,304,20162,0,86
10/16/2022,LI,Liechtenstein,,243,20405,0,86
10/23/2022,LI,Liechtenstein,,152,20557,0,86
10/30/2022,LI,Liechtenstein,,87,20644,0,86
11/6/2022,LI,Liechtenstein,,85,20729,0,86
11/13/2022,LI,Liechtenstein,,56,20785,0,86
11/20/2022,LI,Liechtenstein,,61,20846,0,86
11/27/2022,LI,Liechtenstein,,60,20906,0,86
12/4/2022,LI,Liechtenstein,,119,21025,0,86
12/11/2022,LI,Liechtenstein,,91,21116,1,87
12/18/2022,LI,Liechtenstein,,96,21212,0,87
12/25/2022,LI,Liechtenstein,,69,21281,0,87
1/1/2023,LI,Liechtenstein,,23,21304,0,87
1/8/2023,LI,Liechtenstein,,20,21324,0,87
1/15/2023,LI,Liechtenstein,,15,21339,0,87
1/22/2023,LI,Liechtenstein,,1,21340,0,87
1/29/2023,LI,Liechtenstein,,10,21350,0,87
2/5/2023,LI,Liechtenstein,,9,21359,0,87
2/12/2023,LI,Liechtenstein,,13,21372,0,87
2/19/2023,LI,Liechtenstein,,15,21387,0,87
2/26/2023,LI,Liechtenstein,,17,21404,0,87
3/5/2023,LI,Liechtenstein,,28,21432,0,87
3/12/2023,LI,Liechtenstein,,16,21448,0,87
3/19/2023,LI,Liechtenstein,,6,21454,0,87
3/26/2023,LI,Liechtenstein,,4,21458,0,87
4/2/2023,LI,Liechtenstein,,0,21458,0,87
4/9/2023,LI,Liechtenstein,,2,21460,0,87
4/16/2023,LI,Liechtenstein,,0,21460,0,87
4/23/2023,LI,Liechtenstein,,2,21462,0,87
4/30/2023,LI,Liechtenstein,,2,21464,0,87
5/7/2023,LI,Liechtenstein,,1,21465,0,87
5/14/2023,LI,Liechtenstein,,3,21468,0,87
5/21/2023,LI,Liechtenstein,,0,21468,0,87
5/28/2023,LI,Liechtenstein,,1,21469,0,87
6/4/2023,LI,Liechtenstein,,1,21470,0,87
6/11/2023,LI,Liechtenstein,,1,21471,0,87
6/18/2023,LI,Liechtenstein,,0,21471,0,87
6/25/2023,LI,Liechtenstein,,1,21472,0,87
7/2/2023,LI,Liechtenstein,,1,21473,0,87
7/9/2023,LI,Liechtenstein,,0,21473,0,87
7/16/2023,LI,Liechtenstein,,0,21473,0,87
7/23/2023,LI,Liechtenstein,,0,21473,0,87
7/30/2023,LI,Liechtenstein,,0,21473,0,87
8/6/2023,LI,Liechtenstein,,0,21473,0,87
8/13/2023,LI,Liechtenstein,,0,21473,0,87
8/20/2023,LI,Liechtenstein,,1,21474,0,87
8/27/2023,LI,Liechtenstein,,1,21475,0,87
9/3/2023,LI,Liechtenstein,,2,21477,0,87
9/10/2023,LI,Liechtenstein,,2,21479,0,87
9/17/2023,LI,Liechtenstein,,7,21486,0,87
9/24/2023,LI,Liechtenstein,,2,21488,0,87
10/1/2023,LI,Liechtenstein,,3,21491,0,87
10/8/2023,LI,Liechtenstein,,3,21494,0,87
10/15/2023,LI,Liechtenstein,,3,21497,0,87
10/22/2023,LI,Liechtenstein,,7,21504,0,87
10/29/2023,LI,Liechtenstein,,3,21507,0,87
11/5/2023,LI,Liechtenstein,,8,21515,0,87
11/12/2023,LI,Liechtenstein,,6,21521,0,87
11/19/2023,LI,Liechtenstein,,5,21526,0,87
11/26/2023,LI,Liechtenstein,,0,21526,0,87
12/3/2023,LI,Liechtenstein,,0,21526,0,87
12/10/2023,LI,Liechtenstein,,0,21526,0,87
12/17/2023,LI,Liechtenstein,,35,21561,0,87
12/24/2023,LI,Liechtenstein,,-4,21557,0,87
1/5/2020,LT,Lithuania,EURO,0,0,0,0
1/12/2020,LT,Lithuania,EURO,0,0,0,0
1/19/2020,LT,Lithuania,EURO,0,0,0,0
1/26/2020,LT,Lithuania,EURO,0,0,0,0
2/2/2020,LT,Lithuania,EURO,0,0,0,0
2/9/2020,LT,Lithuania,EURO,0,0,0,0
2/16/2020,LT,Lithuania,EURO,0,0,0,0
2/23/2020,LT,Lithuania,EURO,0,0,0,0
3/1/2020,LT,Lithuania,EURO,0,0,0,0
3/8/2020,LT,Lithuania,EURO,0,0,0,0
3/15/2020,LT,Lithuania,EURO,0,0,0,0
3/22/2020,LT,Lithuania,EURO,29,29,0,0
3/29/2020,LT,Lithuania,EURO,233,262,4,4
4/5/2020,LT,Lithuania,EURO,354,616,4,8
4/12/2020,LT,Lithuania,EURO,264,880,6,14
4/19/2020,LT,Lithuania,EURO,238,1118,9,23
4/26/2020,LT,Lithuania,EURO,127,1245,8,31
5/3/2020,LT,Lithuania,EURO,82,1327,2,33
5/10/2020,LT,Lithuania,EURO,72,1399,3,36
5/17/2020,LT,Lithuania,EURO,76,1475,7,43
5/24/2020,LT,Lithuania,EURO,82,1557,5,48
5/31/2020,LT,Lithuania,EURO,48,1605,6,54
6/7/2020,LT,Lithuania,EURO,44,1649,2,56
6/14/2020,LT,Lithuania,EURO,52,1701,3,59
6/21/2020,LT,Lithuania,EURO,29,1730,1,60
6/28/2020,LT,Lithuania,EURO,15,1745,1,61
7/5/2020,LT,Lithuania,EURO,26,1771,1,62
7/12/2020,LT,Lithuania,EURO,31,1802,0,62
7/19/2020,LT,Lithuania,EURO,71,1873,1,63
7/26/2020,LT,Lithuania,EURO,30,1903,0,63
8/2/2020,LT,Lithuania,EURO,146,2049,0,63
8/9/2020,LT,Lithuania,EURO,142,2191,1,64
8/16/2020,LT,Lithuania,EURO,192,2383,0,64
8/23/2020,LT,Lithuania,EURO,237,2620,3,67
8/30/2020,LT,Lithuania,EURO,227,2847,2,69
9/6/2020,LT,Lithuania,EURO,214,3061,0,69
9/13/2020,LT,Lithuania,EURO,287,3348,2,71
9/20/2020,LT,Lithuania,EURO,433,3781,0,71
9/27/2020,LT,Lithuania,EURO,710,4491,5,76
10/4/2020,LT,Lithuania,EURO,790,5281,5,81
10/11/2020,LT,Lithuania,EURO,1029,6310,8,89
10/18/2020,LT,Lithuania,EURO,1566,7876,11,100
10/25/2020,LT,Lithuania,EURO,2963,10839,22,122
11/1/2020,LT,Lithuania,EURO,6039,16878,33,155
11/8/2020,LT,Lithuania,EURO,8245,25123,49,204
11/15/2020,LT,Lithuania,EURO,10357,35480,91,295
11/22/2020,LT,Lithuania,EURO,12436,47916,144,439
11/29/2020,LT,Lithuania,EURO,13381,61297,153,592
12/6/2020,LT,Lithuania,EURO,14961,76258,196,788
12/13/2020,LT,Lithuania,EURO,19051,95309,252,1040
12/20/2020,LT,Lithuania,EURO,20737,116046,256,1296
12/27/2020,LT,Lithuania,EURO,18173,134219,321,1617
1/3/2021,LT,Lithuania,EURO,16309,150528,326,1943
1/10/2021,LT,Lithuania,EURO,13460,163988,269,2212
1/17/2021,LT,Lithuania,EURO,8013,172001,248,2460
1/24/2021,LT,Lithuania,EURO,6549,178550,206,2666
1/31/2021,LT,Lithuania,EURO,5897,184447,156,2822
2/7/2021,LT,Lithuania,EURO,4188,188635,133,2955
2/14/2021,LT,Lithuania,EURO,3496,192131,125,3080
2/21/2021,LT,Lithuania,EURO,3340,195471,101,3181
2/28/2021,LT,Lithuania,EURO,3691,199162,77,3258
3/7/2021,LT,Lithuania,EURO,3055,202217,73,3331
3/14/2021,LT,Lithuania,EURO,3205,205422,71,3402
3/21/2021,LT,Lithuania,EURO,3663,209085,78,3480
3/28/2021,LT,Lithuania,EURO,4942,214027,72,3552
4/4/2021,LT,Lithuania,EURO,5630,219657,60,3612
4/11/2021,LT,Lithuania,EURO,6640,226297,83,3695
4/18/2021,LT,Lithuania,EURO,7546,233843,71,3766
4/25/2021,LT,Lithuania,EURO,7750,241593,92,3858
5/2/2021,LT,Lithuania,EURO,8357,249950,97,3955
5/9/2021,LT,Lithuania,EURO,8075,258025,84,4039
5/16/2021,LT,Lithuania,EURO,7845,265870,69,4108
5/23/2021,LT,Lithuania,EURO,5339,271209,85,4193
5/30/2021,LT,Lithuania,EURO,3348,274557,72,4265
6/6/2021,LT,Lithuania,EURO,2273,276830,45,4310
6/13/2021,LT,Lithuania,EURO,1290,278120,32,4342
6/20/2021,LT,Lithuania,EURO,635,278755,26,4368
6/27/2021,LT,Lithuania,EURO,306,279061,14,4382
7/4/2021,LT,Lithuania,EURO,208,279269,8,4390
7/11/2021,LT,Lithuania,EURO,308,279577,7,4397
7/18/2021,LT,Lithuania,EURO,553,280130,6,4403
7/25/2021,LT,Lithuania,EURO,1216,281346,2,4405
8/1/2021,LT,Lithuania,EURO,2080,283426,6,4411
8/8/2021,LT,Lithuania,EURO,3121,286547,10,4421
8/15/2021,LT,Lithuania,EURO,3803,290350,24,4445
8/22/2021,LT,Lithuania,EURO,3971,294321,37,4482
8/29/2021,LT,Lithuania,EURO,4156,298477,54,4536
9/5/2021,LT,Lithuania,EURO,4902,303379,73,4609
9/12/2021,LT,Lithuania,EURO,5950,309329,79,4688
9/19/2021,LT,Lithuania,EURO,7760,317089,105,4793
9/26/2021,LT,Lithuania,EURO,9280,326369,123,4916
10/3/2021,LT,Lithuania,EURO,11865,338234,157,5073
10/10/2021,LT,Lithuania,EURO,14853,353087,167,5240
10/17/2021,LT,Lithuania,EURO,16878,369965,205,5445
10/24/2021,LT,Lithuania,EURO,19829,389794,193,5638
10/31/2021,LT,Lithuania,EURO,21014,410808,250,5888
11/7/2021,LT,Lithuania,EURO,18895,429703,240,6128
11/14/2021,LT,Lithuania,EURO,16387,446090,204,6332
11/21/2021,LT,Lithuania,EURO,12573,458663,209,6541
11/28/2021,LT,Lithuania,EURO,12580,471243,168,6709
12/5/2021,LT,Lithuania,EURO,12206,483449,152,6861
12/12/2021,LT,Lithuania,EURO,11568,495017,129,6990
12/19/2021,LT,Lithuania,EURO,11487,506504,145,7135
12/26/2021,LT,Lithuania,EURO,9502,516006,167,7302
1/2/2022,LT,Lithuania,EURO,11899,527905,130,7432
1/9/2022,LT,Lithuania,EURO,21379,549284,120,7552
1/16/2022,LT,Lithuania,EURO,28303,577587,113,7665
1/23/2022,LT,Lithuania,EURO,46165,623752,100,7765
1/30/2022,LT,Lithuania,EURO,74103,697855,104,7869
2/6/2022,LT,Lithuania,EURO,88302,786157,122,7991
2/13/2022,LT,Lithuania,EURO,77802,863959,131,8122
2/20/2022,LT,Lithuania,EURO,54157,918116,132,8254
2/27/2022,LT,Lithuania,EURO,45304,963420,161,8415
3/6/2022,LT,Lithuania,EURO,37052,1000472,120,8535
3/13/2022,LT,Lithuania,EURO,35485,1035957,106,8641
3/20/2022,LT,Lithuania,EURO,35886,1071843,96,8737
3/27/2022,LT,Lithuania,EURO,27270,1099113,103,8840
4/3/2022,LT,Lithuania,EURO,18874,1117987,76,8916
4/10/2022,LT,Lithuania,EURO,12314,1130301,56,8972
4/17/2022,LT,Lithuania,EURO,9337,1139638,51,9023
4/24/2022,LT,Lithuania,EURO,6163,1145801,47,9070
5/1/2022,LT,Lithuania,EURO,4462,1150263,33,9103
5/8/2022,LT,Lithuania,EURO,1303,1151566,20,9123
5/15/2022,LT,Lithuania,EURO,1181,1152747,9,9132
5/22/2022,LT,Lithuania,EURO,1039,1153786,4,9136
5/29/2022,LT,Lithuania,EURO,909,1154695,8,9144
6/5/2022,LT,Lithuania,EURO,877,1155572,5,9149
6/12/2022,LT,Lithuania,EURO,1101,1156673,4,9153
6/19/2022,LT,Lithuania,EURO,1304,1157977,5,9158
6/26/2022,LT,Lithuania,EURO,1559,1159536,9,9167
7/3/2022,LT,Lithuania,EURO,2628,1162164,8,9175
7/10/2022,LT,Lithuania,EURO,2930,1165094,5,9180
7/17/2022,LT,Lithuania,EURO,4578,1169672,9,9189
7/24/2022,LT,Lithuania,EURO,6345,1176017,10,9199
7/31/2022,LT,Lithuania,EURO,7583,1183600,9,9208
8/7/2022,LT,Lithuania,EURO,8553,1192153,12,9220
8/14/2022,LT,Lithuania,EURO,8562,1200715,17,9237
8/21/2022,LT,Lithuania,EURO,8234,1208949,21,9258
8/28/2022,LT,Lithuania,EURO,6725,1215674,24,9282
9/4/2022,LT,Lithuania,EURO,5172,1220846,12,9294
9/11/2022,LT,Lithuania,EURO,5775,1226621,2,9296
9/18/2022,LT,Lithuania,EURO,8935,1235556,11,9307
9/25/2022,LT,Lithuania,EURO,8787,1244343,10,9317
10/2/2022,LT,Lithuania,EURO,7189,1251532,7,9324
10/9/2022,LT,Lithuania,EURO,5598,1257130,18,9342
10/16/2022,LT,Lithuania,EURO,4520,1261650,21,9363
10/23/2022,LT,Lithuania,EURO,3522,1265172,17,9380
10/30/2022,LT,Lithuania,EURO,2868,1268040,13,9393
11/6/2022,LT,Lithuania,EURO,1765,1269805,9,9402
11/13/2022,LT,Lithuania,EURO,1724,1271529,11,9413
11/20/2022,LT,Lithuania,EURO,1551,1273080,4,9417
11/27/2022,LT,Lithuania,EURO,1837,1274917,13,9430
12/4/2022,LT,Lithuania,EURO,2699,1277616,6,9436
12/11/2022,LT,Lithuania,EURO,3034,1280650,5,9441
12/18/2022,LT,Lithuania,EURO,2822,1283472,13,9454
12/25/2022,LT,Lithuania,EURO,2750,1286222,15,9469
1/1/2023,LT,Lithuania,EURO,2258,1288480,14,9483
1/8/2023,LT,Lithuania,EURO,2485,1290965,19,9502
1/15/2023,LT,Lithuania,EURO,1627,1292592,18,9520
1/22/2023,LT,Lithuania,EURO,1648,1294240,8,9528
1/29/2023,LT,Lithuania,EURO,1730,1295970,9,9537
2/5/2023,LT,Lithuania,EURO,1947,1297917,14,9551
2/12/2023,LT,Lithuania,EURO,2095,1300012,7,9558
2/19/2023,LT,Lithuania,EURO,1907,1301919,16,9574
2/26/2023,LT,Lithuania,EURO,2194,1304113,11,9585
3/5/2023,LT,Lithuania,EURO,2250,1306363,8,9593
3/12/2023,LT,Lithuania,EURO,2181,1308544,9,9602
3/19/2023,LT,Lithuania,EURO,2312,1310856,10,9612
3/26/2023,LT,Lithuania,EURO,2091,1312947,16,9628
4/2/2023,LT,Lithuania,EURO,1675,1314622,8,9636
4/9/2023,LT,Lithuania,EURO,1473,1316095,7,9643
4/16/2023,LT,Lithuania,EURO,968,1317063,10,9653
4/23/2023,LT,Lithuania,EURO,801,1317864,5,9658
4/30/2023,LT,Lithuania,EURO,610,1318474,7,9665
5/7/2023,LT,Lithuania,EURO,505,1318979,7,9672
5/14/2023,LT,Lithuania,EURO,504,1319483,1,9673
5/21/2023,LT,Lithuania,EURO,439,1319922,7,9680
5/28/2023,LT,Lithuania,EURO,393,1320315,2,9682
6/4/2023,LT,Lithuania,EURO,334,1320649,3,9685
6/11/2023,LT,Lithuania,EURO,273,1320922,2,9687
6/18/2023,LT,Lithuania,EURO,219,1321141,3,9690
6/25/2023,LT,Lithuania,EURO,154,1321295,0,9690
7/2/2023,LT,Lithuania,EURO,152,1321447,1,9691
7/9/2023,LT,Lithuania,EURO,93,1321540,0,9691
7/16/2023,LT,Lithuania,EURO,111,1321651,1,9692
7/23/2023,LT,Lithuania,EURO,110,1321761,1,9693
7/30/2023,LT,Lithuania,EURO,117,1321878,1,9694
8/6/2023,LT,Lithuania,EURO,144,1322022,0,9694
8/13/2023,LT,Lithuania,EURO,162,1322184,1,9695
8/20/2023,LT,Lithuania,EURO,263,1322447,0,9695
8/27/2023,LT,Lithuania,EURO,428,1322875,2,9697
9/3/2023,LT,Lithuania,EURO,524,1323399,4,9701
9/10/2023,LT,Lithuania,EURO,924,1324323,2,9703
9/17/2023,LT,Lithuania,EURO,1734,1326057,1,9704
9/24/2023,LT,Lithuania,EURO,1988,1328045,2,9706
10/1/2023,LT,Lithuania,EURO,1893,1329938,4,9710
10/8/2023,LT,Lithuania,EURO,1620,1331558,4,9714
10/15/2023,LT,Lithuania,EURO,1707,1333265,4,9718
10/22/2023,LT,Lithuania,EURO,2308,1335573,11,9729
10/29/2023,LT,Lithuania,EURO,2891,1338464,5,9734
11/5/2023,LT,Lithuania,EURO,2502,1340966,5,9739
11/12/2023,LT,Lithuania,EURO,3869,1344835,11,9750
11/19/2023,LT,Lithuania,EURO,4146,1348981,9,9759
11/26/2023,LT,Lithuania,EURO,1561,1350542,2,9761
12/3/2023,LT,Lithuania,EURO,0,1350542,0,9761
12/10/2023,LT,Lithuania,EURO,4782,1355324,8,9769
12/17/2023,LT,Lithuania,EURO,3906,1359230,4,9773
12/24/2023,LT,Lithuania,EURO,0,1359230,0,9773
1/5/2020,LU,Luxembourg,EURO,0,0,0,0
1/12/2020,LU,Luxembourg,EURO,0,0,0,0
1/19/2020,LU,Luxembourg,EURO,0,0,0,0
1/26/2020,LU,Luxembourg,EURO,0,0,0,0
2/2/2020,LU,Luxembourg,EURO,0,0,0,0
2/9/2020,LU,Luxembourg,EURO,0,0,0,0
2/16/2020,LU,Luxembourg,EURO,0,0,0,0
2/23/2020,LU,Luxembourg,EURO,0,0,0,0
3/1/2020,LU,Luxembourg,EURO,1,1,0,0
3/8/2020,LU,Luxembourg,EURO,3,4,0,0
3/15/2020,LU,Luxembourg,EURO,83,87,3,3
3/22/2020,LU,Luxembourg,EURO,682,769,12,15
3/29/2020,LU,Luxembourg,EURO,1067,1836,21,36
4/5/2020,LU,Luxembourg,EURO,624,2460,22,58
4/12/2020,LU,Luxembourg,EURO,294,2754,16,74
4/19/2020,LU,Luxembourg,EURO,110,2864,5,79
4/26/2020,LU,Luxembourg,EURO,77,2941,2,81
5/3/2020,LU,Luxembourg,EURO,46,2987,2,83
5/10/2020,LU,Luxembourg,EURO,30,3017,0,83
5/17/2020,LU,Luxembourg,EURO,26,3043,0,83
5/24/2020,LU,Luxembourg,EURO,32,3075,0,83
5/31/2020,LU,Luxembourg,EURO,13,3088,0,83
6/7/2020,LU,Luxembourg,EURO,10,3098,0,83
6/14/2020,LU,Luxembourg,EURO,26,3124,0,83
6/21/2020,LU,Luxembourg,EURO,36,3160,0,83
6/28/2020,LU,Luxembourg,EURO,106,3266,0,83
7/5/2020,LU,Luxembourg,EURO,203,3469,0,83
7/12/2020,LU,Luxembourg,EURO,255,3724,4,87
7/19/2020,LU,Luxembourg,EURO,414,4138,3,90
7/26/2020,LU,Luxembourg,EURO,473,4611,1,91
8/2/2020,LU,Luxembourg,EURO,355,4966,3,94
8/9/2020,LU,Luxembourg,EURO,249,5215,1,95
8/16/2020,LU,Luxembourg,EURO,178,5393,0,95
8/23/2020,LU,Luxembourg,EURO,250,5643,0,95
8/30/2020,LU,Luxembourg,EURO,262,5905,0,95
9/6/2020,LU,Luxembourg,EURO,265,6170,0,95
9/13/2020,LU,Luxembourg,EURO,240,6410,0,95
9/20/2020,LU,Luxembourg,EURO,590,7000,0,95
9/27/2020,LU,Luxembourg,EURO,409,7409,3,98
10/4/2020,LU,Luxembourg,EURO,463,7872,1,99
10/11/2020,LU,Luxembourg,EURO,682,8554,7,106
10/18/2020,LU,Luxembourg,EURO,1110,9664,7,113
10/25/2020,LU,Luxembourg,EURO,2710,12374,13,126
11/1/2020,LU,Luxembourg,EURO,3089,15463,11,137
11/8/2020,LU,Luxembourg,EURO,2634,18097,12,149
11/15/2020,LU,Luxembourg,EURO,2835,20932,11,160
11/22/2020,LU,Luxembourg,EURO,3255,24187,21,181
11/29/2020,LU,Luxembourg,EURO,3410,27597,17,198
12/6/2020,LU,Luxembourg,EURO,3633,31230,20,218
12/13/2020,LU,Luxembourg,EURO,3241,34471,32,250
12/20/2020,LU,Luxembourg,EURO,2623,37094,16,266
12/27/2020,LU,Luxembourg,EURO,1289,38383,19,285
1/3/2021,LU,Luxembourg,EURO,1111,39494,10,295
1/10/2021,LU,Luxembourg,EURO,1035,40529,6,301
1/17/2021,LU,Luxembourg,EURO,857,41386,9,310
1/24/2021,LU,Luxembourg,EURO,853,42239,13,323
1/31/2021,LU,Luxembourg,EURO,1049,43288,14,337
2/7/2021,LU,Luxembourg,EURO,1187,44475,14,351
2/14/2021,LU,Luxembourg,EURO,1131,45606,16,367
2/21/2021,LU,Luxembourg,EURO,1295,46901,11,378
2/28/2021,LU,Luxembourg,EURO,1360,48261,28,406
3/7/2021,LU,Luxembourg,EURO,1251,49512,33,439
3/14/2021,LU,Luxembourg,EURO,1303,50815,23,462
3/21/2021,LU,Luxembourg,EURO,1637,52452,21,483
3/28/2021,LU,Luxembourg,EURO,1760,54212,13,496
4/4/2021,LU,Luxembourg,EURO,1626,55838,10,506
4/11/2021,LU,Luxembourg,EURO,1374,57212,14,520
4/18/2021,LU,Luxembourg,EURO,1332,58544,5,525
4/25/2021,LU,Luxembourg,EURO,1243,59787,2,527
5/2/2021,LU,Luxembourg,EURO,1137,60924,4,531
5/9/2021,LU,Luxembourg,EURO,954,61878,4,535
5/16/2021,LU,Luxembourg,EURO,758,62636,2,537
5/23/2021,LU,Luxembourg,EURO,526,63162,1,538
5/30/2021,LU,Luxembourg,EURO,372,63534,0,538
6/6/2021,LU,Luxembourg,EURO,338,63872,1,539
6/13/2021,LU,Luxembourg,EURO,200,64072,0,539
6/20/2021,LU,Luxembourg,EURO,103,64175,0,539
6/27/2021,LU,Luxembourg,EURO,125,64300,0,539
7/4/2021,LU,Luxembourg,EURO,846,65146,0,539
7/11/2021,LU,Luxembourg,EURO,910,66056,1,540
7/18/2021,LU,Luxembourg,EURO,800,66856,1,541
7/25/2021,LU,Luxembourg,EURO,651,67507,3,544
8/1/2021,LU,Luxembourg,EURO,509,68016,1,545
8/8/2021,LU,Luxembourg,EURO,485,68501,1,546
8/15/2021,LU,Luxembourg,EURO,370,68871,1,547
8/22/2021,LU,Luxembourg,EURO,503,69374,1,548
8/29/2021,LU,Luxembourg,EURO,634,70008,2,550
9/5/2021,LU,Luxembourg,EURO,655,70663,2,552
9/12/2021,LU,Luxembourg,EURO,605,71268,0,552
9/19/2021,LU,Luxembourg,EURO,580,71848,3,555
9/26/2021,LU,Luxembourg,EURO,621,72469,0,555
10/3/2021,LU,Luxembourg,EURO,626,73095,1,556
10/10/2021,LU,Luxembourg,EURO,728,73823,3,559
10/17/2021,LU,Luxembourg,EURO,854,74677,5,564
10/24/2021,LU,Luxembourg,EURO,1046,75723,5,569
10/31/2021,LU,Luxembourg,EURO,1176,76899,6,575
11/7/2021,LU,Luxembourg,EURO,1306,78205,5,580
11/14/2021,LU,Luxembourg,EURO,1564,79769,3,583
11/21/2021,LU,Luxembourg,EURO,1999,81768,8,591
11/28/2021,LU,Luxembourg,EURO,2549,84317,13,604
12/5/2021,LU,Luxembourg,EURO,2880,87197,13,617
12/12/2021,LU,Luxembourg,EURO,2725,89922,4,621
12/19/2021,LU,Luxembourg,EURO,2933,92855,8,629
12/26/2021,LU,Luxembourg,EURO,3033,95888,6,635
1/2/2022,LU,Luxembourg,EURO,6642,102530,5,640
1/9/2022,LU,Luxembourg,EURO,12803,115333,11,651
1/16/2022,LU,Luxembourg,EURO,13715,129048,7,658
1/23/2022,LU,Luxembourg,EURO,18413,147461,15,673
1/30/2022,LU,Luxembourg,EURO,17703,165164,18,691
2/6/2022,LU,Luxembourg,EURO,13029,178193,22,713
2/13/2022,LU,Luxembourg,EURO,6852,185045,15,728
2/20/2022,LU,Luxembourg,EURO,4237,189282,6,734
2/27/2022,LU,Luxembourg,EURO,5666,194948,8,742
3/6/2022,LU,Luxembourg,EURO,5764,200712,9,751
3/13/2022,LU,Luxembourg,EURO,7190,207902,15,766
3/20/2022,LU,Luxembourg,EURO,9459,217361,12,778
3/27/2022,LU,Luxembourg,EURO,11570,228931,13,791
4/3/2022,LU,Luxembourg,EURO,9821,238752,14,805
4/10/2022,LU,Luxembourg,EURO,7285,246037,11,816
4/17/2022,LU,Luxembourg,EURO,6395,252432,13,829
4/24/2022,LU,Luxembourg,EURO,5108,257540,5,834
5/1/2022,LU,Luxembourg,EURO,4363,261903,7,841
5/8/2022,LU,Luxembourg,EURO,3978,265881,11,852
5/15/2022,LU,Luxembourg,EURO,3233,269114,2,854
5/22/2022,LU,Luxembourg,EURO,2283,271397,5,859
5/29/2022,LU,Luxembourg,EURO,1433,272830,4,863
6/5/2022,LU,Luxembourg,EURO,2482,275312,4,867
6/12/2022,LU,Luxembourg,EURO,3668,278980,4,871
6/19/2022,LU,Luxembourg,EURO,5283,284263,2,873
6/26/2022,LU,Luxembourg,EURO,5981,290244,7,880
7/3/2022,LU,Luxembourg,EURO,7840,298084,4,884
7/10/2022,LU,Luxembourg,EURO,7799,305883,5,889
7/17/2022,LU,Luxembourg,EURO,6680,312563,1,890
7/24/2022,LU,Luxembourg,EURO,4808,317371,3,893
7/31/2022,LU,Luxembourg,EURO,2769,320140,3,896
8/7/2022,LU,Luxembourg,EURO,1782,321922,3,899
8/14/2022,LU,Luxembourg,EURO,1244,323166,0,899
8/21/2022,LU,Luxembourg,EURO,1082,324248,2,901
8/28/2022,LU,Luxembourg,EURO,1112,325360,0,901
9/4/2022,LU,Luxembourg,EURO,1046,326406,2,903
9/11/2022,LU,Luxembourg,EURO,1105,327511,0,903
9/18/2022,LU,Luxembourg,EURO,1453,328964,2,905
9/25/2022,LU,Luxembourg,EURO,1951,330915,1,906
10/2/2022,LU,Luxembourg,EURO,3246,334161,1,907
10/9/2022,LU,Luxembourg,EURO,4358,338519,2,909
10/16/2022,LU,Luxembourg,EURO,4038,342557,4,913
10/23/2022,LU,Luxembourg,EURO,3416,345973,5,918
10/30/2022,LU,Luxembourg,EURO,2323,348296,2,920
11/6/2022,LU,Luxembourg,EURO,1362,349658,4,924
11/13/2022,LU,Luxembourg,EURO,1461,351119,3,927
11/20/2022,LU,Luxembourg,EURO,1705,352824,4,931
11/27/2022,LU,Luxembourg,EURO,1938,354762,2,933
12/4/2022,LU,Luxembourg,EURO,2026,356788,8,941
12/11/2022,LU,Luxembourg,EURO,2517,359305,2,943
12/18/2022,LU,Luxembourg,EURO,2689,361994,4,947
12/25/2022,LU,Luxembourg,EURO,2873,364867,8,955
1/1/2023,LU,Luxembourg,EURO,1373,366240,6,961
1/8/2023,LU,Luxembourg,EURO,1053,367293,7,968
1/15/2023,LU,Luxembourg,EURO,672,367965,4,972
1/22/2023,LU,Luxembourg,EURO,551,368516,5,977
1/29/2023,LU,Luxembourg,EURO,646,369162,3,980
2/5/2023,LU,Luxembourg,EURO,849,370011,2,982
2/12/2023,LU,Luxembourg,EURO,940,370951,2,984
2/19/2023,LU,Luxembourg,EURO,884,371835,1,985
2/26/2023,LU,Luxembourg,EURO,1428,373263,5,990
3/5/2023,LU,Luxembourg,EURO,1638,374901,1,991
3/12/2023,LU,Luxembourg,EURO,1818,376719,1,992
3/19/2023,LU,Luxembourg,EURO,1798,378517,2,994
3/26/2023,LU,Luxembourg,EURO,1575,380092,6,1000
4/2/2023,LU,Luxembourg,EURO,1012,381104,0,1000
4/9/2023,LU,Luxembourg,EURO,313,381417,0,1000
4/16/2023,LU,Luxembourg,EURO,232,381649,0,1000
4/23/2023,LU,Luxembourg,EURO,244,381893,0,1000
4/30/2023,LU,Luxembourg,EURO,208,382101,0,1000
5/7/2023,LU,Luxembourg,EURO,198,382299,0,1000
5/14/2023,LU,Luxembourg,EURO,152,382451,0,1000
5/21/2023,LU,Luxembourg,EURO,100,382551,0,1000
5/28/2023,LU,Luxembourg,EURO,106,382657,0,1000
6/4/2023,LU,Luxembourg,EURO,44,382701,0,1000
6/11/2023,LU,Luxembourg,EURO,44,382745,0,1000
6/18/2023,LU,Luxembourg,EURO,40,382785,0,1000
6/25/2023,LU,Luxembourg,EURO,28,382813,0,1000
7/2/2023,LU,Luxembourg,EURO,30,382843,0,1000
7/9/2023,LU,Luxembourg,EURO,36,382879,0,1000
7/16/2023,LU,Luxembourg,EURO,34,382913,0,1000
7/23/2023,LU,Luxembourg,EURO,33,382946,0,1000
7/30/2023,LU,Luxembourg,EURO,74,383020,0,1000
8/6/2023,LU,Luxembourg,EURO,59,383079,0,1000
8/13/2023,LU,Luxembourg,EURO,67,383146,0,1000
8/20/2023,LU,Luxembourg,EURO,119,383265,0,1000
8/27/2023,LU,Luxembourg,EURO,135,383400,0,1000
9/3/2023,LU,Luxembourg,EURO,189,383589,0,1000
9/10/2023,LU,Luxembourg,EURO,246,383835,0,1000
9/17/2023,LU,Luxembourg,EURO,267,384102,0,1000
9/24/2023,LU,Luxembourg,EURO,308,384410,0,1000
10/1/2023,LU,Luxembourg,EURO,355,384765,0,1000
10/8/2023,LU,Luxembourg,EURO,372,385137,0,1000
10/15/2023,LU,Luxembourg,EURO,350,385487,0,1000
10/22/2023,LU,Luxembourg,EURO,259,385746,0,1000
10/29/2023,LU,Luxembourg,EURO,284,386030,0,1000
11/5/2023,LU,Luxembourg,EURO,0,386030,0,1000
11/12/2023,LU,Luxembourg,EURO,0,386030,0,1000
11/19/2023,LU,Luxembourg,EURO,0,386030,0,1000
11/26/2023,LU,Luxembourg,EURO,0,386030,0,1000
12/3/2023,LU,Luxembourg,EURO,0,386030,0,1000
12/10/2023,LU,Luxembourg,EURO,0,386030,0,1000
12/17/2023,LU,Luxembourg,EURO,1437,387467,0,1000
12/24/2023,LU,Luxembourg,EURO,790,388257,0,1000
1/5/2020,MG,Madagascar,AFRO,0,0,0,0
1/12/2020,MG,Madagascar,AFRO,0,0,0,0
1/19/2020,MG,Madagascar,AFRO,0,0,0,0
1/26/2020,MG,Madagascar,AFRO,0,0,0,0
2/2/2020,MG,Madagascar,AFRO,0,0,0,0
2/9/2020,MG,Madagascar,AFRO,0,0,0,0
2/16/2020,MG,Madagascar,AFRO,0,0,0,0
2/23/2020,MG,Madagascar,AFRO,0,0,0,0
3/1/2020,MG,Madagascar,AFRO,0,0,0,0
3/8/2020,MG,Madagascar,AFRO,0,0,0,0
3/15/2020,MG,Madagascar,AFRO,0,0,0,0
3/22/2020,MG,Madagascar,AFRO,1,1,0,0
3/29/2020,MG,Madagascar,AFRO,41,42,0,0
4/5/2020,MG,Madagascar,AFRO,29,71,0,0
4/12/2020,MG,Madagascar,AFRO,35,106,0,0
4/19/2020,MG,Madagascar,AFRO,14,120,0,0
4/26/2020,MG,Madagascar,AFRO,4,124,0,0
5/3/2020,MG,Madagascar,AFRO,25,149,1,1
5/10/2020,MG,Madagascar,AFRO,20,169,0,1
5/17/2020,MG,Madagascar,AFRO,114,283,0,1
5/24/2020,MG,Madagascar,AFRO,205,488,2,3
5/31/2020,MG,Madagascar,AFRO,270,758,3,6
6/7/2020,MG,Madagascar,AFRO,268,1026,2,8
6/14/2020,MG,Madagascar,AFRO,226,1252,2,10
6/21/2020,MG,Madagascar,AFRO,251,1503,3,13
6/28/2020,MG,Madagascar,AFRO,502,2005,3,16
7/5/2020,MG,Madagascar,AFRO,936,2941,13,29
7/12/2020,MG,Madagascar,AFRO,1637,4578,5,34
7/19/2020,MG,Madagascar,AFRO,2271,6849,21,55
7/26/2020,MG,Madagascar,AFRO,2017,8866,23,78
8/2/2020,MG,Madagascar,AFRO,2407,11273,29,107
8/9/2020,MG,Madagascar,AFRO,1649,12922,34,141
8/16/2020,MG,Madagascar,AFRO,802,13724,25,166
8/23/2020,MG,Madagascar,AFRO,553,14277,12,178
8/30/2020,MG,Madagascar,AFRO,514,14791,12,190
9/6/2020,MG,Madagascar,AFRO,478,15269,9,199
9/13/2020,MG,Madagascar,AFRO,468,15737,11,210
9/20/2020,MG,Madagascar,AFRO,283,16020,9,219
9/27/2020,MG,Madagascar,AFRO,237,16257,10,229
10/4/2020,MG,Madagascar,AFRO,272,16529,3,232
10/11/2020,MG,Madagascar,AFRO,173,16702,5,237
10/18/2020,MG,Madagascar,AFRO,108,16810,1,238
10/25/2020,MG,Madagascar,AFRO,158,16968,6,244
11/1/2020,MG,Madagascar,AFRO,143,17111,0,244
11/8/2020,MG,Madagascar,AFRO,112,17223,5,249
11/15/2020,MG,Madagascar,AFRO,87,17310,1,250
11/22/2020,MG,Madagascar,AFRO,31,17341,1,251
11/29/2020,MG,Madagascar,AFRO,0,17341,0,251
12/6/2020,MG,Madagascar,AFRO,132,17473,4,255
12/13/2020,MG,Madagascar,AFRO,114,17587,4,259
12/20/2020,MG,Madagascar,AFRO,46,17633,1,260
12/27/2020,MG,Madagascar,AFRO,81,17714,1,261
1/3/2021,MG,Madagascar,AFRO,53,17767,1,262
1/10/2021,MG,Madagascar,AFRO,234,18001,5,267
1/17/2021,MG,Madagascar,AFRO,300,18301,6,273
1/24/2021,MG,Madagascar,AFRO,442,18743,6,279
1/31/2021,MG,Madagascar,AFRO,322,19065,2,281
2/7/2021,MG,Madagascar,AFRO,295,19360,4,285
2/14/2021,MG,Madagascar,AFRO,238,19598,7,292
2/21/2021,MG,Madagascar,AFRO,233,19831,5,297
2/28/2021,MG,Madagascar,AFRO,324,20155,3,300
3/7/2021,MG,Madagascar,AFRO,563,20718,10,310
3/14/2021,MG,Madagascar,AFRO,764,21482,19,329
3/21/2021,MG,Madagascar,AFRO,1002,22484,22,351
3/28/2021,MG,Madagascar,AFRO,1101,23585,36,387
4/4/2021,MG,Madagascar,AFRO,1987,25572,67,454
4/11/2021,MG,Madagascar,AFRO,2491,28063,46,500
4/18/2021,MG,Madagascar,AFRO,4142,32205,42,542
4/25/2021,MG,Madagascar,AFRO,3541,35746,57,599
5/2/2021,MG,Madagascar,AFRO,1884,37630,67,666
5/9/2021,MG,Madagascar,AFRO,1382,39012,56,722
5/16/2021,MG,Madagascar,AFRO,1129,40141,41,763
5/23/2021,MG,Madagascar,AFRO,735,40876,37,800
5/30/2021,MG,Madagascar,AFRO,390,41266,35,835
6/6/2021,MG,Madagascar,AFRO,424,41690,26,861
6/13/2021,MG,Madagascar,AFRO,243,41933,26,887
6/20/2021,MG,Madagascar,AFRO,190,42123,14,901
6/27/2021,MG,Madagascar,AFRO,71,42194,5,906
7/4/2021,MG,Madagascar,AFRO,172,42366,19,925
7/11/2021,MG,Madagascar,AFRO,116,42482,6,931
7/18/2021,MG,Madagascar,AFRO,124,42606,10,941
7/25/2021,MG,Madagascar,AFRO,63,42669,2,943
8/1/2021,MG,Madagascar,AFRO,66,42735,4,947
8/8/2021,MG,Madagascar,AFRO,41,42776,1,948
8/15/2021,MG,Madagascar,AFRO,35,42811,4,952
8/22/2021,MG,Madagascar,AFRO,34,42845,2,954
8/29/2021,MG,Madagascar,AFRO,17,42862,1,955
9/5/2021,MG,Madagascar,AFRO,16,42878,1,956
9/12/2021,MG,Madagascar,AFRO,0,42878,0,956
9/19/2021,MG,Madagascar,AFRO,692,43570,2,958
9/26/2021,MG,Madagascar,AFRO,27,43597,2,960
10/3/2021,MG,Madagascar,AFRO,13,43610,0,960
10/10/2021,MG,Madagascar,AFRO,6,43616,0,960
10/17/2021,MG,Madagascar,AFRO,6,43622,0,960
10/24/2021,MG,Madagascar,AFRO,4,43626,3,963
10/31/2021,MG,Madagascar,AFRO,6,43632,1,964
11/7/2021,MG,Madagascar,AFRO,40,43672,0,964
11/14/2021,MG,Madagascar,AFRO,0,43672,0,964
11/21/2021,MG,Madagascar,AFRO,400,44072,3,967
11/28/2021,MG,Madagascar,AFRO,258,44330,0,967
12/5/2021,MG,Madagascar,AFRO,470,44800,5,972
12/12/2021,MG,Madagascar,AFRO,994,45794,8,980
12/19/2021,MG,Madagascar,AFRO,1501,47295,16,996
12/26/2021,MG,Madagascar,AFRO,2984,50279,31,1027
1/2/2022,MG,Madagascar,AFRO,2155,52434,40,1067
1/9/2022,MG,Madagascar,AFRO,1667,54101,50,1117
1/16/2022,MG,Madagascar,AFRO,1726,55827,52,1169
1/23/2022,MG,Madagascar,AFRO,1548,57375,54,1223
1/30/2022,MG,Madagascar,AFRO,1944,59319,51,1274
2/6/2022,MG,Madagascar,AFRO,2115,61434,33,1307
2/13/2022,MG,Madagascar,AFRO,1410,62844,28,1335
2/20/2022,MG,Madagascar,AFRO,589,63433,15,1350
2/27/2022,MG,Madagascar,AFRO,226,63659,16,1366
3/6/2022,MG,Madagascar,AFRO,132,63791,7,1373
3/13/2022,MG,Madagascar,AFRO,79,63870,4,1377
3/20/2022,MG,Madagascar,AFRO,58,63928,3,1380
3/27/2022,MG,Madagascar,AFRO,81,64009,4,1384
4/3/2022,MG,Madagascar,AFRO,41,64050,4,1388
4/10/2022,MG,Madagascar,AFRO,39,64089,2,1390
4/17/2022,MG,Madagascar,AFRO,32,64121,1,1391
4/24/2022,MG,Madagascar,AFRO,31,64152,0,1391
5/1/2022,MG,Madagascar,AFRO,29,64181,0,1391
5/8/2022,MG,Madagascar,AFRO,55,64236,2,1393
5/15/2022,MG,Madagascar,AFRO,40,64276,0,1393
5/22/2022,MG,Madagascar,AFRO,38,64314,0,1393
5/29/2022,MG,Madagascar,AFRO,63,64377,2,1395
6/5/2022,MG,Madagascar,AFRO,101,64478,1,1396
6/12/2022,MG,Madagascar,AFRO,207,64685,0,1396
6/19/2022,MG,Madagascar,AFRO,324,65009,2,1398
6/26/2022,MG,Madagascar,AFRO,372,65381,0,1398
7/3/2022,MG,Madagascar,AFRO,406,65787,3,1401
7/10/2022,MG,Madagascar,AFRO,311,66098,2,1403
7/17/2022,MG,Madagascar,AFRO,191,66289,3,1406
7/24/2022,MG,Madagascar,AFRO,127,66416,1,1407
7/31/2022,MG,Madagascar,AFRO,75,66491,1,1408
8/7/2022,MG,Madagascar,AFRO,66,66557,1,1409
8/14/2022,MG,Madagascar,AFRO,42,66599,1,1410
8/21/2022,MG,Madagascar,AFRO,16,66615,0,1410
8/28/2022,MG,Madagascar,AFRO,11,66626,0,1410
9/4/2022,MG,Madagascar,AFRO,14,66640,0,1410
9/11/2022,MG,Madagascar,AFRO,12,66652,0,1410
9/18/2022,MG,Madagascar,AFRO,8,66660,0,1410
9/25/2022,MG,Madagascar,AFRO,16,66676,0,1410
10/2/2022,MG,Madagascar,AFRO,8,66684,0,1410
10/9/2022,MG,Madagascar,AFRO,3,66687,0,1410
10/16/2022,MG,Madagascar,AFRO,0,66687,0,1410
10/23/2022,MG,Madagascar,AFRO,19,66706,1,1411
10/30/2022,MG,Madagascar,AFRO,40,66746,0,1411
11/6/2022,MG,Madagascar,AFRO,42,66788,0,1411
11/13/2022,MG,Madagascar,AFRO,71,66859,0,1411
11/20/2022,MG,Madagascar,AFRO,195,67054,0,1411
11/27/2022,MG,Madagascar,AFRO,205,67259,1,1412
12/4/2022,MG,Madagascar,AFRO,229,67488,1,1413
12/11/2022,MG,Madagascar,AFRO,133,67621,1,1414
12/18/2022,MG,Madagascar,AFRO,63,67684,1,1415
12/25/2022,MG,Madagascar,AFRO,51,67735,1,1416
1/1/2023,MG,Madagascar,AFRO,15,67750,2,1418
1/8/2023,MG,Madagascar,AFRO,10,67760,0,1418
1/15/2023,MG,Madagascar,AFRO,28,67788,0,1418
1/22/2023,MG,Madagascar,AFRO,29,67817,1,1419
1/29/2023,MG,Madagascar,AFRO,10,67827,0,1419
2/5/2023,MG,Madagascar,AFRO,15,67842,1,1420
2/12/2023,MG,Madagascar,AFRO,7,67849,1,1421
2/19/2023,MG,Madagascar,AFRO,3,67852,0,1421
2/26/2023,MG,Madagascar,AFRO,13,67865,1,1422
3/5/2023,MG,Madagascar,AFRO,24,67889,1,1423
3/12/2023,MG,Madagascar,AFRO,52,67941,0,1423
3/19/2023,MG,Madagascar,AFRO,30,67971,1,1424
3/26/2023,MG,Madagascar,AFRO,78,68049,0,1424
4/2/2023,MG,Madagascar,AFRO,56,68105,0,1424
4/9/2023,MG,Madagascar,AFRO,0,68105,0,1424
4/16/2023,MG,Madagascar,AFRO,72,68177,0,1424
4/23/2023,MG,Madagascar,AFRO,34,68211,0,1424
4/30/2023,MG,Madagascar,AFRO,25,68236,0,1424
5/7/2023,MG,Madagascar,AFRO,17,68253,0,1424
5/14/2023,MG,Madagascar,AFRO,13,68266,0,1424
5/21/2023,MG,Madagascar,AFRO,15,68281,0,1424
5/28/2023,MG,Madagascar,AFRO,7,68288,1,1425
6/4/2023,MG,Madagascar,AFRO,1,68289,0,1425
6/11/2023,MG,Madagascar,AFRO,0,68289,0,1425
6/18/2023,MG,Madagascar,AFRO,0,68289,0,1425
6/25/2023,MG,Madagascar,AFRO,0,68289,0,1425
7/2/2023,MG,Madagascar,AFRO,0,68289,0,1425
7/9/2023,MG,Madagascar,AFRO,0,68289,0,1425
7/16/2023,MG,Madagascar,AFRO,0,68289,0,1425
7/23/2023,MG,Madagascar,AFRO,0,68289,0,1425
7/30/2023,MG,Madagascar,AFRO,28,68317,0,1425
8/6/2023,MG,Madagascar,AFRO,2,68319,0,1425
8/13/2023,MG,Madagascar,AFRO,0,68319,0,1425
8/20/2023,MG,Madagascar,AFRO,11,68330,0,1425
8/27/2023,MG,Madagascar,AFRO,2,68332,0,1425
9/3/2023,MG,Madagascar,AFRO,5,68337,0,1425
9/10/2023,MG,Madagascar,AFRO,1,68338,0,1425
9/17/2023,MG,Madagascar,AFRO,4,68342,0,1425
9/24/2023,MG,Madagascar,AFRO,2,68344,0,1425
10/1/2023,MG,Madagascar,AFRO,0,68344,0,1425
10/8/2023,MG,Madagascar,AFRO,3,68347,0,1425
10/15/2023,MG,Madagascar,AFRO,3,68350,0,1425
10/22/2023,MG,Madagascar,AFRO,4,68354,0,1425
10/29/2023,MG,Madagascar,AFRO,2,68356,0,1425
11/5/2023,MG,Madagascar,AFRO,14,68370,0,1425
11/12/2023,MG,Madagascar,AFRO,7,68377,0,1425
11/19/2023,MG,Madagascar,AFRO,9,68386,1,1426
11/26/2023,MG,Madagascar,AFRO,8,68394,0,1426
12/3/2023,MG,Madagascar,AFRO,27,68421,0,1426
12/10/2023,MG,Madagascar,AFRO,15,68436,0,1426
12/17/2023,MG,Madagascar,AFRO,0,68436,0,1426
12/24/2023,MG,Madagascar,AFRO,0,68436,0,1426
1/5/2020,MW,Malawi,AFRO,0,0,0,0
1/12/2020,MW,Malawi,AFRO,0,0,0,0
1/19/2020,MW,Malawi,AFRO,0,0,0,0
1/26/2020,MW,Malawi,AFRO,0,0,0,0
2/2/2020,MW,Malawi,AFRO,0,0,0,0
2/9/2020,MW,Malawi,AFRO,0,0,0,0
2/16/2020,MW,Malawi,AFRO,0,0,0,0
2/23/2020,MW,Malawi,AFRO,0,0,0,0
3/1/2020,MW,Malawi,AFRO,0,0,0,0
3/8/2020,MW,Malawi,AFRO,0,0,0,0
3/15/2020,MW,Malawi,AFRO,0,0,0,0
3/22/2020,MW,Malawi,AFRO,0,0,0,0
3/29/2020,MW,Malawi,AFRO,0,0,0,0
4/5/2020,MW,Malawi,AFRO,3,3,0,0
4/12/2020,MW,Malawi,AFRO,9,12,1,1
4/19/2020,MW,Malawi,AFRO,5,17,1,2
4/26/2020,MW,Malawi,AFRO,16,33,1,3
5/3/2020,MW,Malawi,AFRO,5,38,0,3
5/10/2020,MW,Malawi,AFRO,18,56,0,3
5/17/2020,MW,Malawi,AFRO,14,70,0,3
5/24/2020,MW,Malawi,AFRO,13,83,1,4
5/31/2020,MW,Malawi,AFRO,196,279,0,4
6/7/2020,MW,Malawi,AFRO,130,409,0,4
6/14/2020,MW,Malawi,AFRO,120,529,1,5
6/21/2020,MW,Malawi,AFRO,201,730,6,11
6/28/2020,MW,Malawi,AFRO,308,1038,2,13
7/5/2020,MW,Malawi,AFRO,575,1613,11,24
7/12/2020,MW,Malawi,AFRO,648,2261,10,34
7/19/2020,MW,Malawi,AFRO,646,2907,26,60
7/26/2020,MW,Malawi,AFRO,650,3557,34,94
8/2/2020,MW,Malawi,AFRO,629,4186,28,122
8/9/2020,MW,Malawi,AFRO,438,4624,21,143
8/16/2020,MW,Malawi,AFRO,402,5026,14,157
8/23/2020,MW,Malawi,AFRO,356,5382,11,168
8/30/2020,MW,Malawi,AFRO,146,5528,6,174
9/6/2020,MW,Malawi,AFRO,83,5611,1,175
9/13/2020,MW,Malawi,AFRO,65,5676,2,177
9/20/2020,MW,Malawi,AFRO,42,5718,2,179
9/27/2020,MW,Malawi,AFRO,48,5766,0,179
10/4/2020,MW,Malawi,AFRO,17,5783,0,179
10/11/2020,MW,Malawi,AFRO,38,5821,1,180
10/18/2020,MW,Malawi,AFRO,31,5852,1,181
10/25/2020,MW,Malawi,AFRO,35,5887,2,183
11/1/2020,MW,Malawi,AFRO,43,5930,1,184
11/8/2020,MW,Malawi,AFRO,18,5948,0,184
11/15/2020,MW,Malawi,AFRO,16,5964,1,185
11/22/2020,MW,Malawi,AFRO,39,6003,0,185
11/29/2020,MW,Malawi,AFRO,22,6025,0,185
12/6/2020,MW,Malawi,AFRO,24,6049,0,185
12/13/2020,MW,Malawi,AFRO,14,6063,1,186
12/20/2020,MW,Malawi,AFRO,90,6153,1,187
12/27/2020,MW,Malawi,AFRO,190,6343,1,188
1/3/2021,MW,Malawi,AFRO,367,6710,4,192
1/10/2021,MW,Malawi,AFRO,1594,8304,28,220
1/17/2021,MW,Malawi,AFRO,3479,11783,107,327
1/24/2021,MW,Malawi,AFRO,6656,18439,193,520
1/31/2021,MW,Malawi,AFRO,5058,23497,187,707
2/7/2021,MW,Malawi,AFRO,3378,26875,135,842
2/14/2021,MW,Malawi,AFRO,2001,28876,100,942
2/21/2021,MW,Malawi,AFRO,1652,30528,62,1004
2/28/2021,MW,Malawi,AFRO,1270,31798,37,1041
3/7/2021,MW,Malawi,AFRO,600,32398,26,1067
3/14/2021,MW,Malawi,AFRO,391,32789,15,1082
3/21/2021,MW,Malawi,AFRO,427,33216,11,1093
3/28/2021,MW,Malawi,AFRO,242,33458,20,1113
4/4/2021,MW,Malawi,AFRO,189,33647,7,1120
4/11/2021,MW,Malawi,AFRO,158,33805,7,1127
4/18/2021,MW,Malawi,AFRO,129,33934,11,1138
4/25/2021,MW,Malawi,AFRO,77,34011,9,1147
5/2/2021,MW,Malawi,AFRO,84,34095,1,1148
5/9/2021,MW,Malawi,AFRO,71,34166,5,1153
5/16/2021,MW,Malawi,AFRO,44,34210,0,1153
5/23/2021,MW,Malawi,AFRO,64,34274,0,1153
5/30/2021,MW,Malawi,AFRO,55,34329,1,1154
6/6/2021,MW,Malawi,AFRO,55,34384,2,1156
6/13/2021,MW,Malawi,AFRO,101,34485,3,1159
6/20/2021,MW,Malawi,AFRO,347,34832,9,1168
6/27/2021,MW,Malawi,AFRO,722,35554,13,1181
7/4/2021,MW,Malawi,AFRO,1266,36820,24,1205
7/11/2021,MW,Malawi,AFRO,2126,38946,37,1242
7/18/2021,MW,Malawi,AFRO,4097,43043,83,1325
7/25/2021,MW,Malawi,AFRO,5023,48066,133,1458
8/1/2021,MW,Malawi,AFRO,4281,52347,177,1635
8/8/2021,MW,Malawi,AFRO,3352,55699,170,1805
8/15/2021,MW,Malawi,AFRO,2197,57896,150,1955
8/22/2021,MW,Malawi,AFRO,1503,59399,104,2059
8/29/2021,MW,Malawi,AFRO,914,60313,98,2157
9/5/2021,MW,Malawi,AFRO,490,60803,49,2206
9/12/2021,MW,Malawi,AFRO,295,61098,30,2236
9/19/2021,MW,Malawi,AFRO,239,61337,20,2256
9/26/2021,MW,Malawi,AFRO,160,61497,19,2275
10/3/2021,MW,Malawi,AFRO,112,61609,8,2283
10/10/2021,MW,Malawi,AFRO,63,61672,5,2288
10/17/2021,MW,Malawi,AFRO,40,61712,4,2292
10/24/2021,MW,Malawi,AFRO,45,61757,4,2296
10/31/2021,MW,Malawi,AFRO,37,61794,4,2300
11/7/2021,MW,Malawi,AFRO,21,61815,2,2302
11/14/2021,MW,Malawi,AFRO,28,61843,0,2302
11/21/2021,MW,Malawi,AFRO,20,61863,2,2304
11/28/2021,MW,Malawi,AFRO,26,61889,0,2304
12/5/2021,MW,Malawi,AFRO,77,61966,3,2307
12/12/2021,MW,Malawi,AFRO,264,62230,0,2307
12/19/2021,MW,Malawi,AFRO,2182,64412,4,2311
12/26/2021,MW,Malawi,AFRO,6270,70682,17,2328
1/2/2022,MW,Malawi,AFRO,5146,75828,40,2368
1/9/2022,MW,Malawi,AFRO,3885,79713,43,2411
1/16/2022,MW,Malawi,AFRO,2793,82506,48,2459
1/23/2022,MW,Malawi,AFRO,1259,83765,60,2519
1/30/2022,MW,Malawi,AFRO,624,84389,38,2557
2/6/2022,MW,Malawi,AFRO,406,84795,13,2570
2/13/2022,MW,Malawi,AFRO,214,85009,24,2594
2/20/2022,MW,Malawi,AFRO,196,85205,11,2605
2/27/2022,MW,Malawi,AFRO,109,85314,8,2613
3/6/2022,MW,Malawi,AFRO,97,85411,5,2618
3/13/2022,MW,Malawi,AFRO,84,85495,2,2620
3/20/2022,MW,Malawi,AFRO,61,85556,6,2626
3/27/2022,MW,Malawi,AFRO,52,85608,0,2626
4/3/2022,MW,Malawi,AFRO,49,85657,0,2626
4/10/2022,MW,Malawi,AFRO,45,85702,2,2628
4/17/2022,MW,Malawi,AFRO,25,85727,3,2631
4/24/2022,MW,Malawi,AFRO,20,85747,2,2633
5/1/2022,MW,Malawi,AFRO,34,85781,1,2634
5/8/2022,MW,Malawi,AFRO,30,85811,0,2634
5/15/2022,MW,Malawi,AFRO,76,85887,2,2636
5/22/2022,MW,Malawi,AFRO,42,85929,2,2638
5/29/2022,MW,Malawi,AFRO,35,85964,1,2639
6/5/2022,MW,Malawi,AFRO,37,86001,3,2642
6/12/2022,MW,Malawi,AFRO,89,86090,0,2642
6/19/2022,MW,Malawi,AFRO,99,86189,1,2643
6/26/2022,MW,Malawi,AFRO,159,86348,2,2645
7/3/2022,MW,Malawi,AFRO,186,86534,0,2645
7/10/2022,MW,Malawi,AFRO,200,86734,2,2647
7/17/2022,MW,Malawi,AFRO,89,86823,4,2651
7/24/2022,MW,Malawi,AFRO,393,87216,6,2657
7/31/2022,MW,Malawi,AFRO,149,87365,7,2664
8/7/2022,MW,Malawi,AFRO,252,87617,6,2670
8/14/2022,MW,Malawi,AFRO,93,87710,3,2673
8/21/2022,MW,Malawi,AFRO,69,87779,2,2675
8/28/2022,MW,Malawi,AFRO,55,87834,0,2675
9/4/2022,MW,Malawi,AFRO,67,87901,3,2678
9/11/2022,MW,Malawi,AFRO,35,87936,1,2679
9/18/2022,MW,Malawi,AFRO,44,87980,1,2680
9/25/2022,MW,Malawi,AFRO,29,88009,0,2680
10/2/2022,MW,Malawi,AFRO,19,88028,2,2682
10/9/2022,MW,Malawi,AFRO,13,88041,0,2682
10/16/2022,MW,Malawi,AFRO,16,88057,0,2682
10/23/2022,MW,Malawi,AFRO,16,88073,1,2683
10/30/2022,MW,Malawi,AFRO,24,88097,0,2683
11/6/2022,MW,Malawi,AFRO,-88,88009,2,2685
11/13/2022,MW,Malawi,AFRO,0,88009,0,2685
11/20/2022,MW,Malawi,AFRO,36,88045,0,2685
11/27/2022,MW,Malawi,AFRO,25,88070,0,2685
12/4/2022,MW,Malawi,AFRO,53,88123,0,2685
12/11/2022,MW,Malawi,AFRO,0,88123,0,2685
12/18/2022,MW,Malawi,AFRO,5,88128,0,2685
12/25/2022,MW,Malawi,AFRO,32,88160,0,2685
1/1/2023,MW,Malawi,AFRO,51,88211,0,2685
1/8/2023,MW,Malawi,AFRO,3,88214,0,2685
1/15/2023,MW,Malawi,AFRO,68,88282,0,2685
1/22/2023,MW,Malawi,AFRO,67,88349,1,2686
1/29/2023,MW,Malawi,AFRO,59,88408,0,2686
2/5/2023,MW,Malawi,AFRO,54,88462,0,2686
2/12/2023,MW,Malawi,AFRO,41,88503,0,2686
2/19/2023,MW,Malawi,AFRO,40,88543,0,2686
2/26/2023,MW,Malawi,AFRO,41,88584,0,2686
3/5/2023,MW,Malawi,AFRO,21,88605,0,2686
3/12/2023,MW,Malawi,AFRO,5,88610,0,2686
3/19/2023,MW,Malawi,AFRO,3,88613,0,2686
3/26/2023,MW,Malawi,AFRO,1,88614,0,2686
4/2/2023,MW,Malawi,AFRO,2,88616,0,2686
4/9/2023,MW,Malawi,AFRO,4,88620,0,2686
4/16/2023,MW,Malawi,AFRO,0,88620,0,2686
4/23/2023,MW,Malawi,AFRO,5,88625,0,2686
4/30/2023,MW,Malawi,AFRO,6,88631,0,2686
5/7/2023,MW,Malawi,AFRO,7,88638,0,2686
5/14/2023,MW,Malawi,AFRO,0,88638,0,2686
5/21/2023,MW,Malawi,AFRO,0,88638,0,2686
5/28/2023,MW,Malawi,AFRO,2,88640,0,2686
6/4/2023,MW,Malawi,AFRO,13,88653,0,2686
6/11/2023,MW,Malawi,AFRO,9,88662,0,2686
6/18/2023,MW,Malawi,AFRO,12,88674,0,2686
6/25/2023,MW,Malawi,AFRO,29,88703,0,2686
7/2/2023,MW,Malawi,AFRO,36,88739,0,2686
7/9/2023,MW,Malawi,AFRO,31,88770,0,2686
7/16/2023,MW,Malawi,AFRO,21,88791,0,2686
7/23/2023,MW,Malawi,AFRO,13,88804,0,2686
7/30/2023,MW,Malawi,AFRO,21,88825,0,2686
8/6/2023,MW,Malawi,AFRO,10,88835,0,2686
8/13/2023,MW,Malawi,AFRO,23,88858,0,2686
8/20/2023,MW,Malawi,AFRO,18,88876,0,2686
8/27/2023,MW,Malawi,AFRO,17,88893,0,2686
9/3/2023,MW,Malawi,AFRO,28,88921,0,2686
9/10/2023,MW,Malawi,AFRO,12,88933,0,2686
9/17/2023,MW,Malawi,AFRO,12,88945,0,2686
9/24/2023,MW,Malawi,AFRO,15,88960,0,2686
10/1/2023,MW,Malawi,AFRO,26,88986,0,2686
10/8/2023,MW,Malawi,AFRO,31,89017,0,2686
10/15/2023,MW,Malawi,AFRO,23,89040,0,2686
10/22/2023,MW,Malawi,AFRO,19,89059,0,2686
10/29/2023,MW,Malawi,AFRO,23,89082,0,2686
11/5/2023,MW,Malawi,AFRO,29,89111,0,2686
11/12/2023,MW,Malawi,AFRO,16,89127,0,2686
11/19/2023,MW,Malawi,AFRO,16,89143,0,2686
11/26/2023,MW,Malawi,AFRO,9,89152,0,2686
12/3/2023,MW,Malawi,AFRO,10,89162,0,2686
12/10/2023,MW,Malawi,AFRO,6,89168,0,2686
12/17/2023,MW,Malawi,AFRO,0,89168,0,2686
12/24/2023,MW,Malawi,AFRO,0,89168,0,2686
1/5/2020,MY,Malaysia,WPRO,0,0,0,0
1/12/2020,MY,Malaysia,WPRO,0,0,0,0
1/19/2020,MY,Malaysia,WPRO,0,0,0,0
1/26/2020,MY,Malaysia,WPRO,4,4,0,0
2/2/2020,MY,Malaysia,WPRO,4,8,0,0
2/9/2020,MY,Malaysia,WPRO,8,16,0,0
2/16/2020,MY,Malaysia,WPRO,6,22,0,0
2/23/2020,MY,Malaysia,WPRO,0,22,0,0
3/1/2020,MY,Malaysia,WPRO,3,25,0,0
3/8/2020,MY,Malaysia,WPRO,68,93,0,0
3/15/2020,MY,Malaysia,WPRO,145,238,0,0
3/22/2020,MY,Malaysia,WPRO,945,1183,10,10
3/29/2020,MY,Malaysia,WPRO,1137,2320,17,27
4/5/2020,MY,Malaysia,WPRO,1163,3483,30,57
4/12/2020,MY,Malaysia,WPRO,1047,4530,16,73
4/19/2020,MY,Malaysia,WPRO,775,5305,15,88
4/26/2020,MY,Malaysia,WPRO,437,5742,10,98
5/3/2020,MY,Malaysia,WPRO,434,6176,5,103
5/10/2020,MY,Malaysia,WPRO,413,6589,5,108
5/17/2020,MY,Malaysia,WPRO,283,6872,5,113
5/24/2020,MY,Malaysia,WPRO,313,7185,2,115
5/31/2020,MY,Malaysia,WPRO,577,7762,0,115
6/7/2020,MY,Malaysia,WPRO,541,8303,2,117
6/14/2020,MY,Malaysia,WPRO,142,8445,3,120
6/21/2020,MY,Malaysia,WPRO,111,8556,1,121
6/28/2020,MY,Malaysia,WPRO,60,8616,0,121
7/5/2020,MY,Malaysia,WPRO,42,8658,0,121
7/12/2020,MY,Malaysia,WPRO,46,8704,1,122
7/19/2020,MY,Malaysia,WPRO,60,8764,0,122
7/26/2020,MY,Malaysia,WPRO,120,8884,1,123
8/2/2020,MY,Malaysia,WPRO,101,8985,2,125
8/9/2020,MY,Malaysia,WPRO,85,9070,0,125
8/16/2020,MY,Malaysia,WPRO,105,9175,0,125
8/23/2020,MY,Malaysia,WPRO,82,9257,0,125
8/30/2020,MY,Malaysia,WPRO,60,9317,0,125
9/6/2020,MY,Malaysia,WPRO,74,9391,3,128
9/13/2020,MY,Malaysia,WPRO,477,9868,0,128
9/20/2020,MY,Malaysia,WPRO,299,10167,2,130
9/27/2020,MY,Malaysia,WPRO,602,10769,3,133
10/4/2020,MY,Malaysia,WPRO,1319,12088,4,137
10/11/2020,MY,Malaysia,WPRO,3008,15096,18,155
10/18/2020,MY,Malaysia,WPRO,4531,19627,25,180
10/25/2020,MY,Malaysia,WPRO,6115,25742,41,221
11/1/2020,MY,Malaysia,WPRO,5806,31548,28,249
11/8/2020,MY,Malaysia,WPRO,7809,39357,33,282
11/15/2020,MY,Malaysia,WPRO,6852,46209,24,306
11/22/2020,MY,Malaysia,WPRO,7470,53679,26,332
11/29/2020,MY,Malaysia,WPRO,9497,63176,22,354
12/6/2020,MY,Malaysia,WPRO,8183,71359,26,380
12/13/2020,MY,Malaysia,WPRO,10887,82246,31,411
12/20/2020,MY,Malaysia,WPRO,9723,91969,22,433
12/27/2020,MY,Malaysia,WPRO,11931,103900,18,451
1/3/2021,MY,Malaysia,WPRO,15177,119077,32,483
1/10/2021,MY,Malaysia,WPRO,16915,135992,59,542
1/17/2021,MY,Malaysia,WPRO,22442,158434,52,594
1/24/2021,MY,Malaysia,WPRO,25367,183801,73,667
1/31/2021,MY,Malaysia,WPRO,31158,214959,79,746
2/7/2021,MY,Malaysia,WPRO,27493,242452,111,857
2/14/2021,MY,Malaysia,WPRO,21817,264269,101,958
2/21/2021,MY,Malaysia,WPRO,19300,283569,93,1051
2/28/2021,MY,Malaysia,WPRO,17183,300752,70,1121
3/7/2021,MY,Malaysia,WPRO,12708,313460,45,1166
3/14/2021,MY,Malaysia,WPRO,10303,323763,40,1206
3/21/2021,MY,Malaysia,WPRO,9277,333040,23,1229
3/28/2021,MY,Malaysia,WPRO,8904,341944,22,1251
4/4/2021,MY,Malaysia,WPRO,9015,350959,35,1286
4/11/2021,MY,Malaysia,WPRO,9897,360856,35,1321
4/18/2021,MY,Malaysia,WPRO,14198,375054,49,1370
4/25/2021,MY,Malaysia,WPRO,17888,392942,56,1426
5/2/2021,MY,Malaysia,WPRO,22070,415012,107,1533
5/9/2021,MY,Malaysia,WPRO,25665,440677,150,1683
5/16/2021,MY,Malaysia,WPRO,29433,470110,219,1902
5/23/2021,MY,Malaysia,WPRO,41981,512091,346,2248
5/30/2021,MY,Malaysia,WPRO,53442,565533,481,2729
6/6/2021,MY,Malaysia,WPRO,51282,616815,649,3378
6/13/2021,MY,Malaysia,WPRO,40693,657508,530,3908
6/20/2021,MY,Malaysia,WPRO,38900,696408,500,4408
6/27/2021,MY,Malaysia,WPRO,37640,734048,536,4944
7/4/2021,MY,Malaysia,WPRO,44604,778652,553,5497
7/11/2021,MY,Malaysia,WPRO,57644,836296,661,6158
7/18/2021,MY,Malaysia,WPRO,80265,916561,861,7019
7/25/2021,MY,Malaysia,WPRO,96877,1013438,975,7994
8/1/2021,MY,Malaysia,WPRO,116984,1130422,1190,9184
8/8/2021,MY,Malaysia,WPRO,132118,1262540,1565,10749
8/15/2021,MY,Malaysia,WPRO,142359,1404899,1761,12510
8/22/2021,MY,Malaysia,WPRO,150194,1555093,1658,14168
8/29/2021,MY,Malaysia,WPRO,150996,1706089,1919,16087
9/5/2021,MY,Malaysia,WPRO,138746,1844835,2132,18219
9/12/2021,MY,Malaysia,WPRO,134863,1979698,2492,20711
9/19/2021,MY,Malaysia,WPRO,118132,2097830,2732,23443
9/26/2021,MY,Malaysia,WPRO,100405,2198235,1994,25437
10/3/2021,MY,Malaysia,WPRO,79330,2277565,1246,26683
10/10/2021,MY,Malaysia,WPRO,62029,2339594,646,27329
10/17/2021,MY,Malaysia,WPRO,51093,2390687,592,27921
10/24/2021,MY,Malaysia,WPRO,41029,2431716,479,28400
10/31/2021,MY,Malaysia,WPRO,39926,2471642,512,28912
11/7/2021,MY,Malaysia,WPRO,34667,2506309,379,29291
11/14/2021,MY,Malaysia,WPRO,40000,2546309,385,29676
11/21/2021,MY,Malaysia,WPRO,40292,2586601,326,30002
11/28/2021,MY,Malaysia,WPRO,37215,2623816,307,30309
12/5/2021,MY,Malaysia,WPRO,34956,2658772,305,30614
12/12/2021,MY,Malaysia,WPRO,32867,2691639,265,30879
12/19/2021,MY,Malaysia,WPRO,27316,2718955,213,31092
12/26/2021,MY,Malaysia,WPRO,22224,2741179,242,31334
1/2/2022,MY,Malaysia,WPRO,23175,2764354,198,31532
1/9/2022,MY,Malaysia,WPRO,21865,2786219,146,31678
1/16/2022,MY,Malaysia,WPRO,22128,2808347,115,31793
1/23/2022,MY,Malaysia,WPRO,24598,2832945,99,31892
1/30/2022,MY,Malaysia,WPRO,33039,2865984,73,31965
2/6/2022,MY,Malaysia,WPRO,48236,2914220,69,32034
2/13/2022,MY,Malaysia,WPRO,126015,3040235,91,32125
2/20/2022,MY,Malaysia,WPRO,181445,3221680,222,32347
2/27/2022,MY,Malaysia,WPRO,197956,3419636,327,32674
3/6/2022,MY,Malaysia,WPRO,202971,3622607,554,33228
3/13/2022,MY,Malaysia,WPRO,200964,3823571,579,33807
3/20/2022,MY,Malaysia,WPRO,169553,3993124,593,34400
3/27/2022,MY,Malaysia,WPRO,145743,4138867,388,34788
4/3/2022,MY,Malaysia,WPRO,107600,4246467,311,35099
4/10/2022,MY,Malaysia,WPRO,79351,4325818,193,35292
4/17/2022,MY,Malaysia,WPRO,63207,4389025,129,35421
4/24/2022,MY,Malaysia,WPRO,42048,4431073,78,35499
5/1/2022,MY,Malaysia,WPRO,18434,4449507,51,35550
5/8/2022,MY,Malaysia,WPRO,9382,4458889,33,35583
5/15/2022,MY,Malaysia,WPRO,19223,4478112,32,35615
5/22/2022,MY,Malaysia,WPRO,13208,4491320,28,35643
5/29/2022,MY,Malaysia,WPRO,12414,4503734,22,35665
6/5/2022,MY,Malaysia,WPRO,11255,4514989,25,35690
6/12/2022,MY,Malaysia,WPRO,11309,4526298,26,35716
6/19/2022,MY,Malaysia,WPRO,14314,4540612,19,35735
6/26/2022,MY,Malaysia,WPRO,16052,4556664,19,35754
7/3/2022,MY,Malaysia,WPRO,14691,4571355,30,35784
7/10/2022,MY,Malaysia,WPRO,21355,4592710,32,35816
7/17/2022,MY,Malaysia,WPRO,26315,4619025,46,35862
7/24/2022,MY,Malaysia,WPRO,29906,4648931,61,35923
7/31/2022,MY,Malaysia,WPRO,28339,4677270,54,35977
8/7/2022,MY,Malaysia,WPRO,28554,4705824,55,36032
8/14/2022,MY,Malaysia,WPRO,26678,4732502,61,36093
8/21/2022,MY,Malaysia,WPRO,22786,4755288,62,36155
8/28/2022,MY,Malaysia,WPRO,18715,4774003,51,36206
9/4/2022,MY,Malaysia,WPRO,15549,4789552,43,36249
9/11/2022,MY,Malaysia,WPRO,14072,4803624,36,36285
9/18/2022,MY,Malaysia,WPRO,13627,4817251,32,36317
9/25/2022,MY,Malaysia,WPRO,12963,4830214,40,36357
10/2/2022,MY,Malaysia,WPRO,12291,4842505,23,36380
10/9/2022,MY,Malaysia,WPRO,11018,4853523,23,36403
10/16/2022,MY,Malaysia,WPRO,11957,4865480,20,36423
10/23/2022,MY,Malaysia,WPRO,14525,4880005,24,36447
10/30/2022,MY,Malaysia,WPRO,16750,4896755,28,36475
11/6/2022,MY,Malaysia,WPRO,26783,4923538,20,36495
11/13/2022,MY,Malaysia,WPRO,23045,4946583,59,36554
11/20/2022,MY,Malaysia,WPRO,19083,4965666,55,36609
11/27/2022,MY,Malaysia,WPRO,18606,4984272,48,36657
12/4/2022,MY,Malaysia,WPRO,14558,4998830,59,36716
12/11/2022,MY,Malaysia,WPRO,10937,5009767,53,36769
12/18/2022,MY,Malaysia,WPRO,7249,5017016,39,36808
12/25/2022,MY,Malaysia,WPRO,6290,5023306,27,36835
1/1/2023,MY,Malaysia,WPRO,3371,5026677,23,36858
1/8/2023,MY,Malaysia,WPRO,3231,5029908,8,36866
1/15/2023,MY,Malaysia,WPRO,2525,5032433,0,36866
1/22/2023,MY,Malaysia,WPRO,2088,5034521,0,36866
1/29/2023,MY,Malaysia,WPRO,1350,5035871,0,36866
2/5/2023,MY,Malaysia,WPRO,1913,5037784,77,36943
2/12/2023,MY,Malaysia,WPRO,1542,5039326,8,36951
2/19/2023,MY,Malaysia,WPRO,1495,5040821,5,36956
2/26/2023,MY,Malaysia,WPRO,1367,5042188,1,36957
3/5/2023,MY,Malaysia,WPRO,1438,5043626,9,36966
3/12/2023,MY,Malaysia,WPRO,1566,5045192,1,36967
3/19/2023,MY,Malaysia,WPRO,1848,5047040,0,36967
3/26/2023,MY,Malaysia,WPRO,2228,5049268,12,36979
4/2/2023,MY,Malaysia,WPRO,3069,5052337,0,36979
4/9/2023,MY,Malaysia,WPRO,4574,5056911,3,36982
4/16/2023,MY,Malaysia,WPRO,4268,5061179,12,36994
4/23/2023,MY,Malaysia,WPRO,5698,5066877,17,37011
4/30/2023,MY,Malaysia,WPRO,4817,5071694,9,37020
5/7/2023,MY,Malaysia,WPRO,146,5071840,8,37028
5/14/2023,MY,Malaysia,WPRO,7596,5079436,0,37028
5/21/2023,MY,Malaysia,WPRO,12209,5091645,42,37070
5/28/2023,MY,Malaysia,WPRO,6439,5098084,31,37101
6/4/2023,MY,Malaysia,WPRO,5801,5103885,15,37116
6/11/2023,MY,Malaysia,WPRO,4523,5108408,10,37126
6/18/2023,MY,Malaysia,WPRO,760,5109168,10,37136
6/25/2023,MY,Malaysia,WPRO,3433,5112601,11,37147
7/2/2023,MY,Malaysia,WPRO,0,5112601,2,37149
7/9/2023,MY,Malaysia,WPRO,2698,5115299,7,37156
7/16/2023,MY,Malaysia,WPRO,1548,5116847,2,37158
7/23/2023,MY,Malaysia,WPRO,1222,5118069,3,37161
7/30/2023,MY,Malaysia,WPRO,1202,5119271,1,37162
8/6/2023,MY,Malaysia,WPRO,958,5120229,2,37164
8/13/2023,MY,Malaysia,WPRO,934,5121163,0,37164
8/20/2023,MY,Malaysia,WPRO,695,5121858,0,37164
8/27/2023,MY,Malaysia,WPRO,710,5122568,0,37164
9/3/2023,MY,Malaysia,WPRO,1233,5123801,3,37167
9/10/2023,MY,Malaysia,WPRO,680,5124481,4,37171
9/17/2023,MY,Malaysia,WPRO,728,5125209,1,37172
9/24/2023,MY,Malaysia,WPRO,691,5125900,0,37172
10/1/2023,MY,Malaysia,WPRO,783,5126683,2,37174
10/8/2023,MY,Malaysia,WPRO,933,5127616,5,37179
10/15/2023,MY,Malaysia,WPRO,1052,5128668,2,37181
10/22/2023,MY,Malaysia,WPRO,1132,5129800,3,37184
10/29/2023,MY,Malaysia,WPRO,1339,5131139,0,37184
11/5/2023,MY,Malaysia,WPRO,1692,5132831,6,37190
11/12/2023,MY,Malaysia,WPRO,1801,5134632,1,37191
11/19/2023,MY,Malaysia,WPRO,2305,5136937,3,37194
11/26/2023,MY,Malaysia,WPRO,3626,5140563,7,37201
12/3/2023,MY,Malaysia,WPRO,6796,5147359,6,37207
12/10/2023,MY,Malaysia,WPRO,12757,5160116,11,37218
12/17/2023,MY,Malaysia,WPRO,0,5160116,0,37218
12/24/2023,MY,Malaysia,WPRO,0,5160116,0,37218
1/5/2020,MV,Maldives,SEARO,0,0,0,0
1/12/2020,MV,Maldives,SEARO,0,0,0,0
1/19/2020,MV,Maldives,SEARO,0,0,0,0
1/26/2020,MV,Maldives,SEARO,0,0,0,0
2/2/2020,MV,Maldives,SEARO,0,0,0,0
2/9/2020,MV,Maldives,SEARO,0,0,0,0
2/16/2020,MV,Maldives,SEARO,0,0,0,0
2/23/2020,MV,Maldives,SEARO,0,0,0,0
3/1/2020,MV,Maldives,SEARO,0,0,0,0
3/8/2020,MV,Maldives,SEARO,2,2,0,0
3/15/2020,MV,Maldives,SEARO,9,11,0,0
3/22/2020,MV,Maldives,SEARO,6,17,0,0
3/29/2020,MV,Maldives,SEARO,-1,16,0,0
4/5/2020,MV,Maldives,SEARO,3,19,0,0
4/12/2020,MV,Maldives,SEARO,1,20,0,0
4/19/2020,MV,Maldives,SEARO,31,51,0,0
4/26/2020,MV,Maldives,SEARO,137,188,0,0
5/3/2020,MV,Maldives,SEARO,339,527,1,1
5/10/2020,MV,Maldives,SEARO,308,835,2,3
5/17/2020,MV,Maldives,SEARO,259,1094,1,4
5/24/2020,MV,Maldives,SEARO,277,1371,0,4
5/31/2020,MV,Maldives,SEARO,301,1672,1,5
6/7/2020,MV,Maldives,SEARO,231,1903,3,8
6/14/2020,MV,Maldives,SEARO,132,2035,0,8
6/21/2020,MV,Maldives,SEARO,168,2203,0,8
6/28/2020,MV,Maldives,SEARO,121,2324,0,8
7/5/2020,MV,Maldives,SEARO,144,2468,3,11
7/12/2020,MV,Maldives,SEARO,263,2731,2,13
7/19/2020,MV,Maldives,SEARO,235,2966,2,15
7/26/2020,MV,Maldives,SEARO,336,3302,0,15
8/2/2020,MV,Maldives,SEARO,862,4164,3,18
8/9/2020,MV,Maldives,SEARO,877,5041,1,19
8/16/2020,MV,Maldives,SEARO,744,5785,3,22
8/23/2020,MV,Maldives,SEARO,994,6779,4,26
8/30/2020,MV,Maldives,SEARO,888,7667,2,28
9/6/2020,MV,Maldives,SEARO,917,8584,1,29
9/13/2020,MV,Maldives,SEARO,589,9173,3,32
9/20/2020,MV,Maldives,SEARO,551,9724,1,33
9/27/2020,MV,Maldives,SEARO,374,10098,1,34
10/4/2020,MV,Maldives,SEARO,432,10530,0,34
10/11/2020,MV,Maldives,SEARO,364,10894,1,35
10/18/2020,MV,Maldives,SEARO,316,11210,2,37
10/25/2020,MV,Maldives,SEARO,295,11505,0,37
11/1/2020,MV,Maldives,SEARO,196,11701,1,38
11/8/2020,MV,Maldives,SEARO,285,11986,2,40
11/15/2020,MV,Maldives,SEARO,218,12204,3,43
11/22/2020,MV,Maldives,SEARO,404,12608,3,46
11/29/2020,MV,Maldives,SEARO,386,12994,0,46
12/6/2020,MV,Maldives,SEARO,204,13198,1,47
12/13/2020,MV,Maldives,SEARO,170,13368,1,48
12/20/2020,MV,Maldives,SEARO,125,13493,0,48
12/27/2020,MV,Maldives,SEARO,151,13644,0,48
1/3/2021,MV,Maldives,SEARO,223,13867,0,48
1/10/2021,MV,Maldives,SEARO,242,14109,1,49
1/17/2021,MV,Maldives,SEARO,404,14513,0,49
1/24/2021,MV,Maldives,SEARO,480,14993,2,51
1/31/2021,MV,Maldives,SEARO,848,15841,1,52
2/7/2021,MV,Maldives,SEARO,942,16783,3,55
2/14/2021,MV,Maldives,SEARO,1045,17828,3,58
2/21/2021,MV,Maldives,SEARO,941,18769,2,60
2/28/2021,MV,Maldives,SEARO,1024,19793,2,62
3/7/2021,MV,Maldives,SEARO,1001,20794,2,64
3/14/2021,MV,Maldives,SEARO,778,21572,0,64
3/21/2021,MV,Maldives,SEARO,941,22513,2,66
3/28/2021,MV,Maldives,SEARO,1011,23524,0,66
4/4/2021,MV,Maldives,SEARO,1259,24783,1,67
4/11/2021,MV,Maldives,SEARO,834,25617,0,67
4/18/2021,MV,Maldives,SEARO,731,26348,3,70
4/25/2021,MV,Maldives,SEARO,1526,27874,1,71
5/2/2021,MV,Maldives,SEARO,2871,30745,3,74
5/9/2021,MV,Maldives,SEARO,5070,35815,10,84
5/16/2021,MV,Maldives,SEARO,8708,44523,13,97
5/23/2021,MV,Maldives,SEARO,11401,55924,32,129
5/30/2021,MV,Maldives,SEARO,7762,63686,29,158
6/6/2021,MV,Maldives,SEARO,4264,67950,27,185
6/13/2021,MV,Maldives,SEARO,2351,70301,12,197
6/20/2021,MV,Maldives,SEARO,1595,71896,9,206
6/27/2021,MV,Maldives,SEARO,1431,73327,3,209
7/4/2021,MV,Maldives,SEARO,1024,74351,4,213
7/11/2021,MV,Maldives,SEARO,720,75071,1,214
7/18/2021,MV,Maldives,SEARO,808,75879,2,216
7/25/2021,MV,Maldives,SEARO,871,76750,3,219
8/1/2021,MV,Maldives,SEARO,797,77547,2,221
8/8/2021,MV,Maldives,SEARO,809,78356,1,222
8/15/2021,MV,Maldives,SEARO,781,79137,0,222
8/22/2021,MV,Maldives,SEARO,822,79959,1,223
8/29/2021,MV,Maldives,SEARO,832,80791,3,226
9/5/2021,MV,Maldives,SEARO,1188,81979,0,226
9/12/2021,MV,Maldives,SEARO,843,82822,1,227
9/19/2021,MV,Maldives,SEARO,754,83576,2,229
9/26/2021,MV,Maldives,SEARO,786,84362,2,231
10/3/2021,MV,Maldives,SEARO,680,85042,0,231
10/10/2021,MV,Maldives,SEARO,506,85548,3,234
10/17/2021,MV,Maldives,SEARO,617,86165,4,238
10/24/2021,MV,Maldives,SEARO,757,86922,2,240
10/31/2021,MV,Maldives,SEARO,862,87784,3,243
11/7/2021,MV,Maldives,SEARO,1033,88817,2,245
11/14/2021,MV,Maldives,SEARO,1023,89840,2,247
11/21/2021,MV,Maldives,SEARO,885,90725,1,248
11/28/2021,MV,Maldives,SEARO,739,91464,0,248
12/5/2021,MV,Maldives,SEARO,747,92211,6,254
12/12/2021,MV,Maldives,SEARO,908,93119,4,258
12/19/2021,MV,Maldives,SEARO,838,93957,1,259
12/26/2021,MV,Maldives,SEARO,907,94864,2,261
1/2/2022,MV,Maldives,SEARO,1188,96052,1,262
1/9/2022,MV,Maldives,SEARO,2000,98052,2,264
1/16/2022,MV,Maldives,SEARO,5529,103581,1,265
1/23/2022,MV,Maldives,SEARO,13880,117461,5,270
1/30/2022,MV,Maldives,SEARO,18665,136126,5,275
2/6/2022,MV,Maldives,SEARO,14211,150337,8,283
2/13/2022,MV,Maldives,SEARO,8724,159061,6,289
2/20/2022,MV,Maldives,SEARO,6012,165073,2,291
2/27/2022,MV,Maldives,SEARO,4559,169632,6,297
3/6/2022,MV,Maldives,SEARO,2944,172576,0,297
3/13/2022,MV,Maldives,SEARO,2082,174658,0,297
3/20/2022,MV,Maldives,SEARO,1341,175999,0,297
3/27/2022,MV,Maldives,SEARO,1104,177103,1,298
4/3/2022,MV,Maldives,SEARO,656,177759,0,298
4/10/2022,MV,Maldives,SEARO,718,178477,0,298
4/17/2022,MV,Maldives,SEARO,441,178918,0,298
4/24/2022,MV,Maldives,SEARO,282,179200,0,298
5/1/2022,MV,Maldives,SEARO,179,179379,0,298
5/8/2022,MV,Maldives,SEARO,123,179502,0,298
5/15/2022,MV,Maldives,SEARO,67,179569,0,298
5/22/2022,MV,Maldives,SEARO,101,179670,0,298
5/29/2022,MV,Maldives,SEARO,95,179765,0,298
6/5/2022,MV,Maldives,SEARO,90,179855,1,299
6/12/2022,MV,Maldives,SEARO,160,180015,0,299
6/19/2022,MV,Maldives,SEARO,528,180543,1,300
6/26/2022,MV,Maldives,SEARO,1043,181586,5,305
7/3/2022,MV,Maldives,SEARO,1134,182720,1,306
7/10/2022,MV,Maldives,SEARO,771,183491,1,307
7/17/2022,MV,Maldives,SEARO,417,183908,0,307
7/24/2022,MV,Maldives,SEARO,394,184302,0,307
7/31/2022,MV,Maldives,SEARO,183,184485,0,307
8/7/2022,MV,Maldives,SEARO,106,184591,0,307
8/14/2022,MV,Maldives,SEARO,98,184689,0,307
8/21/2022,MV,Maldives,SEARO,99,184788,0,307
8/28/2022,MV,Maldives,SEARO,68,184856,1,308
9/4/2022,MV,Maldives,SEARO,68,184924,0,308
9/11/2022,MV,Maldives,SEARO,42,184966,0,308
9/18/2022,MV,Maldives,SEARO,38,185004,0,308
9/25/2022,MV,Maldives,SEARO,38,185042,0,308
10/2/2022,MV,Maldives,SEARO,40,185082,0,308
10/9/2022,MV,Maldives,SEARO,43,185125,0,308
10/16/2022,MV,Maldives,SEARO,69,185194,0,308
10/23/2022,MV,Maldives,SEARO,86,185280,0,308
10/30/2022,MV,Maldives,SEARO,84,185364,0,308
11/6/2022,MV,Maldives,SEARO,90,185454,1,309
11/13/2022,MV,Maldives,SEARO,95,185549,1,310
11/20/2022,MV,Maldives,SEARO,35,185584,1,311
11/27/2022,MV,Maldives,SEARO,34,185618,0,311
12/4/2022,MV,Maldives,SEARO,14,185632,0,311
12/11/2022,MV,Maldives,SEARO,19,185651,0,311
12/18/2022,MV,Maldives,SEARO,15,185666,0,311
12/25/2022,MV,Maldives,SEARO,12,185678,0,311
1/1/2023,MV,Maldives,SEARO,15,185693,0,311
1/8/2023,MV,Maldives,SEARO,9,185702,0,311
1/15/2023,MV,Maldives,SEARO,6,185708,0,311
1/22/2023,MV,Maldives,SEARO,5,185713,0,311
1/29/2023,MV,Maldives,SEARO,2,185715,0,311
2/5/2023,MV,Maldives,SEARO,6,185721,0,311
2/12/2023,MV,Maldives,SEARO,2,185723,0,311
2/19/2023,MV,Maldives,SEARO,6,185729,0,311
2/26/2023,MV,Maldives,SEARO,3,185732,0,311
3/5/2023,MV,Maldives,SEARO,6,185738,0,311
3/12/2023,MV,Maldives,SEARO,6,185744,0,311
3/19/2023,MV,Maldives,SEARO,11,185755,0,311
3/26/2023,MV,Maldives,SEARO,16,185771,0,311
4/2/2023,MV,Maldives,SEARO,39,185810,0,311
4/9/2023,MV,Maldives,SEARO,84,185894,0,311
4/16/2023,MV,Maldives,SEARO,148,186042,0,311
4/23/2023,MV,Maldives,SEARO,199,186241,2,313
4/30/2023,MV,Maldives,SEARO,194,186435,0,313
5/7/2023,MV,Maldives,SEARO,91,186526,1,314
5/14/2023,MV,Maldives,SEARO,63,186589,0,314
5/21/2023,MV,Maldives,SEARO,36,186625,1,315
5/28/2023,MV,Maldives,SEARO,26,186651,0,315
6/4/2023,MV,Maldives,SEARO,21,186672,1,316
6/11/2023,MV,Maldives,SEARO,11,186683,0,316
6/18/2023,MV,Maldives,SEARO,0,186683,0,316
6/25/2023,MV,Maldives,SEARO,0,186683,0,316
7/2/2023,MV,Maldives,SEARO,4,186687,0,316
7/9/2023,MV,Maldives,SEARO,0,186687,0,316
7/16/2023,MV,Maldives,SEARO,0,186687,0,316
7/23/2023,MV,Maldives,SEARO,0,186687,0,316
7/30/2023,MV,Maldives,SEARO,0,186687,0,316
8/6/2023,MV,Maldives,SEARO,7,186694,0,316
8/13/2023,MV,Maldives,SEARO,0,186694,0,316
8/20/2023,MV,Maldives,SEARO,0,186694,0,316
8/27/2023,MV,Maldives,SEARO,0,186694,0,316
9/3/2023,MV,Maldives,SEARO,0,186694,0,316
9/10/2023,MV,Maldives,SEARO,0,186694,0,316
9/17/2023,MV,Maldives,SEARO,0,186694,0,316
9/24/2023,MV,Maldives,SEARO,0,186694,0,316
10/1/2023,MV,Maldives,SEARO,0,186694,0,316
10/8/2023,MV,Maldives,SEARO,0,186694,0,316
10/15/2023,MV,Maldives,SEARO,0,186694,0,316
10/22/2023,MV,Maldives,SEARO,0,186694,0,316
10/29/2023,MV,Maldives,SEARO,0,186694,0,316
11/5/2023,MV,Maldives,SEARO,0,186694,0,316
11/12/2023,MV,Maldives,SEARO,0,186694,0,316
11/19/2023,MV,Maldives,SEARO,0,186694,0,316
11/26/2023,MV,Maldives,SEARO,0,186694,0,316
12/3/2023,MV,Maldives,SEARO,0,186694,0,316
12/10/2023,MV,Maldives,SEARO,0,186694,0,316
12/17/2023,MV,Maldives,SEARO,0,186694,0,316
12/24/2023,MV,Maldives,SEARO,0,186694,0,316
1/5/2020,ML,Mali,AFRO,0,0,0,0
1/12/2020,ML,Mali,AFRO,0,0,0,0
1/19/2020,ML,Mali,AFRO,0,0,0,0
1/26/2020,ML,Mali,AFRO,0,0,0,0
2/2/2020,ML,Mali,AFRO,0,0,0,0
2/9/2020,ML,Mali,AFRO,0,0,0,0
2/16/2020,ML,Mali,AFRO,0,0,0,0
2/23/2020,ML,Mali,AFRO,0,0,0,0
3/1/2020,ML,Mali,AFRO,0,0,0,0
3/8/2020,ML,Mali,AFRO,0,0,0,0
3/15/2020,ML,Mali,AFRO,0,0,0,0
3/22/2020,ML,Mali,AFRO,0,0,0,0
3/29/2020,ML,Mali,AFRO,17,17,1,1
4/5/2020,ML,Mali,AFRO,22,39,2,3
4/12/2020,ML,Mali,AFRO,66,105,6,9
4/19/2020,ML,Mali,AFRO,111,216,4,13
4/26/2020,ML,Mali,AFRO,154,370,8,21
5/3/2020,ML,Mali,AFRO,174,544,5,26
5/10/2020,ML,Mali,AFRO,148,692,12,38
5/17/2020,ML,Mali,AFRO,143,835,10,48
5/24/2020,ML,Mali,AFRO,178,1013,15,63
5/31/2020,ML,Mali,AFRO,235,1248,13,76
6/7/2020,ML,Mali,AFRO,273,1521,14,90
6/14/2020,ML,Mali,AFRO,253,1774,14,104
6/21/2020,ML,Mali,AFRO,157,1931,5,109
6/28/2020,ML,Mali,AFRO,127,2058,4,113
7/5/2020,ML,Mali,AFRO,202,2260,5,118
7/12/2020,ML,Mali,AFRO,31,2291,3,121
7/19/2020,ML,Mali,AFRO,66,2357,0,121
7/26/2020,ML,Mali,AFRO,31,2388,2,123
8/2/2020,ML,Mali,AFRO,32,2420,1,124
8/9/2020,ML,Mali,AFRO,30,2450,1,125
8/16/2020,ML,Mali,AFRO,162,2612,0,125
8/23/2020,ML,Mali,AFRO,87,2699,0,125
8/30/2020,ML,Mali,AFRO,58,2757,1,126
9/6/2020,ML,Mali,AFRO,76,2833,0,126
9/13/2020,ML,Mali,AFRO,83,2916,2,128
9/20/2020,ML,Mali,AFRO,90,3006,0,128
9/27/2020,ML,Mali,AFRO,74,3080,2,130
10/4/2020,ML,Mali,AFRO,90,3170,1,131
10/11/2020,ML,Mali,AFRO,103,3273,1,132
10/18/2020,ML,Mali,AFRO,106,3379,0,132
10/25/2020,ML,Mali,AFRO,93,3472,0,132
11/1/2020,ML,Mali,AFRO,82,3554,4,136
11/8/2020,ML,Mali,AFRO,122,3676,1,137
11/15/2020,ML,Mali,AFRO,192,3868,2,139
11/22/2020,ML,Mali,AFRO,338,4206,4,143
11/29/2020,ML,Mali,AFRO,453,4659,6,149
12/6/2020,ML,Mali,AFRO,403,5062,14,163
12/13/2020,ML,Mali,AFRO,659,5721,26,189
12/20/2020,ML,Mali,AFRO,443,6164,31,220
12/27/2020,ML,Mali,AFRO,410,6574,30,250
1/3/2021,ML,Mali,AFRO,652,7226,26,276
1/10/2021,ML,Mali,AFRO,339,7565,19,295
1/17/2021,ML,Mali,AFRO,258,7823,13,308
1/24/2021,ML,Mali,AFRO,142,7965,15,323
1/31/2021,ML,Mali,AFRO,104,8069,7,330
2/7/2021,ML,Mali,AFRO,91,8160,8,338
2/14/2021,ML,Mali,AFRO,66,8226,4,342
2/21/2021,ML,Mali,AFRO,66,8292,5,347
2/28/2021,ML,Mali,AFRO,73,8365,5,352
3/7/2021,ML,Mali,AFRO,195,8560,6,358
3/14/2021,ML,Mali,AFRO,302,8862,2,360
3/21/2021,ML,Mali,AFRO,408,9270,2,362
3/28/2021,ML,Mali,AFRO,503,9773,14,376
4/4/2021,ML,Mali,AFRO,659,10432,15,391
4/11/2021,ML,Mali,AFRO,1273,11705,14,405
4/18/2021,ML,Mali,AFRO,1275,12980,24,429
4/25/2021,ML,Mali,AFRO,580,13560,33,462
5/2/2021,ML,Mali,AFRO,336,13896,23,485
5/9/2021,ML,Mali,AFRO,186,14082,14,499
5/16/2021,ML,Mali,AFRO,94,14176,12,511
5/23/2021,ML,Mali,AFRO,64,14240,2,513
5/30/2021,ML,Mali,AFRO,25,14265,4,517
6/6/2021,ML,Mali,AFRO,31,14296,1,518
6/13/2021,ML,Mali,AFRO,53,14349,5,523
6/20/2021,ML,Mali,AFRO,31,14380,1,524
6/27/2021,ML,Mali,AFRO,34,14414,1,525
7/4/2021,ML,Mali,AFRO,24,14438,1,526
7/11/2021,ML,Mali,AFRO,23,14461,2,528
7/18/2021,ML,Mali,AFRO,48,14509,2,530
7/25/2021,ML,Mali,AFRO,31,14540,0,530
8/1/2021,ML,Mali,AFRO,44,14584,2,532
8/8/2021,ML,Mali,AFRO,53,14637,2,534
8/15/2021,ML,Mali,AFRO,55,14692,0,534
8/22/2021,ML,Mali,AFRO,57,14749,2,536
8/29/2021,ML,Mali,AFRO,97,14846,3,539
9/5/2021,ML,Mali,AFRO,84,14930,2,541
9/12/2021,ML,Mali,AFRO,51,14981,2,543
9/19/2021,ML,Mali,AFRO,79,15060,2,545
9/26/2021,ML,Mali,AFRO,93,15153,2,547
10/3/2021,ML,Mali,AFRO,125,15278,2,549
10/10/2021,ML,Mali,AFRO,172,15450,4,553
10/17/2021,ML,Mali,AFRO,153,15603,4,557
10/24/2021,ML,Mali,AFRO,206,15809,1,558
10/31/2021,ML,Mali,AFRO,229,16038,5,563
11/7/2021,ML,Mali,AFRO,304,16342,11,574
11/14/2021,ML,Mali,AFRO,301,16643,11,585
11/21/2021,ML,Mali,AFRO,276,16919,6,591
11/28/2021,ML,Mali,AFRO,381,17300,12,603
12/5/2021,ML,Mali,AFRO,512,17812,14,617
12/12/2021,ML,Mali,AFRO,692,18504,11,628
12/19/2021,ML,Mali,AFRO,688,19192,11,639
12/26/2021,ML,Mali,AFRO,819,20011,14,653
1/2/2022,ML,Mali,AFRO,1367,21378,15,668
1/9/2022,ML,Mali,AFRO,3819,25197,4,672
1/16/2022,ML,Mali,AFRO,3124,28321,16,688
1/23/2022,ML,Mali,AFRO,1276,29597,16,704
1/30/2022,ML,Mali,AFRO,411,30008,7,711
2/6/2022,ML,Mali,AFRO,148,30156,4,715
2/13/2022,ML,Mali,AFRO,95,30251,0,715
2/20/2022,ML,Mali,AFRO,87,30338,2,717
2/27/2022,ML,Mali,AFRO,33,30371,5,722
3/6/2022,ML,Mali,AFRO,27,30398,2,724
3/13/2022,ML,Mali,AFRO,16,30414,2,726
3/20/2022,ML,Mali,AFRO,34,30448,1,727
3/27/2022,ML,Mali,AFRO,22,30470,0,727
4/3/2022,ML,Mali,AFRO,23,30493,1,728
4/10/2022,ML,Mali,AFRO,53,30546,1,729
4/17/2022,ML,Mali,AFRO,105,30651,0,729
4/24/2022,ML,Mali,AFRO,76,30727,2,731
5/1/2022,ML,Mali,AFRO,106,30833,1,732
5/8/2022,ML,Mali,AFRO,94,30927,1,733
5/15/2022,ML,Mali,AFRO,76,31003,0,733
5/22/2022,ML,Mali,AFRO,51,31054,1,734
5/29/2022,ML,Mali,AFRO,34,31088,0,734
6/5/2022,ML,Mali,AFRO,21,31109,1,735
6/12/2022,ML,Mali,AFRO,13,31122,0,735
6/19/2022,ML,Mali,AFRO,15,31137,1,736
6/26/2022,ML,Mali,AFRO,16,31153,1,737
7/3/2022,ML,Mali,AFRO,18,31171,0,737
7/10/2022,ML,Mali,AFRO,15,31186,0,737
7/17/2022,ML,Mali,AFRO,12,31198,0,737
7/24/2022,ML,Mali,AFRO,14,31212,0,737
7/31/2022,ML,Mali,AFRO,10,31222,2,739
8/7/2022,ML,Mali,AFRO,14,31236,0,739
8/14/2022,ML,Mali,AFRO,8,31244,0,739
8/21/2022,ML,Mali,AFRO,15,31259,0,739
8/28/2022,ML,Mali,AFRO,55,31314,0,739
9/4/2022,ML,Mali,AFRO,262,31576,0,739
9/11/2022,ML,Mali,AFRO,629,32205,0,739
9/18/2022,ML,Mali,AFRO,292,32497,0,739
9/25/2022,ML,Mali,AFRO,104,32601,2,741
10/2/2022,ML,Mali,AFRO,40,32641,1,742
10/9/2022,ML,Mali,AFRO,56,32697,0,742
10/16/2022,ML,Mali,AFRO,9,32706,0,742
10/23/2022,ML,Mali,AFRO,9,32715,0,742
10/30/2022,ML,Mali,AFRO,16,32731,0,742
11/6/2022,ML,Mali,AFRO,7,32738,0,742
11/13/2022,ML,Mali,AFRO,7,32745,0,742
11/20/2022,ML,Mali,AFRO,10,32755,0,742
11/27/2022,ML,Mali,AFRO,3,32758,0,742
12/4/2022,ML,Mali,AFRO,2,32760,0,742
12/11/2022,ML,Mali,AFRO,3,32763,0,742
12/18/2022,ML,Mali,AFRO,4,32767,1,743
12/25/2022,ML,Mali,AFRO,1,32768,0,743
1/1/2023,ML,Mali,AFRO,2,32770,0,743
1/8/2023,ML,Mali,AFRO,1,32771,0,743
1/15/2023,ML,Mali,AFRO,1,32772,0,743
1/22/2023,ML,Mali,AFRO,3,32775,0,743
1/29/2023,ML,Mali,AFRO,3,32778,0,743
2/5/2023,ML,Mali,AFRO,12,32790,0,743
2/12/2023,ML,Mali,AFRO,43,32833,0,743
2/19/2023,ML,Mali,AFRO,62,32895,0,743
2/26/2023,ML,Mali,AFRO,102,32997,0,743
3/5/2023,ML,Mali,AFRO,57,33054,0,743
3/12/2023,ML,Mali,AFRO,11,33065,0,743
3/19/2023,ML,Mali,AFRO,9,33074,0,743
3/26/2023,ML,Mali,AFRO,32,33106,0,743
4/2/2023,ML,Mali,AFRO,11,33117,0,743
4/9/2023,ML,Mali,AFRO,5,33122,0,743
4/16/2023,ML,Mali,AFRO,12,33134,0,743
4/23/2023,ML,Mali,AFRO,10,33144,0,743
4/30/2023,ML,Mali,AFRO,0,33144,0,743
5/7/2023,ML,Mali,AFRO,0,33144,0,743
5/14/2023,ML,Mali,AFRO,3,33147,0,743
5/21/2023,ML,Mali,AFRO,1,33148,0,743
5/28/2023,ML,Mali,AFRO,0,33148,0,743
6/4/2023,ML,Mali,AFRO,2,33150,0,743
6/11/2023,ML,Mali,AFRO,0,33150,0,743
6/18/2023,ML,Mali,AFRO,0,33150,0,743
6/25/2023,ML,Mali,AFRO,1,33151,0,743
7/2/2023,ML,Mali,AFRO,0,33151,0,743
7/9/2023,ML,Mali,AFRO,0,33151,0,743
7/16/2023,ML,Mali,AFRO,0,33151,0,743
7/23/2023,ML,Mali,AFRO,0,33151,0,743
7/30/2023,ML,Mali,AFRO,0,33151,0,743
8/6/2023,ML,Mali,AFRO,0,33151,0,743
8/13/2023,ML,Mali,AFRO,0,33151,0,743
8/20/2023,ML,Mali,AFRO,1,33152,0,743
8/27/2023,ML,Mali,AFRO,1,33153,0,743
9/3/2023,ML,Mali,AFRO,0,33153,0,743
9/10/2023,ML,Mali,AFRO,1,33154,0,743
9/17/2023,ML,Mali,AFRO,3,33157,0,743
9/24/2023,ML,Mali,AFRO,0,33157,0,743
10/1/2023,ML,Mali,AFRO,0,33157,0,743
10/8/2023,ML,Mali,AFRO,0,33157,0,743
10/15/2023,ML,Mali,AFRO,1,33158,0,743
10/22/2023,ML,Mali,AFRO,1,33159,0,743
10/29/2023,ML,Mali,AFRO,1,33160,0,743
11/5/2023,ML,Mali,AFRO,1,33161,0,743
11/12/2023,ML,Mali,AFRO,0,33161,0,743
11/19/2023,ML,Mali,AFRO,0,33161,0,743
11/26/2023,ML,Mali,AFRO,0,33161,0,743
12/3/2023,ML,Mali,AFRO,1,33162,0,743
12/10/2023,ML,Mali,AFRO,0,33162,0,743
12/17/2023,ML,Mali,AFRO,0,33162,0,743
12/24/2023,ML,Mali,AFRO,0,33162,0,743
1/5/2020,MT,Malta,EURO,0,0,0,0
1/12/2020,MT,Malta,EURO,0,0,0,0
1/19/2020,MT,Malta,EURO,0,0,0,0
1/26/2020,MT,Malta,EURO,0,0,0,0
2/2/2020,MT,Malta,EURO,0,0,0,0
2/9/2020,MT,Malta,EURO,0,0,0,0
2/16/2020,MT,Malta,EURO,0,0,0,0
2/23/2020,MT,Malta,EURO,0,0,0,0
3/1/2020,MT,Malta,EURO,0,0,0,0
3/8/2020,MT,Malta,EURO,3,3,0,0
3/15/2020,MT,Malta,EURO,28,31,0,0
3/22/2020,MT,Malta,EURO,78,109,0,0
3/29/2020,MT,Malta,EURO,50,159,0,0
4/5/2020,MT,Malta,EURO,79,238,0,0
4/12/2020,MT,Malta,EURO,149,387,3,3
4/19/2020,MT,Malta,EURO,44,431,0,3
4/26/2020,MT,Malta,EURO,20,451,1,4
5/3/2020,MT,Malta,EURO,30,481,0,4
5/10/2020,MT,Malta,EURO,23,504,1,5
5/17/2020,MT,Malta,EURO,54,558,1,6
5/24/2020,MT,Malta,EURO,56,614,0,6
5/31/2020,MT,Malta,EURO,7,621,3,9
6/7/2020,MT,Malta,EURO,11,632,0,9
6/14/2020,MT,Malta,EURO,21,653,0,9
6/21/2020,MT,Malta,EURO,15,668,0,9
6/28/2020,MT,Malta,EURO,5,673,0,9
7/5/2020,MT,Malta,EURO,2,675,0,9
7/12/2020,MT,Malta,EURO,2,677,0,9
7/19/2020,MT,Malta,EURO,3,680,0,9
7/26/2020,MT,Malta,EURO,24,704,0,9
8/2/2020,MT,Malta,EURO,167,871,0,9
8/9/2020,MT,Malta,EURO,243,1114,0,9
8/16/2020,MT,Malta,EURO,368,1482,0,9
8/23/2020,MT,Malta,EURO,295,1777,1,10
8/30/2020,MT,Malta,EURO,249,2026,2,12
9/6/2020,MT,Malta,EURO,233,2259,3,15
9/13/2020,MT,Malta,EURO,326,2585,1,16
9/20/2020,MT,Malta,EURO,376,2961,6,22
9/27/2020,MT,Malta,EURO,230,3191,11,33
10/4/2020,MT,Malta,EURO,320,3511,7,40
10/11/2020,MT,Malta,EURO,519,4030,4,44
10/18/2020,MT,Malta,EURO,891,4921,2,46
10/25/2020,MT,Malta,EURO,841,5762,8,54
11/1/2020,MT,Malta,EURO,800,6562,11,65
11/8/2020,MT,Malta,EURO,871,7433,16,81
11/15/2020,MT,Malta,EURO,907,8340,21,102
11/22/2020,MT,Malta,EURO,854,9194,15,117
11/29/2020,MT,Malta,EURO,871,10065,26,143
12/6/2020,MT,Malta,EURO,778,10843,14,157
12/13/2020,MT,Malta,EURO,600,11443,23,180
12/20/2020,MT,Malta,EURO,558,12001,22,202
12/27/2020,MT,Malta,EURO,615,12616,25,227
1/3/2021,MT,Malta,EURO,925,13541,6,233
1/10/2021,MT,Malta,EURO,1286,14827,8,241
1/17/2021,MT,Malta,EURO,1211,16038,12,253
1/24/2021,MT,Malta,EURO,1133,17171,16,269
1/31/2021,MT,Malta,EURO,1143,18314,15,284
2/7/2021,MT,Malta,EURO,704,19018,14,298
2/14/2021,MT,Malta,EURO,1128,20146,15,313
2/21/2021,MT,Malta,EURO,1133,21279,12,325
2/28/2021,MT,Malta,EURO,1607,22886,10,335
3/7/2021,MT,Malta,EURO,1904,24790,20,355
3/14/2021,MT,Malta,EURO,2094,26884,10,365
3/21/2021,MT,Malta,EURO,1572,28456,21,386
3/28/2021,MT,Malta,EURO,617,29073,18,404
4/4/2021,MT,Malta,EURO,340,29413,11,415
4/11/2021,MT,Malta,EURO,380,29793,3,418
4/18/2021,MT,Malta,EURO,362,30155,8,426
4/25/2021,MT,Malta,EURO,165,30320,5,431
5/2/2021,MT,Malta,EURO,166,30486,0,431
5/9/2021,MT,Malta,EURO,105,30591,0,431
5/16/2021,MT,Malta,EURO,56,30647,1,432
5/23/2021,MT,Malta,EURO,23,30670,0,432
5/30/2021,MT,Malta,EURO,29,30699,2,434
6/6/2021,MT,Malta,EURO,35,30734,0,434
6/13/2021,MT,Malta,EURO,11,30745,0,434
6/20/2021,MT,Malta,EURO,16,30761,1,435
6/27/2021,MT,Malta,EURO,23,30784,0,435
7/4/2021,MT,Malta,EURO,51,30835,0,435
7/11/2021,MT,Malta,EURO,622,31457,1,436
7/18/2021,MT,Malta,EURO,1383,32840,1,437
7/25/2021,MT,Malta,EURO,1133,33973,1,438
8/1/2021,MT,Malta,EURO,633,34606,2,440
8/8/2021,MT,Malta,EURO,469,35075,4,444
8/15/2021,MT,Malta,EURO,474,35549,4,448
8/22/2021,MT,Malta,EURO,454,36003,5,453
8/29/2021,MT,Malta,EURO,291,36294,5,458
9/5/2021,MT,Malta,EURO,384,36678,5,463
9/12/2021,MT,Malta,EURO,285,36963,5,468
9/19/2021,MT,Malta,EURO,204,37167,5,473
9/26/2021,MT,Malta,EURO,109,37276,1,474
10/3/2021,MT,Malta,EURO,118,37394,3,477
10/10/2021,MT,Malta,EURO,137,37531,0,477
10/17/2021,MT,Malta,EURO,108,37639,1,478
10/24/2021,MT,Malta,EURO,98,37737,1,479
10/31/2021,MT,Malta,EURO,108,37845,2,481
11/7/2021,MT,Malta,EURO,258,38103,0,481
11/14/2021,MT,Malta,EURO,323,38426,0,481
11/21/2021,MT,Malta,EURO,518,38944,2,483
11/28/2021,MT,Malta,EURO,559,39503,5,488
12/5/2021,MT,Malta,EURO,681,40184,0,488
12/12/2021,MT,Malta,EURO,625,40809,3,491
12/19/2021,MT,Malta,EURO,1466,42275,0,491
12/26/2021,MT,Malta,EURO,5161,47436,2,493
1/2/2022,MT,Malta,EURO,8118,55554,5,498
1/9/2022,MT,Malta,EURO,5468,61022,11,509
1/16/2022,MT,Malta,EURO,2968,63990,18,527
1/23/2022,MT,Malta,EURO,2073,66063,26,553
1/30/2022,MT,Malta,EURO,1641,67704,15,568
2/6/2022,MT,Malta,EURO,1428,69132,22,590
2/13/2022,MT,Malta,EURO,823,69955,20,610
2/20/2022,MT,Malta,EURO,637,70592,7,617
2/27/2022,MT,Malta,EURO,540,71132,8,625
3/6/2022,MT,Malta,EURO,664,71796,4,629
3/13/2022,MT,Malta,EURO,962,72758,6,635
3/20/2022,MT,Malta,EURO,1906,74664,8,643
3/27/2022,MT,Malta,EURO,2570,77234,9,652
4/3/2022,MT,Malta,EURO,4491,81725,10,662
4/10/2022,MT,Malta,EURO,4557,86282,21,683
4/17/2022,MT,Malta,EURO,2664,88946,13,696
4/24/2022,MT,Malta,EURO,1764,90710,13,709
5/1/2022,MT,Malta,EURO,1250,91960,10,719
5/8/2022,MT,Malta,EURO,984,92944,11,730
5/15/2022,MT,Malta,EURO,658,93602,4,734
5/22/2022,MT,Malta,EURO,537,94139,4,738
5/29/2022,MT,Malta,EURO,532,94671,4,742
6/5/2022,MT,Malta,EURO,615,95286,2,744
6/12/2022,MT,Malta,EURO,934,96220,3,747
6/19/2022,MT,Malta,EURO,1720,97940,4,751
6/26/2022,MT,Malta,EURO,3160,101100,10,761
7/3/2022,MT,Malta,EURO,3860,104960,8,769
7/10/2022,MT,Malta,EURO,3765,108725,11,780
7/17/2022,MT,Malta,EURO,2275,111000,13,793
7/24/2022,MT,Malta,EURO,1249,112249,13,806
7/31/2022,MT,Malta,EURO,608,112857,9,815
8/7/2022,MT,Malta,EURO,417,113274,1,816
8/14/2022,MT,Malta,EURO,287,113561,2,818
8/21/2022,MT,Malta,EURO,242,113803,2,820
8/28/2022,MT,Malta,EURO,189,113992,2,822
9/4/2022,MT,Malta,EURO,139,114131,1,823
9/11/2022,MT,Malta,EURO,130,114261,0,823
9/18/2022,MT,Malta,EURO,149,114410,2,825
9/25/2022,MT,Malta,EURO,156,114566,0,825
10/2/2022,MT,Malta,EURO,155,114721,2,827
10/9/2022,MT,Malta,EURO,146,114867,0,827
10/16/2022,MT,Malta,EURO,147,115014,0,827
10/23/2022,MT,Malta,EURO,184,115198,2,829
10/30/2022,MT,Malta,EURO,141,115339,0,829
11/6/2022,MT,Malta,EURO,123,115462,0,829
11/13/2022,MT,Malta,EURO,128,115590,0,829
11/20/2022,MT,Malta,EURO,98,115688,0,829
11/27/2022,MT,Malta,EURO,81,115769,1,830
12/4/2022,MT,Malta,EURO,91,115860,0,830
12/11/2022,MT,Malta,EURO,103,115963,0,830
12/18/2022,MT,Malta,EURO,141,116104,2,832
12/25/2022,MT,Malta,EURO,133,116237,2,834
1/1/2023,MT,Malta,EURO,167,116404,4,838
1/8/2023,MT,Malta,EURO,241,116645,4,842
1/15/2023,MT,Malta,EURO,165,116810,1,843
1/22/2023,MT,Malta,EURO,133,116943,2,845
1/29/2023,MT,Malta,EURO,109,117052,0,845
2/5/2023,MT,Malta,EURO,104,117156,2,847
2/12/2023,MT,Malta,EURO,82,117238,0,847
2/19/2023,MT,Malta,EURO,90,117328,1,848
2/26/2023,MT,Malta,EURO,139,117467,0,848
3/5/2023,MT,Malta,EURO,133,117600,1,849
3/12/2023,MT,Malta,EURO,139,117739,0,849
3/19/2023,MT,Malta,EURO,148,117887,2,851
3/26/2023,MT,Malta,EURO,106,117993,1,852
4/2/2023,MT,Malta,EURO,129,118122,0,852
4/9/2023,MT,Malta,EURO,81,118203,1,853
4/16/2023,MT,Malta,EURO,103,118306,1,854
4/23/2023,MT,Malta,EURO,124,118430,1,855
4/30/2023,MT,Malta,EURO,83,118513,0,855
5/7/2023,MT,Malta,EURO,50,118563,0,855
5/14/2023,MT,Malta,EURO,57,118620,0,855
5/21/2023,MT,Malta,EURO,46,118666,1,856
5/28/2023,MT,Malta,EURO,79,118745,1,857
6/4/2023,MT,Malta,EURO,59,118804,2,859
6/11/2023,MT,Malta,EURO,43,118847,1,860
6/18/2023,MT,Malta,EURO,60,118907,1,861
6/25/2023,MT,Malta,EURO,59,118966,0,861
7/2/2023,MT,Malta,EURO,86,119052,3,864
7/9/2023,MT,Malta,EURO,60,119112,1,865
7/16/2023,MT,Malta,EURO,102,119214,3,868
7/23/2023,MT,Malta,EURO,74,119288,1,869
7/30/2023,MT,Malta,EURO,135,119423,3,872
8/6/2023,MT,Malta,EURO,151,119574,1,873
8/13/2023,MT,Malta,EURO,150,119724,2,875
8/20/2023,MT,Malta,EURO,140,119864,1,876
8/27/2023,MT,Malta,EURO,180,120044,1,877
9/3/2023,MT,Malta,EURO,134,120178,1,878
9/10/2023,MT,Malta,EURO,107,120285,2,880
9/17/2023,MT,Malta,EURO,62,120347,1,881
9/24/2023,MT,Malta,EURO,75,120422,1,882
10/1/2023,MT,Malta,EURO,79,120501,0,882
10/8/2023,MT,Malta,EURO,63,120564,1,883
10/15/2023,MT,Malta,EURO,68,120632,0,883
10/22/2023,MT,Malta,EURO,43,120675,2,885
10/29/2023,MT,Malta,EURO,30,120705,0,885
11/5/2023,MT,Malta,EURO,0,120705,0,885
11/12/2023,MT,Malta,EURO,0,120705,0,885
11/19/2023,MT,Malta,EURO,0,120705,0,885
11/26/2023,MT,Malta,EURO,0,120705,0,885
12/3/2023,MT,Malta,EURO,0,120705,0,885
12/10/2023,MT,Malta,EURO,34,120739,0,885
12/17/2023,MT,Malta,EURO,28,120767,0,885
12/24/2023,MT,Malta,EURO,40,120807,1,886
1/5/2020,MH,Marshall Islands,WPRO,0,0,0,0
1/12/2020,MH,Marshall Islands,WPRO,0,0,0,0
1/19/2020,MH,Marshall Islands,WPRO,0,0,0,0
1/26/2020,MH,Marshall Islands,WPRO,0,0,0,0
2/2/2020,MH,Marshall Islands,WPRO,0,0,0,0
2/9/2020,MH,Marshall Islands,WPRO,0,0,0,0
2/16/2020,MH,Marshall Islands,WPRO,0,0,0,0
2/23/2020,MH,Marshall Islands,WPRO,0,0,0,0
3/1/2020,MH,Marshall Islands,WPRO,0,0,0,0
3/8/2020,MH,Marshall Islands,WPRO,0,0,0,0
3/15/2020,MH,Marshall Islands,WPRO,0,0,0,0
3/22/2020,MH,Marshall Islands,WPRO,0,0,0,0
3/29/2020,MH,Marshall Islands,WPRO,0,0,0,0
4/5/2020,MH,Marshall Islands,WPRO,0,0,0,0
4/12/2020,MH,Marshall Islands,WPRO,0,0,0,0
4/19/2020,MH,Marshall Islands,WPRO,0,0,0,0
4/26/2020,MH,Marshall Islands,WPRO,0,0,0,0
5/3/2020,MH,Marshall Islands,WPRO,0,0,0,0
5/10/2020,MH,Marshall Islands,WPRO,0,0,0,0
5/17/2020,MH,Marshall Islands,WPRO,0,0,0,0
5/24/2020,MH,Marshall Islands,WPRO,0,0,0,0
5/31/2020,MH,Marshall Islands,WPRO,0,0,0,0
6/7/2020,MH,Marshall Islands,WPRO,0,0,0,0
6/14/2020,MH,Marshall Islands,WPRO,0,0,0,0
6/21/2020,MH,Marshall Islands,WPRO,0,0,0,0
6/28/2020,MH,Marshall Islands,WPRO,0,0,0,0
7/5/2020,MH,Marshall Islands,WPRO,0,0,0,0
7/12/2020,MH,Marshall Islands,WPRO,0,0,0,0
7/19/2020,MH,Marshall Islands,WPRO,0,0,0,0
7/26/2020,MH,Marshall Islands,WPRO,0,0,0,0
8/2/2020,MH,Marshall Islands,WPRO,0,0,0,0
8/9/2020,MH,Marshall Islands,WPRO,0,0,0,0
8/16/2020,MH,Marshall Islands,WPRO,0,0,0,0
8/23/2020,MH,Marshall Islands,WPRO,0,0,0,0
8/30/2020,MH,Marshall Islands,WPRO,0,0,0,0
9/6/2020,MH,Marshall Islands,WPRO,0,0,0,0
9/13/2020,MH,Marshall Islands,WPRO,0,0,0,0
9/20/2020,MH,Marshall Islands,WPRO,0,0,0,0
9/27/2020,MH,Marshall Islands,WPRO,0,0,0,0
10/4/2020,MH,Marshall Islands,WPRO,0,0,0,0
10/11/2020,MH,Marshall Islands,WPRO,0,0,0,0
10/18/2020,MH,Marshall Islands,WPRO,0,0,0,0
10/25/2020,MH,Marshall Islands,WPRO,0,0,0,0
11/1/2020,MH,Marshall Islands,WPRO,1,1,0,0
11/8/2020,MH,Marshall Islands,WPRO,0,1,0,0
11/15/2020,MH,Marshall Islands,WPRO,0,1,0,0
11/22/2020,MH,Marshall Islands,WPRO,3,4,0,0
11/29/2020,MH,Marshall Islands,WPRO,0,4,0,0
12/6/2020,MH,Marshall Islands,WPRO,0,4,0,0
12/13/2020,MH,Marshall Islands,WPRO,0,4,0,0
12/20/2020,MH,Marshall Islands,WPRO,0,4,0,0
12/27/2020,MH,Marshall Islands,WPRO,0,4,0,0
1/3/2021,MH,Marshall Islands,WPRO,0,4,0,0
1/10/2021,MH,Marshall Islands,WPRO,0,4,0,0
1/17/2021,MH,Marshall Islands,WPRO,0,4,0,0
1/24/2021,MH,Marshall Islands,WPRO,0,4,0,0
1/31/2021,MH,Marshall Islands,WPRO,0,4,0,0
2/7/2021,MH,Marshall Islands,WPRO,0,4,0,0
2/14/2021,MH,Marshall Islands,WPRO,0,4,0,0
2/21/2021,MH,Marshall Islands,WPRO,0,4,0,0
2/28/2021,MH,Marshall Islands,WPRO,0,4,0,0
3/7/2021,MH,Marshall Islands,WPRO,0,4,0,0
3/14/2021,MH,Marshall Islands,WPRO,0,4,0,0
3/21/2021,MH,Marshall Islands,WPRO,0,4,0,0
3/28/2021,MH,Marshall Islands,WPRO,0,4,0,0
4/4/2021,MH,Marshall Islands,WPRO,0,4,0,0
4/11/2021,MH,Marshall Islands,WPRO,0,4,0,0
4/18/2021,MH,Marshall Islands,WPRO,0,4,0,0
4/25/2021,MH,Marshall Islands,WPRO,0,4,0,0
5/2/2021,MH,Marshall Islands,WPRO,0,4,0,0
5/9/2021,MH,Marshall Islands,WPRO,0,4,0,0
5/16/2021,MH,Marshall Islands,WPRO,0,4,0,0
5/23/2021,MH,Marshall Islands,WPRO,0,4,0,0
5/30/2021,MH,Marshall Islands,WPRO,0,4,0,0
6/6/2021,MH,Marshall Islands,WPRO,0,4,0,0
6/13/2021,MH,Marshall Islands,WPRO,0,4,0,0
6/20/2021,MH,Marshall Islands,WPRO,0,4,0,0
6/27/2021,MH,Marshall Islands,WPRO,0,4,0,0
7/4/2021,MH,Marshall Islands,WPRO,0,4,0,0
7/11/2021,MH,Marshall Islands,WPRO,0,4,0,0
7/18/2021,MH,Marshall Islands,WPRO,0,4,0,0
7/25/2021,MH,Marshall Islands,WPRO,0,4,0,0
8/1/2021,MH,Marshall Islands,WPRO,0,4,0,0
8/8/2021,MH,Marshall Islands,WPRO,0,4,0,0
8/15/2021,MH,Marshall Islands,WPRO,0,4,0,0
8/22/2021,MH,Marshall Islands,WPRO,0,4,0,0
8/29/2021,MH,Marshall Islands,WPRO,0,4,0,0
9/5/2021,MH,Marshall Islands,WPRO,0,4,0,0
9/12/2021,MH,Marshall Islands,WPRO,0,4,0,0
9/19/2021,MH,Marshall Islands,WPRO,0,4,0,0
9/26/2021,MH,Marshall Islands,WPRO,0,4,0,0
10/3/2021,MH,Marshall Islands,WPRO,0,4,0,0
10/10/2021,MH,Marshall Islands,WPRO,0,4,0,0
10/17/2021,MH,Marshall Islands,WPRO,0,4,0,0
10/24/2021,MH,Marshall Islands,WPRO,0,4,0,0
10/31/2021,MH,Marshall Islands,WPRO,0,4,0,0
11/7/2021,MH,Marshall Islands,WPRO,0,4,0,0
11/14/2021,MH,Marshall Islands,WPRO,0,4,0,0
11/21/2021,MH,Marshall Islands,WPRO,0,4,0,0
11/28/2021,MH,Marshall Islands,WPRO,0,4,0,0
12/5/2021,MH,Marshall Islands,WPRO,0,4,0,0
12/12/2021,MH,Marshall Islands,WPRO,0,4,0,0
12/19/2021,MH,Marshall Islands,WPRO,0,4,0,0
12/26/2021,MH,Marshall Islands,WPRO,0,4,0,0
1/2/2022,MH,Marshall Islands,WPRO,0,4,0,0
1/9/2022,MH,Marshall Islands,WPRO,0,4,0,0
1/16/2022,MH,Marshall Islands,WPRO,0,4,0,0
1/23/2022,MH,Marshall Islands,WPRO,0,4,0,0
1/30/2022,MH,Marshall Islands,WPRO,3,7,0,0
2/6/2022,MH,Marshall Islands,WPRO,0,7,0,0
2/13/2022,MH,Marshall Islands,WPRO,0,7,0,0
2/20/2022,MH,Marshall Islands,WPRO,0,7,0,0
2/27/2022,MH,Marshall Islands,WPRO,0,7,0,0
3/6/2022,MH,Marshall Islands,WPRO,0,7,0,0
3/13/2022,MH,Marshall Islands,WPRO,0,7,0,0
3/20/2022,MH,Marshall Islands,WPRO,0,7,0,0
3/27/2022,MH,Marshall Islands,WPRO,0,7,0,0
4/3/2022,MH,Marshall Islands,WPRO,0,7,0,0
4/10/2022,MH,Marshall Islands,WPRO,0,7,0,0
4/17/2022,MH,Marshall Islands,WPRO,0,7,0,0
4/24/2022,MH,Marshall Islands,WPRO,8,15,0,0
5/1/2022,MH,Marshall Islands,WPRO,2,17,0,0
5/8/2022,MH,Marshall Islands,WPRO,0,17,0,0
5/15/2022,MH,Marshall Islands,WPRO,0,17,0,0
5/22/2022,MH,Marshall Islands,WPRO,0,17,0,0
5/29/2022,MH,Marshall Islands,WPRO,0,17,0,0
6/5/2022,MH,Marshall Islands,WPRO,1,18,0,0
6/12/2022,MH,Marshall Islands,WPRO,0,18,0,0
6/19/2022,MH,Marshall Islands,WPRO,0,18,0,0
6/26/2022,MH,Marshall Islands,WPRO,0,18,0,0
7/3/2022,MH,Marshall Islands,WPRO,8,26,0,0
7/10/2022,MH,Marshall Islands,WPRO,21,47,0,0
7/17/2022,MH,Marshall Islands,WPRO,2,49,0,0
7/24/2022,MH,Marshall Islands,WPRO,10,59,0,0
7/31/2022,MH,Marshall Islands,WPRO,5,64,0,0
8/7/2022,MH,Marshall Islands,WPRO,4,68,0,0
8/14/2022,MH,Marshall Islands,WPRO,758,826,5,5
8/21/2022,MH,Marshall Islands,WPRO,9086,9912,9,14
8/28/2022,MH,Marshall Islands,WPRO,4885,14797,2,16
9/4/2022,MH,Marshall Islands,WPRO,266,15063,1,17
9/11/2022,MH,Marshall Islands,WPRO,9,15072,0,17
9/18/2022,MH,Marshall Islands,WPRO,141,15213,0,17
9/25/2022,MH,Marshall Islands,WPRO,62,15275,0,17
10/2/2022,MH,Marshall Islands,WPRO,30,15305,0,17
10/9/2022,MH,Marshall Islands,WPRO,0,15305,0,17
10/16/2022,MH,Marshall Islands,WPRO,57,15362,0,17
10/23/2022,MH,Marshall Islands,WPRO,0,15362,0,17
10/30/2022,MH,Marshall Islands,WPRO,13,15375,0,17
11/6/2022,MH,Marshall Islands,WPRO,7,15382,0,17
11/13/2022,MH,Marshall Islands,WPRO,4,15386,0,17
11/20/2022,MH,Marshall Islands,WPRO,115,15501,0,17
11/27/2022,MH,Marshall Islands,WPRO,40,15541,0,17
12/4/2022,MH,Marshall Islands,WPRO,3,15544,0,17
12/11/2022,MH,Marshall Islands,WPRO,0,15544,0,17
12/18/2022,MH,Marshall Islands,WPRO,0,15544,0,17
12/25/2022,MH,Marshall Islands,WPRO,0,15544,0,17
1/1/2023,MH,Marshall Islands,WPRO,0,15544,0,17
1/8/2023,MH,Marshall Islands,WPRO,0,15544,0,17
1/15/2023,MH,Marshall Islands,WPRO,0,15544,0,17
1/22/2023,MH,Marshall Islands,WPRO,0,15544,0,17
1/29/2023,MH,Marshall Islands,WPRO,40,15584,0,17
2/5/2023,MH,Marshall Islands,WPRO,0,15584,0,17
2/12/2023,MH,Marshall Islands,WPRO,6,15590,0,17
2/19/2023,MH,Marshall Islands,WPRO,11,15601,0,17
2/26/2023,MH,Marshall Islands,WPRO,17,15618,0,17
3/5/2023,MH,Marshall Islands,WPRO,31,15649,0,17
3/12/2023,MH,Marshall Islands,WPRO,0,15649,0,17
3/19/2023,MH,Marshall Islands,WPRO,74,15723,0,17
3/26/2023,MH,Marshall Islands,WPRO,0,15723,0,17
4/2/2023,MH,Marshall Islands,WPRO,290,16013,0,17
4/9/2023,MH,Marshall Islands,WPRO,68,16081,0,17
4/16/2023,MH,Marshall Islands,WPRO,0,16081,0,17
4/23/2023,MH,Marshall Islands,WPRO,0,16081,0,17
4/30/2023,MH,Marshall Islands,WPRO,0,16081,0,17
5/7/2023,MH,Marshall Islands,WPRO,0,16081,0,17
5/14/2023,MH,Marshall Islands,WPRO,0,16081,0,17
5/21/2023,MH,Marshall Islands,WPRO,0,16081,0,17
5/28/2023,MH,Marshall Islands,WPRO,0,16081,0,17
6/4/2023,MH,Marshall Islands,WPRO,0,16081,0,17
6/11/2023,MH,Marshall Islands,WPRO,17,16098,0,17
6/18/2023,MH,Marshall Islands,WPRO,0,16098,0,17
6/25/2023,MH,Marshall Islands,WPRO,0,16098,0,17
7/2/2023,MH,Marshall Islands,WPRO,0,16098,0,17
7/9/2023,MH,Marshall Islands,WPRO,0,16098,0,17
7/16/2023,MH,Marshall Islands,WPRO,0,16098,0,17
7/23/2023,MH,Marshall Islands,WPRO,0,16098,0,17
7/30/2023,MH,Marshall Islands,WPRO,0,16098,0,17
8/6/2023,MH,Marshall Islands,WPRO,0,16098,0,17
8/13/2023,MH,Marshall Islands,WPRO,0,16098,0,17
8/20/2023,MH,Marshall Islands,WPRO,0,16098,0,17
8/27/2023,MH,Marshall Islands,WPRO,0,16098,0,17
9/3/2023,MH,Marshall Islands,WPRO,21,16119,0,17
9/10/2023,MH,Marshall Islands,WPRO,14,16133,0,17
9/17/2023,MH,Marshall Islands,WPRO,0,16133,0,17
9/24/2023,MH,Marshall Islands,WPRO,0,16133,0,17
10/1/2023,MH,Marshall Islands,WPRO,0,16133,0,17
10/8/2023,MH,Marshall Islands,WPRO,5,16138,0,17
10/15/2023,MH,Marshall Islands,WPRO,0,16138,0,17
10/22/2023,MH,Marshall Islands,WPRO,0,16138,0,17
10/29/2023,MH,Marshall Islands,WPRO,0,16138,0,17
11/5/2023,MH,Marshall Islands,WPRO,0,16138,0,17
11/12/2023,MH,Marshall Islands,WPRO,0,16138,0,17
11/19/2023,MH,Marshall Islands,WPRO,0,16138,0,17
11/26/2023,MH,Marshall Islands,WPRO,0,16138,0,17
12/3/2023,MH,Marshall Islands,WPRO,0,16138,0,17
12/10/2023,MH,Marshall Islands,WPRO,0,16138,0,17
12/17/2023,MH,Marshall Islands,WPRO,0,16138,0,17
12/24/2023,MH,Marshall Islands,WPRO,0,16138,0,17
1/5/2020,MQ,Martinique,,0,0,0,0
1/12/2020,MQ,Martinique,,0,0,0,0
1/19/2020,MQ,Martinique,,0,0,0,0
1/26/2020,MQ,Martinique,,0,0,0,0
2/2/2020,MQ,Martinique,,0,0,0,0
2/9/2020,MQ,Martinique,,0,0,0,0
2/16/2020,MQ,Martinique,,0,0,0,0
2/23/2020,MQ,Martinique,,0,0,0,0
3/1/2020,MQ,Martinique,,0,0,0,0
3/8/2020,MQ,Martinique,,2,2,0,0
3/15/2020,MQ,Martinique,,5,7,0,0
3/22/2020,MQ,Martinique,,25,32,0,0
3/29/2020,MQ,Martinique,,61,93,1,1
4/5/2020,MQ,Martinique,,52,145,2,3
4/12/2020,MQ,Martinique,,10,155,3,6
4/19/2020,MQ,Martinique,,8,163,6,12
4/26/2020,MQ,Martinique,,7,170,2,14
5/3/2020,MQ,Martinique,,10,180,0,14
5/10/2020,MQ,Martinique,,6,186,0,14
5/17/2020,MQ,Martinique,,6,192,0,14
5/24/2020,MQ,Martinique,,5,197,0,14
5/31/2020,MQ,Martinique,,3,200,0,14
6/7/2020,MQ,Martinique,,2,202,0,14
6/14/2020,MQ,Martinique,,0,202,0,14
6/21/2020,MQ,Martinique,,34,236,0,14
6/28/2020,MQ,Martinique,,6,242,0,14
7/5/2020,MQ,Martinique,,7,249,0,14
7/12/2020,MQ,Martinique,,6,255,1,15
7/19/2020,MQ,Martinique,,7,262,0,15
7/26/2020,MQ,Martinique,,7,269,0,15
8/2/2020,MQ,Martinique,,0,269,0,15
8/9/2020,MQ,Martinique,,67,336,1,16
8/16/2020,MQ,Martinique,,0,336,0,16
8/23/2020,MQ,Martinique,,128,464,0,16
8/30/2020,MQ,Martinique,,132,596,0,16
9/6/2020,MQ,Martinique,,162,758,2,18
9/13/2020,MQ,Martinique,,181,939,0,18
9/20/2020,MQ,Martinique,,183,1122,0,18
9/27/2020,MQ,Martinique,,176,1298,2,20
10/4/2020,MQ,Martinique,,245,1543,1,21
10/11/2020,MQ,Martinique,,308,1851,1,22
10/18/2020,MQ,Martinique,,415,2266,3,25
10/25/2020,MQ,Martinique,,534,2800,2,27
11/1/2020,MQ,Martinique,,1018,3818,4,31
11/8/2020,MQ,Martinique,,397,4215,2,33
11/15/2020,MQ,Martinique,,517,4732,4,37
11/22/2020,MQ,Martinique,,359,5091,2,39
11/29/2020,MQ,Martinique,,322,5413,1,40
12/6/2020,MQ,Martinique,,107,5520,1,41
12/13/2020,MQ,Martinique,,33,5553,0,41
12/20/2020,MQ,Martinique,,81,5634,1,42
12/27/2020,MQ,Martinique,,438,6072,0,42
1/3/2021,MQ,Martinique,,19,6091,1,43
1/10/2021,MQ,Martinique,,26,6117,0,43
1/17/2021,MQ,Martinique,,110,6227,0,43
1/24/2021,MQ,Martinique,,143,6370,1,44
1/31/2021,MQ,Martinique,,0,6370,0,44
2/7/2021,MQ,Martinique,,72,6442,1,45
2/14/2021,MQ,Martinique,,151,6593,0,45
2/21/2021,MQ,Martinique,,0,6593,0,45
2/28/2021,MQ,Martinique,,153,6746,0,45
3/7/2021,MQ,Martinique,,140,6886,2,47
3/14/2021,MQ,Martinique,,151,7037,0,47
3/21/2021,MQ,Martinique,,227,7264,0,47
3/28/2021,MQ,Martinique,,285,7549,3,50
4/4/2021,MQ,Martinique,,614,8163,4,54
4/11/2021,MQ,Martinique,,724,8887,5,59
4/18/2021,MQ,Martinique,,871,9758,7,66
4/25/2021,MQ,Martinique,,733,10491,4,70
5/2/2021,MQ,Martinique,,648,11139,9,79
5/9/2021,MQ,Martinique,,351,11490,8,87
5/16/2021,MQ,Martinique,,179,11669,3,90
5/23/2021,MQ,Martinique,,120,11789,3,93
5/30/2021,MQ,Martinique,,190,11979,2,95
6/6/2021,MQ,Martinique,,81,12060,2,97
6/13/2021,MQ,Martinique,,70,12130,1,98
6/20/2021,MQ,Martinique,,69,12199,0,98
6/27/2021,MQ,Martinique,,87,12286,0,98
7/4/2021,MQ,Martinique,,110,12396,0,98
7/11/2021,MQ,Martinique,,411,12807,0,98
7/18/2021,MQ,Martinique,,2157,14964,4,102
7/25/2021,MQ,Martinique,,2251,17215,2,104
8/1/2021,MQ,Martinique,,5224,22439,25,129
8/8/2021,MQ,Martinique,,4308,26747,38,167
8/15/2021,MQ,Martinique,,3500,30247,54,221
8/22/2021,MQ,Martinique,,3574,33821,57,278
8/29/2021,MQ,Martinique,,2132,35953,133,411
9/5/2021,MQ,Martinique,,2245,38198,76,487
9/12/2021,MQ,Martinique,,1175,39373,69,556
9/19/2021,MQ,Martinique,,866,40239,32,588
9/26/2021,MQ,Martinique,,644,40883,27,615
10/3/2021,MQ,Martinique,,474,41357,17,632
10/10/2021,MQ,Martinique,,561,41918,18,650
10/17/2021,MQ,Martinique,,510,42428,12,662
10/24/2021,MQ,Martinique,,475,42903,11,673
10/31/2021,MQ,Martinique,,444,43347,10,683
11/7/2021,MQ,Martinique,,318,43665,11,694
11/14/2021,MQ,Martinique,,297,43962,6,700
11/21/2021,MQ,Martinique,,656,44618,4,704
11/28/2021,MQ,Martinique,,558,45176,6,710
12/5/2021,MQ,Martinique,,635,45811,14,724
12/12/2021,MQ,Martinique,,599,46410,13,737
12/19/2021,MQ,Martinique,,579,46989,26,763
12/26/2021,MQ,Martinique,,839,47828,12,775
1/2/2022,MQ,Martinique,,2177,50005,9,784
1/9/2022,MQ,Martinique,,1835,51840,4,788
1/16/2022,MQ,Martinique,,13540,65380,17,805
1/23/2022,MQ,Martinique,,11695,77075,16,821
1/30/2022,MQ,Martinique,,10559,87634,11,832
2/6/2022,MQ,Martinique,,8985,96619,10,842
2/13/2022,MQ,Martinique,,8478,105097,15,857
2/20/2022,MQ,Martinique,,5637,110734,4,861
2/27/2022,MQ,Martinique,,3734,114468,33,894
3/6/2022,MQ,Martinique,,3216,117684,1,895
3/13/2022,MQ,Martinique,,13686,131370,9,904
3/20/2022,MQ,Martinique,,6669,138039,5,909
3/27/2022,MQ,Martinique,,5136,143175,3,912
4/3/2022,MQ,Martinique,,2791,145966,4,916
4/10/2022,MQ,Martinique,,2082,148048,2,918
4/17/2022,MQ,Martinique,,1211,149259,0,918
4/24/2022,MQ,Martinique,,818,150077,0,918
5/1/2022,MQ,Martinique,,1895,151972,0,918
5/8/2022,MQ,Martinique,,2022,153994,0,918
5/15/2022,MQ,Martinique,,3298,157292,0,918
5/22/2022,MQ,Martinique,,4871,162163,0,918
5/29/2022,MQ,Martinique,,5353,167516,20,938
6/5/2022,MQ,Martinique,,5367,172883,4,942
6/12/2022,MQ,Martinique,,8000,180883,8,950
6/19/2022,MQ,Martinique,,8076,188959,7,957
6/26/2022,MQ,Martinique,,6953,195912,8,965
7/3/2022,MQ,Martinique,,5299,201211,6,971
7/10/2022,MQ,Martinique,,4050,205261,10,981
7/17/2022,MQ,Martinique,,2742,208003,5,986
7/24/2022,MQ,Martinique,,1855,209858,6,992
7/31/2022,MQ,Martinique,,1714,211572,6,998
8/7/2022,MQ,Martinique,,1330,212902,7,1005
8/14/2022,MQ,Martinique,,987,213889,4,1009
8/21/2022,MQ,Martinique,,836,214725,9,1018
8/28/2022,MQ,Martinique,,857,215582,4,1022
9/4/2022,MQ,Martinique,,0,215582,0,1022
9/11/2022,MQ,Martinique,,3947,219529,14,1036
9/18/2022,MQ,Martinique,,0,219529,0,1036
9/25/2022,MQ,Martinique,,663,220192,6,1042
10/2/2022,MQ,Martinique,,2140,222332,5,1047
10/9/2022,MQ,Martinique,,498,222830,0,1047
10/16/2022,MQ,Martinique,,462,223292,0,1047
10/23/2022,MQ,Martinique,,436,223728,0,1047
10/30/2022,MQ,Martinique,,0,223728,0,1047
11/6/2022,MQ,Martinique,,68,223796,7,1054
11/13/2022,MQ,Martinique,,81,223877,3,1057
11/20/2022,MQ,Martinique,,771,224648,0,1057
11/27/2022,MQ,Martinique,,0,224648,0,1057
12/4/2022,MQ,Martinique,,621,225269,3,1060
12/11/2022,MQ,Martinique,,634,225903,16,1076
12/18/2022,MQ,Martinique,,817,226720,3,1079
12/25/2022,MQ,Martinique,,670,227390,0,1079
1/1/2023,MQ,Martinique,,414,227804,5,1084
1/8/2023,MQ,Martinique,,367,228171,1,1085
1/15/2023,MQ,Martinique,,194,228365,1,1086
1/22/2023,MQ,Martinique,,147,228512,3,1089
1/29/2023,MQ,Martinique,,135,228647,0,1089
2/5/2023,MQ,Martinique,,109,228756,2,1091
2/12/2023,MQ,Martinique,,68,228824,1,1092
2/19/2023,MQ,Martinique,,51,228875,0,1092
2/26/2023,MQ,Martinique,,68,228943,0,1092
3/5/2023,MQ,Martinique,,77,229020,0,1092
3/12/2023,MQ,Martinique,,141,229161,0,1092
3/19/2023,MQ,Martinique,,204,229365,1,1093
3/26/2023,MQ,Martinique,,114,229479,2,1095
4/2/2023,MQ,Martinique,,0,229479,0,1095
4/9/2023,MQ,Martinique,,0,229479,0,1095
4/16/2023,MQ,Martinique,,195,229674,2,1097
4/23/2023,MQ,Martinique,,110,229784,0,1097
4/30/2023,MQ,Martinique,,116,229900,3,1100
5/7/2023,MQ,Martinique,,0,229900,0,1100
5/14/2023,MQ,Martinique,,0,229900,0,1100
5/21/2023,MQ,Martinique,,75,229975,2,1102
5/28/2023,MQ,Martinique,,0,229975,0,1102
6/4/2023,MQ,Martinique,,0,229975,0,1102
6/11/2023,MQ,Martinique,,0,229975,0,1102
6/18/2023,MQ,Martinique,,0,229975,0,1102
6/25/2023,MQ,Martinique,,379,230354,2,1104
7/2/2023,MQ,Martinique,,0,230354,0,1104
7/9/2023,MQ,Martinique,,0,230354,0,1104
7/16/2023,MQ,Martinique,,0,230354,0,1104
7/23/2023,MQ,Martinique,,0,230354,0,1104
7/30/2023,MQ,Martinique,,0,230354,0,1104
8/6/2023,MQ,Martinique,,0,230354,0,1104
8/13/2023,MQ,Martinique,,0,230354,0,1104
8/20/2023,MQ,Martinique,,0,230354,0,1104
8/27/2023,MQ,Martinique,,0,230354,0,1104
9/3/2023,MQ,Martinique,,0,230354,0,1104
9/10/2023,MQ,Martinique,,0,230354,0,1104
9/17/2023,MQ,Martinique,,0,230354,0,1104
9/24/2023,MQ,Martinique,,0,230354,0,1104
10/1/2023,MQ,Martinique,,0,230354,0,1104
10/8/2023,MQ,Martinique,,0,230354,0,1104
10/15/2023,MQ,Martinique,,0,230354,0,1104
10/22/2023,MQ,Martinique,,0,230354,0,1104
10/29/2023,MQ,Martinique,,0,230354,0,1104
11/5/2023,MQ,Martinique,,0,230354,0,1104
11/12/2023,MQ,Martinique,,0,230354,0,1104
11/19/2023,MQ,Martinique,,0,230354,0,1104
11/26/2023,MQ,Martinique,,0,230354,0,1104
12/3/2023,MQ,Martinique,,0,230354,0,1104
12/10/2023,MQ,Martinique,,0,230354,0,1104
12/17/2023,MQ,Martinique,,0,230354,0,1104
12/24/2023,MQ,Martinique,,0,230354,0,1104
1/5/2020,MR,Mauritania,AFRO,0,0,0,0
1/12/2020,MR,Mauritania,AFRO,0,0,0,0
1/19/2020,MR,Mauritania,AFRO,0,0,0,0
1/26/2020,MR,Mauritania,AFRO,0,0,0,0
2/2/2020,MR,Mauritania,AFRO,0,0,0,0
2/9/2020,MR,Mauritania,AFRO,0,0,0,0
2/16/2020,MR,Mauritania,AFRO,0,0,0,0
2/23/2020,MR,Mauritania,AFRO,0,0,0,0
3/1/2020,MR,Mauritania,AFRO,0,0,0,0
3/8/2020,MR,Mauritania,AFRO,0,0,0,0
3/15/2020,MR,Mauritania,AFRO,1,1,0,0
3/22/2020,MR,Mauritania,AFRO,1,2,0,0
3/29/2020,MR,Mauritania,AFRO,3,5,0,0
4/5/2020,MR,Mauritania,AFRO,1,6,149,149
4/12/2020,MR,Mauritania,AFRO,1,7,0,149
4/19/2020,MR,Mauritania,AFRO,0,7,0,149
4/26/2020,MR,Mauritania,AFRO,0,7,0,149
5/3/2020,MR,Mauritania,AFRO,1,8,0,149
5/10/2020,MR,Mauritania,AFRO,0,8,0,149
5/17/2020,MR,Mauritania,AFRO,32,40,0,149
5/24/2020,MR,Mauritania,AFRO,187,227,5,154
5/31/2020,MR,Mauritania,AFRO,256,483,17,171
6/7/2020,MR,Mauritania,AFRO,464,947,26,197
6/14/2020,MR,Mauritania,AFRO,735,1682,34,231
6/21/2020,MR,Mauritania,AFRO,1131,2813,25,256
6/28/2020,MR,Mauritania,AFRO,1212,4025,13,269
7/5/2020,MR,Mauritania,AFRO,802,4827,8,277
7/12/2020,MR,Mauritania,AFRO,448,5275,15,292
7/19/2020,MR,Mauritania,AFRO,538,5813,9,301
7/26/2020,MR,Mauritania,AFRO,338,6151,3,304
8/2/2020,MR,Mauritania,AFRO,168,6319,1,305
8/9/2020,MR,Mauritania,AFRO,191,6510,0,305
8/16/2020,MR,Mauritania,AFRO,183,6693,0,305
8/23/2020,MR,Mauritania,AFRO,201,6894,1,306
8/30/2020,MR,Mauritania,AFRO,124,7018,0,306
9/6/2020,MR,Mauritania,AFRO,116,7134,1,307
9/13/2020,MR,Mauritania,AFRO,140,7274,1,308
9/20/2020,MR,Mauritania,AFRO,91,7365,0,308
9/27/2020,MR,Mauritania,AFRO,97,7462,0,308
10/4/2020,MR,Mauritania,AFRO,55,7517,0,308
10/11/2020,MR,Mauritania,AFRO,33,7550,0,308
10/18/2020,MR,Mauritania,AFRO,57,7607,0,308
10/25/2020,MR,Mauritania,AFRO,56,7663,0,308
11/1/2020,MR,Mauritania,AFRO,54,7717,0,308
11/8/2020,MR,Mauritania,AFRO,97,7814,0,308
11/15/2020,MR,Mauritania,AFRO,134,7948,2,310
11/22/2020,MR,Mauritania,AFRO,340,8288,4,314
11/29/2020,MR,Mauritania,AFRO,259,8547,1,315
12/6/2020,MR,Mauritania,AFRO,812,9359,2,317
12/13/2020,MR,Mauritania,AFRO,1421,10780,17,334
12/20/2020,MR,Mauritania,AFRO,2736,13516,3,337
12/27/2020,MR,Mauritania,AFRO,0,13516,0,337
1/3/2021,MR,Mauritania,AFRO,1161,14677,17,354
1/10/2021,MR,Mauritania,AFRO,752,15429,30,384
1/17/2021,MR,Mauritania,AFRO,570,15999,18,402
1/24/2021,MR,Mauritania,AFRO,398,16397,15,417
1/31/2021,MR,Mauritania,AFRO,211,16608,3,420
2/7/2021,MR,Mauritania,AFRO,184,16792,5,425
2/14/2021,MR,Mauritania,AFRO,173,16965,3,428
2/21/2021,MR,Mauritania,AFRO,118,17083,6,434
2/28/2021,MR,Mauritania,AFRO,104,17187,6,440
3/7/2021,MR,Mauritania,AFRO,122,17309,2,442
3/14/2021,MR,Mauritania,AFRO,115,17424,1,443
3/21/2021,MR,Mauritania,AFRO,163,17587,3,446
3/28/2021,MR,Mauritania,AFRO,169,17756,2,448
4/4/2021,MR,Mauritania,AFRO,161,17917,1,449
4/11/2021,MR,Mauritania,AFRO,95,18012,1,450
4/18/2021,MR,Mauritania,AFRO,109,18121,2,452
4/25/2021,MR,Mauritania,AFRO,71,18192,2,454
5/2/2021,MR,Mauritania,AFRO,237,18429,1,455
5/9/2021,MR,Mauritania,AFRO,207,18636,1,456
5/16/2021,MR,Mauritania,AFRO,170,18806,1,457
5/23/2021,MR,Mauritania,AFRO,308,19114,1,458
5/30/2021,MR,Mauritania,AFRO,349,19463,5,463
6/6/2021,MR,Mauritania,AFRO,322,19785,3,466
6/13/2021,MR,Mauritania,AFRO,255,20040,9,475
6/20/2021,MR,Mauritania,AFRO,274,20314,5,480
6/27/2021,MR,Mauritania,AFRO,290,20604,6,486
7/4/2021,MR,Mauritania,AFRO,423,21027,3,489
7/11/2021,MR,Mauritania,AFRO,563,21590,5,494
7/18/2021,MR,Mauritania,AFRO,918,22508,14,508
7/25/2021,MR,Mauritania,AFRO,1047,23555,20,528
8/1/2021,MR,Mauritania,AFRO,2136,25691,34,562
8/8/2021,MR,Mauritania,AFRO,2266,27957,37,599
8/15/2021,MR,Mauritania,AFRO,1927,29884,37,636
8/22/2021,MR,Mauritania,AFRO,1758,31642,36,672
8/29/2021,MR,Mauritania,AFRO,1516,33158,30,702
9/5/2021,MR,Mauritania,AFRO,953,34111,31,733
9/12/2021,MR,Mauritania,AFRO,660,34771,16,749
9/19/2021,MR,Mauritania,AFRO,557,35328,14,763
9/26/2021,MR,Mauritania,AFRO,491,35819,5,768
10/3/2021,MR,Mauritania,AFRO,295,36114,9,777
10/10/2021,MR,Mauritania,AFRO,273,36387,7,784
10/17/2021,MR,Mauritania,AFRO,258,36645,4,788
10/24/2021,MR,Mauritania,AFRO,265,36910,4,792
10/31/2021,MR,Mauritania,AFRO,312,37222,2,794
11/7/2021,MR,Mauritania,AFRO,437,37659,7,801
11/14/2021,MR,Mauritania,AFRO,410,38069,6,807
11/21/2021,MR,Mauritania,AFRO,514,38583,9,816
11/28/2021,MR,Mauritania,AFRO,532,39115,15,831
12/5/2021,MR,Mauritania,AFRO,395,39510,7,838
12/12/2021,MR,Mauritania,AFRO,268,39778,11,849
12/19/2021,MR,Mauritania,AFRO,249,40027,3,852
12/26/2021,MR,Mauritania,AFRO,426,40453,10,862
1/2/2022,MR,Mauritania,AFRO,1414,41867,8,870
1/9/2022,MR,Mauritania,AFRO,6238,48105,15,885
1/16/2022,MR,Mauritania,AFRO,6288,54393,18,903
1/23/2022,MR,Mauritania,AFRO,2779,57172,21,924
1/30/2022,MR,Mauritania,AFRO,957,58129,25,949
2/6/2022,MR,Mauritania,AFRO,314,58443,15,964
2/13/2022,MR,Mauritania,AFRO,120,58563,8,972
2/20/2022,MR,Mauritania,AFRO,41,58604,4,976
2/27/2022,MR,Mauritania,AFRO,25,58629,3,979
3/6/2022,MR,Mauritania,AFRO,17,58646,1,980
3/13/2022,MR,Mauritania,AFRO,11,58657,1,981
3/20/2022,MR,Mauritania,AFRO,5,58662,0,981
3/27/2022,MR,Mauritania,AFRO,4,58666,1,982
4/3/2022,MR,Mauritania,AFRO,4,58670,0,982
4/10/2022,MR,Mauritania,AFRO,6,58676,0,982
4/17/2022,MR,Mauritania,AFRO,5,58681,0,982
4/24/2022,MR,Mauritania,AFRO,2,58683,0,982
5/1/2022,MR,Mauritania,AFRO,5,58688,0,982
5/8/2022,MR,Mauritania,AFRO,48,58736,0,982
5/15/2022,MR,Mauritania,AFRO,104,58840,0,982
5/22/2022,MR,Mauritania,AFRO,132,58972,0,982
5/29/2022,MR,Mauritania,AFRO,130,59102,0,982
6/5/2022,MR,Mauritania,AFRO,81,59183,0,982
6/12/2022,MR,Mauritania,AFRO,110,59293,0,982
6/19/2022,MR,Mauritania,AFRO,0,59293,0,982
6/26/2022,MR,Mauritania,AFRO,135,59428,0,982
7/3/2022,MR,Mauritania,AFRO,699,60127,2,984
7/10/2022,MR,Mauritania,AFRO,1056,61183,2,986
7/17/2022,MR,Mauritania,AFRO,682,61865,0,986
7/24/2022,MR,Mauritania,AFRO,415,62280,3,989
7/31/2022,MR,Mauritania,AFRO,260,62540,2,991
8/7/2022,MR,Mauritania,AFRO,112,62652,1,992
8/14/2022,MR,Mauritania,AFRO,53,62705,0,992
8/21/2022,MR,Mauritania,AFRO,24,62729,0,992
8/28/2022,MR,Mauritania,AFRO,30,62759,0,992
9/4/2022,MR,Mauritania,AFRO,11,62770,1,993
9/11/2022,MR,Mauritania,AFRO,6,62776,0,993
9/18/2022,MR,Mauritania,AFRO,6,62782,1,994
9/25/2022,MR,Mauritania,AFRO,9,62791,0,994
10/2/2022,MR,Mauritania,AFRO,32,62823,1,995
10/9/2022,MR,Mauritania,AFRO,85,62908,0,995
10/16/2022,MR,Mauritania,AFRO,137,63045,0,995
10/23/2022,MR,Mauritania,AFRO,219,63264,2,997
10/30/2022,MR,Mauritania,AFRO,85,63349,0,997
11/6/2022,MR,Mauritania,AFRO,43,63392,0,997
11/13/2022,MR,Mauritania,AFRO,20,63412,0,997
11/20/2022,MR,Mauritania,AFRO,4,63416,0,997
11/27/2022,MR,Mauritania,AFRO,3,63419,0,997
12/4/2022,MR,Mauritania,AFRO,0,63419,0,997
12/11/2022,MR,Mauritania,AFRO,2,63421,0,997
12/18/2022,MR,Mauritania,AFRO,2,63423,0,997
12/25/2022,MR,Mauritania,AFRO,5,63428,0,997
1/1/2023,MR,Mauritania,AFRO,1,63429,0,997
1/8/2023,MR,Mauritania,AFRO,3,63432,0,997
1/15/2023,MR,Mauritania,AFRO,3,63435,0,997
1/22/2023,MR,Mauritania,AFRO,1,63436,0,997
1/29/2023,MR,Mauritania,AFRO,0,63436,0,997
2/5/2023,MR,Mauritania,AFRO,126,63562,0,997
2/12/2023,MR,Mauritania,AFRO,-124,63438,0,997
2/19/2023,MR,Mauritania,AFRO,0,63438,0,997
2/26/2023,MR,Mauritania,AFRO,0,63438,0,997
3/5/2023,MR,Mauritania,AFRO,1,63439,0,997
3/12/2023,MR,Mauritania,AFRO,1,63440,0,997
3/19/2023,MR,Mauritania,AFRO,0,63440,0,997
3/26/2023,MR,Mauritania,AFRO,25,63465,0,997
4/2/2023,MR,Mauritania,AFRO,50,63515,0,997
4/9/2023,MR,Mauritania,AFRO,47,63562,0,997
4/16/2023,MR,Mauritania,AFRO,20,63582,0,997
4/23/2023,MR,Mauritania,AFRO,27,63609,0,997
4/30/2023,MR,Mauritania,AFRO,8,63617,0,997
5/7/2023,MR,Mauritania,AFRO,36,63653,0,997
5/14/2023,MR,Mauritania,AFRO,10,63663,0,997
5/21/2023,MR,Mauritania,AFRO,6,63669,0,997
5/28/2023,MR,Mauritania,AFRO,12,63681,0,997
6/4/2023,MR,Mauritania,AFRO,14,63695,0,997
6/11/2023,MR,Mauritania,AFRO,5,63700,0,997
6/18/2023,MR,Mauritania,AFRO,7,63707,0,997
6/25/2023,MR,Mauritania,AFRO,3,63710,0,997
7/2/2023,MR,Mauritania,AFRO,0,63710,0,997
7/9/2023,MR,Mauritania,AFRO,2,63712,0,997
7/16/2023,MR,Mauritania,AFRO,0,63712,0,997
7/23/2023,MR,Mauritania,AFRO,0,63712,0,997
7/30/2023,MR,Mauritania,AFRO,0,63712,0,997
8/6/2023,MR,Mauritania,AFRO,0,63712,0,997
8/13/2023,MR,Mauritania,AFRO,1,63713,0,997
8/20/2023,MR,Mauritania,AFRO,1,63714,0,997
8/27/2023,MR,Mauritania,AFRO,0,63714,0,997
9/3/2023,MR,Mauritania,AFRO,2,63716,0,997
9/10/2023,MR,Mauritania,AFRO,14,63730,0,997
9/17/2023,MR,Mauritania,AFRO,16,63746,0,997
9/24/2023,MR,Mauritania,AFRO,11,63757,0,997
10/1/2023,MR,Mauritania,AFRO,0,63757,0,997
10/8/2023,MR,Mauritania,AFRO,0,63757,0,997
10/15/2023,MR,Mauritania,AFRO,2,63759,0,997
10/22/2023,MR,Mauritania,AFRO,2,63761,0,997
10/29/2023,MR,Mauritania,AFRO,0,63761,0,997
11/5/2023,MR,Mauritania,AFRO,1,63762,0,997
11/12/2023,MR,Mauritania,AFRO,0,63762,0,997
11/19/2023,MR,Mauritania,AFRO,0,63762,0,997
11/26/2023,MR,Mauritania,AFRO,2,63764,0,997
12/3/2023,MR,Mauritania,AFRO,0,63764,0,997
12/10/2023,MR,Mauritania,AFRO,4,63768,0,997
12/17/2023,MR,Mauritania,AFRO,0,63768,0,997
12/24/2023,MR,Mauritania,AFRO,0,63768,0,997
1/5/2020,MU,Mauritius,AFRO,0,0,0,0
1/12/2020,MU,Mauritius,AFRO,0,0,0,0
1/19/2020,MU,Mauritius,AFRO,0,0,0,0
1/26/2020,MU,Mauritius,AFRO,0,0,0,0
2/2/2020,MU,Mauritius,AFRO,0,0,0,0
2/9/2020,MU,Mauritius,AFRO,0,0,0,0
2/16/2020,MU,Mauritius,AFRO,0,0,0,0
2/23/2020,MU,Mauritius,AFRO,0,0,0,0
3/1/2020,MU,Mauritius,AFRO,0,0,0,0
3/8/2020,MU,Mauritius,AFRO,0,0,0,0
3/15/2020,MU,Mauritius,AFRO,0,0,0,0
3/22/2020,MU,Mauritius,AFRO,14,14,1,1
3/29/2020,MU,Mauritius,AFRO,88,102,1,2
4/5/2020,MU,Mauritius,AFRO,94,196,5,7
4/12/2020,MU,Mauritius,AFRO,123,319,2,9
4/19/2020,MU,Mauritius,AFRO,6,325,0,9
4/26/2020,MU,Mauritius,AFRO,6,331,0,9
5/3/2020,MU,Mauritius,AFRO,1,332,1,10
5/10/2020,MU,Mauritius,AFRO,0,332,0,10
5/17/2020,MU,Mauritius,AFRO,0,332,0,10
5/24/2020,MU,Mauritius,AFRO,0,332,0,10
5/31/2020,MU,Mauritius,AFRO,3,335,0,10
6/7/2020,MU,Mauritius,AFRO,2,337,0,10
6/14/2020,MU,Mauritius,AFRO,0,337,0,10
6/21/2020,MU,Mauritius,AFRO,0,337,0,10
6/28/2020,MU,Mauritius,AFRO,4,341,0,10
7/5/2020,MU,Mauritius,AFRO,0,341,0,10
7/12/2020,MU,Mauritius,AFRO,1,342,0,10
7/19/2020,MU,Mauritius,AFRO,1,343,0,10
7/26/2020,MU,Mauritius,AFRO,1,344,0,10
8/2/2020,MU,Mauritius,AFRO,0,344,0,10
8/9/2020,MU,Mauritius,AFRO,0,344,0,10
8/16/2020,MU,Mauritius,AFRO,2,346,0,10
8/23/2020,MU,Mauritius,AFRO,0,346,0,10
8/30/2020,MU,Mauritius,AFRO,0,346,0,10
9/6/2020,MU,Mauritius,AFRO,10,356,0,10
9/13/2020,MU,Mauritius,AFRO,5,361,0,10
9/20/2020,MU,Mauritius,AFRO,6,367,0,10
9/27/2020,MU,Mauritius,AFRO,0,367,0,10
10/4/2020,MU,Mauritius,AFRO,18,385,0,10
10/11/2020,MU,Mauritius,AFRO,10,395,0,10
10/18/2020,MU,Mauritius,AFRO,12,407,0,10
10/25/2020,MU,Mauritius,AFRO,28,435,0,10
11/1/2020,MU,Mauritius,AFRO,6,441,0,10
11/8/2020,MU,Mauritius,AFRO,14,455,0,10
11/15/2020,MU,Mauritius,AFRO,15,470,0,10
11/22/2020,MU,Mauritius,AFRO,25,495,0,10
11/29/2020,MU,Mauritius,AFRO,8,503,0,10
12/6/2020,MU,Mauritius,AFRO,2,505,0,10
12/13/2020,MU,Mauritius,AFRO,18,523,0,10
12/20/2020,MU,Mauritius,AFRO,1,524,0,10
12/27/2020,MU,Mauritius,AFRO,3,527,0,10
1/3/2021,MU,Mauritius,AFRO,0,527,0,10
1/10/2021,MU,Mauritius,AFRO,12,539,0,10
1/17/2021,MU,Mauritius,AFRO,8,547,0,10
1/24/2021,MU,Mauritius,AFRO,9,556,0,10
1/31/2021,MU,Mauritius,AFRO,12,568,0,10
2/7/2021,MU,Mauritius,AFRO,16,584,0,10
2/14/2021,MU,Mauritius,AFRO,11,595,0,10
2/21/2021,MU,Mauritius,AFRO,8,603,0,10
2/28/2021,MU,Mauritius,AFRO,7,610,0,10
3/7/2021,MU,Mauritius,AFRO,29,639,0,10
3/14/2021,MU,Mauritius,AFRO,52,691,0,10
3/21/2021,MU,Mauritius,AFRO,121,812,0,10
3/28/2021,MU,Mauritius,AFRO,58,870,0,10
4/4/2021,MU,Mauritius,AFRO,242,1112,2,12
4/11/2021,MU,Mauritius,AFRO,64,1176,0,12
4/18/2021,MU,Mauritius,AFRO,27,1203,3,15
4/25/2021,MU,Mauritius,AFRO,3,1206,1,16
5/2/2021,MU,Mauritius,AFRO,35,1241,1,17
5/9/2021,MU,Mauritius,AFRO,5,1246,0,17
5/16/2021,MU,Mauritius,AFRO,42,1288,0,17
5/23/2021,MU,Mauritius,AFRO,34,1322,0,17
5/30/2021,MU,Mauritius,AFRO,71,1393,0,17
6/6/2021,MU,Mauritius,AFRO,65,1458,1,18
6/13/2021,MU,Mauritius,AFRO,251,1709,0,18
6/20/2021,MU,Mauritius,AFRO,64,1773,0,18
6/27/2021,MU,Mauritius,AFRO,107,1880,0,18
7/4/2021,MU,Mauritius,AFRO,104,1984,0,18
7/11/2021,MU,Mauritius,AFRO,147,2131,0,18
7/18/2021,MU,Mauritius,AFRO,404,2535,1,19
7/25/2021,MU,Mauritius,AFRO,1194,3729,0,19
8/1/2021,MU,Mauritius,AFRO,485,4214,1,20
8/8/2021,MU,Mauritius,AFRO,796,5010,0,20
8/15/2021,MU,Mauritius,AFRO,955,5965,1,21
8/22/2021,MU,Mauritius,AFRO,1849,7814,2,23
8/29/2021,MU,Mauritius,AFRO,2382,10196,6,29
9/5/2021,MU,Mauritius,AFRO,1840,12036,5,34
9/12/2021,MU,Mauritius,AFRO,1253,13289,9,43
9/19/2021,MU,Mauritius,AFRO,4012,17301,11,54
9/26/2021,MU,Mauritius,AFRO,4422,21723,25,79
10/3/2021,MU,Mauritius,AFRO,4076,25799,11,90
10/10/2021,MU,Mauritius,AFRO,3364,29163,20,110
10/17/2021,MU,Mauritius,AFRO,3859,33022,24,134
10/24/2021,MU,Mauritius,AFRO,4618,37640,19,153
10/31/2021,MU,Mauritius,AFRO,6128,43768,23,176
11/7/2021,MU,Mauritius,AFRO,7193,50961,37,213
11/14/2021,MU,Mauritius,AFRO,11906,62867,54,267
11/21/2021,MU,Mauritius,AFRO,9474,72341,105,372
11/28/2021,MU,Mauritius,AFRO,7272,79613,96,468
12/5/2021,MU,Mauritius,AFRO,4470,84083,126,594
12/12/2021,MU,Mauritius,AFRO,2950,87033,72,666
12/19/2021,MU,Mauritius,AFRO,1841,88874,80,746
12/26/2021,MU,Mauritius,AFRO,1216,90090,16,762
1/2/2022,MU,Mauritius,AFRO,1387,91477,24,786
1/9/2022,MU,Mauritius,AFRO,1895,93372,12,798
1/16/2022,MU,Mauritius,AFRO,2438,95810,15,813
1/23/2022,MU,Mauritius,AFRO,3165,98975,9,822
1/30/2022,MU,Mauritius,AFRO,5827,104802,0,822
2/6/2022,MU,Mauritius,AFRO,9768,114570,0,822
2/13/2022,MU,Mauritius,AFRO,14875,129445,19,841
2/20/2022,MU,Mauritius,AFRO,19687,149132,37,878
2/27/2022,MU,Mauritius,AFRO,16531,165663,17,895
3/6/2022,MU,Mauritius,AFRO,13983,179646,9,904
3/13/2022,MU,Mauritius,AFRO,11458,191104,30,934
3/20/2022,MU,Mauritius,AFRO,10686,201790,0,934
3/27/2022,MU,Mauritius,AFRO,7759,209549,34,968
4/3/2022,MU,Mauritius,AFRO,4876,214425,0,968
4/10/2022,MU,Mauritius,AFRO,3450,217875,17,985
4/17/2022,MU,Mauritius,AFRO,2239,220114,5,990
4/24/2022,MU,Mauritius,AFRO,1502,221616,0,990
5/1/2022,MU,Mauritius,AFRO,1107,222723,6,996
5/8/2022,MU,Mauritius,AFRO,965,223688,0,996
5/15/2022,MU,Mauritius,AFRO,901,224589,0,996
5/22/2022,MU,Mauritius,AFRO,1133,225722,0,996
5/29/2022,MU,Mauritius,AFRO,1039,226761,0,996
6/5/2022,MU,Mauritius,AFRO,739,227500,2,998
6/12/2022,MU,Mauritius,AFRO,743,228243,2,1000
6/19/2022,MU,Mauritius,AFRO,1066,229309,1,1001
6/26/2022,MU,Mauritius,AFRO,1416,230725,1,1002
7/3/2022,MU,Mauritius,AFRO,2080,232805,4,1006
7/10/2022,MU,Mauritius,AFRO,2745,235550,1,1007
7/17/2022,MU,Mauritius,AFRO,4294,239844,1,1008
7/24/2022,MU,Mauritius,AFRO,4551,244395,0,1008
7/31/2022,MU,Mauritius,AFRO,3932,248327,6,1014
8/7/2022,MU,Mauritius,AFRO,3080,251407,2,1016
8/14/2022,MU,Mauritius,AFRO,2464,253871,4,1020
8/21/2022,MU,Mauritius,AFRO,2314,256185,0,1020
8/28/2022,MU,Mauritius,AFRO,1937,258122,3,1023
9/4/2022,MU,Mauritius,AFRO,1470,259592,0,1023
9/11/2022,MU,Mauritius,AFRO,1234,260826,1,1024
9/18/2022,MU,Mauritius,AFRO,1077,261903,1,1025
9/25/2022,MU,Mauritius,AFRO,680,262583,1,1026
10/2/2022,MU,Mauritius,AFRO,534,263117,1,1027
10/9/2022,MU,Mauritius,AFRO,587,263704,4,1031
10/16/2022,MU,Mauritius,AFRO,680,264384,1,1032
10/23/2022,MU,Mauritius,AFRO,831,265215,0,1032
10/30/2022,MU,Mauritius,AFRO,1120,266335,0,1032
11/6/2022,MU,Mauritius,AFRO,1787,268122,1,1033
11/13/2022,MU,Mauritius,AFRO,3282,271404,0,1033
11/20/2022,MU,Mauritius,AFRO,4504,275908,1,1034
11/27/2022,MU,Mauritius,AFRO,4740,280648,1,1035
12/4/2022,MU,Mauritius,AFRO,3899,284547,2,1037
12/11/2022,MU,Mauritius,AFRO,3183,287730,1,1038
12/18/2022,MU,Mauritius,AFRO,2098,289828,0,1038
12/25/2022,MU,Mauritius,AFRO,1378,291206,1,1039
1/1/2023,MU,Mauritius,AFRO,1090,292296,2,1041
1/8/2023,MU,Mauritius,AFRO,985,293281,1,1042
1/15/2023,MU,Mauritius,AFRO,734,294015,1,1043
1/22/2023,MU,Mauritius,AFRO,539,294554,0,1043
1/29/2023,MU,Mauritius,AFRO,320,294874,0,1043
2/5/2023,MU,Mauritius,AFRO,258,295132,1,1044
2/12/2023,MU,Mauritius,AFRO,271,295403,0,1044
2/19/2023,MU,Mauritius,AFRO,316,295719,0,1044
2/26/2023,MU,Mauritius,AFRO,34,295753,0,1044
3/5/2023,MU,Mauritius,AFRO,575,296328,0,1044
3/12/2023,MU,Mauritius,AFRO,399,296727,0,1044
3/19/2023,MU,Mauritius,AFRO,143,296870,0,1044
3/26/2023,MU,Mauritius,AFRO,392,297262,0,1044
4/2/2023,MU,Mauritius,AFRO,498,297760,0,1044
4/9/2023,MU,Mauritius,AFRO,339,298099,0,1044
4/16/2023,MU,Mauritius,AFRO,715,298814,0,1044
4/23/2023,MU,Mauritius,AFRO,962,299776,0,1044
4/30/2023,MU,Mauritius,AFRO,1320,301096,2,1046
5/7/2023,MU,Mauritius,AFRO,1599,302695,2,1048
5/14/2023,MU,Mauritius,AFRO,1538,304233,2,1050
5/21/2023,MU,Mauritius,AFRO,1230,305463,0,1050
5/28/2023,MU,Mauritius,AFRO,860,306323,0,1050
6/4/2023,MU,Mauritius,AFRO,646,306969,1,1051
6/11/2023,MU,Mauritius,AFRO,516,307485,1,1052
6/18/2023,MU,Mauritius,AFRO,333,307818,0,1052
6/25/2023,MU,Mauritius,AFRO,226,308044,0,1052
7/2/2023,MU,Mauritius,AFRO,165,308209,1,1053
7/9/2023,MU,Mauritius,AFRO,136,308345,0,1053
7/16/2023,MU,Mauritius,AFRO,138,308483,0,1053
7/23/2023,MU,Mauritius,AFRO,146,308629,0,1053
7/30/2023,MU,Mauritius,AFRO,110,308739,0,1053
8/6/2023,MU,Mauritius,AFRO,85,308824,0,1053
8/13/2023,MU,Mauritius,AFRO,644,309468,1,1054
8/20/2023,MU,Mauritius,AFRO,67,309535,0,1054
8/27/2023,MU,Mauritius,AFRO,79,309614,0,1054
9/3/2023,MU,Mauritius,AFRO,63,309677,0,1054
9/10/2023,MU,Mauritius,AFRO,64,309741,0,1054
9/17/2023,MU,Mauritius,AFRO,45,309786,0,1054
9/24/2023,MU,Mauritius,AFRO,44,309830,0,1054
10/1/2023,MU,Mauritius,AFRO,39,309869,0,1054
10/8/2023,MU,Mauritius,AFRO,48,309917,0,1054
10/15/2023,MU,Mauritius,AFRO,66,309983,0,1054
10/22/2023,MU,Mauritius,AFRO,72,310055,0,1054
10/29/2023,MU,Mauritius,AFRO,127,310182,0,1054
11/5/2023,MU,Mauritius,AFRO,158,310340,0,1054
11/12/2023,MU,Mauritius,AFRO,317,310657,1,1055
11/19/2023,MU,Mauritius,AFRO,808,311465,0,1055
11/26/2023,MU,Mauritius,AFRO,1507,312972,1,1056
12/3/2023,MU,Mauritius,AFRO,2128,315100,0,1056
12/10/2023,MU,Mauritius,AFRO,3091,318191,1,1057
12/17/2023,MU,Mauritius,AFRO,0,318191,0,1057
12/24/2023,MU,Mauritius,AFRO,0,318191,0,1057
1/5/2020,YT,Mayotte,,0,0,0,0
1/12/2020,YT,Mayotte,,0,0,0,0
1/19/2020,YT,Mayotte,,0,0,0,0
1/26/2020,YT,Mayotte,,0,0,0,0
2/2/2020,YT,Mayotte,,0,0,0,0
2/9/2020,YT,Mayotte,,0,0,0,0
2/16/2020,YT,Mayotte,,0,0,0,0
2/23/2020,YT,Mayotte,,0,0,0,0
3/1/2020,YT,Mayotte,,0,0,0,0
3/8/2020,YT,Mayotte,,0,0,0,0
3/15/2020,YT,Mayotte,,5,5,0,0
3/22/2020,YT,Mayotte,,6,11,0,0
3/29/2020,YT,Mayotte,,39,50,0,0
4/5/2020,YT,Mayotte,,97,147,2,2
4/12/2020,YT,Mayotte,,44,191,0,2
4/19/2020,YT,Mayotte,,54,245,2,4
4/26/2020,YT,Mayotte,,109,354,0,4
5/3/2020,YT,Mayotte,,242,596,2,6
5/10/2020,YT,Mayotte,,294,890,5,11
5/17/2020,YT,Mayotte,,368,1258,5,16
5/24/2020,YT,Mayotte,,263,1521,3,19
5/31/2020,YT,Mayotte,,222,1743,2,21
6/7/2020,YT,Mayotte,,336,2079,4,25
6/14/2020,YT,Mayotte,,203,2282,4,29
6/21/2020,YT,Mayotte,,122,2404,2,31
6/28/2020,YT,Mayotte,,136,2540,4,35
7/5/2020,YT,Mayotte,,128,2668,1,36
7/12/2020,YT,Mayotte,,43,2711,1,37
7/19/2020,YT,Mayotte,,71,2782,0,37
7/26/2020,YT,Mayotte,,91,2873,1,38
8/2/2020,YT,Mayotte,,89,2962,1,39
8/9/2020,YT,Mayotte,,106,3068,0,39
8/16/2020,YT,Mayotte,,51,3119,0,39
8/23/2020,YT,Mayotte,,118,3237,0,39
8/30/2020,YT,Mayotte,,64,3301,1,40
9/6/2020,YT,Mayotte,,73,3374,0,40
9/13/2020,YT,Mayotte,,0,3374,0,40
9/20/2020,YT,Mayotte,,167,3541,0,40
9/27/2020,YT,Mayotte,,0,3541,0,40
10/4/2020,YT,Mayotte,,238,3779,2,42
10/11/2020,YT,Mayotte,,210,3989,1,43
10/18/2020,YT,Mayotte,,41,4030,0,43
10/25/2020,YT,Mayotte,,246,4276,1,44
11/1/2020,YT,Mayotte,,90,4366,0,44
11/8/2020,YT,Mayotte,,184,4550,1,45
11/15/2020,YT,Mayotte,,371,4921,1,46
11/22/2020,YT,Mayotte,,115,5036,2,48
11/29/2020,YT,Mayotte,,145,5181,1,49
12/6/2020,YT,Mayotte,,0,5181,0,49
12/13/2020,YT,Mayotte,,370,5551,3,52
12/20/2020,YT,Mayotte,,157,5708,1,53
12/27/2020,YT,Mayotte,,59,5767,1,54
1/3/2021,YT,Mayotte,,123,5890,1,55
1/10/2021,YT,Mayotte,,342,6232,1,56
1/17/2021,YT,Mayotte,,379,6611,2,58
1/24/2021,YT,Mayotte,,933,7544,1,59
1/31/2021,YT,Mayotte,,687,8231,2,61
2/7/2021,YT,Mayotte,,2524,10755,3,64
2/14/2021,YT,Mayotte,,2780,13535,14,78
2/21/2021,YT,Mayotte,,2257,15792,14,92
2/28/2021,YT,Mayotte,,1069,16861,10,102
3/7/2021,YT,Mayotte,,1279,18140,23,125
3/14/2021,YT,Mayotte,,502,18642,4,129
3/21/2021,YT,Mayotte,,364,19006,22,151
3/28/2021,YT,Mayotte,,300,19306,3,154
4/4/2021,YT,Mayotte,,184,19490,8,162
4/11/2021,YT,Mayotte,,153,19643,5,167
4/18/2021,YT,Mayotte,,146,19789,1,168
4/25/2021,YT,Mayotte,,107,19896,1,169
5/2/2021,YT,Mayotte,,198,20094,1,170
5/9/2021,YT,Mayotte,,40,20134,0,170
5/16/2021,YT,Mayotte,,42,20176,1,171
5/23/2021,YT,Mayotte,,-875,19301,0,171
5/30/2021,YT,Mayotte,,24,19325,2,173
6/6/2021,YT,Mayotte,,22,19347,0,173
6/13/2021,YT,Mayotte,,26,19373,0,173
6/20/2021,YT,Mayotte,,16,19389,1,174
6/27/2021,YT,Mayotte,,16,19405,0,174
7/4/2021,YT,Mayotte,,7,19412,0,174
7/11/2021,YT,Mayotte,,13,19425,0,174
7/18/2021,YT,Mayotte,,26,19451,0,174
7/25/2021,YT,Mayotte,,14,19465,0,174
8/1/2021,YT,Mayotte,,29,19494,0,174
8/8/2021,YT,Mayotte,,24,19518,0,174
8/15/2021,YT,Mayotte,,49,19567,1,175
8/22/2021,YT,Mayotte,,97,19664,0,175
8/29/2021,YT,Mayotte,,75,19739,0,175
9/5/2021,YT,Mayotte,,136,19875,0,175
9/12/2021,YT,Mayotte,,140,20015,0,175
9/19/2021,YT,Mayotte,,92,20107,1,176
9/26/2021,YT,Mayotte,,112,20219,2,178
10/3/2021,YT,Mayotte,,104,20323,2,180
10/10/2021,YT,Mayotte,,62,20385,0,180
10/17/2021,YT,Mayotte,,54,20439,1,181
10/24/2021,YT,Mayotte,,46,20485,1,182
10/31/2021,YT,Mayotte,,70,20555,3,185
11/7/2021,YT,Mayotte,,96,20651,0,185
11/14/2021,YT,Mayotte,,118,20769,0,185
11/21/2021,YT,Mayotte,,91,20860,0,185
11/28/2021,YT,Mayotte,,78,20938,0,185
12/5/2021,YT,Mayotte,,35,20973,0,185
12/12/2021,YT,Mayotte,,115,21088,0,185
12/19/2021,YT,Mayotte,,92,21180,0,185
12/26/2021,YT,Mayotte,,108,21288,0,185
1/2/2022,YT,Mayotte,,623,21911,0,185
1/9/2022,YT,Mayotte,,2760,24671,1,186
1/16/2022,YT,Mayotte,,9086,33757,0,186
1/23/2022,YT,Mayotte,,1934,35691,1,187
1/30/2022,YT,Mayotte,,591,36282,0,187
2/6/2022,YT,Mayotte,,192,36474,0,187
2/13/2022,YT,Mayotte,,98,36572,0,187
2/20/2022,YT,Mayotte,,0,36572,0,187
2/27/2022,YT,Mayotte,,59,36631,0,187
3/6/2022,YT,Mayotte,,72,36703,0,187
3/13/2022,YT,Mayotte,,42,36745,0,187
3/20/2022,YT,Mayotte,,0,36745,0,187
3/27/2022,YT,Mayotte,,94,36839,0,187
4/3/2022,YT,Mayotte,,0,36839,0,187
4/10/2022,YT,Mayotte,,119,36958,0,187
4/17/2022,YT,Mayotte,,80,37038,0,187
4/24/2022,YT,Mayotte,,0,37038,0,187
5/1/2022,YT,Mayotte,,325,37363,0,187
5/8/2022,YT,Mayotte,,0,37363,0,187
5/15/2022,YT,Mayotte,,0,37363,0,187
5/22/2022,YT,Mayotte,,160,37523,0,187
5/29/2022,YT,Mayotte,,0,37523,0,187
6/5/2022,YT,Mayotte,,134,37657,0,187
6/12/2022,YT,Mayotte,,94,37751,0,187
6/19/2022,YT,Mayotte,,69,37820,0,187
6/26/2022,YT,Mayotte,,57,37877,0,187
7/3/2022,YT,Mayotte,,81,37958,0,187
7/10/2022,YT,Mayotte,,181,38139,0,187
7/17/2022,YT,Mayotte,,262,38401,0,187
7/24/2022,YT,Mayotte,,245,38646,0,187
7/31/2022,YT,Mayotte,,313,38959,0,187
8/7/2022,YT,Mayotte,,433,39392,0,187
8/14/2022,YT,Mayotte,,312,39704,0,187
8/21/2022,YT,Mayotte,,191,39895,0,187
8/28/2022,YT,Mayotte,,109,40004,0,187
9/4/2022,YT,Mayotte,,91,40095,0,187
9/11/2022,YT,Mayotte,,66,40161,0,187
9/18/2022,YT,Mayotte,,43,40204,0,187
9/25/2022,YT,Mayotte,,39,40243,0,187
10/2/2022,YT,Mayotte,,18,40261,0,187
10/9/2022,YT,Mayotte,,16,40277,0,187
10/16/2022,YT,Mayotte,,20,40297,0,187
10/23/2022,YT,Mayotte,,23,40320,0,187
10/30/2022,YT,Mayotte,,0,40320,0,187
11/6/2022,YT,Mayotte,,19,40339,0,187
11/13/2022,YT,Mayotte,,76,40415,0,187
11/20/2022,YT,Mayotte,,197,40612,0,187
11/27/2022,YT,Mayotte,,594,41206,0,187
12/4/2022,YT,Mayotte,,473,41679,0,187
12/11/2022,YT,Mayotte,,174,41853,0,187
12/18/2022,YT,Mayotte,,68,41921,0,187
12/25/2022,YT,Mayotte,,48,41969,0,187
1/1/2023,YT,Mayotte,,24,41993,0,187
1/8/2023,YT,Mayotte,,9,42002,0,187
1/15/2023,YT,Mayotte,,0,42002,0,187
1/22/2023,YT,Mayotte,,0,42002,0,187
1/29/2023,YT,Mayotte,,0,42002,0,187
2/5/2023,YT,Mayotte,,0,42002,0,187
2/12/2023,YT,Mayotte,,2,42004,0,187
2/19/2023,YT,Mayotte,,0,42004,0,187
2/26/2023,YT,Mayotte,,0,42004,0,187
3/5/2023,YT,Mayotte,,0,42004,0,187
3/12/2023,YT,Mayotte,,0,42004,0,187
3/19/2023,YT,Mayotte,,0,42004,0,187
3/26/2023,YT,Mayotte,,3,42007,0,187
4/2/2023,YT,Mayotte,,1,42008,0,187
4/9/2023,YT,Mayotte,,0,42008,0,187
4/16/2023,YT,Mayotte,,19,42027,0,187
4/23/2023,YT,Mayotte,,0,42027,0,187
4/30/2023,YT,Mayotte,,0,42027,0,187
5/7/2023,YT,Mayotte,,0,42027,0,187
5/14/2023,YT,Mayotte,,0,42027,0,187
5/21/2023,YT,Mayotte,,0,42027,0,187
5/28/2023,YT,Mayotte,,0,42027,0,187
6/4/2023,YT,Mayotte,,0,42027,0,187
6/11/2023,YT,Mayotte,,0,42027,0,187
6/18/2023,YT,Mayotte,,0,42027,0,187
6/25/2023,YT,Mayotte,,0,42027,0,187
7/2/2023,YT,Mayotte,,0,42027,0,187
7/9/2023,YT,Mayotte,,0,42027,0,187
7/16/2023,YT,Mayotte,,0,42027,0,187
7/23/2023,YT,Mayotte,,0,42027,0,187
7/30/2023,YT,Mayotte,,0,42027,0,187
8/6/2023,YT,Mayotte,,0,42027,0,187
8/13/2023,YT,Mayotte,,0,42027,0,187
8/20/2023,YT,Mayotte,,0,42027,0,187
8/27/2023,YT,Mayotte,,0,42027,0,187
9/3/2023,YT,Mayotte,,0,42027,0,187
9/10/2023,YT,Mayotte,,0,42027,0,187
9/17/2023,YT,Mayotte,,0,42027,0,187
9/24/2023,YT,Mayotte,,0,42027,0,187
10/1/2023,YT,Mayotte,,0,42027,0,187
10/8/2023,YT,Mayotte,,0,42027,0,187
10/15/2023,YT,Mayotte,,0,42027,0,187
10/22/2023,YT,Mayotte,,0,42027,0,187
10/29/2023,YT,Mayotte,,0,42027,0,187
11/5/2023,YT,Mayotte,,0,42027,0,187
11/12/2023,YT,Mayotte,,0,42027,0,187
11/19/2023,YT,Mayotte,,0,42027,0,187
11/26/2023,YT,Mayotte,,0,42027,0,187
12/3/2023,YT,Mayotte,,0,42027,0,187
12/10/2023,YT,Mayotte,,0,42027,0,187
12/17/2023,YT,Mayotte,,0,42027,0,187
12/24/2023,YT,Mayotte,,0,42027,0,187
1/5/2020,MX,Mexico,AMRO,0,0,0,0
1/12/2020,MX,Mexico,AMRO,0,0,0,0
1/19/2020,MX,Mexico,AMRO,0,0,0,0
1/26/2020,MX,Mexico,AMRO,0,0,0,0
2/2/2020,MX,Mexico,AMRO,0,0,0,0
2/9/2020,MX,Mexico,AMRO,0,0,0,0
2/16/2020,MX,Mexico,AMRO,0,0,0,0
2/23/2020,MX,Mexico,AMRO,1,1,0,0
3/1/2020,MX,Mexico,AMRO,5,6,0,0
3/8/2020,MX,Mexico,AMRO,45,51,0,0
3/15/2020,MX,Mexico,AMRO,183,234,0,0
3/22/2020,MX,Mexico,AMRO,669,903,4,4
3/29/2020,MX,Mexico,AMRO,1214,2117,24,28
4/5/2020,MX,Mexico,AMRO,2134,4251,146,174
4/12/2020,MX,Mexico,AMRO,3291,7542,382,556
4/19/2020,MX,Mexico,AMRO,5958,13500,749,1305
4/26/2020,MX,Mexico,AMRO,9264,22764,1453,2758
5/3/2020,MX,Mexico,AMRO,11571,34335,2361,5119
5/10/2020,MX,Mexico,AMRO,15196,49531,2893,8012
5/17/2020,MX,Mexico,AMRO,19538,69069,3414,11426
5/24/2020,MX,Mexico,AMRO,24187,93256,3994,15420
5/31/2020,MX,Mexico,AMRO,26973,120229,4178,19598
6/7/2020,MX,Mexico,AMRO,30556,150785,4512,24110
6/14/2020,MX,Mexico,AMRO,34822,185607,4891,29001
6/21/2020,MX,Mexico,AMRO,37587,223194,4986,33987
6/28/2020,MX,Mexico,AMRO,39306,262500,4569,38556
7/5/2020,MX,Mexico,AMRO,43553,306053,4971,43527
7/12/2020,MX,Mexico,AMRO,44406,350459,5374,48901
7/19/2020,MX,Mexico,AMRO,49775,400234,5534,54435
7/26/2020,MX,Mexico,AMRO,50177,450411,5464,59899
8/2/2020,MX,Mexico,AMRO,45999,496410,5258,65157
8/9/2020,MX,Mexico,AMRO,41814,538224,5027,70184
8/16/2020,MX,Mexico,AMRO,39452,577676,4522,74706
8/23/2020,MX,Mexico,AMRO,37867,615543,4065,78771
8/30/2020,MX,Mexico,AMRO,39230,654773,3731,82502
9/6/2020,MX,Mexico,AMRO,38873,693646,3556,86058
9/13/2020,MX,Mexico,AMRO,35339,728985,3208,89266
9/20/2020,MX,Mexico,AMRO,29659,758644,2955,92221
9/27/2020,MX,Mexico,AMRO,33716,792360,2840,95061
10/4/2020,MX,Mexico,AMRO,32636,824996,2586,97647
10/11/2020,MX,Mexico,AMRO,33071,858067,2488,100135
10/18/2020,MX,Mexico,AMRO,38778,896845,2689,102824
10/25/2020,MX,Mexico,AMRO,44301,941146,3107,105931
11/1/2020,MX,Mexico,AMRO,42679,983825,3336,109267
11/8/2020,MX,Mexico,AMRO,40741,1024566,3482,112749
11/15/2020,MX,Mexico,AMRO,48200,1072766,3561,116310
11/22/2020,MX,Mexico,AMRO,44816,1117582,3709,120019
11/29/2020,MX,Mexico,AMRO,56457,1174039,4060,124079
12/6/2020,MX,Mexico,AMRO,64076,1238115,4235,128314
12/13/2020,MX,Mexico,AMRO,73050,1311165,4644,132958
12/20/2020,MX,Mexico,AMRO,77433,1388598,5157,138115
12/27/2020,MX,Mexico,AMRO,64816,1453414,5775,143890
1/3/2021,MX,Mexico,AMRO,72877,1526291,6552,150442
1/10/2021,MX,Mexico,AMRO,105375,1631666,7632,158074
1/17/2021,MX,Mexico,AMRO,110588,1742254,8745,166819
1/24/2021,MX,Mexico,AMRO,104374,1846628,9877,176696
1/31/2021,MX,Mexico,AMRO,90123,1936751,9495,186191
2/7/2021,MX,Mexico,AMRO,61598,1998349,8292,194483
2/14/2021,MX,Mexico,AMRO,53192,2051541,6731,201214
2/21/2021,MX,Mexico,AMRO,43136,2094677,5321,206535
2/28/2021,MX,Mexico,AMRO,42204,2136881,4449,210984
3/7/2021,MX,Mexico,AMRO,40192,2177073,3889,214873
3/14/2021,MX,Mexico,AMRO,34305,2211378,3411,218284
3/21/2021,MX,Mexico,AMRO,28302,2239680,2881,221165
3/28/2021,MX,Mexico,AMRO,28664,2268344,2442,223607
4/4/2021,MX,Mexico,AMRO,21218,2289562,2273,225880
4/11/2021,MX,Mexico,AMRO,26011,2315573,2060,227940
4/18/2021,MX,Mexico,AMRO,23767,2339340,1923,229863
4/25/2021,MX,Mexico,AMRO,20925,2360265,1611,231474
5/2/2021,MX,Mexico,AMRO,19142,2379407,1400,232874
5/9/2021,MX,Mexico,AMRO,16175,2395582,1164,234038
5/16/2021,MX,Mexico,AMRO,14482,2410064,963,235001
5/23/2021,MX,Mexico,AMRO,14750,2424814,827,235828
5/30/2021,MX,Mexico,AMRO,15313,2440127,746,236574
6/6/2021,MX,Mexico,AMRO,16193,2456320,654,237228
6/13/2021,MX,Mexico,AMRO,19451,2475771,708,237936
6/20/2021,MX,Mexico,AMRO,22779,2498550,686,238622
6/27/2021,MX,Mexico,AMRO,29738,2528288,769,239391
7/4/2021,MX,Mexico,AMRO,37423,2565711,931,240322
7/11/2021,MX,Mexico,AMRO,55106,2620817,1114,241436
7/18/2021,MX,Mexico,AMRO,78515,2699332,1460,242896
7/25/2021,MX,Mexico,AMRO,102995,2802327,2197,245093
8/1/2021,MX,Mexico,AMRO,122311,2924638,3135,248228
8/8/2021,MX,Mexico,AMRO,128282,3052920,4191,252419
8/15/2021,MX,Mexico,AMRO,135141,3188061,4909,257328
8/22/2021,MX,Mexico,AMRO,120883,3308944,5528,262856
8/29/2021,MX,Mexico,AMRO,103015,3411959,5539,268395
9/5/2021,MX,Mexico,AMRO,87342,3499301,5103,273498
9/12/2021,MX,Mexico,AMRO,76284,3575585,4561,278059
9/19/2021,MX,Mexico,AMRO,57961,3633546,3950,282009
9/26/2021,MX,Mexico,AMRO,58868,3692414,3416,285425
10/3/2021,MX,Mexico,AMRO,44758,3737172,2863,288288
10/10/2021,MX,Mexico,AMRO,36194,3773366,2389,290677
10/17/2021,MX,Mexico,AMRO,31059,3804425,2006,292683
10/24/2021,MX,Mexico,AMRO,25762,3830187,1633,294316
10/31/2021,MX,Mexico,AMRO,23445,3853632,1375,295691
11/7/2021,MX,Mexico,AMRO,18907,3872539,1159,296850
11/14/2021,MX,Mexico,AMRO,20001,3892540,1012,297862
11/21/2021,MX,Mexico,AMRO,17228,3909768,965,298827
11/28/2021,MX,Mexico,AMRO,19349,3929117,927,299754
12/5/2021,MX,Mexico,AMRO,18247,3947364,940,300694
12/12/2021,MX,Mexico,AMRO,17484,3964848,903,301597
12/19/2021,MX,Mexico,AMRO,16128,3980976,848,302445
12/26/2021,MX,Mexico,AMRO,21003,4001979,810,303255
1/2/2022,MX,Mexico,AMRO,56920,4058899,770,304025
1/9/2022,MX,Mexico,AMRO,194803,4253702,909,304934
1/16/2022,MX,Mexico,AMRO,406782,4660484,1385,306319
1/23/2022,MX,Mexico,AMRO,406815,5067299,2395,308714
1/30/2022,MX,Mexico,AMRO,282729,5350028,3603,312317
2/6/2022,MX,Mexico,AMRO,166547,5516575,3901,316218
2/13/2022,MX,Mexico,AMRO,86372,5602947,3308,319526
2/20/2022,MX,Mexico,AMRO,61576,5664523,2385,321911
2/27/2022,MX,Mexico,AMRO,37281,5701804,1571,323482
3/6/2022,MX,Mexico,AMRO,21369,5723173,930,324412
3/13/2022,MX,Mexico,AMRO,14069,5737242,532,324944
3/20/2022,MX,Mexico,AMRO,10068,5747310,349,325293
3/27/2022,MX,Mexico,AMRO,6920,5754230,209,325502
4/3/2022,MX,Mexico,AMRO,6523,5760753,153,325655
4/10/2022,MX,Mexico,AMRO,4757,5765510,117,325772
4/17/2022,MX,Mexico,AMRO,3205,5768715,71,325843
4/24/2022,MX,Mexico,AMRO,3846,5772561,70,325913
5/1/2022,MX,Mexico,AMRO,3993,5776554,41,325954
5/8/2022,MX,Mexico,AMRO,4324,5780878,42,325996
5/15/2022,MX,Mexico,AMRO,5359,5786237,34,326030
5/22/2022,MX,Mexico,AMRO,7750,5793987,40,326070
5/29/2022,MX,Mexico,AMRO,12237,5806224,38,326108
6/5/2022,MX,Mexico,AMRO,19550,5825774,35,326143
6/12/2022,MX,Mexico,AMRO,34371,5860145,37,326180
6/19/2022,MX,Mexico,AMRO,55313,5915458,76,326256
6/26/2022,MX,Mexico,AMRO,97266,6012724,118,326374
7/3/2022,MX,Mexico,AMRO,152465,6165189,186,326560
7/10/2022,MX,Mexico,AMRO,200105,6365294,315,326875
7/17/2022,MX,Mexico,AMRO,213873,6579167,559,327434
7/24/2022,MX,Mexico,AMRO,179987,6759154,607,328041
7/31/2022,MX,Mexico,AMRO,122038,6881192,638,328679
8/7/2022,MX,Mexico,AMRO,80263,6961455,596,329275
8/14/2022,MX,Mexico,AMRO,53654,7015109,423,329698
8/21/2022,MX,Mexico,AMRO,33244,7048353,292,329990
8/28/2022,MX,Mexico,AMRO,22956,7071309,231,330221
9/4/2022,MX,Mexico,AMRO,16411,7087720,171,330392
9/11/2022,MX,Mexico,AMRO,12055,7099775,105,330497
9/18/2022,MX,Mexico,AMRO,7691,7107466,86,330583
9/25/2022,MX,Mexico,AMRO,7673,7115139,55,330638
10/2/2022,MX,Mexico,AMRO,5199,7120338,55,330693
10/9/2022,MX,Mexico,AMRO,3878,7124216,53,330746
10/16/2022,MX,Mexico,AMRO,2867,7127083,22,330768
10/23/2022,MX,Mexico,AMRO,2657,7129740,25,330793
10/30/2022,MX,Mexico,AMRO,2840,7132580,25,330818
11/6/2022,MX,Mexico,AMRO,2896,7135476,24,330842
11/13/2022,MX,Mexico,AMRO,4403,7139879,19,330861
11/20/2022,MX,Mexico,AMRO,5670,7145549,33,330894
11/27/2022,MX,Mexico,AMRO,7419,7152968,22,330916
12/4/2022,MX,Mexico,AMRO,12749,7165717,61,330977
12/11/2022,MX,Mexico,AMRO,19203,7184920,69,331046
12/18/2022,MX,Mexico,AMRO,26720,7211640,117,331163
12/25/2022,MX,Mexico,AMRO,33950,7245590,159,331322
1/1/2023,MX,Mexico,AMRO,30816,7276406,206,331528
1/8/2023,MX,Mexico,AMRO,31932,7308338,280,331808
1/15/2023,MX,Mexico,AMRO,29637,7337975,301,332109
1/22/2023,MX,Mexico,AMRO,25514,7363489,261,332370
1/29/2023,MX,Mexico,AMRO,23596,7387085,251,332621
2/5/2023,MX,Mexico,AMRO,20573,7407658,194,332815
2/12/2023,MX,Mexico,AMRO,18694,7426352,148,332963
2/19/2023,MX,Mexico,AMRO,19702,7446054,170,333133
2/26/2023,MX,Mexico,AMRO,20305,7466359,117,333250
3/5/2023,MX,Mexico,AMRO,19418,7485777,98,333348
3/12/2023,MX,Mexico,AMRO,20313,7506090,107,333455
3/19/2023,MX,Mexico,AMRO,19021,7525111,74,333529
3/26/2023,MX,Mexico,AMRO,15357,7540468,111,333640
4/2/2023,MX,Mexico,AMRO,15113,7555581,96,333736
4/9/2023,MX,Mexico,AMRO,8608,7564189,84,333820
4/16/2023,MX,Mexico,AMRO,9869,7574058,69,333889
4/23/2023,MX,Mexico,AMRO,9401,7583459,73,333962
4/30/2023,MX,Mexico,AMRO,9419,7592878,72,334034
5/7/2023,MX,Mexico,AMRO,8109,7600987,54,334088
5/14/2023,MX,Mexico,AMRO,7429,7608416,38,334126
5/21/2023,MX,Mexico,AMRO,0,7608416,0,334126
5/28/2023,MX,Mexico,AMRO,5719,7614135,50,334176
6/4/2023,MX,Mexico,AMRO,3841,7617976,37,334213
6/11/2023,MX,Mexico,AMRO,3017,7620993,40,334253
6/18/2023,MX,Mexico,AMRO,2661,7623654,34,334287
6/25/2023,MX,Mexico,AMRO,2710,7626364,33,334320
7/2/2023,MX,Mexico,AMRO,2778,7629142,32,334352
7/9/2023,MX,Mexico,AMRO,2932,7632074,23,334375
7/16/2023,MX,Mexico,AMRO,3111,7635185,24,334399
7/23/2023,MX,Mexico,AMRO,3480,7638665,21,334420
7/30/2023,MX,Mexico,AMRO,3744,7642409,34,334454
8/6/2023,MX,Mexico,AMRO,5223,7647632,31,334485
8/13/2023,MX,Mexico,AMRO,6362,7653994,33,334518
8/20/2023,MX,Mexico,AMRO,6772,7660766,39,334557
8/27/2023,MX,Mexico,AMRO,7862,7668628,49,334606
9/3/2023,MX,Mexico,AMRO,9089,7677717,38,334644
9/10/2023,MX,Mexico,AMRO,9672,7687389,51,334695
9/17/2023,MX,Mexico,AMRO,7093,7694482,35,334730
9/24/2023,MX,Mexico,AMRO,4801,7699283,40,334770
10/1/2023,MX,Mexico,AMRO,2093,7701376,41,334811
10/8/2023,MX,Mexico,AMRO,264,7701640,28,334839
10/15/2023,MX,Mexico,AMRO,191,7701831,25,334864
10/22/2023,MX,Mexico,AMRO,166,7701997,16,334880
10/29/2023,MX,Mexico,AMRO,99,7702096,10,334890
11/5/2023,MX,Mexico,AMRO,73,7702169,15,334905
11/12/2023,MX,Mexico,AMRO,95,7702264,8,334913
11/19/2023,MX,Mexico,AMRO,60,7702324,6,334919
11/26/2023,MX,Mexico,AMRO,82,7702406,9,334928
12/3/2023,MX,Mexico,AMRO,101,7702507,9,334937
12/10/2023,MX,Mexico,AMRO,101,7702608,2,334939
12/17/2023,MX,Mexico,AMRO,106,7702714,6,334945
12/24/2023,MX,Mexico,AMRO,17,7702731,2,334947
1/5/2020,FM,Micronesia (Federated States of),WPRO,0,0,0,0
1/12/2020,FM,Micronesia (Federated States of),WPRO,0,0,0,0
1/19/2020,FM,Micronesia (Federated States of),WPRO,0,0,0,0
1/26/2020,FM,Micronesia (Federated States of),WPRO,0,0,0,0
2/2/2020,FM,Micronesia (Federated States of),WPRO,0,0,0,0
2/9/2020,FM,Micronesia (Federated States of),WPRO,0,0,0,0
2/16/2020,FM,Micronesia (Federated States of),WPRO,0,0,0,0
2/23/2020,FM,Micronesia (Federated States of),WPRO,0,0,0,0
3/1/2020,FM,Micronesia (Federated States of),WPRO,0,0,0,0
3/8/2020,FM,Micronesia (Federated States of),WPRO,0,0,0,0
3/15/2020,FM,Micronesia (Federated States of),WPRO,0,0,0,0
3/22/2020,FM,Micronesia (Federated States of),WPRO,0,0,0,0
3/29/2020,FM,Micronesia (Federated States of),WPRO,0,0,0,0
4/5/2020,FM,Micronesia (Federated States of),WPRO,0,0,0,0
4/12/2020,FM,Micronesia (Federated States of),WPRO,0,0,0,0
4/19/2020,FM,Micronesia (Federated States of),WPRO,0,0,0,0
4/26/2020,FM,Micronesia (Federated States of),WPRO,0,0,0,0
5/3/2020,FM,Micronesia (Federated States of),WPRO,0,0,0,0
5/10/2020,FM,Micronesia (Federated States of),WPRO,0,0,0,0
5/17/2020,FM,Micronesia (Federated States of),WPRO,0,0,0,0
5/24/2020,FM,Micronesia (Federated States of),WPRO,0,0,0,0
5/31/2020,FM,Micronesia (Federated States of),WPRO,0,0,0,0
6/7/2020,FM,Micronesia (Federated States of),WPRO,0,0,0,0
6/14/2020,FM,Micronesia (Federated States of),WPRO,0,0,0,0
6/21/2020,FM,Micronesia (Federated States of),WPRO,0,0,0,0
6/28/2020,FM,Micronesia (Federated States of),WPRO,0,0,0,0
7/5/2020,FM,Micronesia (Federated States of),WPRO,0,0,0,0
7/12/2020,FM,Micronesia (Federated States of),WPRO,0,0,0,0
7/19/2020,FM,Micronesia (Federated States of),WPRO,0,0,0,0
7/26/2020,FM,Micronesia (Federated States of),WPRO,0,0,0,0
8/2/2020,FM,Micronesia (Federated States of),WPRO,0,0,0,0
8/9/2020,FM,Micronesia (Federated States of),WPRO,0,0,0,0
8/16/2020,FM,Micronesia (Federated States of),WPRO,0,0,0,0
8/23/2020,FM,Micronesia (Federated States of),WPRO,0,0,0,0
8/30/2020,FM,Micronesia (Federated States of),WPRO,0,0,0,0
9/6/2020,FM,Micronesia (Federated States of),WPRO,0,0,0,0
9/13/2020,FM,Micronesia (Federated States of),WPRO,0,0,0,0
9/20/2020,FM,Micronesia (Federated States of),WPRO,0,0,0,0
9/27/2020,FM,Micronesia (Federated States of),WPRO,0,0,0,0
10/4/2020,FM,Micronesia (Federated States of),WPRO,0,0,0,0
10/11/2020,FM,Micronesia (Federated States of),WPRO,0,0,0,0
10/18/2020,FM,Micronesia (Federated States of),WPRO,0,0,0,0
10/25/2020,FM,Micronesia (Federated States of),WPRO,0,0,0,0
11/1/2020,FM,Micronesia (Federated States of),WPRO,0,0,0,0
11/8/2020,FM,Micronesia (Federated States of),WPRO,0,0,0,0
11/15/2020,FM,Micronesia (Federated States of),WPRO,0,0,0,0
11/22/2020,FM,Micronesia (Federated States of),WPRO,0,0,0,0
11/29/2020,FM,Micronesia (Federated States of),WPRO,0,0,0,0
12/6/2020,FM,Micronesia (Federated States of),WPRO,0,0,0,0
12/13/2020,FM,Micronesia (Federated States of),WPRO,0,0,0,0
12/20/2020,FM,Micronesia (Federated States of),WPRO,0,0,0,0
12/27/2020,FM,Micronesia (Federated States of),WPRO,0,0,0,0
1/3/2021,FM,Micronesia (Federated States of),WPRO,0,0,0,0
1/10/2021,FM,Micronesia (Federated States of),WPRO,0,0,0,0
1/17/2021,FM,Micronesia (Federated States of),WPRO,0,0,0,0
1/24/2021,FM,Micronesia (Federated States of),WPRO,0,0,0,0
1/31/2021,FM,Micronesia (Federated States of),WPRO,0,0,0,0
2/7/2021,FM,Micronesia (Federated States of),WPRO,0,0,0,0
2/14/2021,FM,Micronesia (Federated States of),WPRO,0,0,0,0
2/21/2021,FM,Micronesia (Federated States of),WPRO,0,0,0,0
2/28/2021,FM,Micronesia (Federated States of),WPRO,0,0,0,0
3/7/2021,FM,Micronesia (Federated States of),WPRO,0,0,0,0
3/14/2021,FM,Micronesia (Federated States of),WPRO,0,0,0,0
3/21/2021,FM,Micronesia (Federated States of),WPRO,0,0,0,0
3/28/2021,FM,Micronesia (Federated States of),WPRO,0,0,0,0
4/4/2021,FM,Micronesia (Federated States of),WPRO,0,0,0,0
4/11/2021,FM,Micronesia (Federated States of),WPRO,0,0,0,0
4/18/2021,FM,Micronesia (Federated States of),WPRO,0,0,0,0
4/25/2021,FM,Micronesia (Federated States of),WPRO,0,0,0,0
5/2/2021,FM,Micronesia (Federated States of),WPRO,0,0,0,0
5/9/2021,FM,Micronesia (Federated States of),WPRO,0,0,0,0
5/16/2021,FM,Micronesia (Federated States of),WPRO,0,0,0,0
5/23/2021,FM,Micronesia (Federated States of),WPRO,0,0,0,0
5/30/2021,FM,Micronesia (Federated States of),WPRO,0,0,0,0
6/6/2021,FM,Micronesia (Federated States of),WPRO,0,0,0,0
6/13/2021,FM,Micronesia (Federated States of),WPRO,0,0,0,0
6/20/2021,FM,Micronesia (Federated States of),WPRO,0,0,0,0
6/27/2021,FM,Micronesia (Federated States of),WPRO,0,0,0,0
7/4/2021,FM,Micronesia (Federated States of),WPRO,0,0,0,0
7/11/2021,FM,Micronesia (Federated States of),WPRO,0,0,0,0
7/18/2021,FM,Micronesia (Federated States of),WPRO,0,0,0,0
7/25/2021,FM,Micronesia (Federated States of),WPRO,0,0,0,0
8/1/2021,FM,Micronesia (Federated States of),WPRO,0,0,0,0
8/8/2021,FM,Micronesia (Federated States of),WPRO,0,0,0,0
8/15/2021,FM,Micronesia (Federated States of),WPRO,0,0,0,0
8/22/2021,FM,Micronesia (Federated States of),WPRO,0,0,0,0
8/29/2021,FM,Micronesia (Federated States of),WPRO,0,0,0,0
9/5/2021,FM,Micronesia (Federated States of),WPRO,0,0,0,0
9/12/2021,FM,Micronesia (Federated States of),WPRO,0,0,0,0
9/19/2021,FM,Micronesia (Federated States of),WPRO,0,0,0,0
9/26/2021,FM,Micronesia (Federated States of),WPRO,0,0,0,0
10/3/2021,FM,Micronesia (Federated States of),WPRO,0,0,0,0
10/10/2021,FM,Micronesia (Federated States of),WPRO,0,0,0,0
10/17/2021,FM,Micronesia (Federated States of),WPRO,0,0,0,0
10/24/2021,FM,Micronesia (Federated States of),WPRO,0,0,0,0
10/31/2021,FM,Micronesia (Federated States of),WPRO,0,0,0,0
11/7/2021,FM,Micronesia (Federated States of),WPRO,0,0,0,0
11/14/2021,FM,Micronesia (Federated States of),WPRO,0,0,0,0
11/21/2021,FM,Micronesia (Federated States of),WPRO,0,0,0,0
11/28/2021,FM,Micronesia (Federated States of),WPRO,0,0,0,0
12/5/2021,FM,Micronesia (Federated States of),WPRO,0,0,0,0
12/12/2021,FM,Micronesia (Federated States of),WPRO,0,0,0,0
12/19/2021,FM,Micronesia (Federated States of),WPRO,0,0,0,0
12/26/2021,FM,Micronesia (Federated States of),WPRO,0,0,0,0
1/2/2022,FM,Micronesia (Federated States of),WPRO,0,0,0,0
1/9/2022,FM,Micronesia (Federated States of),WPRO,0,0,0,0
1/16/2022,FM,Micronesia (Federated States of),WPRO,0,0,0,0
1/23/2022,FM,Micronesia (Federated States of),WPRO,0,0,0,0
1/30/2022,FM,Micronesia (Federated States of),WPRO,0,0,0,0
2/6/2022,FM,Micronesia (Federated States of),WPRO,0,0,0,0
2/13/2022,FM,Micronesia (Federated States of),WPRO,0,0,0,0
2/20/2022,FM,Micronesia (Federated States of),WPRO,0,0,0,0
2/27/2022,FM,Micronesia (Federated States of),WPRO,0,0,0,0
3/6/2022,FM,Micronesia (Federated States of),WPRO,0,0,0,0
3/13/2022,FM,Micronesia (Federated States of),WPRO,0,0,0,0
3/20/2022,FM,Micronesia (Federated States of),WPRO,0,0,0,0
3/27/2022,FM,Micronesia (Federated States of),WPRO,0,0,0,0
4/3/2022,FM,Micronesia (Federated States of),WPRO,0,0,0,0
4/10/2022,FM,Micronesia (Federated States of),WPRO,0,0,0,0
4/17/2022,FM,Micronesia (Federated States of),WPRO,0,0,0,0
4/24/2022,FM,Micronesia (Federated States of),WPRO,2,2,0,0
5/1/2022,FM,Micronesia (Federated States of),WPRO,5,7,0,0
5/8/2022,FM,Micronesia (Federated States of),WPRO,0,7,0,0
5/15/2022,FM,Micronesia (Federated States of),WPRO,0,7,0,0
5/22/2022,FM,Micronesia (Federated States of),WPRO,23,30,0,0
5/29/2022,FM,Micronesia (Federated States of),WPRO,0,30,0,0
6/5/2022,FM,Micronesia (Federated States of),WPRO,8,38,0,0
6/12/2022,FM,Micronesia (Federated States of),WPRO,0,38,0,0
6/19/2022,FM,Micronesia (Federated States of),WPRO,0,38,0,0
6/26/2022,FM,Micronesia (Federated States of),WPRO,0,38,0,0
7/3/2022,FM,Micronesia (Federated States of),WPRO,0,38,0,0
7/10/2022,FM,Micronesia (Federated States of),WPRO,0,38,0,0
7/17/2022,FM,Micronesia (Federated States of),WPRO,0,38,0,0
7/24/2022,FM,Micronesia (Federated States of),WPRO,111,149,1,1
7/31/2022,FM,Micronesia (Federated States of),WPRO,5109,5258,9,10
8/7/2022,FM,Micronesia (Federated States of),WPRO,1176,6434,6,16
8/14/2022,FM,Micronesia (Federated States of),WPRO,447,6881,5,21
8/21/2022,FM,Micronesia (Federated States of),WPRO,0,6881,0,21
8/28/2022,FM,Micronesia (Federated States of),WPRO,182,7063,5,26
9/4/2022,FM,Micronesia (Federated States of),WPRO,1486,8549,1,27
9/11/2022,FM,Micronesia (Federated States of),WPRO,827,9376,2,29
9/18/2022,FM,Micronesia (Federated States of),WPRO,660,10036,2,31
9/25/2022,FM,Micronesia (Federated States of),WPRO,47,10083,0,31
10/2/2022,FM,Micronesia (Federated States of),WPRO,4383,14466,2,33
10/9/2022,FM,Micronesia (Federated States of),WPRO,6367,20833,18,51
10/16/2022,FM,Micronesia (Federated States of),WPRO,982,21815,4,55
10/23/2022,FM,Micronesia (Federated States of),WPRO,217,22032,0,55
10/30/2022,FM,Micronesia (Federated States of),WPRO,0,22032,0,55
11/6/2022,FM,Micronesia (Federated States of),WPRO,0,22032,0,55
11/13/2022,FM,Micronesia (Federated States of),WPRO,0,22032,0,55
11/20/2022,FM,Micronesia (Federated States of),WPRO,2,22034,3,58
11/27/2022,FM,Micronesia (Federated States of),WPRO,2,22036,0,58
12/4/2022,FM,Micronesia (Federated States of),WPRO,0,22036,0,58
12/11/2022,FM,Micronesia (Federated States of),WPRO,0,22036,0,58
12/18/2022,FM,Micronesia (Federated States of),WPRO,12,22048,0,58
12/25/2022,FM,Micronesia (Federated States of),WPRO,21,22069,0,58
1/1/2023,FM,Micronesia (Federated States of),WPRO,165,22234,0,58
1/8/2023,FM,Micronesia (Federated States of),WPRO,13,22247,0,58
1/15/2023,FM,Micronesia (Federated States of),WPRO,1219,23466,0,58
1/22/2023,FM,Micronesia (Federated States of),WPRO,0,23466,0,58
1/29/2023,FM,Micronesia (Federated States of),WPRO,205,23671,0,58
2/5/2023,FM,Micronesia (Federated States of),WPRO,0,23671,2,60
2/12/2023,FM,Micronesia (Federated States of),WPRO,277,23948,1,61
2/19/2023,FM,Micronesia (Federated States of),WPRO,0,23948,0,61
2/26/2023,FM,Micronesia (Federated States of),WPRO,0,23948,0,61
3/5/2023,FM,Micronesia (Federated States of),WPRO,247,24195,2,63
3/12/2023,FM,Micronesia (Federated States of),WPRO,0,24195,0,63
3/19/2023,FM,Micronesia (Federated States of),WPRO,1066,25261,0,63
3/26/2023,FM,Micronesia (Federated States of),WPRO,442,25703,0,63
4/2/2023,FM,Micronesia (Federated States of),WPRO,0,25703,0,63
4/9/2023,FM,Micronesia (Federated States of),WPRO,226,25929,0,63
4/16/2023,FM,Micronesia (Federated States of),WPRO,115,26044,1,64
4/23/2023,FM,Micronesia (Federated States of),WPRO,36,26080,0,64
4/30/2023,FM,Micronesia (Federated States of),WPRO,0,26080,0,64
5/7/2023,FM,Micronesia (Federated States of),WPRO,373,26453,0,64
5/14/2023,FM,Micronesia (Federated States of),WPRO,0,26453,1,65
5/21/2023,FM,Micronesia (Federated States of),WPRO,5,26458,0,65
5/28/2023,FM,Micronesia (Federated States of),WPRO,0,26458,0,65
6/4/2023,FM,Micronesia (Federated States of),WPRO,0,26458,0,65
6/11/2023,FM,Micronesia (Federated States of),WPRO,1,26459,0,65
6/18/2023,FM,Micronesia (Federated States of),WPRO,0,26459,0,65
6/25/2023,FM,Micronesia (Federated States of),WPRO,0,26459,0,65
7/2/2023,FM,Micronesia (Federated States of),WPRO,1,26460,0,65
7/9/2023,FM,Micronesia (Federated States of),WPRO,2,26462,0,65
7/16/2023,FM,Micronesia (Federated States of),WPRO,4,26466,0,65
7/23/2023,FM,Micronesia (Federated States of),WPRO,6,26472,0,65
7/30/2023,FM,Micronesia (Federated States of),WPRO,0,26472,0,65
8/6/2023,FM,Micronesia (Federated States of),WPRO,0,26472,0,65
8/13/2023,FM,Micronesia (Federated States of),WPRO,69,26541,0,65
8/20/2023,FM,Micronesia (Federated States of),WPRO,0,26541,0,65
8/27/2023,FM,Micronesia (Federated States of),WPRO,0,26541,0,65
9/3/2023,FM,Micronesia (Federated States of),WPRO,0,26541,0,65
9/10/2023,FM,Micronesia (Federated States of),WPRO,5,26546,0,65
9/17/2023,FM,Micronesia (Federated States of),WPRO,1,26547,0,65
9/24/2023,FM,Micronesia (Federated States of),WPRO,0,26547,0,65
10/1/2023,FM,Micronesia (Federated States of),WPRO,0,26547,0,65
10/8/2023,FM,Micronesia (Federated States of),WPRO,0,26547,0,65
10/15/2023,FM,Micronesia (Federated States of),WPRO,0,26547,0,65
10/22/2023,FM,Micronesia (Federated States of),WPRO,0,26547,0,65
10/29/2023,FM,Micronesia (Federated States of),WPRO,0,26547,0,65
11/5/2023,FM,Micronesia (Federated States of),WPRO,0,26547,0,65
11/12/2023,FM,Micronesia (Federated States of),WPRO,0,26547,0,65
11/19/2023,FM,Micronesia (Federated States of),WPRO,0,26547,0,65
11/26/2023,FM,Micronesia (Federated States of),WPRO,0,26547,0,65
12/3/2023,FM,Micronesia (Federated States of),WPRO,0,26547,0,65
12/10/2023,FM,Micronesia (Federated States of),WPRO,0,26547,0,65
12/17/2023,FM,Micronesia (Federated States of),WPRO,0,26547,0,65
12/24/2023,FM,Micronesia (Federated States of),WPRO,0,26547,0,65
1/5/2020,MC,Monaco,EURO,0,0,0,0
1/12/2020,MC,Monaco,EURO,1,1,0,0
1/19/2020,MC,Monaco,EURO,0,1,0,0
1/26/2020,MC,Monaco,EURO,0,1,0,0
2/2/2020,MC,Monaco,EURO,0,1,0,0
2/9/2020,MC,Monaco,EURO,0,1,0,0
2/16/2020,MC,Monaco,EURO,0,1,0,0
2/23/2020,MC,Monaco,EURO,0,1,0,0
3/1/2020,MC,Monaco,EURO,1,2,0,0
3/8/2020,MC,Monaco,EURO,0,2,0,0
3/15/2020,MC,Monaco,EURO,5,7,0,0
3/22/2020,MC,Monaco,EURO,5,12,0,0
3/29/2020,MC,Monaco,EURO,15,27,0,0
4/5/2020,MC,Monaco,EURO,14,41,0,0
4/12/2020,MC,Monaco,EURO,12,53,1,1
4/19/2020,MC,Monaco,EURO,1,54,0,1
4/26/2020,MC,Monaco,EURO,2,56,0,1
5/3/2020,MC,Monaco,EURO,0,56,0,1
5/10/2020,MC,Monaco,EURO,0,56,0,1
5/17/2020,MC,Monaco,EURO,1,57,0,1
5/24/2020,MC,Monaco,EURO,2,59,0,1
5/31/2020,MC,Monaco,EURO,0,59,0,1
6/7/2020,MC,Monaco,EURO,0,59,0,1
6/14/2020,MC,Monaco,EURO,0,59,0,1
6/21/2020,MC,Monaco,EURO,0,59,0,1
6/28/2020,MC,Monaco,EURO,2,61,0,1
7/5/2020,MC,Monaco,EURO,5,66,0,1
7/12/2020,MC,Monaco,EURO,2,68,0,1
7/19/2020,MC,Monaco,EURO,0,68,0,1
7/26/2020,MC,Monaco,EURO,3,71,0,1
8/2/2020,MC,Monaco,EURO,3,74,0,1
8/9/2020,MC,Monaco,EURO,3,77,0,1
8/16/2020,MC,Monaco,EURO,6,83,0,1
8/23/2020,MC,Monaco,EURO,18,101,0,1
8/30/2020,MC,Monaco,EURO,22,123,0,1
9/6/2020,MC,Monaco,EURO,24,147,0,1
9/13/2020,MC,Monaco,EURO,13,160,0,1
9/20/2020,MC,Monaco,EURO,14,174,0,1
9/27/2020,MC,Monaco,EURO,8,182,1,2
10/4/2020,MC,Monaco,EURO,9,191,0,2
10/11/2020,MC,Monaco,EURO,14,205,0,2
10/18/2020,MC,Monaco,EURO,22,227,0,2
10/25/2020,MC,Monaco,EURO,32,259,0,2
11/1/2020,MC,Monaco,EURO,55,314,0,2
11/8/2020,MC,Monaco,EURO,55,369,0,2
11/15/2020,MC,Monaco,EURO,54,423,0,2
11/22/2020,MC,Monaco,EURO,28,451,1,3
11/29/2020,MC,Monaco,EURO,18,469,0,3
12/6/2020,MC,Monaco,EURO,20,489,0,3
12/13/2020,MC,Monaco,EURO,31,520,0,3
12/20/2020,MC,Monaco,EURO,64,584,0,3
12/27/2020,MC,Monaco,EURO,61,645,0,3
1/3/2021,MC,Monaco,EURO,119,764,1,4
1/10/2021,MC,Monaco,EURO,124,888,1,5
1/17/2021,MC,Monaco,EURO,141,1029,3,8
1/24/2021,MC,Monaco,EURO,154,1183,1,9
1/31/2021,MC,Monaco,EURO,127,1310,3,12
2/7/2021,MC,Monaco,EURO,159,1469,8,20
2/14/2021,MC,Monaco,EURO,113,1582,1,21
2/21/2021,MC,Monaco,EURO,110,1692,1,22
2/28/2021,MC,Monaco,EURO,82,1774,2,24
3/7/2021,MC,Monaco,EURO,72,1846,2,26
3/14/2021,MC,Monaco,EURO,83,1929,1,27
3/21/2021,MC,Monaco,EURO,66,1995,0,27
3/28/2021,MC,Monaco,EURO,83,2078,1,28
4/4/2021,MC,Monaco,EURO,66,2144,1,29
4/11/2021,MC,Monaco,EURO,42,2186,2,31
4/18/2021,MC,Monaco,EURO,24,2210,0,31
4/25/2021,MC,Monaco,EURO,35,2245,0,31
5/2/2021,MC,Monaco,EURO,32,2277,1,32
5/9/2021,MC,Monaco,EURO,27,2304,0,32
5/16/2021,MC,Monaco,EURO,14,2318,0,32
5/23/2021,MC,Monaco,EURO,8,2326,0,32
5/30/2021,MC,Monaco,EURO,3,2329,0,32
6/6/2021,MC,Monaco,EURO,4,2333,1,33
6/13/2021,MC,Monaco,EURO,17,2350,0,33
6/20/2021,MC,Monaco,EURO,18,2368,0,33
6/27/2021,MC,Monaco,EURO,18,2386,0,33
7/4/2021,MC,Monaco,EURO,17,2403,0,33
7/11/2021,MC,Monaco,EURO,43,2446,0,33
7/18/2021,MC,Monaco,EURO,62,2508,0,33
7/25/2021,MC,Monaco,EURO,120,2628,0,33
8/1/2021,MC,Monaco,EURO,105,2733,0,33
8/8/2021,MC,Monaco,EURO,109,2842,0,33
8/15/2021,MC,Monaco,EURO,75,2917,2,35
8/22/2021,MC,Monaco,EURO,84,3001,0,35
8/29/2021,MC,Monaco,EURO,48,3049,0,35
9/5/2021,MC,Monaco,EURO,51,3100,0,35
9/12/2021,MC,Monaco,EURO,32,3132,0,35
9/19/2021,MC,Monaco,EURO,15,3147,0,35
9/26/2021,MC,Monaco,EURO,13,3160,0,35
10/3/2021,MC,Monaco,EURO,12,3172,0,35
10/10/2021,MC,Monaco,EURO,16,3188,0,35
10/17/2021,MC,Monaco,EURO,23,3211,0,35
10/24/2021,MC,Monaco,EURO,32,3243,0,35
10/31/2021,MC,Monaco,EURO,25,3268,1,36
11/7/2021,MC,Monaco,EURO,20,3288,0,36
11/14/2021,MC,Monaco,EURO,37,3325,0,36
11/21/2021,MC,Monaco,EURO,67,3392,0,36
11/28/2021,MC,Monaco,EURO,156,3548,0,36
12/5/2021,MC,Monaco,EURO,156,3704,0,36
12/12/2021,MC,Monaco,EURO,196,3900,0,36
12/19/2021,MC,Monaco,EURO,328,4228,0,36
12/26/2021,MC,Monaco,EURO,377,4605,2,38
1/2/2022,MC,Monaco,EURO,523,5128,1,39
1/9/2022,MC,Monaco,EURO,943,6071,3,42
1/16/2022,MC,Monaco,EURO,913,6984,2,44
1/23/2022,MC,Monaco,EURO,949,7933,1,45
1/30/2022,MC,Monaco,EURO,696,8629,1,46
2/6/2022,MC,Monaco,EURO,467,9096,2,48
2/13/2022,MC,Monaco,EURO,249,9345,2,50
2/20/2022,MC,Monaco,EURO,171,9516,1,51
2/27/2022,MC,Monaco,EURO,201,9717,0,51
3/6/2022,MC,Monaco,EURO,178,9895,0,51
3/13/2022,MC,Monaco,EURO,265,10160,1,52
3/20/2022,MC,Monaco,EURO,374,10534,2,54
3/27/2022,MC,Monaco,EURO,421,10955,0,54
4/3/2022,MC,Monaco,EURO,334,11289,0,54
4/10/2022,MC,Monaco,EURO,334,11623,1,55
4/17/2022,MC,Monaco,EURO,274,11897,1,56
4/24/2022,MC,Monaco,EURO,203,12100,1,57
5/1/2022,MC,Monaco,EURO,172,12272,0,57
5/8/2022,MC,Monaco,EURO,156,12428,0,57
5/15/2022,MC,Monaco,EURO,90,12518,0,57
5/22/2022,MC,Monaco,EURO,86,12604,0,57
5/29/2022,MC,Monaco,EURO,62,12666,0,57
6/5/2022,MC,Monaco,EURO,144,12810,0,57
6/12/2022,MC,Monaco,EURO,191,13001,0,57
6/19/2022,MC,Monaco,EURO,161,13162,0,57
6/26/2022,MC,Monaco,EURO,207,13369,0,57
7/3/2022,MC,Monaco,EURO,334,13703,2,59
7/10/2022,MC,Monaco,EURO,354,14057,1,60
7/17/2022,MC,Monaco,EURO,291,14348,1,61
7/24/2022,MC,Monaco,EURO,168,14516,0,61
7/31/2022,MC,Monaco,EURO,111,14627,0,61
8/7/2022,MC,Monaco,EURO,93,14720,0,61
8/14/2022,MC,Monaco,EURO,98,14818,0,61
8/21/2022,MC,Monaco,EURO,36,14854,0,61
8/28/2022,MC,Monaco,EURO,41,14895,0,61
9/4/2022,MC,Monaco,EURO,36,14931,0,61
9/11/2022,MC,Monaco,EURO,33,14964,2,63
9/18/2022,MC,Monaco,EURO,66,15030,0,63
9/25/2022,MC,Monaco,EURO,56,15086,0,63
10/2/2022,MC,Monaco,EURO,86,15172,0,63
10/9/2022,MC,Monaco,EURO,87,15259,0,63
10/16/2022,MC,Monaco,EURO,81,15340,0,63
10/23/2022,MC,Monaco,EURO,80,15420,1,64
10/30/2022,MC,Monaco,EURO,67,15487,1,65
11/6/2022,MC,Monaco,EURO,63,15550,0,65
11/13/2022,MC,Monaco,EURO,94,15644,0,65
11/20/2022,MC,Monaco,EURO,93,15737,0,65
11/27/2022,MC,Monaco,EURO,152,15889,0,65
12/4/2022,MC,Monaco,EURO,209,16098,0,65
12/11/2022,MC,Monaco,EURO,175,16273,0,65
12/18/2022,MC,Monaco,EURO,100,16373,0,65
12/25/2022,MC,Monaco,EURO,66,16439,0,65
1/1/2023,MC,Monaco,EURO,37,16476,0,65
1/8/2023,MC,Monaco,EURO,47,16523,0,65
1/15/2023,MC,Monaco,EURO,23,16546,0,65
1/22/2023,MC,Monaco,EURO,18,16564,0,65
1/29/2023,MC,Monaco,EURO,13,16577,0,65
2/5/2023,MC,Monaco,EURO,31,16608,2,67
2/12/2023,MC,Monaco,EURO,14,16622,0,67
2/19/2023,MC,Monaco,EURO,7,16629,0,67
2/26/2023,MC,Monaco,EURO,5,16634,0,67
3/5/2023,MC,Monaco,EURO,6,16640,0,67
3/12/2023,MC,Monaco,EURO,7,16647,0,67
3/19/2023,MC,Monaco,EURO,24,16671,0,67
3/26/2023,MC,Monaco,EURO,15,16686,0,67
4/2/2023,MC,Monaco,EURO,19,16705,0,67
4/9/2023,MC,Monaco,EURO,19,16724,0,67
4/16/2023,MC,Monaco,EURO,15,16739,0,67
4/23/2023,MC,Monaco,EURO,11,16750,0,67
4/30/2023,MC,Monaco,EURO,5,16755,0,67
5/7/2023,MC,Monaco,EURO,8,16763,0,67
5/14/2023,MC,Monaco,EURO,12,16775,0,67
5/21/2023,MC,Monaco,EURO,9,16784,0,67
5/28/2023,MC,Monaco,EURO,9,16793,0,67
6/4/2023,MC,Monaco,EURO,5,16798,0,67
6/11/2023,MC,Monaco,EURO,16,16814,0,67
6/18/2023,MC,Monaco,EURO,3,16817,0,67
6/25/2023,MC,Monaco,EURO,9,16826,0,67
7/2/2023,MC,Monaco,EURO,12,16838,0,67
7/9/2023,MC,Monaco,EURO,2,16840,0,67
7/16/2023,MC,Monaco,EURO,2,16842,0,67
7/23/2023,MC,Monaco,EURO,6,16848,0,67
7/30/2023,MC,Monaco,EURO,4,16852,0,67
8/6/2023,MC,Monaco,EURO,6,16858,0,67
8/13/2023,MC,Monaco,EURO,13,16871,0,67
8/20/2023,MC,Monaco,EURO,10,16881,0,67
8/27/2023,MC,Monaco,EURO,20,16901,0,67
9/3/2023,MC,Monaco,EURO,17,16918,0,67
9/10/2023,MC,Monaco,EURO,13,16931,0,67
9/17/2023,MC,Monaco,EURO,13,16944,0,67
9/24/2023,MC,Monaco,EURO,31,16975,0,67
10/1/2023,MC,Monaco,EURO,26,17001,0,67
10/8/2023,MC,Monaco,EURO,26,17027,0,67
10/15/2023,MC,Monaco,EURO,22,17049,0,67
10/22/2023,MC,Monaco,EURO,23,17072,0,67
10/29/2023,MC,Monaco,EURO,18,17090,0,67
11/5/2023,MC,Monaco,EURO,19,17109,0,67
11/12/2023,MC,Monaco,EURO,11,17120,0,67
11/19/2023,MC,Monaco,EURO,46,17166,0,67
11/26/2023,MC,Monaco,EURO,15,17181,0,67
12/3/2023,MC,Monaco,EURO,0,17181,0,67
12/10/2023,MC,Monaco,EURO,0,17181,0,67
12/17/2023,MC,Monaco,EURO,0,17181,0,67
12/24/2023,MC,Monaco,EURO,0,17181,0,67
1/5/2020,MN,Mongolia,WPRO,0,0,0,0
1/12/2020,MN,Mongolia,WPRO,0,0,0,0
1/19/2020,MN,Mongolia,WPRO,0,0,0,0
1/26/2020,MN,Mongolia,WPRO,0,0,0,0
2/2/2020,MN,Mongolia,WPRO,0,0,0,0
2/9/2020,MN,Mongolia,WPRO,0,0,0,0
2/16/2020,MN,Mongolia,WPRO,0,0,0,0
2/23/2020,MN,Mongolia,WPRO,0,0,0,0
3/1/2020,MN,Mongolia,WPRO,0,0,0,0
3/8/2020,MN,Mongolia,WPRO,0,0,0,0
3/15/2020,MN,Mongolia,WPRO,1,1,0,0
3/22/2020,MN,Mongolia,WPRO,9,10,0,0
3/29/2020,MN,Mongolia,WPRO,2,12,0,0
4/5/2020,MN,Mongolia,WPRO,2,14,0,0
4/12/2020,MN,Mongolia,WPRO,2,16,0,0
4/19/2020,MN,Mongolia,WPRO,16,32,0,0
4/26/2020,MN,Mongolia,WPRO,6,38,0,0
5/3/2020,MN,Mongolia,WPRO,1,39,0,0
5/10/2020,MN,Mongolia,WPRO,3,42,0,0
5/17/2020,MN,Mongolia,WPRO,94,136,0,0
5/24/2020,MN,Mongolia,WPRO,5,141,0,0
5/31/2020,MN,Mongolia,WPRO,38,179,0,0
6/7/2020,MN,Mongolia,WPRO,14,193,0,0
6/14/2020,MN,Mongolia,WPRO,4,197,0,0
6/21/2020,MN,Mongolia,WPRO,7,204,0,0
6/28/2020,MN,Mongolia,WPRO,15,219,0,0
7/5/2020,MN,Mongolia,WPRO,1,220,0,0
7/12/2020,MN,Mongolia,WPRO,10,230,0,0
7/19/2020,MN,Mongolia,WPRO,57,287,0,0
7/26/2020,MN,Mongolia,WPRO,1,288,0,0
8/2/2020,MN,Mongolia,WPRO,5,293,0,0
8/9/2020,MN,Mongolia,WPRO,0,293,0,0
8/16/2020,MN,Mongolia,WPRO,5,298,0,0
8/23/2020,MN,Mongolia,WPRO,0,298,0,0
8/30/2020,MN,Mongolia,WPRO,3,301,0,0
9/6/2020,MN,Mongolia,WPRO,9,310,0,0
9/13/2020,MN,Mongolia,WPRO,1,311,0,0
9/20/2020,MN,Mongolia,WPRO,0,311,0,0
9/27/2020,MN,Mongolia,WPRO,2,313,0,0
10/4/2020,MN,Mongolia,WPRO,0,313,0,0
10/11/2020,MN,Mongolia,WPRO,2,315,0,0
10/18/2020,MN,Mongolia,WPRO,5,320,0,0
10/25/2020,MN,Mongolia,WPRO,17,337,0,0
11/1/2020,MN,Mongolia,WPRO,9,346,0,0
11/8/2020,MN,Mongolia,WPRO,11,357,0,0
11/15/2020,MN,Mongolia,WPRO,59,416,0,0
11/22/2020,MN,Mongolia,WPRO,213,629,0,0
11/29/2020,MN,Mongolia,WPRO,155,784,0,0
12/6/2020,MN,Mongolia,WPRO,65,849,0,0
12/13/2020,MN,Mongolia,WPRO,58,907,0,0
12/20/2020,MN,Mongolia,WPRO,54,961,1,1
12/27/2020,MN,Mongolia,WPRO,160,1121,0,1
1/3/2021,MN,Mongolia,WPRO,165,1286,0,1
1/10/2021,MN,Mongolia,WPRO,156,1442,0,1
1/17/2021,MN,Mongolia,WPRO,84,1526,0,1
1/24/2021,MN,Mongolia,WPRO,117,1643,1,2
1/31/2021,MN,Mongolia,WPRO,171,1814,0,2
2/7/2021,MN,Mongolia,WPRO,259,2073,0,2
2/14/2021,MN,Mongolia,WPRO,310,2383,0,2
2/21/2021,MN,Mongolia,WPRO,310,2693,0,2
2/28/2021,MN,Mongolia,WPRO,259,2952,0,2
3/7/2021,MN,Mongolia,WPRO,384,3336,1,3
3/14/2021,MN,Mongolia,WPRO,747,4083,1,4
3/21/2021,MN,Mongolia,WPRO,1103,5186,1,5
3/28/2021,MN,Mongolia,WPRO,2403,7589,1,6
4/4/2021,MN,Mongolia,WPRO,3231,10820,6,12
4/11/2021,MN,Mongolia,WPRO,4898,15718,11,23
4/18/2021,MN,Mongolia,WPRO,7166,22884,26,49
4/25/2021,MN,Mongolia,WPRO,8455,31339,34,83
5/2/2021,MN,Mongolia,WPRO,8042,39381,48,131
5/9/2021,MN,Mongolia,WPRO,6078,45459,34,165
5/16/2021,MN,Mongolia,WPRO,3716,49175,37,202
5/23/2021,MN,Mongolia,WPRO,3925,53100,21,223
5/30/2021,MN,Mongolia,WPRO,5339,58439,30,253
6/6/2021,MN,Mongolia,WPRO,8004,66443,35,288
6/13/2021,MN,Mongolia,WPRO,11904,78347,57,345
6/20/2021,MN,Mongolia,WPRO,17472,95819,74,419
6/27/2021,MN,Mongolia,WPRO,15686,111505,60,479
7/4/2021,MN,Mongolia,WPRO,15306,126811,69,548
7/11/2021,MN,Mongolia,WPRO,12473,139284,57,605
7/18/2021,MN,Mongolia,WPRO,10449,149733,32,637
7/25/2021,MN,Mongolia,WPRO,8241,157974,51,688
8/1/2021,MN,Mongolia,WPRO,9255,167229,34,722
8/8/2021,MN,Mongolia,WPRO,8331,175560,31,753
8/15/2021,MN,Mongolia,WPRO,8092,183652,23,776
8/22/2021,MN,Mongolia,WPRO,11593,195245,26,802
8/29/2021,MN,Mongolia,WPRO,16030,211275,33,835
9/5/2021,MN,Mongolia,WPRO,24999,236274,50,885
9/12/2021,MN,Mongolia,WPRO,32709,268983,88,973
9/19/2021,MN,Mongolia,WPRO,38895,307878,73,1046
9/26/2021,MN,Mongolia,WPRO,50789,358667,106,1152
10/3/2021,MN,Mongolia,WPRO,46698,405365,122,1274
10/10/2021,MN,Mongolia,WPRO,46988,452353,103,1377
10/17/2021,MN,Mongolia,WPRO,46550,498903,106,1483
10/24/2021,MN,Mongolia,WPRO,40294,539197,110,1593
10/31/2021,MN,Mongolia,WPRO,53797,592994,79,1672
11/7/2021,MN,Mongolia,WPRO,27029,620023,72,1744
11/14/2021,MN,Mongolia,WPRO,18494,638517,71,1815
11/21/2021,MN,Mongolia,WPRO,16310,654827,60,1875
11/28/2021,MN,Mongolia,WPRO,12534,667361,47,1922
12/5/2021,MN,Mongolia,WPRO,9498,676859,22,1944
12/12/2021,MN,Mongolia,WPRO,5868,682727,19,1963
12/19/2021,MN,Mongolia,WPRO,4705,687432,9,1972
12/26/2021,MN,Mongolia,WPRO,3518,690950,9,1981
1/2/2022,MN,Mongolia,WPRO,2899,693849,6,1987
1/9/2022,MN,Mongolia,WPRO,12137,705986,14,2001
1/16/2022,MN,Mongolia,WPRO,35696,741682,12,2013
1/23/2022,MN,Mongolia,WPRO,53226,794908,8,2021
1/30/2022,MN,Mongolia,WPRO,46940,841848,15,2036
2/6/2022,MN,Mongolia,WPRO,19128,860976,19,2055
2/13/2022,MN,Mongolia,WPRO,26778,887754,19,2074
2/20/2022,MN,Mongolia,WPRO,11952,899706,13,2087
2/27/2022,MN,Mongolia,WPRO,8451,908157,9,2096
3/6/2022,MN,Mongolia,WPRO,5098,913255,8,2104
3/13/2022,MN,Mongolia,WPRO,2556,915811,1,2105
3/20/2022,MN,Mongolia,WPRO,1402,917213,3,2108
3/27/2022,MN,Mongolia,WPRO,1691,918904,0,2108
4/3/2022,MN,Mongolia,WPRO,640,919544,0,2108
4/10/2022,MN,Mongolia,WPRO,460,920004,0,2108
4/17/2022,MN,Mongolia,WPRO,202,920206,0,2108
4/24/2022,MN,Mongolia,WPRO,230,920436,0,2108
5/1/2022,MN,Mongolia,WPRO,989,921425,2,2110
5/8/2022,MN,Mongolia,WPRO,802,922227,1,2111
5/15/2022,MN,Mongolia,WPRO,0,922227,2,2113
5/22/2022,MN,Mongolia,WPRO,1808,924035,1,2114
5/29/2022,MN,Mongolia,WPRO,1038,925073,1,2115
6/5/2022,MN,Mongolia,WPRO,2199,927272,1,2116
6/12/2022,MN,Mongolia,WPRO,741,928013,0,2116
6/19/2022,MN,Mongolia,WPRO,573,928586,0,2116
6/26/2022,MN,Mongolia,WPRO,0,928586,0,2116
7/3/2022,MN,Mongolia,WPRO,395,928981,2,2118
7/10/2022,MN,Mongolia,WPRO,672,929653,1,2119
7/17/2022,MN,Mongolia,WPRO,1024,930677,0,2119
7/24/2022,MN,Mongolia,WPRO,7066,937743,0,2119
7/31/2022,MN,Mongolia,WPRO,9279,947022,0,2119
8/7/2022,MN,Mongolia,WPRO,13970,960992,4,2123
8/14/2022,MN,Mongolia,WPRO,5431,966423,0,2123
8/21/2022,MN,Mongolia,WPRO,7810,974233,2,2125
8/28/2022,MN,Mongolia,WPRO,3023,977256,3,2128
9/4/2022,MN,Mongolia,WPRO,2388,979644,1,2129
9/11/2022,MN,Mongolia,WPRO,1506,981150,1,2130
9/18/2022,MN,Mongolia,WPRO,1157,982307,1,2131
9/25/2022,MN,Mongolia,WPRO,393,982700,0,2131
10/2/2022,MN,Mongolia,WPRO,304,983004,0,2131
10/9/2022,MN,Mongolia,WPRO,606,983610,0,2131
10/16/2022,MN,Mongolia,WPRO,378,983988,0,2131
10/23/2022,MN,Mongolia,WPRO,343,984331,0,2131
10/30/2022,MN,Mongolia,WPRO,492,984823,0,2131
11/6/2022,MN,Mongolia,WPRO,829,985652,0,2131
11/13/2022,MN,Mongolia,WPRO,1588,987240,1,2132
11/20/2022,MN,Mongolia,WPRO,2473,989713,2,2134
11/27/2022,MN,Mongolia,WPRO,2388,992101,0,2134
12/4/2022,MN,Mongolia,WPRO,1271,993372,1,2135
12/11/2022,MN,Mongolia,WPRO,707,994079,0,2135
12/18/2022,MN,Mongolia,WPRO,12991,1007070,0,2135
12/25/2022,MN,Mongolia,WPRO,244,1007314,1,2136
1/1/2023,MN,Mongolia,WPRO,108,1007422,0,2136
1/8/2023,MN,Mongolia,WPRO,343,1007765,0,2136
1/15/2023,MN,Mongolia,WPRO,61,1007826,0,2136
1/22/2023,MN,Mongolia,WPRO,31,1007857,0,2136
1/29/2023,MN,Mongolia,WPRO,12,1007869,0,2136
2/5/2023,MN,Mongolia,WPRO,7,1007876,0,2136
2/12/2023,MN,Mongolia,WPRO,18,1007894,0,2136
2/19/2023,MN,Mongolia,WPRO,1,1007895,0,2136
2/26/2023,MN,Mongolia,WPRO,2,1007897,0,2136
3/5/2023,MN,Mongolia,WPRO,3,1007900,0,2136
3/12/2023,MN,Mongolia,WPRO,5,1007905,0,2136
3/19/2023,MN,Mongolia,WPRO,2,1007907,0,2136
3/26/2023,MN,Mongolia,WPRO,4,1007911,0,2136
4/2/2023,MN,Mongolia,WPRO,9,1007920,0,2136
4/9/2023,MN,Mongolia,WPRO,0,1007920,0,2136
4/16/2023,MN,Mongolia,WPRO,23,1007943,0,2136
4/23/2023,MN,Mongolia,WPRO,27,1007970,0,2136
4/30/2023,MN,Mongolia,WPRO,29,1007999,0,2136
5/7/2023,MN,Mongolia,WPRO,39,1008038,0,2136
5/14/2023,MN,Mongolia,WPRO,227,1008265,0,2136
5/21/2023,MN,Mongolia,WPRO,390,1008655,0,2136
5/28/2023,MN,Mongolia,WPRO,671,1009326,0,2136
6/4/2023,MN,Mongolia,WPRO,764,1010090,0,2136
6/11/2023,MN,Mongolia,WPRO,369,1010459,0,2136
6/18/2023,MN,Mongolia,WPRO,277,1010736,0,2136
6/25/2023,MN,Mongolia,WPRO,116,1010852,0,2136
7/2/2023,MN,Mongolia,WPRO,54,1010906,148,2284
7/9/2023,MN,Mongolia,WPRO,29,1010935,0,2284
7/16/2023,MN,Mongolia,WPRO,6,1010941,0,2284
7/23/2023,MN,Mongolia,WPRO,6,1010947,0,2284
7/30/2023,MN,Mongolia,WPRO,7,1010954,0,2284
8/6/2023,MN,Mongolia,WPRO,9,1010963,0,2284
8/13/2023,MN,Mongolia,WPRO,8,1010971,0,2284
8/20/2023,MN,Mongolia,WPRO,4,1010975,0,2284
8/27/2023,MN,Mongolia,WPRO,9,1010984,0,2284
9/3/2023,MN,Mongolia,WPRO,11,1010995,0,2284
9/10/2023,MN,Mongolia,WPRO,16,1011011,0,2284
9/17/2023,MN,Mongolia,WPRO,34,1011045,0,2284
9/24/2023,MN,Mongolia,WPRO,41,1011086,0,2284
10/1/2023,MN,Mongolia,WPRO,84,1011170,0,2284
10/8/2023,MN,Mongolia,WPRO,18,1011188,0,2284
10/15/2023,MN,Mongolia,WPRO,0,1011188,0,2284
10/22/2023,MN,Mongolia,WPRO,18,1011206,0,2284
10/29/2023,MN,Mongolia,WPRO,18,1011224,0,2284
11/5/2023,MN,Mongolia,WPRO,21,1011245,0,2284
11/12/2023,MN,Mongolia,WPRO,16,1011261,0,2284
11/19/2023,MN,Mongolia,WPRO,19,1011280,0,2284
11/26/2023,MN,Mongolia,WPRO,17,1011297,0,2284
12/3/2023,MN,Mongolia,WPRO,22,1011319,0,2284
12/10/2023,MN,Mongolia,WPRO,34,1011353,0,2284
12/17/2023,MN,Mongolia,WPRO,35,1011388,0,2284
12/24/2023,MN,Mongolia,WPRO,0,1011388,0,2284
1/5/2020,ME,Montenegro,EURO,0,0,0,0
1/12/2020,ME,Montenegro,EURO,0,0,0,0
1/19/2020,ME,Montenegro,EURO,0,0,0,0
1/26/2020,ME,Montenegro,EURO,0,0,0,0
2/2/2020,ME,Montenegro,EURO,0,0,0,0
2/9/2020,ME,Montenegro,EURO,0,0,0,0
2/16/2020,ME,Montenegro,EURO,0,0,0,0
2/23/2020,ME,Montenegro,EURO,0,0,0,0
3/1/2020,ME,Montenegro,EURO,0,0,0,0
3/8/2020,ME,Montenegro,EURO,0,0,0,0
3/15/2020,ME,Montenegro,EURO,0,0,0,0
3/22/2020,ME,Montenegro,EURO,0,0,0,0
3/29/2020,ME,Montenegro,EURO,0,0,0,0
4/5/2020,ME,Montenegro,EURO,0,0,0,0
4/12/2020,ME,Montenegro,EURO,0,0,0,0
4/19/2020,ME,Montenegro,EURO,0,0,0,0
4/26/2020,ME,Montenegro,EURO,0,0,0,0
5/3/2020,ME,Montenegro,EURO,2,2,1,1
5/10/2020,ME,Montenegro,EURO,1,3,1,2
5/17/2020,ME,Montenegro,EURO,0,3,0,2
5/24/2020,ME,Montenegro,EURO,0,3,0,2
5/31/2020,ME,Montenegro,EURO,0,3,0,2
6/7/2020,ME,Montenegro,EURO,0,3,0,2
6/14/2020,ME,Montenegro,EURO,0,3,0,2
6/21/2020,ME,Montenegro,EURO,37,40,0,2
6/28/2020,ME,Montenegro,EURO,0,40,0,2
7/5/2020,ME,Montenegro,EURO,0,40,0,2
7/12/2020,ME,Montenegro,EURO,0,40,0,2
7/19/2020,ME,Montenegro,EURO,0,40,0,2
7/26/2020,ME,Montenegro,EURO,0,40,0,2
8/2/2020,ME,Montenegro,EURO,429,469,8,10
8/9/2020,ME,Montenegro,EURO,384,853,16,26
8/16/2020,ME,Montenegro,EURO,394,1247,11,37
8/23/2020,ME,Montenegro,EURO,300,1547,6,43
8/30/2020,ME,Montenegro,EURO,461,2008,15,58
9/6/2020,ME,Montenegro,EURO,788,2796,9,67
9/13/2020,ME,Montenegro,EURO,1568,4364,12,79
9/20/2020,ME,Montenegro,EURO,1666,6030,16,95
9/27/2020,ME,Montenegro,EURO,1730,7760,22,117
10/4/2020,ME,Montenegro,EURO,1679,9439,21,138
10/11/2020,ME,Montenegro,EURO,1736,11175,23,161
10/18/2020,ME,Montenegro,EURO,1746,12921,32,193
10/25/2020,ME,Montenegro,EURO,1138,14059,30,223
11/1/2020,ME,Montenegro,EURO,2090,16149,44,267
11/8/2020,ME,Montenegro,EURO,0,16149,0,267
11/15/2020,ME,Montenegro,EURO,0,16149,0,267
11/22/2020,ME,Montenegro,EURO,3808,19957,48,315
11/29/2020,ME,Montenegro,EURO,3742,23699,48,363
12/6/2020,ME,Montenegro,EURO,3318,27017,46,409
12/13/2020,ME,Montenegro,EURO,3014,30031,49,458
12/20/2020,ME,Montenegro,EURO,2534,32565,44,502
12/27/2020,ME,Montenegro,EURO,2645,35210,41,543
1/3/2021,ME,Montenegro,EURO,2546,37756,23,566
1/10/2021,ME,Montenegro,EURO,3265,41021,36,602
1/17/2021,ME,Montenegro,EURO,12597,53618,32,634
1/24/2021,ME,Montenegro,EURO,2903,56521,23,657
1/31/2021,ME,Montenegro,EURO,3292,59813,37,694
2/7/2021,ME,Montenegro,EURO,3665,63478,33,727
2/14/2021,ME,Montenegro,EURO,3621,67099,52,779
2/21/2021,ME,Montenegro,EURO,3621,70720,60,839
2/28/2021,ME,Montenegro,EURO,3877,74597,53,892
3/7/2021,ME,Montenegro,EURO,3896,78493,64,956
3/14/2021,ME,Montenegro,EURO,3958,82451,62,1018
3/21/2021,ME,Montenegro,EURO,3475,85926,70,1088
3/28/2021,ME,Montenegro,EURO,2757,88683,46,1134
4/4/2021,ME,Montenegro,EURO,2315,90998,60,1194
4/11/2021,ME,Montenegro,EURO,1676,92674,68,1262
4/18/2021,ME,Montenegro,EURO,1274,93948,56,1318
4/25/2021,ME,Montenegro,EURO,1081,95029,52,1370
5/2/2021,ME,Montenegro,EURO,938,95967,40,1410
5/9/2021,ME,Montenegro,EURO,647,96614,35,1445
5/16/2021,ME,Montenegro,EURO,531,97145,21,1466
5/23/2021,ME,Montenegro,EURO,393,97538,13,1479
5/30/2021,ME,Montenegro,EURO,333,97871,9,1488
6/6/2021,ME,Montenegro,EURO,211,98082,9,1497
6/13/2021,ME,Montenegro,EURO,129,98211,9,1506
6/20/2021,ME,Montenegro,EURO,128,98339,4,1510
6/27/2021,ME,Montenegro,EURO,110,98449,4,1514
7/4/2021,ME,Montenegro,EURO,134,98583,10,1524
7/11/2021,ME,Montenegro,EURO,147,98730,5,1529
7/18/2021,ME,Montenegro,EURO,195,98925,3,1532
7/25/2021,ME,Montenegro,EURO,517,99442,1,1533
8/1/2021,ME,Montenegro,EURO,977,100419,6,1539
8/8/2021,ME,Montenegro,EURO,1747,102166,5,1544
8/15/2021,ME,Montenegro,EURO,2560,104726,9,1553
8/22/2021,ME,Montenegro,EURO,4401,109127,45,1598
8/29/2021,ME,Montenegro,EURO,0,109127,0,1598
9/5/2021,ME,Montenegro,EURO,3676,112803,41,1639
9/12/2021,ME,Montenegro,EURO,3896,116699,43,1682
9/19/2021,ME,Montenegro,EURO,4298,120997,49,1731
9/26/2021,ME,Montenegro,EURO,3301,124298,46,1777
10/3/2021,ME,Montenegro,EURO,2994,127292,39,1816
10/10/2021,ME,Montenegro,EURO,2519,129811,52,1868
10/17/2021,ME,Montenegro,EURO,2507,132318,37,1905
10/24/2021,ME,Montenegro,EURO,3237,135555,42,1947
10/31/2021,ME,Montenegro,EURO,3384,138939,38,1985
11/7/2021,ME,Montenegro,EURO,4302,143241,45,2030
11/14/2021,ME,Montenegro,EURO,3396,146637,59,2089
11/21/2021,ME,Montenegro,EURO,2571,149208,38,2127
11/28/2021,ME,Montenegro,EURO,2061,151269,40,2167
12/5/2021,ME,Montenegro,EURO,1518,152787,44,2211
12/12/2021,ME,Montenegro,EURO,1249,154036,21,2232
12/19/2021,ME,Montenegro,EURO,1184,155220,25,2257
12/26/2021,ME,Montenegro,EURO,2790,158010,19,2276
1/2/2022,ME,Montenegro,EURO,10890,168900,22,2298
1/9/2022,ME,Montenegro,EURO,17071,185971,26,2324
1/16/2022,ME,Montenegro,EURO,0,185971,0,2324
1/23/2022,ME,Montenegro,EURO,0,185971,0,2324
1/30/2022,ME,Montenegro,EURO,5801,191772,42,2366
2/6/2022,ME,Montenegro,EURO,3928,195700,46,2412
2/13/2022,ME,Montenegro,EURO,2860,198560,34,2446
2/20/2022,ME,Montenegro,EURO,2216,200776,23,2469
2/27/2022,ME,Montenegro,EURO,1219,201995,18,2487
3/6/2022,ME,Montenegro,EURO,787,202782,9,2496
3/13/2022,ME,Montenegro,EURO,590,203372,8,2504
3/20/2022,ME,Montenegro,EURO,629,204001,23,2527
3/27/2022,ME,Montenegro,EURO,575,204576,4,2531
4/3/2022,ME,Montenegro,EURO,521,205097,8,2539
4/10/2022,ME,Montenegro,EURO,375,205472,1,2540
4/17/2022,ME,Montenegro,EURO,490,205962,3,2543
4/24/2022,ME,Montenegro,EURO,506,206468,4,2547
5/1/2022,ME,Montenegro,EURO,576,207044,2,2549
5/8/2022,ME,Montenegro,EURO,494,207538,2,2551
5/15/2022,ME,Montenegro,EURO,482,208020,2,2553
5/22/2022,ME,Montenegro,EURO,435,208455,0,2553
5/29/2022,ME,Montenegro,EURO,384,208839,1,2554
6/5/2022,ME,Montenegro,EURO,413,209252,0,2554
6/12/2022,ME,Montenegro,EURO,380,209632,2,2556
6/19/2022,ME,Montenegro,EURO,598,210230,1,2557
6/26/2022,ME,Montenegro,EURO,995,211225,1,2558
7/3/2022,ME,Montenegro,EURO,1633,212858,5,2563
7/10/2022,ME,Montenegro,EURO,0,212858,0,2563
7/17/2022,ME,Montenegro,EURO,0,212858,0,2563
7/24/2022,ME,Montenegro,EURO,0,212858,0,2563
7/31/2022,ME,Montenegro,EURO,6602,219460,8,2571
8/7/2022,ME,Montenegro,EURO,5656,225116,9,2580
8/14/2022,ME,Montenegro,EURO,4398,229514,4,2584
8/21/2022,ME,Montenegro,EURO,3110,232624,7,2591
8/28/2022,ME,Montenegro,EURO,1907,234531,5,2596
9/4/2022,ME,Montenegro,EURO,1342,235873,7,2603
9/11/2022,ME,Montenegro,EURO,988,236861,0,2603
9/18/2022,ME,Montenegro,EURO,1064,237925,1,2604
9/25/2022,ME,Montenegro,EURO,986,238911,2,2606
10/2/2022,ME,Montenegro,EURO,1063,239974,1,2607
10/9/2022,ME,Montenegro,EURO,702,240676,0,2607
10/16/2022,ME,Montenegro,EURO,620,241296,2,2609
10/23/2022,ME,Montenegro,EURO,423,241719,1,2610
10/30/2022,ME,Montenegro,EURO,448,242167,0,2610
11/6/2022,ME,Montenegro,EURO,352,242519,2,2612
11/13/2022,ME,Montenegro,EURO,227,242746,1,2613
11/20/2022,ME,Montenegro,EURO,168,242914,1,2614
11/27/2022,ME,Montenegro,EURO,147,243061,0,2614
12/4/2022,ME,Montenegro,EURO,184,243245,1,2615
12/11/2022,ME,Montenegro,EURO,291,243536,0,2615
12/18/2022,ME,Montenegro,EURO,237,243773,0,2615
12/25/2022,ME,Montenegro,EURO,200,243973,1,2616
1/1/2023,ME,Montenegro,EURO,225,244198,0,2616
1/8/2023,ME,Montenegro,EURO,363,244561,0,2616
1/15/2023,ME,Montenegro,EURO,471,245032,3,2619
1/22/2023,ME,Montenegro,EURO,365,245397,1,2620
1/29/2023,ME,Montenegro,EURO,289,245686,1,2621
2/5/2023,ME,Montenegro,EURO,260,245946,1,2622
2/12/2023,ME,Montenegro,EURO,407,246353,2,2624
2/19/2023,ME,Montenegro,EURO,595,246948,2,2626
2/26/2023,ME,Montenegro,EURO,634,247582,1,2627
3/5/2023,ME,Montenegro,EURO,428,248010,4,2631
3/12/2023,ME,Montenegro,EURO,379,248389,3,2634
3/19/2023,ME,Montenegro,EURO,365,248754,0,2634
3/26/2023,ME,Montenegro,EURO,417,249171,6,2640
4/2/2023,ME,Montenegro,EURO,375,249546,1,2641
4/9/2023,ME,Montenegro,EURO,344,249890,1,2642
4/16/2023,ME,Montenegro,EURO,327,250217,4,2646
4/23/2023,ME,Montenegro,EURO,380,250597,4,2650
4/30/2023,ME,Montenegro,EURO,276,250873,2,2652
5/7/2023,ME,Montenegro,EURO,187,251060,0,2652
5/14/2023,ME,Montenegro,EURO,134,251194,1,2653
5/21/2023,ME,Montenegro,EURO,27,251221,0,2653
5/28/2023,ME,Montenegro,EURO,40,251261,1,2654
6/4/2023,ME,Montenegro,EURO,19,251280,0,2654
6/11/2023,ME,Montenegro,EURO,0,251280,0,2654
6/18/2023,ME,Montenegro,EURO,0,251280,0,2654
6/25/2023,ME,Montenegro,EURO,0,251280,0,2654
7/2/2023,ME,Montenegro,EURO,0,251280,0,2654
7/9/2023,ME,Montenegro,EURO,0,251280,0,2654
7/16/2023,ME,Montenegro,EURO,0,251280,0,2654
7/23/2023,ME,Montenegro,EURO,0,251280,0,2654
7/30/2023,ME,Montenegro,EURO,0,251280,0,2654
8/6/2023,ME,Montenegro,EURO,0,251280,0,2654
8/13/2023,ME,Montenegro,EURO,0,251280,0,2654
8/20/2023,ME,Montenegro,EURO,0,251280,0,2654
8/27/2023,ME,Montenegro,EURO,0,251280,0,2654
9/3/2023,ME,Montenegro,EURO,0,251280,0,2654
9/10/2023,ME,Montenegro,EURO,0,251280,0,2654
9/17/2023,ME,Montenegro,EURO,0,251280,0,2654
9/24/2023,ME,Montenegro,EURO,0,251280,0,2654
10/1/2023,ME,Montenegro,EURO,0,251280,0,2654
10/8/2023,ME,Montenegro,EURO,0,251280,0,2654
10/15/2023,ME,Montenegro,EURO,0,251280,0,2654
10/22/2023,ME,Montenegro,EURO,0,251280,0,2654
10/29/2023,ME,Montenegro,EURO,0,251280,0,2654
11/5/2023,ME,Montenegro,EURO,0,251280,0,2654
11/12/2023,ME,Montenegro,EURO,0,251280,0,2654
11/19/2023,ME,Montenegro,EURO,0,251280,0,2654
11/26/2023,ME,Montenegro,EURO,0,251280,0,2654
12/3/2023,ME,Montenegro,EURO,0,251280,0,2654
12/10/2023,ME,Montenegro,EURO,0,251280,0,2654
12/17/2023,ME,Montenegro,EURO,0,251280,0,2654
12/24/2023,ME,Montenegro,EURO,0,251280,0,2654
1/5/2020,MS,Montserrat,AMRO,0,0,0,0
1/12/2020,MS,Montserrat,AMRO,0,0,0,0
1/19/2020,MS,Montserrat,AMRO,0,0,0,0
1/26/2020,MS,Montserrat,AMRO,0,0,0,0
2/2/2020,MS,Montserrat,AMRO,0,0,0,0
2/9/2020,MS,Montserrat,AMRO,0,0,0,0
2/16/2020,MS,Montserrat,AMRO,0,0,0,0
2/23/2020,MS,Montserrat,AMRO,0,0,0,0
3/1/2020,MS,Montserrat,AMRO,0,0,0,0
3/8/2020,MS,Montserrat,AMRO,0,0,0,0
3/15/2020,MS,Montserrat,AMRO,0,0,0,0
3/22/2020,MS,Montserrat,AMRO,1,1,0,0
3/29/2020,MS,Montserrat,AMRO,4,5,0,0
4/5/2020,MS,Montserrat,AMRO,1,6,0,0
4/12/2020,MS,Montserrat,AMRO,3,9,0,0
4/19/2020,MS,Montserrat,AMRO,2,11,0,0
4/26/2020,MS,Montserrat,AMRO,0,11,1,1
5/3/2020,MS,Montserrat,AMRO,0,11,0,1
5/10/2020,MS,Montserrat,AMRO,0,11,0,1
5/17/2020,MS,Montserrat,AMRO,0,11,0,1
5/24/2020,MS,Montserrat,AMRO,0,11,0,1
5/31/2020,MS,Montserrat,AMRO,0,11,0,1
6/7/2020,MS,Montserrat,AMRO,0,11,0,1
6/14/2020,MS,Montserrat,AMRO,0,11,0,1
6/21/2020,MS,Montserrat,AMRO,0,11,0,1
6/28/2020,MS,Montserrat,AMRO,0,11,0,1
7/5/2020,MS,Montserrat,AMRO,0,11,0,1
7/12/2020,MS,Montserrat,AMRO,1,12,0,1
7/19/2020,MS,Montserrat,AMRO,0,12,0,1
7/26/2020,MS,Montserrat,AMRO,1,13,0,1
8/2/2020,MS,Montserrat,AMRO,0,13,0,1
8/9/2020,MS,Montserrat,AMRO,0,13,0,1
8/16/2020,MS,Montserrat,AMRO,0,13,0,1
8/23/2020,MS,Montserrat,AMRO,0,13,0,1
8/30/2020,MS,Montserrat,AMRO,0,13,0,1
9/6/2020,MS,Montserrat,AMRO,0,13,0,1
9/13/2020,MS,Montserrat,AMRO,0,13,0,1
9/20/2020,MS,Montserrat,AMRO,0,13,0,1
9/27/2020,MS,Montserrat,AMRO,0,13,0,1
10/4/2020,MS,Montserrat,AMRO,0,13,0,1
10/11/2020,MS,Montserrat,AMRO,0,13,0,1
10/18/2020,MS,Montserrat,AMRO,0,13,0,1
10/25/2020,MS,Montserrat,AMRO,0,13,0,1
11/1/2020,MS,Montserrat,AMRO,0,13,0,1
11/8/2020,MS,Montserrat,AMRO,0,13,0,1
11/15/2020,MS,Montserrat,AMRO,0,13,0,1
11/22/2020,MS,Montserrat,AMRO,0,13,0,1
11/29/2020,MS,Montserrat,AMRO,0,13,0,1
12/6/2020,MS,Montserrat,AMRO,0,13,0,1
12/13/2020,MS,Montserrat,AMRO,0,13,0,1
12/20/2020,MS,Montserrat,AMRO,0,13,0,1
12/27/2020,MS,Montserrat,AMRO,0,13,0,1
1/3/2021,MS,Montserrat,AMRO,0,13,0,1
1/10/2021,MS,Montserrat,AMRO,0,13,0,1
1/17/2021,MS,Montserrat,AMRO,0,13,0,1
1/24/2021,MS,Montserrat,AMRO,0,13,0,1
1/31/2021,MS,Montserrat,AMRO,0,13,0,1
2/7/2021,MS,Montserrat,AMRO,2,15,0,1
2/14/2021,MS,Montserrat,AMRO,4,19,0,1
2/21/2021,MS,Montserrat,AMRO,1,20,0,1
2/28/2021,MS,Montserrat,AMRO,0,20,0,1
3/7/2021,MS,Montserrat,AMRO,0,20,0,1
3/14/2021,MS,Montserrat,AMRO,0,20,0,1
3/21/2021,MS,Montserrat,AMRO,0,20,0,1
3/28/2021,MS,Montserrat,AMRO,0,20,0,1
4/4/2021,MS,Montserrat,AMRO,0,20,0,1
4/11/2021,MS,Montserrat,AMRO,0,20,0,1
4/18/2021,MS,Montserrat,AMRO,0,20,0,1
4/25/2021,MS,Montserrat,AMRO,0,20,0,1
5/2/2021,MS,Montserrat,AMRO,0,20,0,1
5/9/2021,MS,Montserrat,AMRO,0,20,0,1
5/16/2021,MS,Montserrat,AMRO,0,20,0,1
5/23/2021,MS,Montserrat,AMRO,0,20,0,1
5/30/2021,MS,Montserrat,AMRO,0,20,0,1
6/6/2021,MS,Montserrat,AMRO,0,20,0,1
6/13/2021,MS,Montserrat,AMRO,0,20,0,1
6/20/2021,MS,Montserrat,AMRO,0,20,0,1
6/27/2021,MS,Montserrat,AMRO,0,20,0,1
7/4/2021,MS,Montserrat,AMRO,0,20,0,1
7/11/2021,MS,Montserrat,AMRO,1,21,0,1
7/18/2021,MS,Montserrat,AMRO,0,21,0,1
7/25/2021,MS,Montserrat,AMRO,0,21,0,1
8/1/2021,MS,Montserrat,AMRO,0,21,0,1
8/8/2021,MS,Montserrat,AMRO,1,22,0,1
8/15/2021,MS,Montserrat,AMRO,0,22,0,1
8/22/2021,MS,Montserrat,AMRO,3,25,0,1
8/29/2021,MS,Montserrat,AMRO,1,26,0,1
9/5/2021,MS,Montserrat,AMRO,5,31,0,1
9/12/2021,MS,Montserrat,AMRO,1,32,0,1
9/19/2021,MS,Montserrat,AMRO,1,33,0,1
9/26/2021,MS,Montserrat,AMRO,0,33,0,1
10/3/2021,MS,Montserrat,AMRO,1,34,0,1
10/10/2021,MS,Montserrat,AMRO,7,41,0,1
10/17/2021,MS,Montserrat,AMRO,0,41,0,1
10/24/2021,MS,Montserrat,AMRO,0,41,0,1
10/31/2021,MS,Montserrat,AMRO,0,41,0,1
11/7/2021,MS,Montserrat,AMRO,0,41,0,1
11/14/2021,MS,Montserrat,AMRO,0,41,0,1
11/21/2021,MS,Montserrat,AMRO,3,44,0,1
11/28/2021,MS,Montserrat,AMRO,0,44,0,1
12/5/2021,MS,Montserrat,AMRO,0,44,0,1
12/12/2021,MS,Montserrat,AMRO,0,44,0,1
12/19/2021,MS,Montserrat,AMRO,1,45,0,1
12/26/2021,MS,Montserrat,AMRO,0,45,0,1
1/2/2022,MS,Montserrat,AMRO,5,50,0,1
1/9/2022,MS,Montserrat,AMRO,60,110,0,1
1/16/2022,MS,Montserrat,AMRO,19,129,0,1
1/23/2022,MS,Montserrat,AMRO,23,152,0,1
1/30/2022,MS,Montserrat,AMRO,10,162,0,1
2/6/2022,MS,Montserrat,AMRO,1,163,0,1
2/13/2022,MS,Montserrat,AMRO,0,163,1,2
2/20/2022,MS,Montserrat,AMRO,0,163,0,2
2/27/2022,MS,Montserrat,AMRO,0,163,0,2
3/6/2022,MS,Montserrat,AMRO,1,164,0,2
3/13/2022,MS,Montserrat,AMRO,2,166,0,2
3/20/2022,MS,Montserrat,AMRO,8,174,0,2
3/27/2022,MS,Montserrat,AMRO,1,175,0,2
4/3/2022,MS,Montserrat,AMRO,0,175,0,2
4/10/2022,MS,Montserrat,AMRO,0,175,0,2
4/17/2022,MS,Montserrat,AMRO,1,176,0,2
4/24/2022,MS,Montserrat,AMRO,1,177,0,2
5/1/2022,MS,Montserrat,AMRO,39,216,0,2
5/8/2022,MS,Montserrat,AMRO,236,452,0,2
5/15/2022,MS,Montserrat,AMRO,295,747,0,2
5/22/2022,MS,Montserrat,AMRO,139,886,2,4
5/29/2022,MS,Montserrat,AMRO,72,958,0,4
6/5/2022,MS,Montserrat,AMRO,45,1003,4,8
6/12/2022,MS,Montserrat,AMRO,7,1010,0,8
6/19/2022,MS,Montserrat,AMRO,5,1015,0,8
6/26/2022,MS,Montserrat,AMRO,1,1016,0,8
7/3/2022,MS,Montserrat,AMRO,4,1020,0,8
7/10/2022,MS,Montserrat,AMRO,3,1023,0,8
7/17/2022,MS,Montserrat,AMRO,2,1025,0,8
7/24/2022,MS,Montserrat,AMRO,7,1032,0,8
7/31/2022,MS,Montserrat,AMRO,22,1054,0,8
8/7/2022,MS,Montserrat,AMRO,23,1077,0,8
8/14/2022,MS,Montserrat,AMRO,20,1097,0,8
8/21/2022,MS,Montserrat,AMRO,9,1106,0,8
8/28/2022,MS,Montserrat,AMRO,20,1126,0,8
9/4/2022,MS,Montserrat,AMRO,64,1190,0,8
9/11/2022,MS,Montserrat,AMRO,86,1276,0,8
9/18/2022,MS,Montserrat,AMRO,80,1356,0,8
9/25/2022,MS,Montserrat,AMRO,36,1392,0,8
10/2/2022,MS,Montserrat,AMRO,11,1403,0,8
10/9/2022,MS,Montserrat,AMRO,0,1403,0,8
10/16/2022,MS,Montserrat,AMRO,0,1403,0,8
10/23/2022,MS,Montserrat,AMRO,0,1403,0,8
10/30/2022,MS,Montserrat,AMRO,0,1403,0,8
11/6/2022,MS,Montserrat,AMRO,0,1403,0,8
11/13/2022,MS,Montserrat,AMRO,0,1403,0,8
11/20/2022,MS,Montserrat,AMRO,0,1403,0,8
11/27/2022,MS,Montserrat,AMRO,0,1403,0,8
12/4/2022,MS,Montserrat,AMRO,0,1403,0,8
12/11/2022,MS,Montserrat,AMRO,0,1403,0,8
12/18/2022,MS,Montserrat,AMRO,0,1403,0,8
12/25/2022,MS,Montserrat,AMRO,0,1403,0,8
1/1/2023,MS,Montserrat,AMRO,0,1403,0,8
1/8/2023,MS,Montserrat,AMRO,0,1403,0,8
1/15/2023,MS,Montserrat,AMRO,0,1403,0,8
1/22/2023,MS,Montserrat,AMRO,0,1403,0,8
1/29/2023,MS,Montserrat,AMRO,0,1403,0,8
2/5/2023,MS,Montserrat,AMRO,0,1403,0,8
2/12/2023,MS,Montserrat,AMRO,0,1403,0,8
2/19/2023,MS,Montserrat,AMRO,0,1403,0,8
2/26/2023,MS,Montserrat,AMRO,0,1403,0,8
3/5/2023,MS,Montserrat,AMRO,0,1403,0,8
3/12/2023,MS,Montserrat,AMRO,0,1403,0,8
3/19/2023,MS,Montserrat,AMRO,0,1403,0,8
3/26/2023,MS,Montserrat,AMRO,0,1403,0,8
4/2/2023,MS,Montserrat,AMRO,0,1403,0,8
4/9/2023,MS,Montserrat,AMRO,0,1403,0,8
4/16/2023,MS,Montserrat,AMRO,0,1403,0,8
4/23/2023,MS,Montserrat,AMRO,0,1403,0,8
4/30/2023,MS,Montserrat,AMRO,0,1403,0,8
5/7/2023,MS,Montserrat,AMRO,0,1403,0,8
5/14/2023,MS,Montserrat,AMRO,0,1403,0,8
5/21/2023,MS,Montserrat,AMRO,0,1403,0,8
5/28/2023,MS,Montserrat,AMRO,0,1403,0,8
6/4/2023,MS,Montserrat,AMRO,0,1403,0,8
6/11/2023,MS,Montserrat,AMRO,0,1403,0,8
6/18/2023,MS,Montserrat,AMRO,0,1403,0,8
6/25/2023,MS,Montserrat,AMRO,0,1403,0,8
7/2/2023,MS,Montserrat,AMRO,0,1403,0,8
7/9/2023,MS,Montserrat,AMRO,0,1403,0,8
7/16/2023,MS,Montserrat,AMRO,0,1403,0,8
7/23/2023,MS,Montserrat,AMRO,0,1403,0,8
7/30/2023,MS,Montserrat,AMRO,0,1403,0,8
8/6/2023,MS,Montserrat,AMRO,0,1403,0,8
8/13/2023,MS,Montserrat,AMRO,0,1403,0,8
8/20/2023,MS,Montserrat,AMRO,0,1403,0,8
8/27/2023,MS,Montserrat,AMRO,0,1403,0,8
9/3/2023,MS,Montserrat,AMRO,0,1403,0,8
9/10/2023,MS,Montserrat,AMRO,0,1403,0,8
9/17/2023,MS,Montserrat,AMRO,0,1403,0,8
9/24/2023,MS,Montserrat,AMRO,0,1403,0,8
10/1/2023,MS,Montserrat,AMRO,0,1403,0,8
10/8/2023,MS,Montserrat,AMRO,0,1403,0,8
10/15/2023,MS,Montserrat,AMRO,0,1403,0,8
10/22/2023,MS,Montserrat,AMRO,0,1403,0,8
10/29/2023,MS,Montserrat,AMRO,0,1403,0,8
11/5/2023,MS,Montserrat,AMRO,0,1403,0,8
11/12/2023,MS,Montserrat,AMRO,0,1403,0,8
11/19/2023,MS,Montserrat,AMRO,0,1403,0,8
11/26/2023,MS,Montserrat,AMRO,0,1403,0,8
12/3/2023,MS,Montserrat,AMRO,0,1403,0,8
12/10/2023,MS,Montserrat,AMRO,0,1403,0,8
12/17/2023,MS,Montserrat,AMRO,0,1403,0,8
12/24/2023,MS,Montserrat,AMRO,0,1403,0,8
1/5/2020,MA,Morocco,EMRO,0,0,0,0
1/12/2020,MA,Morocco,EMRO,0,0,0,0
1/19/2020,MA,Morocco,EMRO,0,0,0,0
1/26/2020,MA,Morocco,EMRO,0,0,0,0
2/2/2020,MA,Morocco,EMRO,0,0,0,0
2/9/2020,MA,Morocco,EMRO,0,0,0,0
2/16/2020,MA,Morocco,EMRO,0,0,0,0
2/23/2020,MA,Morocco,EMRO,0,0,0,0
3/1/2020,MA,Morocco,EMRO,0,0,0,0
3/8/2020,MA,Morocco,EMRO,2,2,0,0
3/15/2020,MA,Morocco,EMRO,15,17,1,1
3/22/2020,MA,Morocco,EMRO,79,96,2,3
3/29/2020,MA,Morocco,EMRO,294,390,22,25
4/5/2020,MA,Morocco,EMRO,529,919,34,59
4/12/2020,MA,Morocco,EMRO,626,1545,52,111
4/19/2020,MA,Morocco,EMRO,1140,2685,26,137
4/26/2020,MA,Morocco,EMRO,1212,3897,22,159
5/3/2020,MA,Morocco,EMRO,832,4729,14,173
5/10/2020,MA,Morocco,EMRO,1181,5910,13,186
5/17/2020,MA,Morocco,EMRO,831,6741,6,192
5/24/2020,MA,Morocco,EMRO,665,7406,6,198
5/31/2020,MA,Morocco,EMRO,374,7780,6,204
6/7/2020,MA,Morocco,EMRO,371,8151,4,208
6/14/2020,MA,Morocco,EMRO,541,8692,4,212
6/21/2020,MA,Morocco,EMRO,1147,9839,1,213
6/28/2020,MA,Morocco,EMRO,2038,11877,7,220
7/5/2020,MA,Morocco,EMRO,1945,13822,12,232
7/12/2020,MA,Morocco,EMRO,1720,15542,13,245
7/19/2020,MA,Morocco,EMRO,1473,17015,24,269
7/26/2020,MA,Morocco,EMRO,2630,19645,36,305
8/2/2020,MA,Morocco,EMRO,5406,25051,62,367
8/9/2020,MA,Morocco,EMRO,6956,32007,113,480
8/16/2020,MA,Morocco,EMRO,9010,41017,152,632
8/23/2020,MA,Morocco,EMRO,9795,50812,226,858
8/30/2020,MA,Morocco,EMRO,9244,60056,220,1078
9/6/2020,MA,Morocco,EMRO,10104,70160,251,1329
9/13/2020,MA,Morocco,EMRO,14275,84435,224,1553
9/20/2020,MA,Morocco,EMRO,15381,99816,242,1795
9/27/2020,MA,Morocco,EMRO,15425,115241,246,2041
10/4/2020,MA,Morocco,EMRO,15987,131228,252,2293
10/11/2020,MA,Morocco,EMRO,18613,149841,279,2572
10/18/2020,MA,Morocco,EMRO,21070,170911,306,2878
10/25/2020,MA,Morocco,EMRO,23550,194461,377,3255
11/1/2020,MA,Morocco,EMRO,24623,219084,440,3695
11/8/2020,MA,Morocco,EMRO,33101,252185,502,4197
11/15/2020,MA,Morocco,EMRO,36026,288211,500,4697
11/22/2020,MA,Morocco,EMRO,32751,320962,559,5256
11/29/2020,MA,Morocco,EMRO,28726,349688,483,5739
12/6/2020,MA,Morocco,EMRO,27050,376738,445,6184
12/13/2020,MA,Morocco,EMRO,20859,397597,405,6589
12/20/2020,MA,Morocco,EMRO,17629,415226,320,6909
12/27/2020,MA,Morocco,EMRO,15336,430562,295,7204
1/3/2021,MA,Morocco,EMRO,11579,442141,248,7452
1/10/2021,MA,Morocco,EMRO,9496,451637,257,7709
1/17/2021,MA,Morocco,EMRO,7228,458865,202,7911
1/24/2021,MA,Morocco,EMRO,6904,465769,217,8128
1/31/2021,MA,Morocco,EMRO,4922,470691,131,8259
2/7/2021,MA,Morocco,EMRO,4275,474966,122,8381
2/14/2021,MA,Morocco,EMRO,3169,478135,79,8460
2/21/2021,MA,Morocco,EMRO,2813,480948,88,8548
2/28/2021,MA,Morocco,EMRO,2462,483410,67,8615
3/7/2021,MA,Morocco,EMRO,2564,485974,61,8676
3/14/2021,MA,Morocco,EMRO,2658,488632,42,8718
3/21/2021,MA,Morocco,EMRO,2831,491463,45,8763
3/28/2021,MA,Morocco,EMRO,2895,494358,35,8798
4/4/2021,MA,Morocco,EMRO,3474,497832,44,8842
4/11/2021,MA,Morocco,EMRO,3856,501688,49,8891
4/18/2021,MA,Morocco,EMRO,3759,505447,53,8944
4/25/2021,MA,Morocco,EMRO,3590,509037,44,8988
5/2/2021,MA,Morocco,EMRO,2525,511562,38,9026
5/9/2021,MA,Morocco,EMRO,2066,513628,38,9064
5/16/2021,MA,Morocco,EMRO,1189,514817,34,9098
5/23/2021,MA,Morocco,EMRO,1995,516812,21,9119
5/30/2021,MA,Morocco,EMRO,2056,518868,19,9138
6/6/2021,MA,Morocco,EMRO,2327,521195,35,9173
6/13/2021,MA,Morocco,EMRO,2425,523620,34,9207
6/20/2021,MA,Morocco,EMRO,2743,526363,30,9237
6/27/2021,MA,Morocco,EMRO,2861,529224,36,9273
7/4/2021,MA,Morocco,EMRO,4721,533945,42,9315
7/11/2021,MA,Morocco,EMRO,7460,541405,45,9360
7/18/2021,MA,Morocco,EMRO,14083,555488,74,9434
7/25/2021,MA,Morocco,EMRO,19674,575162,125,9559
8/1/2021,MA,Morocco,EMRO,48366,623528,226,9785
8/8/2021,MA,Morocco,EMRO,63764,687292,470,10255
8/15/2021,MA,Morocco,EMRO,64784,752076,678,10933
8/22/2021,MA,Morocco,EMRO,54212,806288,744,11677
8/29/2021,MA,Morocco,EMRO,43244,849532,684,12361
9/5/2021,MA,Morocco,EMRO,31510,881042,632,12993
9/12/2021,MA,Morocco,EMRO,21652,902694,495,13488
9/19/2021,MA,Morocco,EMRO,15432,918126,388,13876
9/26/2021,MA,Morocco,EMRO,10445,928571,256,14132
10/3/2021,MA,Morocco,EMRO,6257,934828,183,14315
10/10/2021,MA,Morocco,EMRO,3973,938801,128,14443
10/17/2021,MA,Morocco,EMRO,3062,941863,94,14537
10/24/2021,MA,Morocco,EMRO,2213,944076,69,14606
10/31/2021,MA,Morocco,EMRO,1884,945960,61,14667
11/7/2021,MA,Morocco,EMRO,1347,947307,39,14706
11/14/2021,MA,Morocco,EMRO,850,948157,34,14740
11/21/2021,MA,Morocco,EMRO,673,948830,21,14761
11/28/2021,MA,Morocco,EMRO,818,949648,13,14774
12/5/2021,MA,Morocco,EMRO,853,950501,13,14787
12/12/2021,MA,Morocco,EMRO,879,951380,9,14796
12/19/2021,MA,Morocco,EMRO,1248,952628,12,14808
12/26/2021,MA,Morocco,EMRO,2959,955587,19,14827
1/2/2022,MA,Morocco,EMRO,9833,965420,24,14851
1/9/2022,MA,Morocco,EMRO,31701,997121,53,14904
1/16/2022,MA,Morocco,EMRO,46104,1043225,59,14963
1/23/2022,MA,Morocco,EMRO,50753,1093978,150,15113
1/30/2022,MA,Morocco,EMRO,35162,1129140,215,15328
2/6/2022,MA,Morocco,EMRO,16901,1146041,247,15575
2/13/2022,MA,Morocco,EMRO,8490,1154531,191,15766
2/20/2022,MA,Morocco,EMRO,4138,1158669,115,15881
2/27/2022,MA,Morocco,EMRO,2081,1160750,89,15970
3/6/2022,MA,Morocco,EMRO,836,1161586,45,16015
3/13/2022,MA,Morocco,EMRO,454,1162040,21,16036
3/20/2022,MA,Morocco,EMRO,404,1162444,15,16051
3/27/2022,MA,Morocco,EMRO,479,1162923,6,16057
4/3/2022,MA,Morocco,EMRO,549,1163472,3,16060
4/10/2022,MA,Morocco,EMRO,490,1163962,1,16061
4/17/2022,MA,Morocco,EMRO,383,1164345,1,16062
4/24/2022,MA,Morocco,EMRO,325,1164670,3,16065
5/1/2022,MA,Morocco,EMRO,283,1164953,4,16069
5/8/2022,MA,Morocco,EMRO,253,1165206,1,16070
5/15/2022,MA,Morocco,EMRO,500,1165706,1,16071
5/22/2022,MA,Morocco,EMRO,824,1166530,4,16075
5/29/2022,MA,Morocco,EMRO,1202,1167732,1,16076
6/5/2022,MA,Morocco,EMRO,2188,1169920,3,16079
6/12/2022,MA,Morocco,EMRO,5184,1175104,3,16082
6/19/2022,MA,Morocco,EMRO,9628,1184732,4,16086
6/26/2022,MA,Morocco,EMRO,17729,1202461,12,16098
7/3/2022,MA,Morocco,EMRO,21124,1223585,18,16116
7/10/2022,MA,Morocco,EMRO,17262,1240847,35,16151
7/17/2022,MA,Morocco,EMRO,9663,1250510,27,16178
7/24/2022,MA,Morocco,EMRO,6810,1257320,33,16211
7/31/2022,MA,Morocco,EMRO,3439,1260759,23,16234
8/7/2022,MA,Morocco,EMRO,1742,1262501,22,16256
8/14/2022,MA,Morocco,EMRO,872,1263373,12,16268
8/21/2022,MA,Morocco,EMRO,570,1263943,2,16270
8/28/2022,MA,Morocco,EMRO,343,1264286,1,16271
9/4/2022,MA,Morocco,EMRO,245,1264531,3,16274
9/11/2022,MA,Morocco,EMRO,117,1264648,2,16276
9/18/2022,MA,Morocco,EMRO,114,1264762,1,16277
9/25/2022,MA,Morocco,EMRO,110,1264872,1,16278
10/2/2022,MA,Morocco,EMRO,89,1264961,0,16278
10/9/2022,MA,Morocco,EMRO,125,1265086,0,16278
10/16/2022,MA,Morocco,EMRO,115,1265201,0,16278
10/23/2022,MA,Morocco,EMRO,181,1265382,2,16280
10/30/2022,MA,Morocco,EMRO,190,1265572,1,16281
11/6/2022,MA,Morocco,EMRO,393,1265965,0,16281
11/13/2022,MA,Morocco,EMRO,596,1266561,2,16283
11/20/2022,MA,Morocco,EMRO,705,1267266,0,16283
11/27/2022,MA,Morocco,EMRO,1029,1268295,1,16284
12/4/2022,MA,Morocco,EMRO,1001,1269296,1,16285
12/11/2022,MA,Morocco,EMRO,823,1270119,3,16288
12/18/2022,MA,Morocco,EMRO,663,1270782,6,16294
12/25/2022,MA,Morocco,EMRO,462,1271244,0,16294
1/1/2023,MA,Morocco,EMRO,351,1271595,0,16294
1/8/2023,MA,Morocco,EMRO,273,1271868,1,16295
1/15/2023,MA,Morocco,EMRO,188,1272056,0,16295
1/22/2023,MA,Morocco,EMRO,119,1272175,1,16296
1/29/2023,MA,Morocco,EMRO,47,1272222,0,16296
2/5/2023,MA,Morocco,EMRO,54,1272276,0,16296
2/12/2023,MA,Morocco,EMRO,56,1272332,0,16296
2/19/2023,MA,Morocco,EMRO,39,1272371,0,16296
2/26/2023,MA,Morocco,EMRO,71,1272442,0,16296
3/5/2023,MA,Morocco,EMRO,44,1272486,0,16296
3/12/2023,MA,Morocco,EMRO,40,1272526,0,16296
3/19/2023,MA,Morocco,EMRO,59,1272585,0,16296
3/26/2023,MA,Morocco,EMRO,37,1272622,0,16296
4/2/2023,MA,Morocco,EMRO,57,1272679,0,16296
4/9/2023,MA,Morocco,EMRO,54,1272733,0,16296
4/16/2023,MA,Morocco,EMRO,156,1272889,0,16296
4/23/2023,MA,Morocco,EMRO,241,1273130,1,16297
4/30/2023,MA,Morocco,EMRO,333,1273463,0,16297
5/7/2023,MA,Morocco,EMRO,369,1273832,0,16297
5/14/2023,MA,Morocco,EMRO,348,1274180,0,16297
5/21/2023,MA,Morocco,EMRO,373,1274553,0,16297
5/28/2023,MA,Morocco,EMRO,180,1274733,0,16297
6/4/2023,MA,Morocco,EMRO,168,1274901,0,16297
6/11/2023,MA,Morocco,EMRO,102,1275003,0,16297
6/18/2023,MA,Morocco,EMRO,86,1275089,0,16297
6/25/2023,MA,Morocco,EMRO,47,1275136,0,16297
7/2/2023,MA,Morocco,EMRO,32,1275168,0,16297
7/9/2023,MA,Morocco,EMRO,23,1275191,0,16297
7/16/2023,MA,Morocco,EMRO,33,1275224,0,16297
7/23/2023,MA,Morocco,EMRO,21,1275245,0,16297
7/30/2023,MA,Morocco,EMRO,28,1275273,0,16297
8/6/2023,MA,Morocco,EMRO,20,1275293,0,16297
8/13/2023,MA,Morocco,EMRO,27,1275320,0,16297
8/20/2023,MA,Morocco,EMRO,74,1275394,0,16297
8/27/2023,MA,Morocco,EMRO,161,1275555,0,16297
9/3/2023,MA,Morocco,EMRO,309,1275864,0,16297
9/10/2023,MA,Morocco,EMRO,312,1276176,0,16297
9/17/2023,MA,Morocco,EMRO,254,1276430,0,16297
9/24/2023,MA,Morocco,EMRO,205,1276635,0,16297
10/1/2023,MA,Morocco,EMRO,177,1276812,0,16297
10/8/2023,MA,Morocco,EMRO,138,1276950,0,16297
10/15/2023,MA,Morocco,EMRO,132,1277082,0,16297
10/22/2023,MA,Morocco,EMRO,136,1277218,0,16297
10/29/2023,MA,Morocco,EMRO,124,1277342,0,16297
11/5/2023,MA,Morocco,EMRO,0,1277342,0,16297
11/12/2023,MA,Morocco,EMRO,196,1277538,0,16297
11/19/2023,MA,Morocco,EMRO,104,1277642,0,16297
11/26/2023,MA,Morocco,EMRO,104,1277746,0,16297
12/3/2023,MA,Morocco,EMRO,116,1277862,1,16298
12/10/2023,MA,Morocco,EMRO,94,1277956,0,16298
12/17/2023,MA,Morocco,EMRO,99,1278055,0,16298
12/24/2023,MA,Morocco,EMRO,109,1278164,0,16298
1/5/2020,MZ,Mozambique,AFRO,0,0,0,0
1/12/2020,MZ,Mozambique,AFRO,0,0,0,0
1/19/2020,MZ,Mozambique,AFRO,0,0,0,0
1/26/2020,MZ,Mozambique,AFRO,0,0,0,0
2/2/2020,MZ,Mozambique,AFRO,0,0,0,0
2/9/2020,MZ,Mozambique,AFRO,0,0,0,0
2/16/2020,MZ,Mozambique,AFRO,0,0,0,0
2/23/2020,MZ,Mozambique,AFRO,0,0,0,0
3/1/2020,MZ,Mozambique,AFRO,0,0,0,0
3/8/2020,MZ,Mozambique,AFRO,0,0,0,0
3/15/2020,MZ,Mozambique,AFRO,0,0,0,0
3/22/2020,MZ,Mozambique,AFRO,0,0,0,0
3/29/2020,MZ,Mozambique,AFRO,8,8,0,0
4/5/2020,MZ,Mozambique,AFRO,2,10,0,0
4/12/2020,MZ,Mozambique,AFRO,10,20,0,0
4/19/2020,MZ,Mozambique,AFRO,15,35,0,0
4/26/2020,MZ,Mozambique,AFRO,35,70,0,0
5/3/2020,MZ,Mozambique,AFRO,10,80,0,0
5/10/2020,MZ,Mozambique,AFRO,7,87,0,0
5/17/2020,MZ,Mozambique,AFRO,42,129,0,0
5/24/2020,MZ,Mozambique,AFRO,39,168,0,0
5/31/2020,MZ,Mozambique,AFRO,76,244,2,2
6/7/2020,MZ,Mozambique,AFRO,167,411,0,2
6/14/2020,MZ,Mozambique,AFRO,142,553,0,2
6/21/2020,MZ,Mozambique,AFRO,135,688,2,4
6/28/2020,MZ,Mozambique,AFRO,151,839,1,5
7/5/2020,MZ,Mozambique,AFRO,130,969,2,7
7/12/2020,MZ,Mozambique,AFRO,166,1135,2,9
7/19/2020,MZ,Mozambique,AFRO,300,1435,1,10
7/26/2020,MZ,Mozambique,AFRO,181,1616,1,11
8/2/2020,MZ,Mozambique,AFRO,291,1907,1,12
8/9/2020,MZ,Mozambique,AFRO,334,2241,6,18
8/16/2020,MZ,Mozambique,AFRO,550,2791,1,19
8/23/2020,MZ,Mozambique,AFRO,513,3304,1,20
8/30/2020,MZ,Mozambique,AFRO,456,3760,2,22
9/6/2020,MZ,Mozambique,AFRO,581,4341,4,26
9/13/2020,MZ,Mozambique,AFRO,699,5040,9,35
9/20/2020,MZ,Mozambique,AFRO,1497,6537,6,41
9/27/2020,MZ,Mozambique,AFRO,1220,7757,13,54
10/4/2020,MZ,Mozambique,AFRO,1292,9049,10,64
10/11/2020,MZ,Mozambique,AFRO,795,9844,7,71
10/18/2020,MZ,Mozambique,AFRO,863,10707,3,74
10/25/2020,MZ,Mozambique,AFRO,1188,11895,11,85
11/1/2020,MZ,Mozambique,AFRO,974,12869,7,92
11/8/2020,MZ,Mozambique,AFRO,708,13577,7,99
11/15/2020,MZ,Mozambique,AFRO,763,14340,11,110
11/22/2020,MZ,Mozambique,AFRO,641,14981,13,123
11/29/2020,MZ,Mozambique,AFRO,605,15586,6,129
12/6/2020,MZ,Mozambique,AFRO,547,16133,4,133
12/13/2020,MZ,Mozambique,AFRO,679,16812,7,140
12/20/2020,MZ,Mozambique,AFRO,665,17477,7,147
12/27/2020,MZ,Mozambique,AFRO,685,18162,12,159
1/3/2021,MZ,Mozambique,AFRO,806,18968,9,168
1/10/2021,MZ,Mozambique,AFRO,2393,21361,19,187
1/17/2021,MZ,Mozambique,AFRO,4501,25862,47,234
1/24/2021,MZ,Mozambique,AFRO,5766,31628,63,297
1/31/2021,MZ,Mozambique,AFRO,6077,37705,66,363
2/7/2021,MZ,Mozambique,AFRO,6407,44112,88,451
2/14/2021,MZ,Mozambique,AFRO,5339,49451,74,525
2/21/2021,MZ,Mozambique,AFRO,5517,54968,62,587
2/28/2021,MZ,Mozambique,AFRO,3804,58772,43,630
3/7/2021,MZ,Mozambique,AFRO,3359,62131,56,686
3/14/2021,MZ,Mozambique,AFRO,2165,64296,36,722
3/21/2021,MZ,Mozambique,AFRO,1768,66064,24,746
3/28/2021,MZ,Mozambique,AFRO,947,67011,16,762
4/4/2021,MZ,Mozambique,AFRO,994,68005,20,782
4/11/2021,MZ,Mozambique,AFRO,573,68578,7,789
4/18/2021,MZ,Mozambique,AFRO,556,69134,9,798
4/25/2021,MZ,Mozambique,AFRO,509,69643,9,807
5/2/2021,MZ,Mozambique,AFRO,322,69965,7,814
5/9/2021,MZ,Mozambique,AFRO,201,70166,7,821
5/16/2021,MZ,Mozambique,AFRO,244,70410,5,826
5/23/2021,MZ,Mozambique,AFRO,158,70568,5,831
5/30/2021,MZ,Mozambique,AFRO,156,70724,5,836
6/6/2021,MZ,Mozambique,AFRO,358,71082,1,837
6/13/2021,MZ,Mozambique,AFRO,379,71461,3,840
6/20/2021,MZ,Mozambique,AFRO,906,72367,7,847
6/27/2021,MZ,Mozambique,AFRO,2337,74704,20,867
7/4/2021,MZ,Mozambique,AFRO,4509,79213,30,897
7/11/2021,MZ,Mozambique,AFRO,8722,87935,65,962
7/18/2021,MZ,Mozambique,AFRO,10217,98152,137,1099
7/25/2021,MZ,Mozambique,AFRO,10608,108760,158,1257
8/1/2021,MZ,Mozambique,AFRO,13268,122028,177,1434
8/8/2021,MZ,Mozambique,AFRO,9771,131799,166,1600
8/15/2021,MZ,Mozambique,AFRO,6545,138344,107,1707
8/22/2021,MZ,Mozambique,AFRO,4179,142523,78,1785
8/29/2021,MZ,Mozambique,AFRO,3201,145724,57,1842
9/5/2021,MZ,Mozambique,AFRO,2061,147785,35,1877
9/12/2021,MZ,Mozambique,AFRO,1303,149088,15,1892
9/19/2021,MZ,Mozambique,AFRO,893,149981,11,1903
9/26/2021,MZ,Mozambique,AFRO,513,150494,6,1909
10/3/2021,MZ,Mozambique,AFRO,296,150790,9,1918
10/10/2021,MZ,Mozambique,AFRO,173,150963,4,1922
10/17/2021,MZ,Mozambique,AFRO,134,151097,3,1925
10/24/2021,MZ,Mozambique,AFRO,123,151220,3,1928
10/31/2021,MZ,Mozambique,AFRO,68,151288,2,1930
11/7/2021,MZ,Mozambique,AFRO,79,151367,4,1934
11/14/2021,MZ,Mozambique,AFRO,55,151422,0,1934
11/21/2021,MZ,Mozambique,AFRO,66,151488,2,1936
11/28/2021,MZ,Mozambique,AFRO,32,151520,4,1940
12/5/2021,MZ,Mozambique,AFRO,348,151868,1,1941
12/12/2021,MZ,Mozambique,AFRO,1540,153408,1,1942
12/19/2021,MZ,Mozambique,AFRO,5955,159363,8,1950
12/26/2021,MZ,Mozambique,AFRO,5499,164862,10,1960
1/2/2022,MZ,Mozambique,AFRO,26860,191722,52,2012
1/9/2022,MZ,Mozambique,AFRO,17667,209389,65,2077
1/16/2022,MZ,Mozambique,AFRO,9408,218797,46,2123
1/23/2022,MZ,Mozambique,AFRO,3618,222415,30,2153
1/30/2022,MZ,Mozambique,AFRO,1323,223738,14,2167
2/6/2022,MZ,Mozambique,AFRO,571,224309,16,2183
2/13/2022,MZ,Mozambique,AFRO,344,224653,6,2189
2/20/2022,MZ,Mozambique,AFRO,229,224882,0,2189
2/27/2022,MZ,Mozambique,AFRO,154,225036,3,2192
3/6/2022,MZ,Mozambique,AFRO,99,225135,4,2196
3/13/2022,MZ,Mozambique,AFRO,38,225173,2,2198
3/20/2022,MZ,Mozambique,AFRO,33,225206,1,2199
3/27/2022,MZ,Mozambique,AFRO,31,225237,1,2200
4/3/2022,MZ,Mozambique,AFRO,27,225264,0,2200
4/10/2022,MZ,Mozambique,AFRO,16,225280,0,2200
4/17/2022,MZ,Mozambique,AFRO,43,225323,0,2200
4/24/2022,MZ,Mozambique,AFRO,35,225358,1,2201
5/1/2022,MZ,Mozambique,AFRO,29,225387,0,2201
5/8/2022,MZ,Mozambique,AFRO,32,225419,0,2201
5/15/2022,MZ,Mozambique,AFRO,74,225493,0,2201
5/22/2022,MZ,Mozambique,AFRO,70,225563,0,2201
5/29/2022,MZ,Mozambique,AFRO,138,225701,2,2203
6/5/2022,MZ,Mozambique,AFRO,232,225933,1,2204
6/12/2022,MZ,Mozambique,AFRO,392,226325,2,2206
6/19/2022,MZ,Mozambique,AFRO,758,227083,3,2209
6/26/2022,MZ,Mozambique,AFRO,444,227527,3,2212
7/3/2022,MZ,Mozambique,AFRO,495,228022,0,2212
7/10/2022,MZ,Mozambique,AFRO,617,228639,1,2213
7/17/2022,MZ,Mozambique,AFRO,381,229020,2,2215
7/24/2022,MZ,Mozambique,AFRO,331,229351,0,2215
7/31/2022,MZ,Mozambique,AFRO,213,229564,0,2215
8/7/2022,MZ,Mozambique,AFRO,132,229696,1,2216
8/14/2022,MZ,Mozambique,AFRO,182,229878,3,2219
8/21/2022,MZ,Mozambique,AFRO,114,229992,0,2219
8/28/2022,MZ,Mozambique,AFRO,72,230064,1,2220
9/4/2022,MZ,Mozambique,AFRO,61,230125,0,2220
9/11/2022,MZ,Mozambique,AFRO,46,230171,2,2222
9/18/2022,MZ,Mozambique,AFRO,48,230219,0,2222
9/25/2022,MZ,Mozambique,AFRO,0,230219,0,2222
10/2/2022,MZ,Mozambique,AFRO,93,230312,0,2222
10/9/2022,MZ,Mozambique,AFRO,58,230370,2,2224
10/16/2022,MZ,Mozambique,AFRO,31,230401,0,2224
10/23/2022,MZ,Mozambique,AFRO,30,230431,0,2224
10/30/2022,MZ,Mozambique,AFRO,44,230475,0,2224
11/6/2022,MZ,Mozambique,AFRO,24,230499,0,2224
11/13/2022,MZ,Mozambique,AFRO,44,230543,0,2224
11/20/2022,MZ,Mozambique,AFRO,47,230590,0,2224
11/27/2022,MZ,Mozambique,AFRO,34,230624,2,2226
12/4/2022,MZ,Mozambique,AFRO,91,230715,0,2226
12/11/2022,MZ,Mozambique,AFRO,101,230816,3,2229
12/18/2022,MZ,Mozambique,AFRO,102,230918,0,2229
12/25/2022,MZ,Mozambique,AFRO,52,230970,1,2230
1/1/2023,MZ,Mozambique,AFRO,69,231039,2,2232
1/8/2023,MZ,Mozambique,AFRO,180,231219,0,2232
1/15/2023,MZ,Mozambique,AFRO,185,231404,0,2232
1/22/2023,MZ,Mozambique,AFRO,590,231994,1,2233
1/29/2023,MZ,Mozambique,AFRO,516,232510,3,2236
2/5/2023,MZ,Mozambique,AFRO,309,232819,1,2237
2/12/2023,MZ,Mozambique,AFRO,184,233003,2,2239
2/19/2023,MZ,Mozambique,AFRO,95,233098,3,2242
2/26/2023,MZ,Mozambique,AFRO,50,233148,0,2242
3/5/2023,MZ,Mozambique,AFRO,66,233214,0,2242
3/12/2023,MZ,Mozambique,AFRO,0,233214,0,2242
3/19/2023,MZ,Mozambique,AFRO,0,233214,0,2242
3/26/2023,MZ,Mozambique,AFRO,120,233334,0,2242
4/2/2023,MZ,Mozambique,AFRO,9,233343,0,2242
4/9/2023,MZ,Mozambique,AFRO,27,233370,0,2242
4/16/2023,MZ,Mozambique,AFRO,12,233382,0,2242
4/23/2023,MZ,Mozambique,AFRO,16,233398,0,2242
4/30/2023,MZ,Mozambique,AFRO,19,233417,1,2243
5/7/2023,MZ,Mozambique,AFRO,0,233417,0,2243
5/14/2023,MZ,Mozambique,AFRO,0,233417,0,2243
5/21/2023,MZ,Mozambique,AFRO,0,233417,0,2243
5/28/2023,MZ,Mozambique,AFRO,0,233417,0,2243
6/4/2023,MZ,Mozambique,AFRO,0,233417,0,2243
6/11/2023,MZ,Mozambique,AFRO,0,233417,0,2243
6/18/2023,MZ,Mozambique,AFRO,0,233417,0,2243
6/25/2023,MZ,Mozambique,AFRO,0,233417,0,2243
7/2/2023,MZ,Mozambique,AFRO,0,233417,0,2243
7/9/2023,MZ,Mozambique,AFRO,0,233417,0,2243
7/16/2023,MZ,Mozambique,AFRO,0,233417,0,2243
7/23/2023,MZ,Mozambique,AFRO,0,233417,0,2243
7/30/2023,MZ,Mozambique,AFRO,0,233417,0,2243
8/6/2023,MZ,Mozambique,AFRO,0,233417,0,2243
8/13/2023,MZ,Mozambique,AFRO,214,233631,6,2249
8/20/2023,MZ,Mozambique,AFRO,3,233634,0,2249
8/27/2023,MZ,Mozambique,AFRO,4,233638,0,2249
9/3/2023,MZ,Mozambique,AFRO,4,233642,0,2249
9/10/2023,MZ,Mozambique,AFRO,3,233645,0,2249
9/17/2023,MZ,Mozambique,AFRO,4,233649,0,2249
9/24/2023,MZ,Mozambique,AFRO,2,233651,0,2249
10/1/2023,MZ,Mozambique,AFRO,1,233652,0,2249
10/8/2023,MZ,Mozambique,AFRO,2,233654,0,2249
10/15/2023,MZ,Mozambique,AFRO,4,233658,0,2249
10/22/2023,MZ,Mozambique,AFRO,1,233659,0,2249
10/29/2023,MZ,Mozambique,AFRO,3,233662,0,2249
11/5/2023,MZ,Mozambique,AFRO,2,233664,1,2250
11/12/2023,MZ,Mozambique,AFRO,4,233668,0,2250
11/19/2023,MZ,Mozambique,AFRO,12,233680,0,2250
11/26/2023,MZ,Mozambique,AFRO,31,233711,0,2250
12/3/2023,MZ,Mozambique,AFRO,9,233720,0,2250
12/10/2023,MZ,Mozambique,AFRO,11,233731,0,2250
12/17/2023,MZ,Mozambique,AFRO,0,233731,0,2250
12/24/2023,MZ,Mozambique,AFRO,0,233731,0,2250
1/5/2020,MM,Myanmar,SEARO,0,0,0,0
1/12/2020,MM,Myanmar,SEARO,0,0,0,0
1/19/2020,MM,Myanmar,SEARO,0,0,0,0
1/26/2020,MM,Myanmar,SEARO,0,0,0,0
2/2/2020,MM,Myanmar,SEARO,0,0,0,0
2/9/2020,MM,Myanmar,SEARO,0,0,0,0
2/16/2020,MM,Myanmar,SEARO,0,0,0,0
2/23/2020,MM,Myanmar,SEARO,0,0,0,0
3/1/2020,MM,Myanmar,SEARO,0,0,0,0
3/8/2020,MM,Myanmar,SEARO,0,0,0,0
3/15/2020,MM,Myanmar,SEARO,0,0,0,0
3/22/2020,MM,Myanmar,SEARO,0,0,0,0
3/29/2020,MM,Myanmar,SEARO,8,8,0,0
4/5/2020,MM,Myanmar,SEARO,13,21,1,1
4/12/2020,MM,Myanmar,SEARO,17,38,2,3
4/19/2020,MM,Myanmar,SEARO,69,107,2,5
4/26/2020,MM,Myanmar,SEARO,39,146,0,5
5/3/2020,MM,Myanmar,SEARO,5,151,1,6
5/10/2020,MM,Myanmar,SEARO,27,178,0,6
5/17/2020,MM,Myanmar,SEARO,6,184,0,6
5/24/2020,MM,Myanmar,SEARO,17,201,0,6
5/31/2020,MM,Myanmar,SEARO,23,224,0,6
6/7/2020,MM,Myanmar,SEARO,18,242,0,6
6/14/2020,MM,Myanmar,SEARO,19,261,0,6
6/21/2020,MM,Myanmar,SEARO,29,290,0,6
6/28/2020,MM,Myanmar,SEARO,9,299,0,6
7/5/2020,MM,Myanmar,SEARO,14,313,0,6
7/12/2020,MM,Myanmar,SEARO,18,331,0,6
7/19/2020,MM,Myanmar,SEARO,10,341,0,6
7/26/2020,MM,Myanmar,SEARO,9,350,0,6
8/2/2020,MM,Myanmar,SEARO,3,353,0,6
8/9/2020,MM,Myanmar,SEARO,7,360,0,6
8/16/2020,MM,Myanmar,SEARO,14,374,0,6
8/23/2020,MM,Myanmar,SEARO,70,444,0,6
8/30/2020,MM,Myanmar,SEARO,331,775,0,6
9/6/2020,MM,Myanmar,SEARO,644,1419,2,8
9/13/2020,MM,Myanmar,SEARO,1513,2932,12,20
9/20/2020,MM,Myanmar,SEARO,2331,5263,69,89
9/27/2020,MM,Myanmar,SEARO,4728,9991,109,198
10/4/2020,MM,Myanmar,SEARO,6512,16503,173,371
10/11/2020,MM,Myanmar,SEARO,9561,26064,227,598
10/18/2020,MM,Myanmar,SEARO,8811,34875,240,838
10/25/2020,MM,Myanmar,SEARO,8913,43788,228,1066
11/1/2020,MM,Myanmar,SEARO,8918,52706,171,1237
11/8/2020,MM,Myanmar,SEARO,7642,60348,159,1396
11/15/2020,MM,Myanmar,SEARO,7530,67878,156,1552
11/22/2020,MM,Myanmar,SEARO,9970,77848,170,1722
11/29/2020,MM,Myanmar,SEARO,10129,87977,165,1887
12/6/2020,MM,Myanmar,SEARO,10070,98047,194,2081
12/13/2020,MM,Myanmar,SEARO,9168,107215,164,2245
12/20/2020,MM,Myanmar,SEARO,7972,115187,179,2424
12/27/2020,MM,Myanmar,SEARO,6699,121886,177,2601
1/3/2021,MM,Myanmar,SEARO,4459,126345,127,2728
1/10/2021,MM,Myanmar,SEARO,4259,130604,118,2846
1/17/2021,MM,Myanmar,SEARO,3714,134318,109,2955
1/24/2021,MM,Myanmar,SEARO,3256,137574,107,3062
1/31/2021,MM,Myanmar,SEARO,2571,140145,69,3131
2/7/2021,MM,Myanmar,SEARO,1159,141304,37,3168
2/14/2021,MM,Myanmar,SEARO,297,141601,21,3189
2/21/2021,MM,Myanmar,SEARO,149,141750,7,3196
2/28/2021,MM,Myanmar,SEARO,146,141896,3,3199
3/7/2021,MM,Myanmar,SEARO,138,142034,1,3200
3/14/2021,MM,Myanmar,SEARO,113,142147,2,3202
3/21/2021,MM,Myanmar,SEARO,65,142212,2,3204
3/28/2021,MM,Myanmar,SEARO,173,142385,2,3206
4/4/2021,MM,Myanmar,SEARO,126,142511,0,3206
4/11/2021,MM,Myanmar,SEARO,76,142587,0,3206
4/18/2021,MM,Myanmar,SEARO,57,142644,0,3206
4/25/2021,MM,Myanmar,SEARO,78,142722,1,3207
5/2/2021,MM,Myanmar,SEARO,116,142838,2,3209
5/9/2021,MM,Myanmar,SEARO,116,142954,1,3210
5/16/2021,MM,Myanmar,SEARO,111,143065,2,3212
5/23/2021,MM,Myanmar,SEARO,169,143234,4,3216
5/30/2021,MM,Myanmar,SEARO,337,143571,0,3216
6/6/2021,MM,Myanmar,SEARO,746,144317,9,3225
6/13/2021,MM,Myanmar,SEARO,1286,145603,19,3244
6/20/2021,MM,Myanmar,SEARO,2419,148022,18,3262
6/27/2021,MM,Myanmar,SEARO,5138,153160,35,3297
7/4/2021,MM,Myanmar,SEARO,12245,165405,122,3419
7/11/2021,MM,Myanmar,SEARO,26808,192213,419,3838
7/18/2021,MM,Myanmar,SEARO,37308,229521,1162,5000
7/25/2021,MM,Myanmar,SEARO,40004,269525,2111,7111
8/1/2021,MM,Myanmar,SEARO,33140,302665,2620,9731
8/8/2021,MM,Myanmar,SEARO,26851,329516,2045,11776
8/15/2021,MM,Myanmar,SEARO,24763,354279,1487,13263
8/22/2021,MM,Myanmar,SEARO,19406,373685,1111,14374
8/29/2021,MM,Myanmar,SEARO,18615,392300,809,15183
9/5/2021,MM,Myanmar,SEARO,23116,415416,708,15891
9/12/2021,MM,Myanmar,SEARO,16417,431833,639,16530
9/19/2021,MM,Myanmar,SEARO,14740,446573,543,17073
9/26/2021,MM,Myanmar,SEARO,11581,458154,454,17527
10/3/2021,MM,Myanmar,SEARO,10309,468463,356,17883
10/10/2021,MM,Myanmar,SEARO,10188,478651,251,18134
10/17/2021,MM,Myanmar,SEARO,9202,487853,225,18359
10/24/2021,MM,Myanmar,SEARO,6410,494263,179,18538
10/31/2021,MM,Myanmar,SEARO,5810,500073,159,18697
11/7/2021,MM,Myanmar,SEARO,6743,506816,124,18821
11/14/2021,MM,Myanmar,SEARO,6446,513262,108,18929
11/21/2021,MM,Myanmar,SEARO,4660,517922,96,19025
11/28/2021,MM,Myanmar,SEARO,3639,521561,63,19088
12/5/2021,MM,Myanmar,SEARO,2846,524407,53,19141
12/12/2021,MM,Myanmar,SEARO,2254,526661,42,19183
12/19/2021,MM,Myanmar,SEARO,1592,528253,37,19220
12/26/2021,MM,Myanmar,SEARO,1360,529613,34,19254
1/2/2022,MM,Myanmar,SEARO,1412,531025,20,19274
1/9/2022,MM,Myanmar,SEARO,1037,532062,17,19291
1/16/2022,MM,Myanmar,SEARO,1082,533144,11,19302
1/23/2022,MM,Myanmar,SEARO,927,534071,8,19310
1/30/2022,MM,Myanmar,SEARO,1183,535254,0,19310
2/6/2022,MM,Myanmar,SEARO,2647,537901,0,19310
2/13/2022,MM,Myanmar,SEARO,8870,546771,0,19310
2/20/2022,MM,Myanmar,SEARO,18896,565667,21,19331
2/27/2022,MM,Myanmar,SEARO,20531,586198,34,19365
3/6/2022,MM,Myanmar,SEARO,12248,598446,24,19389
3/13/2022,MM,Myanmar,SEARO,6901,605347,20,19409
3/20/2022,MM,Myanmar,SEARO,3643,608990,16,19425
3/27/2022,MM,Myanmar,SEARO,1868,610858,5,19430
4/3/2022,MM,Myanmar,SEARO,1017,611875,3,19433
4/10/2022,MM,Myanmar,SEARO,466,612341,1,19434
4/17/2022,MM,Myanmar,SEARO,224,612565,0,19434
4/24/2022,MM,Myanmar,SEARO,184,612749,0,19434
5/1/2022,MM,Myanmar,SEARO,151,612900,0,19434
5/8/2022,MM,Myanmar,SEARO,153,613053,0,19434
5/15/2022,MM,Myanmar,SEARO,87,613140,0,19434
5/22/2022,MM,Myanmar,SEARO,82,613222,0,19434
5/29/2022,MM,Myanmar,SEARO,93,613315,0,19434
6/5/2022,MM,Myanmar,SEARO,67,613382,0,19434
6/12/2022,MM,Myanmar,SEARO,61,613443,0,19434
6/19/2022,MM,Myanmar,SEARO,47,613490,0,19434
6/26/2022,MM,Myanmar,SEARO,66,613556,0,19434
7/3/2022,MM,Myanmar,SEARO,92,613648,0,19434
7/10/2022,MM,Myanmar,SEARO,88,613736,0,19434
7/17/2022,MM,Myanmar,SEARO,80,613816,0,19434
7/24/2022,MM,Myanmar,SEARO,135,613951,0,19434
7/31/2022,MM,Myanmar,SEARO,141,614092,0,19434
8/7/2022,MM,Myanmar,SEARO,106,614198,0,19434
8/14/2022,MM,Myanmar,SEARO,191,614389,1,19435
8/21/2022,MM,Myanmar,SEARO,265,614654,2,19437
8/28/2022,MM,Myanmar,SEARO,308,614962,0,19437
9/4/2022,MM,Myanmar,SEARO,597,615559,3,19440
9/11/2022,MM,Myanmar,SEARO,1293,616852,2,19442
9/18/2022,MM,Myanmar,SEARO,2046,618898,4,19446
9/25/2022,MM,Myanmar,SEARO,2504,621402,9,19455
10/2/2022,MM,Myanmar,SEARO,2512,623914,6,19461
10/9/2022,MM,Myanmar,SEARO,2544,626458,6,19467
10/16/2022,MM,Myanmar,SEARO,2119,628577,3,19470
10/23/2022,MM,Myanmar,SEARO,2026,630603,6,19476
10/30/2022,MM,Myanmar,SEARO,1022,631625,6,19482
11/6/2022,MM,Myanmar,SEARO,649,632274,3,19485
11/13/2022,MM,Myanmar,SEARO,405,632679,1,19486
11/20/2022,MM,Myanmar,SEARO,326,633005,1,19487
11/27/2022,MM,Myanmar,SEARO,162,633167,1,19488
12/4/2022,MM,Myanmar,SEARO,151,633318,0,19488
12/11/2022,MM,Myanmar,SEARO,139,633457,0,19488
12/18/2022,MM,Myanmar,SEARO,98,633555,0,19488
12/25/2022,MM,Myanmar,SEARO,57,633612,2,19490
1/1/2023,MM,Myanmar,SEARO,73,633685,0,19490
1/8/2023,MM,Myanmar,SEARO,32,633717,0,19490
1/15/2023,MM,Myanmar,SEARO,33,633750,0,19490
1/22/2023,MM,Myanmar,SEARO,51,633801,0,19490
1/29/2023,MM,Myanmar,SEARO,18,633819,0,19490
2/5/2023,MM,Myanmar,SEARO,23,633842,0,19490
2/12/2023,MM,Myanmar,SEARO,24,633866,0,19490
2/19/2023,MM,Myanmar,SEARO,35,633901,0,19490
2/26/2023,MM,Myanmar,SEARO,10,633911,0,19490
3/5/2023,MM,Myanmar,SEARO,35,633946,0,19490
3/12/2023,MM,Myanmar,SEARO,9,633955,0,19490
3/19/2023,MM,Myanmar,SEARO,37,633992,0,19490
3/26/2023,MM,Myanmar,SEARO,81,634073,0,19490
4/2/2023,MM,Myanmar,SEARO,12,634085,0,19490
4/9/2023,MM,Myanmar,SEARO,13,634098,0,19490
4/16/2023,MM,Myanmar,SEARO,62,634160,0,19490
4/23/2023,MM,Myanmar,SEARO,189,634349,0,19490
4/30/2023,MM,Myanmar,SEARO,528,634877,2,19492
5/7/2023,MM,Myanmar,SEARO,1154,636031,0,19492
5/14/2023,MM,Myanmar,SEARO,1218,637249,2,19494
5/21/2023,MM,Myanmar,SEARO,785,638034,0,19494
5/28/2023,MM,Myanmar,SEARO,634,638668,0,19494
6/4/2023,MM,Myanmar,SEARO,507,639175,0,19494
6/11/2023,MM,Myanmar,SEARO,487,639662,0,19494
6/18/2023,MM,Myanmar,SEARO,387,640049,0,19494
6/25/2023,MM,Myanmar,SEARO,253,640302,0,19494
7/2/2023,MM,Myanmar,SEARO,194,640496,0,19494
7/9/2023,MM,Myanmar,SEARO,263,640759,0,19494
7/16/2023,MM,Myanmar,SEARO,127,640886,0,19494
7/23/2023,MM,Myanmar,SEARO,91,640977,0,19494
7/30/2023,MM,Myanmar,SEARO,79,641056,0,19494
8/6/2023,MM,Myanmar,SEARO,34,641090,0,19494
8/13/2023,MM,Myanmar,SEARO,41,641131,0,19494
8/20/2023,MM,Myanmar,SEARO,17,641148,0,19494
8/27/2023,MM,Myanmar,SEARO,19,641167,0,19494
9/3/2023,MM,Myanmar,SEARO,21,641188,0,19494
9/10/2023,MM,Myanmar,SEARO,26,641214,0,19494
9/17/2023,MM,Myanmar,SEARO,11,641225,0,19494
9/24/2023,MM,Myanmar,SEARO,28,641253,0,19494
10/1/2023,MM,Myanmar,SEARO,27,641280,0,19494
10/8/2023,MM,Myanmar,SEARO,27,641307,0,19494
10/15/2023,MM,Myanmar,SEARO,17,641324,0,19494
10/22/2023,MM,Myanmar,SEARO,11,641335,0,19494
10/29/2023,MM,Myanmar,SEARO,6,641341,0,19494
11/5/2023,MM,Myanmar,SEARO,15,641356,0,19494
11/12/2023,MM,Myanmar,SEARO,10,641366,0,19494
11/19/2023,MM,Myanmar,SEARO,8,641374,0,19494
11/26/2023,MM,Myanmar,SEARO,2,641376,0,19494
12/3/2023,MM,Myanmar,SEARO,7,641383,0,19494
12/10/2023,MM,Myanmar,SEARO,3,641386,0,19494
12/17/2023,MM,Myanmar,SEARO,7,641393,0,19494
12/24/2023,MM,Myanmar,SEARO,29,641422,0,19494
1/5/2020,NA,Namibia,AFRO,0,0,0,0
1/12/2020,NA,Namibia,AFRO,0,0,0,0
1/19/2020,NA,Namibia,AFRO,0,0,0,0
1/26/2020,NA,Namibia,AFRO,0,0,0,0
2/2/2020,NA,Namibia,AFRO,0,0,0,0
2/9/2020,NA,Namibia,AFRO,0,0,0,0
2/16/2020,NA,Namibia,AFRO,0,0,0,0
2/23/2020,NA,Namibia,AFRO,0,0,0,0
3/1/2020,NA,Namibia,AFRO,0,0,0,0
3/8/2020,NA,Namibia,AFRO,0,0,0,0
3/15/2020,NA,Namibia,AFRO,2,2,0,0
3/22/2020,NA,Namibia,AFRO,1,3,0,0
3/29/2020,NA,Namibia,AFRO,8,11,0,0
4/5/2020,NA,Namibia,AFRO,5,16,0,0
4/12/2020,NA,Namibia,AFRO,0,16,0,0
4/19/2020,NA,Namibia,AFRO,0,16,0,0
4/26/2020,NA,Namibia,AFRO,0,16,0,0
5/3/2020,NA,Namibia,AFRO,0,16,0,0
5/10/2020,NA,Namibia,AFRO,0,16,0,0
5/17/2020,NA,Namibia,AFRO,0,16,0,0
5/24/2020,NA,Namibia,AFRO,4,20,0,0
5/31/2020,NA,Namibia,AFRO,3,23,0,0
6/7/2020,NA,Namibia,AFRO,6,29,0,0
6/14/2020,NA,Namibia,AFRO,3,32,0,0
6/21/2020,NA,Namibia,AFRO,13,45,0,0
6/28/2020,NA,Namibia,AFRO,91,136,0,0
7/5/2020,NA,Namibia,AFRO,276,412,0,0
7/12/2020,NA,Namibia,AFRO,373,785,1,1
7/19/2020,NA,Namibia,AFRO,558,1343,3,4
7/26/2020,NA,Namibia,AFRO,431,1774,3,7
8/2/2020,NA,Namibia,AFRO,520,2294,3,10
8/9/2020,NA,Namibia,AFRO,655,2949,8,18
8/16/2020,NA,Namibia,AFRO,1205,4154,18,36
8/23/2020,NA,Namibia,AFRO,1700,5854,18,54
8/30/2020,NA,Namibia,AFRO,1511,7365,24,78
9/6/2020,NA,Namibia,AFRO,1320,8685,12,90
9/13/2020,NA,Namibia,AFRO,1034,9719,17,107
9/20/2020,NA,Namibia,AFRO,658,10377,20,127
9/27/2020,NA,Namibia,AFRO,656,11033,3,130
10/4/2020,NA,Namibia,AFRO,593,11626,5,135
10/11/2020,NA,Namibia,AFRO,310,11936,3,138
10/18/2020,NA,Namibia,AFRO,357,12293,3,141
10/25/2020,NA,Namibia,AFRO,367,12660,1,142
11/1/2020,NA,Namibia,AFRO,328,12988,0,142
11/8/2020,NA,Namibia,AFRO,223,13211,2,144
11/15/2020,NA,Namibia,AFRO,297,13508,4,148
11/22/2020,NA,Namibia,AFRO,357,13865,6,154
11/29/2020,NA,Namibia,AFRO,480,14345,7,161
12/6/2020,NA,Namibia,AFRO,733,15078,3,164
12/13/2020,NA,Namibia,AFRO,1458,16536,7,171
12/20/2020,NA,Namibia,AFRO,2178,18714,9,180
12/27/2020,NA,Namibia,AFRO,3209,21923,15,195
1/3/2021,NA,Namibia,AFRO,3184,25107,21,216
1/10/2021,NA,Namibia,AFRO,3152,28259,40,256
1/17/2021,NA,Namibia,AFRO,1939,30198,28,284
1/24/2021,NA,Namibia,AFRO,2213,32411,47,331
1/31/2021,NA,Namibia,AFRO,1529,33940,27,358
2/7/2021,NA,Namibia,AFRO,1034,34974,21,379
2/14/2021,NA,Namibia,AFRO,978,35952,16,395
2/21/2021,NA,Namibia,AFRO,1531,37483,14,409
2/28/2021,NA,Namibia,AFRO,1364,38847,13,422
3/7/2021,NA,Namibia,AFRO,1183,40030,34,456
3/14/2021,NA,Namibia,AFRO,1170,41200,15,471
3/21/2021,NA,Namibia,AFRO,1277,42477,28,499
3/28/2021,NA,Namibia,AFRO,1155,43632,13,512
4/4/2021,NA,Namibia,AFRO,1158,44790,25,537
4/11/2021,NA,Namibia,AFRO,737,45527,33,570
4/18/2021,NA,Namibia,AFRO,1128,46655,34,604
4/25/2021,NA,Namibia,AFRO,1121,47776,21,625
5/2/2021,NA,Namibia,AFRO,1223,48999,27,652
5/9/2021,NA,Namibia,AFRO,1071,50070,37,689
5/16/2021,NA,Namibia,AFRO,1148,51218,29,718
5/23/2021,NA,Namibia,AFRO,1728,52946,47,765
5/30/2021,NA,Namibia,AFRO,2195,55141,59,824
6/6/2021,NA,Namibia,AFRO,3566,58707,88,912
6/13/2021,NA,Namibia,AFRO,6382,65089,83,995
6/20/2021,NA,Namibia,AFRO,9593,74682,169,1164
6/27/2021,NA,Namibia,AFRO,11967,86649,281,1445
7/4/2021,NA,Namibia,AFRO,10438,97087,217,1662
7/11/2021,NA,Namibia,AFRO,9792,106879,357,2019
7/18/2021,NA,Namibia,AFRO,5945,112824,513,2532
7/25/2021,NA,Namibia,AFRO,4140,116964,302,2834
8/1/2021,NA,Namibia,AFRO,2478,119442,230,3064
8/8/2021,NA,Namibia,AFRO,1761,121203,132,3196
8/15/2021,NA,Namibia,AFRO,1342,122545,89,3285
8/22/2021,NA,Namibia,AFRO,1316,123861,60,3345
8/29/2021,NA,Namibia,AFRO,1039,124900,27,3372
9/5/2021,NA,Namibia,AFRO,759,125659,40,3412
9/12/2021,NA,Namibia,AFRO,682,126341,24,3436
9/19/2021,NA,Namibia,AFRO,559,126900,35,3471
9/26/2021,NA,Namibia,AFRO,473,127373,23,3494
10/3/2021,NA,Namibia,AFRO,489,127862,23,3517
10/10/2021,NA,Namibia,AFRO,267,128129,10,3527
10/17/2021,NA,Namibia,AFRO,224,128353,13,3540
10/24/2021,NA,Namibia,AFRO,496,128849,10,3550
10/31/2021,NA,Namibia,AFRO,89,128938,4,3554
11/7/2021,NA,Namibia,AFRO,76,129014,9,3563
11/14/2021,NA,Namibia,AFRO,46,129060,1,3564
11/21/2021,NA,Namibia,AFRO,45,129105,5,3569
11/28/2021,NA,Namibia,AFRO,55,129160,4,3573
12/5/2021,NA,Namibia,AFRO,778,129938,1,3574
12/12/2021,NA,Namibia,AFRO,3152,133090,3,3577
12/19/2021,NA,Namibia,AFRO,6428,139518,6,3583
12/26/2021,NA,Namibia,AFRO,6579,146097,28,3611
1/2/2022,NA,Namibia,AFRO,3644,149741,45,3656
1/9/2022,NA,Namibia,AFRO,3085,152826,70,3726
1/16/2022,NA,Namibia,AFRO,1710,154536,97,3823
1/23/2022,NA,Namibia,AFRO,821,155357,97,3920
1/30/2022,NA,Namibia,AFRO,483,155840,47,3967
2/6/2022,NA,Namibia,AFRO,531,156371,13,3980
2/13/2022,NA,Namibia,AFRO,418,156789,15,3995
2/20/2022,NA,Namibia,AFRO,221,157010,7,4002
2/27/2022,NA,Namibia,AFRO,200,157210,5,4007
3/6/2022,NA,Namibia,AFRO,128,157338,6,4013
3/13/2022,NA,Namibia,AFRO,100,157438,1,4014
3/20/2022,NA,Namibia,AFRO,85,157523,2,4016
3/27/2022,NA,Namibia,AFRO,88,157611,3,4019
4/3/2022,NA,Namibia,AFRO,146,157757,0,4019
4/10/2022,NA,Namibia,AFRO,139,157896,2,4021
4/17/2022,NA,Namibia,AFRO,190,158086,1,4022
4/24/2022,NA,Namibia,AFRO,272,158358,3,4025
5/1/2022,NA,Namibia,AFRO,453,158811,0,4025
5/8/2022,NA,Namibia,AFRO,408,159219,2,4027
5/15/2022,NA,Namibia,AFRO,966,160185,3,4030
5/22/2022,NA,Namibia,AFRO,2036,162221,2,4032
5/29/2022,NA,Namibia,AFRO,1167,163388,5,4037
6/5/2022,NA,Namibia,AFRO,1257,164645,3,4040
6/12/2022,NA,Namibia,AFRO,820,165465,9,4049
6/19/2022,NA,Namibia,AFRO,318,165783,5,4054
6/26/2022,NA,Namibia,AFRO,298,166081,7,4061
7/3/2022,NA,Namibia,AFRO,126,166207,4,4065
7/10/2022,NA,Namibia,AFRO,17,166224,3,4068
7/17/2022,NA,Namibia,AFRO,159,166383,1,4069
7/24/2022,NA,Namibia,AFRO,52,166435,2,4071
7/31/2022,NA,Namibia,AFRO,69,166504,2,4073
8/7/2022,NA,Namibia,AFRO,38,166542,0,4073
8/14/2022,NA,Namibia,AFRO,56,166598,1,4074
8/21/2022,NA,Namibia,AFRO,37,166635,3,4077
8/28/2022,NA,Namibia,AFRO,21,166656,0,4077
9/4/2022,NA,Namibia,AFRO,27,166683,0,4077
9/11/2022,NA,Namibia,AFRO,5,166688,0,4077
9/18/2022,NA,Namibia,AFRO,68,166756,3,4080
9/25/2022,NA,Namibia,AFRO,16,166772,0,4080
10/2/2022,NA,Namibia,AFRO,6,166778,0,4080
10/9/2022,NA,Namibia,AFRO,16,166794,0,4080
10/16/2022,NA,Namibia,AFRO,3088,169882,0,4080
10/23/2022,NA,Namibia,AFRO,9,169891,0,4080
10/30/2022,NA,Namibia,AFRO,43,169934,0,4080
11/6/2022,NA,Namibia,AFRO,11,169945,0,4080
11/13/2022,NA,Namibia,AFRO,16,169961,0,4080
11/20/2022,NA,Namibia,AFRO,33,169994,0,4080
11/27/2022,NA,Namibia,AFRO,40,170034,0,4080
12/4/2022,NA,Namibia,AFRO,66,170100,0,4080
12/11/2022,NA,Namibia,AFRO,64,170164,0,4080
12/18/2022,NA,Namibia,AFRO,53,170217,2,4082
12/25/2022,NA,Namibia,AFRO,61,170278,0,4082
1/1/2023,NA,Namibia,AFRO,74,170352,0,4082
1/8/2023,NA,Namibia,AFRO,61,170413,0,4082
1/15/2023,NA,Namibia,AFRO,66,170479,1,4083
1/22/2023,NA,Namibia,AFRO,119,170598,3,4086
1/29/2023,NA,Namibia,AFRO,126,170724,2,4088
2/5/2023,NA,Namibia,AFRO,149,170873,2,4090
2/12/2023,NA,Namibia,AFRO,186,171059,0,4090
2/19/2023,NA,Namibia,AFRO,62,171121,0,4090
2/26/2023,NA,Namibia,AFRO,35,171156,0,4090
3/5/2023,NA,Namibia,AFRO,26,171182,0,4090
3/12/2023,NA,Namibia,AFRO,26,171208,0,4090
3/19/2023,NA,Namibia,AFRO,14,171222,0,4090
3/26/2023,NA,Namibia,AFRO,0,171222,0,4090
4/2/2023,NA,Namibia,AFRO,0,171222,0,4090
4/9/2023,NA,Namibia,AFRO,0,171222,0,4090
4/16/2023,NA,Namibia,AFRO,0,171222,0,4090
4/23/2023,NA,Namibia,AFRO,0,171222,0,4090
4/30/2023,NA,Namibia,AFRO,88,171310,1,4091
5/7/2023,NA,Namibia,AFRO,0,171310,0,4091
5/14/2023,NA,Namibia,AFRO,0,171310,0,4091
5/21/2023,NA,Namibia,AFRO,0,171310,0,4091
5/28/2023,NA,Namibia,AFRO,0,171310,0,4091
6/4/2023,NA,Namibia,AFRO,0,171310,0,4091
6/11/2023,NA,Namibia,AFRO,0,171310,0,4091
6/18/2023,NA,Namibia,AFRO,507,171817,3,4094
6/25/2023,NA,Namibia,AFRO,77,171894,2,4096
7/2/2023,NA,Namibia,AFRO,37,171931,1,4097
7/9/2023,NA,Namibia,AFRO,35,171966,1,4098
7/16/2023,NA,Namibia,AFRO,32,171998,0,4098
7/23/2023,NA,Namibia,AFRO,0,171998,0,4098
7/30/2023,NA,Namibia,AFRO,0,171998,0,4098
8/6/2023,NA,Namibia,AFRO,0,171998,0,4098
8/13/2023,NA,Namibia,AFRO,0,171998,0,4098
8/20/2023,NA,Namibia,AFRO,0,171998,0,4098
8/27/2023,NA,Namibia,AFRO,0,171998,0,4098
9/3/2023,NA,Namibia,AFRO,0,171998,0,4098
9/10/2023,NA,Namibia,AFRO,0,171998,0,4098
9/17/2023,NA,Namibia,AFRO,113,172111,2,4100
9/24/2023,NA,Namibia,AFRO,5,172116,0,4100
10/1/2023,NA,Namibia,AFRO,0,172116,0,4100
10/8/2023,NA,Namibia,AFRO,2,172118,0,4100
10/15/2023,NA,Namibia,AFRO,3,172121,0,4100
10/22/2023,NA,Namibia,AFRO,2,172123,0,4100
10/29/2023,NA,Namibia,AFRO,9,172132,0,4100
11/5/2023,NA,Namibia,AFRO,6,172138,0,4100
11/12/2023,NA,Namibia,AFRO,13,172151,0,4100
11/19/2023,NA,Namibia,AFRO,19,172170,2,4102
11/26/2023,NA,Namibia,AFRO,19,172189,0,4102
12/3/2023,NA,Namibia,AFRO,19,172208,1,4103
12/10/2023,NA,Namibia,AFRO,13,172221,0,4103
12/17/2023,NA,Namibia,AFRO,0,172221,0,4103
12/24/2023,NA,Namibia,AFRO,0,172221,0,4103
1/5/2020,NR,Nauru,WPRO,0,0,0,0
1/12/2020,NR,Nauru,WPRO,0,0,0,0
1/19/2020,NR,Nauru,WPRO,0,0,0,0
1/26/2020,NR,Nauru,WPRO,0,0,0,0
2/2/2020,NR,Nauru,WPRO,0,0,0,0
2/9/2020,NR,Nauru,WPRO,0,0,0,0
2/16/2020,NR,Nauru,WPRO,0,0,0,0
2/23/2020,NR,Nauru,WPRO,0,0,0,0
3/1/2020,NR,Nauru,WPRO,0,0,0,0
3/8/2020,NR,Nauru,WPRO,0,0,0,0
3/15/2020,NR,Nauru,WPRO,0,0,0,0
3/22/2020,NR,Nauru,WPRO,0,0,0,0
3/29/2020,NR,Nauru,WPRO,0,0,0,0
4/5/2020,NR,Nauru,WPRO,0,0,0,0
4/12/2020,NR,Nauru,WPRO,0,0,0,0
4/19/2020,NR,Nauru,WPRO,0,0,0,0
4/26/2020,NR,Nauru,WPRO,0,0,0,0
5/3/2020,NR,Nauru,WPRO,0,0,0,0
5/10/2020,NR,Nauru,WPRO,0,0,0,0
5/17/2020,NR,Nauru,WPRO,0,0,0,0
5/24/2020,NR,Nauru,WPRO,0,0,0,0
5/31/2020,NR,Nauru,WPRO,0,0,0,0
6/7/2020,NR,Nauru,WPRO,0,0,0,0
6/14/2020,NR,Nauru,WPRO,0,0,0,0
6/21/2020,NR,Nauru,WPRO,0,0,0,0
6/28/2020,NR,Nauru,WPRO,0,0,0,0
7/5/2020,NR,Nauru,WPRO,0,0,0,0
7/12/2020,NR,Nauru,WPRO,0,0,0,0
7/19/2020,NR,Nauru,WPRO,0,0,0,0
7/26/2020,NR,Nauru,WPRO,0,0,0,0
8/2/2020,NR,Nauru,WPRO,0,0,0,0
8/9/2020,NR,Nauru,WPRO,0,0,0,0
8/16/2020,NR,Nauru,WPRO,0,0,0,0
8/23/2020,NR,Nauru,WPRO,0,0,0,0
8/30/2020,NR,Nauru,WPRO,0,0,0,0
9/6/2020,NR,Nauru,WPRO,0,0,0,0
9/13/2020,NR,Nauru,WPRO,0,0,0,0
9/20/2020,NR,Nauru,WPRO,0,0,0,0
9/27/2020,NR,Nauru,WPRO,0,0,0,0
10/4/2020,NR,Nauru,WPRO,0,0,0,0
10/11/2020,NR,Nauru,WPRO,0,0,0,0
10/18/2020,NR,Nauru,WPRO,0,0,0,0
10/25/2020,NR,Nauru,WPRO,0,0,0,0
11/1/2020,NR,Nauru,WPRO,0,0,0,0
11/8/2020,NR,Nauru,WPRO,0,0,0,0
11/15/2020,NR,Nauru,WPRO,0,0,0,0
11/22/2020,NR,Nauru,WPRO,0,0,0,0
11/29/2020,NR,Nauru,WPRO,0,0,0,0
12/6/2020,NR,Nauru,WPRO,0,0,0,0
12/13/2020,NR,Nauru,WPRO,0,0,0,0
12/20/2020,NR,Nauru,WPRO,0,0,0,0
12/27/2020,NR,Nauru,WPRO,0,0,0,0
1/3/2021,NR,Nauru,WPRO,0,0,0,0
1/10/2021,NR,Nauru,WPRO,0,0,0,0
1/17/2021,NR,Nauru,WPRO,0,0,0,0
1/24/2021,NR,Nauru,WPRO,0,0,0,0
1/31/2021,NR,Nauru,WPRO,0,0,0,0
2/7/2021,NR,Nauru,WPRO,0,0,0,0
2/14/2021,NR,Nauru,WPRO,0,0,0,0
2/21/2021,NR,Nauru,WPRO,0,0,0,0
2/28/2021,NR,Nauru,WPRO,0,0,0,0
3/7/2021,NR,Nauru,WPRO,0,0,0,0
3/14/2021,NR,Nauru,WPRO,0,0,0,0
3/21/2021,NR,Nauru,WPRO,0,0,0,0
3/28/2021,NR,Nauru,WPRO,0,0,0,0
4/4/2021,NR,Nauru,WPRO,0,0,0,0
4/11/2021,NR,Nauru,WPRO,0,0,0,0
4/18/2021,NR,Nauru,WPRO,0,0,0,0
4/25/2021,NR,Nauru,WPRO,0,0,0,0
5/2/2021,NR,Nauru,WPRO,0,0,0,0
5/9/2021,NR,Nauru,WPRO,0,0,0,0
5/16/2021,NR,Nauru,WPRO,0,0,0,0
5/23/2021,NR,Nauru,WPRO,0,0,0,0
5/30/2021,NR,Nauru,WPRO,0,0,0,0
6/6/2021,NR,Nauru,WPRO,0,0,0,0
6/13/2021,NR,Nauru,WPRO,0,0,0,0
6/20/2021,NR,Nauru,WPRO,0,0,0,0
6/27/2021,NR,Nauru,WPRO,0,0,0,0
7/4/2021,NR,Nauru,WPRO,0,0,0,0
7/11/2021,NR,Nauru,WPRO,0,0,0,0
7/18/2021,NR,Nauru,WPRO,0,0,0,0
7/25/2021,NR,Nauru,WPRO,0,0,0,0
8/1/2021,NR,Nauru,WPRO,0,0,0,0
8/8/2021,NR,Nauru,WPRO,0,0,0,0
8/15/2021,NR,Nauru,WPRO,0,0,0,0
8/22/2021,NR,Nauru,WPRO,0,0,0,0
8/29/2021,NR,Nauru,WPRO,0,0,0,0
9/5/2021,NR,Nauru,WPRO,0,0,0,0
9/12/2021,NR,Nauru,WPRO,0,0,0,0
9/19/2021,NR,Nauru,WPRO,0,0,0,0
9/26/2021,NR,Nauru,WPRO,0,0,0,0
10/3/2021,NR,Nauru,WPRO,0,0,0,0
10/10/2021,NR,Nauru,WPRO,0,0,0,0
10/17/2021,NR,Nauru,WPRO,0,0,0,0
10/24/2021,NR,Nauru,WPRO,0,0,0,0
10/31/2021,NR,Nauru,WPRO,0,0,0,0
11/7/2021,NR,Nauru,WPRO,0,0,0,0
11/14/2021,NR,Nauru,WPRO,0,0,0,0
11/21/2021,NR,Nauru,WPRO,0,0,0,0
11/28/2021,NR,Nauru,WPRO,0,0,0,0
12/5/2021,NR,Nauru,WPRO,0,0,0,0
12/12/2021,NR,Nauru,WPRO,0,0,0,0
12/19/2021,NR,Nauru,WPRO,0,0,0,0
12/26/2021,NR,Nauru,WPRO,0,0,0,0
1/2/2022,NR,Nauru,WPRO,0,0,0,0
1/9/2022,NR,Nauru,WPRO,0,0,0,0
1/16/2022,NR,Nauru,WPRO,0,0,0,0
1/23/2022,NR,Nauru,WPRO,0,0,0,0
1/30/2022,NR,Nauru,WPRO,0,0,0,0
2/6/2022,NR,Nauru,WPRO,0,0,0,0
2/13/2022,NR,Nauru,WPRO,0,0,0,0
2/20/2022,NR,Nauru,WPRO,0,0,0,0
2/27/2022,NR,Nauru,WPRO,0,0,0,0
3/6/2022,NR,Nauru,WPRO,0,0,0,0
3/13/2022,NR,Nauru,WPRO,0,0,0,0
3/20/2022,NR,Nauru,WPRO,0,0,0,0
3/27/2022,NR,Nauru,WPRO,0,0,0,0
4/3/2022,NR,Nauru,WPRO,2,2,0,0
4/10/2022,NR,Nauru,WPRO,1,3,0,0
4/17/2022,NR,Nauru,WPRO,0,3,0,0
4/24/2022,NR,Nauru,WPRO,0,3,0,0
5/1/2022,NR,Nauru,WPRO,0,3,0,0
5/8/2022,NR,Nauru,WPRO,0,3,0,0
5/15/2022,NR,Nauru,WPRO,0,3,0,0
5/22/2022,NR,Nauru,WPRO,0,3,0,0
5/29/2022,NR,Nauru,WPRO,0,3,0,0
6/5/2022,NR,Nauru,WPRO,0,3,0,0
6/12/2022,NR,Nauru,WPRO,0,3,0,0
6/19/2022,NR,Nauru,WPRO,347,350,0,0
6/26/2022,NR,Nauru,WPRO,2055,2405,0,0
7/3/2022,NR,Nauru,WPRO,1565,3970,1,1
7/10/2022,NR,Nauru,WPRO,365,4335,0,1
7/17/2022,NR,Nauru,WPRO,0,4335,0,1
7/24/2022,NR,Nauru,WPRO,67,4402,0,1
7/31/2022,NR,Nauru,WPRO,5,4407,0,1
8/7/2022,NR,Nauru,WPRO,2,4409,0,1
8/14/2022,NR,Nauru,WPRO,196,4605,0,1
8/21/2022,NR,Nauru,WPRO,5,4610,0,1
8/28/2022,NR,Nauru,WPRO,0,4610,0,1
9/4/2022,NR,Nauru,WPRO,0,4610,0,1
9/11/2022,NR,Nauru,WPRO,0,4610,0,1
9/18/2022,NR,Nauru,WPRO,0,4610,0,1
9/25/2022,NR,Nauru,WPRO,0,4610,0,1
10/2/2022,NR,Nauru,WPRO,0,4610,0,1
10/9/2022,NR,Nauru,WPRO,0,4610,0,1
10/16/2022,NR,Nauru,WPRO,0,4610,0,1
10/23/2022,NR,Nauru,WPRO,0,4610,0,1
10/30/2022,NR,Nauru,WPRO,0,4610,0,1
11/6/2022,NR,Nauru,WPRO,0,4610,0,1
11/13/2022,NR,Nauru,WPRO,8,4618,0,1
11/20/2022,NR,Nauru,WPRO,3,4621,0,1
11/27/2022,NR,Nauru,WPRO,0,4621,0,1
12/4/2022,NR,Nauru,WPRO,0,4621,0,1
12/11/2022,NR,Nauru,WPRO,0,4621,0,1
12/18/2022,NR,Nauru,WPRO,0,4621,0,1
12/25/2022,NR,Nauru,WPRO,0,4621,0,1
1/1/2023,NR,Nauru,WPRO,0,4621,0,1
1/8/2023,NR,Nauru,WPRO,0,4621,0,1
1/15/2023,NR,Nauru,WPRO,0,4621,0,1
1/22/2023,NR,Nauru,WPRO,0,4621,0,1
1/29/2023,NR,Nauru,WPRO,67,4688,0,1
2/5/2023,NR,Nauru,WPRO,0,4688,0,1
2/12/2023,NR,Nauru,WPRO,127,4815,0,1
2/19/2023,NR,Nauru,WPRO,306,5121,0,1
2/26/2023,NR,Nauru,WPRO,126,5247,0,1
3/5/2023,NR,Nauru,WPRO,37,5284,0,1
3/12/2023,NR,Nauru,WPRO,72,5356,0,1
3/19/2023,NR,Nauru,WPRO,37,5393,0,1
3/26/2023,NR,Nauru,WPRO,0,5393,0,1
4/2/2023,NR,Nauru,WPRO,0,5393,0,1
4/9/2023,NR,Nauru,WPRO,0,5393,0,1
4/16/2023,NR,Nauru,WPRO,0,5393,0,1
4/23/2023,NR,Nauru,WPRO,0,5393,0,1
4/30/2023,NR,Nauru,WPRO,0,5393,0,1
5/7/2023,NR,Nauru,WPRO,0,5393,0,1
5/14/2023,NR,Nauru,WPRO,0,5393,0,1
5/21/2023,NR,Nauru,WPRO,0,5393,0,1
5/28/2023,NR,Nauru,WPRO,0,5393,0,1
6/4/2023,NR,Nauru,WPRO,0,5393,0,1
6/11/2023,NR,Nauru,WPRO,0,5393,0,1
6/18/2023,NR,Nauru,WPRO,0,5393,0,1
6/25/2023,NR,Nauru,WPRO,0,5393,0,1
7/2/2023,NR,Nauru,WPRO,0,5393,0,1
7/9/2023,NR,Nauru,WPRO,0,5393,0,1
7/16/2023,NR,Nauru,WPRO,0,5393,0,1
7/23/2023,NR,Nauru,WPRO,0,5393,0,1
7/30/2023,NR,Nauru,WPRO,0,5393,0,1
8/6/2023,NR,Nauru,WPRO,0,5393,0,1
8/13/2023,NR,Nauru,WPRO,0,5393,0,1
8/20/2023,NR,Nauru,WPRO,0,5393,0,1
8/27/2023,NR,Nauru,WPRO,0,5393,0,1
9/3/2023,NR,Nauru,WPRO,0,5393,0,1
9/10/2023,NR,Nauru,WPRO,0,5393,0,1
9/17/2023,NR,Nauru,WPRO,0,5393,0,1
9/24/2023,NR,Nauru,WPRO,0,5393,0,1
10/1/2023,NR,Nauru,WPRO,0,5393,0,1
10/8/2023,NR,Nauru,WPRO,0,5393,0,1
10/15/2023,NR,Nauru,WPRO,0,5393,0,1
10/22/2023,NR,Nauru,WPRO,0,5393,0,1
10/29/2023,NR,Nauru,WPRO,0,5393,0,1
11/5/2023,NR,Nauru,WPRO,0,5393,0,1
11/12/2023,NR,Nauru,WPRO,0,5393,0,1
11/19/2023,NR,Nauru,WPRO,0,5393,0,1
11/26/2023,NR,Nauru,WPRO,0,5393,0,1
12/3/2023,NR,Nauru,WPRO,0,5393,0,1
12/10/2023,NR,Nauru,WPRO,0,5393,0,1
12/17/2023,NR,Nauru,WPRO,0,5393,0,1
12/24/2023,NR,Nauru,WPRO,0,5393,0,1
1/5/2020,NP,Nepal,SEARO,0,0,0,0
1/12/2020,NP,Nepal,SEARO,0,0,0,0
1/19/2020,NP,Nepal,SEARO,0,0,0,0
1/26/2020,NP,Nepal,SEARO,5,5,0,0
2/2/2020,NP,Nepal,SEARO,0,5,0,0
2/9/2020,NP,Nepal,SEARO,0,5,0,0
2/16/2020,NP,Nepal,SEARO,0,5,0,0
2/23/2020,NP,Nepal,SEARO,0,5,0,0
3/1/2020,NP,Nepal,SEARO,0,5,0,0
3/8/2020,NP,Nepal,SEARO,0,5,0,0
3/15/2020,NP,Nepal,SEARO,0,5,0,0
3/22/2020,NP,Nepal,SEARO,0,5,0,0
3/29/2020,NP,Nepal,SEARO,0,5,0,0
4/5/2020,NP,Nepal,SEARO,4,9,0,0
4/12/2020,NP,Nepal,SEARO,3,12,0,0
4/19/2020,NP,Nepal,SEARO,19,31,0,0
4/26/2020,NP,Nepal,SEARO,20,51,0,0
5/3/2020,NP,Nepal,SEARO,24,75,0,0
5/10/2020,NP,Nepal,SEARO,35,110,0,0
5/17/2020,NP,Nepal,SEARO,185,295,2,2
5/24/2020,NP,Nepal,SEARO,308,603,1,3
5/31/2020,NP,Nepal,SEARO,969,1572,5,8
6/7/2020,NP,Nepal,SEARO,1876,3448,6,14
6/14/2020,NP,Nepal,SEARO,2312,5760,6,20
6/21/2020,NP,Nepal,SEARO,3266,9026,4,24
6/28/2020,NP,Nepal,SEARO,3746,12772,5,29
7/5/2020,NP,Nepal,SEARO,3012,15784,7,36
7/12/2020,NP,Nepal,SEARO,1017,16801,5,41
7/19/2020,NP,Nepal,SEARO,857,17658,2,43
7/26/2020,NP,Nepal,SEARO,955,18613,5,48
8/2/2020,NP,Nepal,SEARO,1719,20332,13,61
8/9/2020,NP,Nepal,SEARO,2640,22972,19,80
8/16/2020,NP,Nepal,SEARO,3688,26660,34,114
8/23/2020,NP,Nepal,SEARO,5275,31935,50,164
8/30/2020,NP,Nepal,SEARO,6626,38561,80,244
9/6/2020,NP,Nepal,SEARO,7696,46257,83,327
9/13/2020,NP,Nepal,SEARO,7902,54159,63,390
9/20/2020,NP,Nepal,SEARO,9963,64122,82,472
9/27/2020,NP,Nepal,SEARO,9272,73394,89,561
10/4/2020,NP,Nepal,SEARO,13429,86823,98,659
10/11/2020,NP,Nepal,SEARO,20932,107755,157,816
10/18/2020,NP,Nepal,SEARO,24491,132246,176,992
10/25/2020,NP,Nepal,SEARO,25843,158089,219,1211
11/1/2020,NP,Nepal,SEARO,15478,173567,221,1432
11/8/2020,NP,Nepal,SEARO,20886,194453,230,1662
11/15/2020,NP,Nepal,SEARO,15323,209776,207,1869
11/22/2020,NP,Nepal,SEARO,10532,220308,166,2035
11/29/2020,NP,Nepal,SEARO,11670,231978,216,2251
12/6/2020,NP,Nepal,SEARO,9003,240981,168,2419
12/13/2020,NP,Nepal,SEARO,7442,248423,140,2559
12/20/2020,NP,Nepal,SEARO,5349,253772,104,2663
12/27/2020,NP,Nepal,SEARO,4409,258181,57,2720
1/3/2021,NP,Nepal,SEARO,3678,261859,65,2785
1/10/2021,NP,Nepal,SEARO,2921,264780,56,2841
1/17/2021,NP,Nepal,SEARO,2542,267322,51,2892
1/24/2021,NP,Nepal,SEARO,2128,269450,42,2934
1/31/2021,NP,Nepal,SEARO,1509,270959,28,2962
2/7/2021,NP,Nepal,SEARO,966,271925,9,2971
2/14/2021,NP,Nepal,SEARO,793,272718,16,2987
2/21/2021,NP,Nepal,SEARO,713,273431,7,2994
2/28/2021,NP,Nepal,SEARO,712,274143,13,3007
3/7/2021,NP,Nepal,SEARO,578,274721,3,3010
3/14/2021,NP,Nepal,SEARO,510,275231,4,3014
3/21/2021,NP,Nepal,SEARO,675,275906,2,3016
3/28/2021,NP,Nepal,SEARO,933,276839,11,3027
4/4/2021,NP,Nepal,SEARO,1105,277944,5,3032
4/11/2021,NP,Nepal,SEARO,2084,280028,8,3040
4/18/2021,NP,Nepal,SEARO,4645,284673,43,3083
4/25/2021,NP,Nepal,SEARO,15446,300119,81,3164
5/2/2021,NP,Nepal,SEARO,35911,336030,161,3325
5/9/2021,NP,Nepal,SEARO,58637,394667,395,3720
5/16/2021,NP,Nepal,SEARO,60353,455020,1281,5001
5/23/2021,NP,Nepal,SEARO,58221,513241,1345,6346
5/30/2021,NP,Nepal,SEARO,43883,557124,926,7272
6/6/2021,NP,Nepal,SEARO,31000,588124,626,7898
6/13/2021,NP,Nepal,SEARO,20348,608472,514,8412
6/20/2021,NP,Nepal,SEARO,12584,621056,314,8726
6/27/2021,NP,Nepal,SEARO,12623,633679,283,9009
7/4/2021,NP,Nepal,SEARO,10943,644622,216,9225
7/11/2021,NP,Nepal,SEARO,10827,655449,157,9382
7/18/2021,NP,Nepal,SEARO,11660,667109,168,9550
7/25/2021,NP,Nepal,SEARO,13447,680556,163,9713
8/1/2021,NP,Nepal,SEARO,16814,697370,162,9875
8/8/2021,NP,Nepal,SEARO,17507,714877,218,10093
8/15/2021,NP,Nepal,SEARO,17395,732272,199,10292
8/22/2021,NP,Nepal,SEARO,15161,747433,217,10509
8/29/2021,NP,Nepal,SEARO,11789,759222,205,10714
9/5/2021,NP,Nepal,SEARO,10049,769271,124,10838
9/12/2021,NP,Nepal,SEARO,7892,777163,111,10949
9/19/2021,NP,Nepal,SEARO,7403,784566,91,11040
9/26/2021,NP,Nepal,SEARO,6826,791392,56,11096
10/3/2021,NP,Nepal,SEARO,5800,797192,68,11164
10/10/2021,NP,Nepal,SEARO,5006,802198,67,11231
10/17/2021,NP,Nepal,SEARO,2839,805037,53,11284
10/24/2021,NP,Nepal,SEARO,4019,809056,64,11348
10/31/2021,NP,Nepal,SEARO,3514,812570,59,11407
11/7/2021,NP,Nepal,SEARO,1988,814558,41,11448
11/14/2021,NP,Nepal,SEARO,2408,816966,29,11477
11/21/2021,NP,Nepal,SEARO,2053,819019,19,11496
11/28/2021,NP,Nepal,SEARO,1859,820878,27,11523
12/5/2021,NP,Nepal,SEARO,1714,822592,18,11541
12/12/2021,NP,Nepal,SEARO,1630,824222,13,11554
12/19/2021,NP,Nepal,SEARO,1514,825736,19,11573
12/26/2021,NP,Nepal,SEARO,1535,827271,12,11585
1/2/2022,NP,Nepal,SEARO,1715,828986,11,11596
1/9/2022,NP,Nepal,SEARO,3603,832589,8,11604
1/16/2022,NP,Nepal,SEARO,21149,853738,16,11620
1/23/2022,NP,Nepal,SEARO,56656,910394,35,11655
1/30/2022,NP,Nepal,SEARO,40047,950441,80,11735
2/6/2022,NP,Nepal,SEARO,15964,966405,79,11814
2/13/2022,NP,Nepal,SEARO,6654,973059,78,11892
2/20/2022,NP,Nepal,SEARO,2500,975559,29,11921
2/27/2022,NP,Nepal,SEARO,1306,976865,14,11935
3/6/2022,NP,Nepal,SEARO,636,977501,12,11947
3/13/2022,NP,Nepal,SEARO,436,977937,3,11950
3/20/2022,NP,Nepal,SEARO,218,978155,0,11950
3/27/2022,NP,Nepal,SEARO,177,978332,1,11951
4/3/2022,NP,Nepal,SEARO,143,978475,0,11951
4/10/2022,NP,Nepal,SEARO,96,978571,0,11951
4/17/2022,NP,Nepal,SEARO,94,978665,0,11951
4/24/2022,NP,Nepal,SEARO,78,978743,0,11951
5/1/2022,NP,Nepal,SEARO,85,978828,0,11951
5/8/2022,NP,Nepal,SEARO,114,978942,1,11952
5/15/2022,NP,Nepal,SEARO,56,978998,0,11952
5/22/2022,NP,Nepal,SEARO,70,979068,0,11952
5/29/2022,NP,Nepal,SEARO,59,979127,0,11952
6/5/2022,NP,Nepal,SEARO,72,979199,0,11952
6/12/2022,NP,Nepal,SEARO,63,979262,0,11952
6/19/2022,NP,Nepal,SEARO,100,979362,0,11952
6/26/2022,NP,Nepal,SEARO,171,979533,0,11952
7/3/2022,NP,Nepal,SEARO,268,979801,0,11952
7/10/2022,NP,Nepal,SEARO,516,980317,0,11952
7/17/2022,NP,Nepal,SEARO,1091,981408,1,11953
7/24/2022,NP,Nepal,SEARO,2214,983622,3,11956
7/31/2022,NP,Nepal,SEARO,2974,986596,11,11967
8/7/2022,NP,Nepal,SEARO,3531,990127,4,11971
8/14/2022,NP,Nepal,SEARO,2905,993032,17,11988
8/21/2022,NP,Nepal,SEARO,2209,995241,4,11992
8/28/2022,NP,Nepal,SEARO,1593,996834,8,12000
9/4/2022,NP,Nepal,SEARO,1034,997868,7,12007
9/11/2022,NP,Nepal,SEARO,875,998743,7,12014
9/18/2022,NP,Nepal,SEARO,498,999241,2,12016
9/25/2022,NP,Nepal,SEARO,334,999575,1,12017
10/2/2022,NP,Nepal,SEARO,214,999789,1,12018
10/9/2022,NP,Nepal,SEARO,97,999886,0,12018
10/16/2022,NP,Nepal,SEARO,265,1000151,0,12018
10/23/2022,NP,Nepal,SEARO,304,1000455,0,12018
10/30/2022,NP,Nepal,SEARO,95,1000550,1,12019
11/6/2022,NP,Nepal,SEARO,184,1000734,0,12019
11/13/2022,NP,Nepal,SEARO,72,1000806,0,12019
11/20/2022,NP,Nepal,SEARO,45,1000851,0,12019
11/27/2022,NP,Nepal,SEARO,27,1000878,0,12019
12/4/2022,NP,Nepal,SEARO,31,1000909,0,12019
12/11/2022,NP,Nepal,SEARO,23,1000932,0,12019
12/18/2022,NP,Nepal,SEARO,14,1000946,0,12019
12/25/2022,NP,Nepal,SEARO,20,1000966,0,12019
1/1/2023,NP,Nepal,SEARO,36,1001002,0,12019
1/8/2023,NP,Nepal,SEARO,20,1001022,1,12020
1/15/2023,NP,Nepal,SEARO,29,1001051,0,12020
1/22/2023,NP,Nepal,SEARO,25,1001076,0,12020
1/29/2023,NP,Nepal,SEARO,20,1001096,0,12020
2/5/2023,NP,Nepal,SEARO,10,1001106,0,12020
2/12/2023,NP,Nepal,SEARO,9,1001115,0,12020
2/19/2023,NP,Nepal,SEARO,18,1001133,0,12020
2/26/2023,NP,Nepal,SEARO,7,1001140,0,12020
3/5/2023,NP,Nepal,SEARO,9,1001149,0,12020
3/12/2023,NP,Nepal,SEARO,15,1001164,0,12020
3/19/2023,NP,Nepal,SEARO,18,1001182,0,12020
3/26/2023,NP,Nepal,SEARO,41,1001223,0,12020
4/2/2023,NP,Nepal,SEARO,198,1001421,0,12020
4/9/2023,NP,Nepal,SEARO,379,1001800,0,12020
4/16/2023,NP,Nepal,SEARO,378,1002178,2,12022
4/23/2023,NP,Nepal,SEARO,420,1002598,5,12027
4/30/2023,NP,Nepal,SEARO,365,1002963,3,12030
5/7/2023,NP,Nepal,SEARO,127,1003090,1,12031
5/14/2023,NP,Nepal,SEARO,132,1003222,0,12031
5/21/2023,NP,Nepal,SEARO,72,1003294,0,12031
5/28/2023,NP,Nepal,SEARO,33,1003327,0,12031
6/4/2023,NP,Nepal,SEARO,16,1003343,0,12031
6/11/2023,NP,Nepal,SEARO,10,1003353,0,12031
6/18/2023,NP,Nepal,SEARO,8,1003361,0,12031
6/25/2023,NP,Nepal,SEARO,4,1003365,0,12031
7/2/2023,NP,Nepal,SEARO,3,1003368,0,12031
7/9/2023,NP,Nepal,SEARO,1,1003369,0,12031
7/16/2023,NP,Nepal,SEARO,1,1003370,0,12031
7/23/2023,NP,Nepal,SEARO,3,1003373,0,12031
7/30/2023,NP,Nepal,SEARO,9,1003382,0,12031
8/6/2023,NP,Nepal,SEARO,6,1003388,0,12031
8/13/2023,NP,Nepal,SEARO,6,1003394,0,12031
8/20/2023,NP,Nepal,SEARO,12,1003406,0,12031
8/27/2023,NP,Nepal,SEARO,10,1003416,0,12031
9/3/2023,NP,Nepal,SEARO,5,1003421,0,12031
9/10/2023,NP,Nepal,SEARO,3,1003424,0,12031
9/17/2023,NP,Nepal,SEARO,7,1003431,0,12031
9/24/2023,NP,Nepal,SEARO,7,1003438,0,12031
10/1/2023,NP,Nepal,SEARO,3,1003441,0,12031
10/8/2023,NP,Nepal,SEARO,3,1003444,0,12031
10/15/2023,NP,Nepal,SEARO,3,1003447,0,12031
10/22/2023,NP,Nepal,SEARO,3,1003450,0,12031
10/29/2023,NP,Nepal,SEARO,0,1003450,0,12031
11/5/2023,NP,Nepal,SEARO,0,1003450,0,12031
11/12/2023,NP,Nepal,SEARO,0,1003450,0,12031
11/19/2023,NP,Nepal,SEARO,0,1003450,0,12031
11/26/2023,NP,Nepal,SEARO,0,1003450,0,12031
12/3/2023,NP,Nepal,SEARO,0,1003450,0,12031
12/10/2023,NP,Nepal,SEARO,0,1003450,0,12031
12/17/2023,NP,Nepal,SEARO,0,1003450,0,12031
12/24/2023,NP,Nepal,SEARO,0,1003450,0,12031
1/5/2020,NL,Netherlands (Kingdom of the),EURO,0,0,0,0
1/12/2020,NL,Netherlands (Kingdom of the),EURO,0,0,0,0
1/19/2020,NL,Netherlands (Kingdom of the),EURO,0,0,0,0
1/26/2020,NL,Netherlands (Kingdom of the),EURO,0,0,0,0
2/2/2020,NL,Netherlands (Kingdom of the),EURO,0,0,0,0
2/9/2020,NL,Netherlands (Kingdom of the),EURO,0,0,0,0
2/16/2020,NL,Netherlands (Kingdom of the),EURO,0,0,0,0
2/23/2020,NL,Netherlands (Kingdom of the),EURO,0,0,0,0
3/1/2020,NL,Netherlands (Kingdom of the),EURO,19,19,0,0
3/8/2020,NL,Netherlands (Kingdom of the),EURO,311,330,4,4
3/15/2020,NL,Netherlands (Kingdom of the),EURO,1276,1606,36,40
3/22/2020,NL,Netherlands (Kingdom of the),EURO,3775,5381,295,335
3/29/2020,NL,Netherlands (Kingdom of the),EURO,6747,12128,797,1132
4/5/2020,NL,Netherlands (Kingdom of the),EURO,7161,19289,1185,2317
4/12/2020,NL,Netherlands (Kingdom of the),EURO,7951,27240,1040,3357
4/19/2020,NL,Netherlands (Kingdom of the),EURO,6671,33911,886,4243
4/26/2020,NL,Netherlands (Kingdom of the),EURO,4549,38460,705,4948
5/3/2020,NL,Netherlands (Kingdom of the),EURO,2495,40955,426,5374
5/10/2020,NL,Netherlands (Kingdom of the),EURO,1772,42727,295,5669
5/17/2020,NL,Netherlands (Kingdom of the),EURO,1327,44054,174,5843
5/24/2020,NL,Netherlands (Kingdom of the),EURO,1311,45365,120,5963
5/31/2020,NL,Netherlands (Kingdom of the),EURO,1123,46488,91,6054
6/7/2020,NL,Netherlands (Kingdom of the),EURO,1226,47714,56,6110
6/14/2020,NL,Netherlands (Kingdom of the),EURO,1105,48819,35,6145
6/21/2020,NL,Netherlands (Kingdom of the),EURO,697,49516,25,6170
6/28/2020,NL,Netherlands (Kingdom of the),EURO,539,50055,12,6182
7/5/2020,NL,Netherlands (Kingdom of the),EURO,435,50490,12,6194
7/12/2020,NL,Netherlands (Kingdom of the),EURO,502,50992,6,6200
7/19/2020,NL,Netherlands (Kingdom of the),EURO,961,51953,7,6207
7/26/2020,NL,Netherlands (Kingdom of the),EURO,1298,53251,7,6214
8/2/2020,NL,Netherlands (Kingdom of the),EURO,2557,55808,9,6223
8/9/2020,NL,Netherlands (Kingdom of the),EURO,3861,59669,5,6228
8/16/2020,NL,Netherlands (Kingdom of the),EURO,4023,63692,26,6254
8/23/2020,NL,Netherlands (Kingdom of the),EURO,3656,67348,27,6281
8/30/2020,NL,Netherlands (Kingdom of the),EURO,3650,70998,23,6304
9/6/2020,NL,Netherlands (Kingdom of the),EURO,5319,76317,18,6322
9/13/2020,NL,Netherlands (Kingdom of the),EURO,8280,84597,20,6342
9/20/2020,NL,Netherlands (Kingdom of the),EURO,13807,98404,37,6379
9/27/2020,NL,Netherlands (Kingdom of the),EURO,18823,117227,91,6470
10/4/2020,NL,Netherlands (Kingdom of the),EURO,27048,144275,128,6598
10/11/2020,NL,Netherlands (Kingdom of the),EURO,42790,187065,172,6770
10/18/2020,NL,Netherlands (Kingdom of the),EURO,55977,243042,269,7039
10/25/2020,NL,Netherlands (Kingdom of the),EURO,67368,310410,370,7409
11/1/2020,NL,Netherlands (Kingdom of the),EURO,62785,373195,513,7922
11/8/2020,NL,Netherlands (Kingdom of the),EURO,43944,417139,559,8481
11/15/2020,NL,Netherlands (Kingdom of the),EURO,37914,455053,458,8939
11/22/2020,NL,Netherlands (Kingdom of the),EURO,36568,491621,368,9307
11/29/2020,NL,Netherlands (Kingdom of the),EURO,33608,525229,357,9664
12/6/2020,NL,Netherlands (Kingdom of the),EURO,42202,567431,322,9986
12/13/2020,NL,Netherlands (Kingdom of the),EURO,60890,628321,398,10384
12/20/2020,NL,Netherlands (Kingdom of the),EURO,78088,706409,529,10913
12/27/2020,NL,Netherlands (Kingdom of the),EURO,66789,773198,626,11539
1/3/2021,NL,Netherlands (Kingdom of the),EURO,55955,829153,666,12205
1/10/2021,NL,Netherlands (Kingdom of the),EURO,50250,879403,642,12847
1/17/2021,NL,Netherlands (Kingdom of the),EURO,39229,918632,550,13397
1/24/2021,NL,Netherlands (Kingdom of the),EURO,35329,953961,531,13928
1/31/2021,NL,Netherlands (Kingdom of the),EURO,28980,982941,420,14348
2/7/2021,NL,Netherlands (Kingdom of the),EURO,25891,1008832,406,14754
2/14/2021,NL,Netherlands (Kingdom of the),EURO,24411,1033243,398,15152
2/21/2021,NL,Netherlands (Kingdom of the),EURO,28835,1062078,404,15556
2/28/2021,NL,Netherlands (Kingdom of the),EURO,31441,1093519,277,15833
3/7/2021,NL,Netherlands (Kingdom of the),EURO,31590,1125109,240,16073
3/14/2021,NL,Netherlands (Kingdom of the),EURO,38711,1163820,186,16259
3/21/2021,NL,Netherlands (Kingdom of the),EURO,45398,1209218,176,16435
3/28/2021,NL,Netherlands (Kingdom of the),EURO,51427,1260645,151,16586
4/4/2021,NL,Netherlands (Kingdom of the),EURO,48090,1308735,150,16736
4/11/2021,NL,Netherlands (Kingdom of the),EURO,50219,1358954,140,16876
4/18/2021,NL,Netherlands (Kingdom of the),EURO,53662,1412616,147,17023
4/25/2021,NL,Netherlands (Kingdom of the),EURO,56111,1468727,139,17162
5/2/2021,NL,Netherlands (Kingdom of the),EURO,51258,1519985,140,17302
5/9/2021,NL,Netherlands (Kingdom of the),EURO,47001,1566986,136,17438
5/16/2021,NL,Netherlands (Kingdom of the),EURO,35849,1602835,92,17530
5/23/2021,NL,Netherlands (Kingdom of the),EURO,26533,1629368,83,17613
5/30/2021,NL,Netherlands (Kingdom of the),EURO,20487,1649855,50,17663
6/6/2021,NL,Netherlands (Kingdom of the),EURO,15121,1664976,56,17719
6/13/2021,NL,Netherlands (Kingdom of the),EURO,9149,1674125,24,17743
6/20/2021,NL,Netherlands (Kingdom of the),EURO,5970,1680095,13,17756
6/27/2021,NL,Netherlands (Kingdom of the),EURO,4254,1684349,8,17764
7/4/2021,NL,Netherlands (Kingdom of the),EURO,7171,1691520,8,17772
7/11/2021,NL,Netherlands (Kingdom of the),EURO,49557,1741077,12,17784
7/18/2021,NL,Netherlands (Kingdom of the),EURO,69451,1810528,12,17796
7/25/2021,NL,Netherlands (Kingdom of the),EURO,38748,1849276,27,17823
8/1/2021,NL,Netherlands (Kingdom of the),EURO,22349,1871625,36,17859
8/8/2021,NL,Netherlands (Kingdom of the),EURO,17261,1888886,50,17909
8/15/2021,NL,Netherlands (Kingdom of the),EURO,16599,1905485,44,17953
8/22/2021,NL,Netherlands (Kingdom of the),EURO,16882,1922367,34,17987
8/29/2021,NL,Netherlands (Kingdom of the),EURO,17582,1939949,50,18037
9/5/2021,NL,Netherlands (Kingdom of the),EURO,17515,1957464,42,18079
9/12/2021,NL,Netherlands (Kingdom of the),EURO,16189,1973653,37,18116
9/19/2021,NL,Netherlands (Kingdom of the),EURO,13635,1987288,43,18159
9/26/2021,NL,Netherlands (Kingdom of the),EURO,11633,1998921,24,18183
10/3/2021,NL,Netherlands (Kingdom of the),EURO,11871,2010792,27,18210
10/10/2021,NL,Netherlands (Kingdom of the),EURO,17281,2028073,23,18233
10/17/2021,NL,Netherlands (Kingdom of the),EURO,25310,2053383,49,18282
10/24/2021,NL,Netherlands (Kingdom of the),EURO,37779,2091162,82,18364
10/31/2021,NL,Netherlands (Kingdom of the),EURO,53511,2144673,142,18506
11/7/2021,NL,Netherlands (Kingdom of the),EURO,75856,2220529,174,18680
11/14/2021,NL,Netherlands (Kingdom of the),EURO,114696,2335225,202,18882
11/21/2021,NL,Netherlands (Kingdom of the),EURO,154065,2489290,347,19229
11/28/2021,NL,Netherlands (Kingdom of the),EURO,154548,2643838,419,19648
12/5/2021,NL,Netherlands (Kingdom of the),EURO,144887,2788725,433,20081
12/12/2021,NL,Netherlands (Kingdom of the),EURO,116172,2904897,414,20495
12/19/2021,NL,Netherlands (Kingdom of the),EURO,95619,3000516,292,20787
12/26/2021,NL,Netherlands (Kingdom of the),EURO,84986,3085502,173,20960
1/2/2022,NL,Netherlands (Kingdom of the),EURO,109523,3195025,132,21092
1/9/2022,NL,Netherlands (Kingdom of the),EURO,201891,3396916,85,21177
1/16/2022,NL,Netherlands (Kingdom of the),EURO,251885,3648801,59,21236
1/23/2022,NL,Netherlands (Kingdom of the),EURO,423932,4072733,63,21299
1/30/2022,NL,Netherlands (Kingdom of the),EURO,582545,4655278,53,21352
2/6/2022,NL,Netherlands (Kingdom of the),EURO,626302,5281580,72,21424
2/13/2022,NL,Netherlands (Kingdom of the),EURO,513691,5795271,90,21514
2/20/2022,NL,Netherlands (Kingdom of the),EURO,326724,6121995,95,21609
2/27/2022,NL,Netherlands (Kingdom of the),EURO,243445,6365440,59,21668
3/6/2022,NL,Netherlands (Kingdom of the),EURO,408462,6773902,70,21738
3/13/2022,NL,Netherlands (Kingdom of the),EURO,448158,7222060,78,21816
3/20/2022,NL,Netherlands (Kingdom of the),EURO,324075,7546135,97,21913
3/27/2022,NL,Netherlands (Kingdom of the),EURO,231665,7777800,107,22020
4/3/2022,NL,Netherlands (Kingdom of the),EURO,145200,7923000,82,22102
4/10/2022,NL,Netherlands (Kingdom of the),EURO,73707,7996707,63,22165
4/17/2022,NL,Netherlands (Kingdom of the),EURO,28273,8024980,44,22209
4/24/2022,NL,Netherlands (Kingdom of the),EURO,16529,8041509,29,22238
5/1/2022,NL,Netherlands (Kingdom of the),EURO,10341,8051850,34,22272
5/8/2022,NL,Netherlands (Kingdom of the),EURO,10185,8062035,13,22285
5/15/2022,NL,Netherlands (Kingdom of the),EURO,8434,8070469,12,22297
5/22/2022,NL,Netherlands (Kingdom of the),EURO,7561,8078030,13,22310
5/29/2022,NL,Netherlands (Kingdom of the),EURO,6840,8084870,11,22321
6/5/2022,NL,Netherlands (Kingdom of the),EURO,9368,8094238,4,22325
6/12/2022,NL,Netherlands (Kingdom of the),EURO,14164,8108402,10,22335
6/19/2022,NL,Netherlands (Kingdom of the),EURO,24704,8133106,14,22349
6/26/2022,NL,Netherlands (Kingdom of the),EURO,33507,8166613,16,22365
7/3/2022,NL,Netherlands (Kingdom of the),EURO,38387,8205000,28,22393
7/10/2022,NL,Netherlands (Kingdom of the),EURO,42753,8247753,20,22413
7/17/2022,NL,Netherlands (Kingdom of the),EURO,40744,8288497,35,22448
7/24/2022,NL,Netherlands (Kingdom of the),EURO,28294,8316791,32,22480
7/31/2022,NL,Netherlands (Kingdom of the),EURO,22692,8339483,32,22512
8/7/2022,NL,Netherlands (Kingdom of the),EURO,15856,8355339,31,22543
8/14/2022,NL,Netherlands (Kingdom of the),EURO,11780,8367119,28,22571
8/21/2022,NL,Netherlands (Kingdom of the),EURO,9302,8376421,25,22596
8/28/2022,NL,Netherlands (Kingdom of the),EURO,7762,8384183,12,22608
9/4/2022,NL,Netherlands (Kingdom of the),EURO,7678,8391861,8,22616
9/11/2022,NL,Netherlands (Kingdom of the),EURO,8345,8400206,15,22631
9/18/2022,NL,Netherlands (Kingdom of the),EURO,8646,8408852,13,22644
9/25/2022,NL,Netherlands (Kingdom of the),EURO,11537,8420389,11,22655
10/2/2022,NL,Netherlands (Kingdom of the),EURO,18296,8438685,28,22683
10/9/2022,NL,Netherlands (Kingdom of the),EURO,23937,8462622,36,22719
10/16/2022,NL,Netherlands (Kingdom of the),EURO,22656,8485278,50,22769
10/23/2022,NL,Netherlands (Kingdom of the),EURO,18412,8503690,38,22807
10/30/2022,NL,Netherlands (Kingdom of the),EURO,12726,8516416,32,22839
11/6/2022,NL,Netherlands (Kingdom of the),EURO,8230,8524646,26,22865
11/13/2022,NL,Netherlands (Kingdom of the),EURO,6146,8530792,24,22889
11/20/2022,NL,Netherlands (Kingdom of the),EURO,5482,8536274,10,22899
11/27/2022,NL,Netherlands (Kingdom of the),EURO,5131,8541405,11,22910
12/4/2022,NL,Netherlands (Kingdom of the),EURO,5533,8546938,14,22924
12/11/2022,NL,Netherlands (Kingdom of the),EURO,5707,8552645,16,22940
12/18/2022,NL,Netherlands (Kingdom of the),EURO,6093,8558738,15,22955
12/25/2022,NL,Netherlands (Kingdom of the),EURO,7329,8566067,21,22976
1/1/2023,NL,Netherlands (Kingdom of the),EURO,5805,8571872,10,22986
1/8/2023,NL,Netherlands (Kingdom of the),EURO,4389,8576261,0,22986
1/15/2023,NL,Netherlands (Kingdom of the),EURO,2434,8578695,0,22986
1/22/2023,NL,Netherlands (Kingdom of the),EURO,1754,8580449,0,22986
1/29/2023,NL,Netherlands (Kingdom of the),EURO,1892,8582341,0,22986
2/5/2023,NL,Netherlands (Kingdom of the),EURO,2455,8584796,0,22986
2/12/2023,NL,Netherlands (Kingdom of the),EURO,2851,8587647,0,22986
2/19/2023,NL,Netherlands (Kingdom of the),EURO,3949,8591596,0,22986
2/26/2023,NL,Netherlands (Kingdom of the),EURO,4627,8596223,0,22986
3/5/2023,NL,Netherlands (Kingdom of the),EURO,4153,8600376,0,22986
3/12/2023,NL,Netherlands (Kingdom of the),EURO,3860,8604236,0,22986
3/19/2023,NL,Netherlands (Kingdom of the),EURO,2819,8607055,0,22986
3/26/2023,NL,Netherlands (Kingdom of the),EURO,1864,8608919,0,22986
4/2/2023,NL,Netherlands (Kingdom of the),EURO,1469,8610388,0,22986
4/9/2023,NL,Netherlands (Kingdom of the),EURO,1089,8611477,0,22986
4/16/2023,NL,Netherlands (Kingdom of the),EURO,946,8612423,0,22986
4/23/2023,NL,Netherlands (Kingdom of the),EURO,836,8613259,0,22986
4/30/2023,NL,Netherlands (Kingdom of the),EURO,622,8613881,0,22986
5/7/2023,NL,Netherlands (Kingdom of the),EURO,591,8614472,0,22986
5/14/2023,NL,Netherlands (Kingdom of the),EURO,446,8614918,0,22986
5/21/2023,NL,Netherlands (Kingdom of the),EURO,296,8615214,0,22986
5/28/2023,NL,Netherlands (Kingdom of the),EURO,270,8615484,0,22986
6/4/2023,NL,Netherlands (Kingdom of the),EURO,286,8615770,0,22986
6/11/2023,NL,Netherlands (Kingdom of the),EURO,195,8615965,0,22986
6/18/2023,NL,Netherlands (Kingdom of the),EURO,164,8616129,0,22986
6/25/2023,NL,Netherlands (Kingdom of the),EURO,114,8616243,0,22986
7/2/2023,NL,Netherlands (Kingdom of the),EURO,126,8616369,0,22986
7/9/2023,NL,Netherlands (Kingdom of the),EURO,74,8616443,0,22986
7/16/2023,NL,Netherlands (Kingdom of the),EURO,83,8616526,0,22986
7/23/2023,NL,Netherlands (Kingdom of the),EURO,106,8616632,0,22986
7/30/2023,NL,Netherlands (Kingdom of the),EURO,88,8616720,0,22986
8/6/2023,NL,Netherlands (Kingdom of the),EURO,128,8616848,0,22986
8/13/2023,NL,Netherlands (Kingdom of the),EURO,178,8617026,0,22986
8/20/2023,NL,Netherlands (Kingdom of the),EURO,200,8617226,0,22986
8/27/2023,NL,Netherlands (Kingdom of the),EURO,287,8617513,0,22986
9/3/2023,NL,Netherlands (Kingdom of the),EURO,259,8617772,0,22986
9/10/2023,NL,Netherlands (Kingdom of the),EURO,354,8618126,0,22986
9/17/2023,NL,Netherlands (Kingdom of the),EURO,393,8618519,0,22986
9/24/2023,NL,Netherlands (Kingdom of the),EURO,403,8618922,0,22986
10/1/2023,NL,Netherlands (Kingdom of the),EURO,345,8619267,0,22986
10/8/2023,NL,Netherlands (Kingdom of the),EURO,438,8619705,0,22986
10/15/2023,NL,Netherlands (Kingdom of the),EURO,346,8620051,0,22986
10/22/2023,NL,Netherlands (Kingdom of the),EURO,0,8620051,0,22986
10/29/2023,NL,Netherlands (Kingdom of the),EURO,0,8620051,0,22986
11/5/2023,NL,Netherlands (Kingdom of the),EURO,0,8620051,0,22986
11/12/2023,NL,Netherlands (Kingdom of the),EURO,0,8620051,0,22986
11/19/2023,NL,Netherlands (Kingdom of the),EURO,0,8620051,0,22986
11/26/2023,NL,Netherlands (Kingdom of the),EURO,0,8620051,0,22986
12/3/2023,NL,Netherlands (Kingdom of the),EURO,0,8620051,0,22986
12/10/2023,NL,Netherlands (Kingdom of the),EURO,0,8620051,0,22986
12/17/2023,NL,Netherlands (Kingdom of the),EURO,3159,8623210,0,22986
12/24/2023,NL,Netherlands (Kingdom of the),EURO,1792,8625002,0,22986
1/5/2020,NC,New Caledonia,WPRO,0,0,0,0
1/12/2020,NC,New Caledonia,WPRO,0,0,0,0
1/19/2020,NC,New Caledonia,WPRO,0,0,0,0
1/26/2020,NC,New Caledonia,WPRO,0,0,0,0
2/2/2020,NC,New Caledonia,WPRO,0,0,0,0
2/9/2020,NC,New Caledonia,WPRO,0,0,0,0
2/16/2020,NC,New Caledonia,WPRO,0,0,0,0
2/23/2020,NC,New Caledonia,WPRO,0,0,0,0
3/1/2020,NC,New Caledonia,WPRO,0,0,0,0
3/8/2020,NC,New Caledonia,WPRO,0,0,0,0
3/15/2020,NC,New Caledonia,WPRO,0,0,0,0
3/22/2020,NC,New Caledonia,WPRO,4,4,0,0
3/29/2020,NC,New Caledonia,WPRO,11,15,0,0
4/5/2020,NC,New Caledonia,WPRO,3,18,0,0
4/12/2020,NC,New Caledonia,WPRO,0,18,0,0
4/19/2020,NC,New Caledonia,WPRO,0,18,0,0
4/26/2020,NC,New Caledonia,WPRO,0,18,0,0
5/3/2020,NC,New Caledonia,WPRO,0,18,0,0
5/10/2020,NC,New Caledonia,WPRO,0,18,0,0
5/17/2020,NC,New Caledonia,WPRO,0,18,0,0
5/24/2020,NC,New Caledonia,WPRO,0,18,0,0
5/31/2020,NC,New Caledonia,WPRO,1,19,0,0
6/7/2020,NC,New Caledonia,WPRO,1,20,0,0
6/14/2020,NC,New Caledonia,WPRO,1,21,0,0
6/21/2020,NC,New Caledonia,WPRO,0,21,0,0
6/28/2020,NC,New Caledonia,WPRO,0,21,0,0
7/5/2020,NC,New Caledonia,WPRO,0,21,0,0
7/12/2020,NC,New Caledonia,WPRO,0,21,0,0
7/19/2020,NC,New Caledonia,WPRO,1,22,0,0
7/26/2020,NC,New Caledonia,WPRO,0,22,0,0
8/2/2020,NC,New Caledonia,WPRO,0,22,0,0
8/9/2020,NC,New Caledonia,WPRO,1,23,0,0
8/16/2020,NC,New Caledonia,WPRO,0,23,0,0
8/23/2020,NC,New Caledonia,WPRO,0,23,0,0
8/30/2020,NC,New Caledonia,WPRO,0,23,0,0
9/6/2020,NC,New Caledonia,WPRO,3,26,0,0
9/13/2020,NC,New Caledonia,WPRO,0,26,0,0
9/20/2020,NC,New Caledonia,WPRO,0,26,0,0
9/27/2020,NC,New Caledonia,WPRO,1,27,0,0
10/4/2020,NC,New Caledonia,WPRO,0,27,0,0
10/11/2020,NC,New Caledonia,WPRO,0,27,0,0
10/18/2020,NC,New Caledonia,WPRO,0,27,0,0
10/25/2020,NC,New Caledonia,WPRO,0,27,0,0
11/1/2020,NC,New Caledonia,WPRO,1,28,0,0
11/8/2020,NC,New Caledonia,WPRO,1,29,0,0
11/15/2020,NC,New Caledonia,WPRO,1,30,0,0
11/22/2020,NC,New Caledonia,WPRO,2,32,0,0
11/29/2020,NC,New Caledonia,WPRO,0,32,0,0
12/6/2020,NC,New Caledonia,WPRO,3,35,0,0
12/13/2020,NC,New Caledonia,WPRO,1,36,0,0
12/20/2020,NC,New Caledonia,WPRO,1,37,0,0
12/27/2020,NC,New Caledonia,WPRO,1,38,0,0
1/3/2021,NC,New Caledonia,WPRO,2,40,0,0
1/10/2021,NC,New Caledonia,WPRO,0,40,0,0
1/17/2021,NC,New Caledonia,WPRO,4,44,0,0
1/24/2021,NC,New Caledonia,WPRO,0,44,0,0
1/31/2021,NC,New Caledonia,WPRO,3,47,0,0
2/7/2021,NC,New Caledonia,WPRO,2,49,0,0
2/14/2021,NC,New Caledonia,WPRO,3,52,0,0
2/21/2021,NC,New Caledonia,WPRO,3,55,0,0
2/28/2021,NC,New Caledonia,WPRO,3,58,0,0
3/7/2021,NC,New Caledonia,WPRO,9,67,0,0
3/14/2021,NC,New Caledonia,WPRO,26,93,0,0
3/21/2021,NC,New Caledonia,WPRO,23,116,0,0
3/28/2021,NC,New Caledonia,WPRO,5,121,0,0
4/4/2021,NC,New Caledonia,WPRO,0,121,0,0
4/11/2021,NC,New Caledonia,WPRO,0,121,0,0
4/18/2021,NC,New Caledonia,WPRO,3,124,0,0
4/25/2021,NC,New Caledonia,WPRO,0,124,0,0
5/2/2021,NC,New Caledonia,WPRO,0,124,0,0
5/9/2021,NC,New Caledonia,WPRO,0,124,0,0
5/16/2021,NC,New Caledonia,WPRO,0,124,0,0
5/23/2021,NC,New Caledonia,WPRO,1,125,0,0
5/30/2021,NC,New Caledonia,WPRO,3,128,0,0
6/6/2021,NC,New Caledonia,WPRO,0,128,0,0
6/13/2021,NC,New Caledonia,WPRO,0,128,0,0
6/20/2021,NC,New Caledonia,WPRO,1,129,0,0
6/27/2021,NC,New Caledonia,WPRO,0,129,0,0
7/4/2021,NC,New Caledonia,WPRO,0,129,0,0
7/11/2021,NC,New Caledonia,WPRO,0,129,0,0
7/18/2021,NC,New Caledonia,WPRO,0,129,0,0
7/25/2021,NC,New Caledonia,WPRO,2,131,0,0
8/1/2021,NC,New Caledonia,WPRO,3,134,0,0
8/8/2021,NC,New Caledonia,WPRO,0,134,0,0
8/15/2021,NC,New Caledonia,WPRO,0,134,0,0
8/22/2021,NC,New Caledonia,WPRO,1,135,0,0
8/29/2021,NC,New Caledonia,WPRO,1,136,0,0
9/5/2021,NC,New Caledonia,WPRO,0,136,0,0
9/12/2021,NC,New Caledonia,WPRO,821,957,1,1
9/19/2021,NC,New Caledonia,WPRO,2574,3531,21,22
9/26/2021,NC,New Caledonia,WPRO,2654,6185,61,83
10/3/2021,NC,New Caledonia,WPRO,1804,7989,67,150
10/10/2021,NC,New Caledonia,WPRO,1177,9166,50,200
10/17/2021,NC,New Caledonia,WPRO,811,9977,41,241
10/24/2021,NC,New Caledonia,WPRO,505,10482,16,257
10/31/2021,NC,New Caledonia,WPRO,486,10968,8,265
11/7/2021,NC,New Caledonia,WPRO,338,11306,3,268
11/14/2021,NC,New Caledonia,WPRO,267,11573,4,272
11/21/2021,NC,New Caledonia,WPRO,298,11871,4,276
11/28/2021,NC,New Caledonia,WPRO,234,12105,0,276
12/5/2021,NC,New Caledonia,WPRO,280,12385,3,279
12/12/2021,NC,New Caledonia,WPRO,130,12515,1,280
12/19/2021,NC,New Caledonia,WPRO,123,12638,0,280
12/26/2021,NC,New Caledonia,WPRO,79,12717,0,280
1/2/2022,NC,New Caledonia,WPRO,273,12990,1,281
1/9/2022,NC,New Caledonia,WPRO,164,13154,0,281
1/16/2022,NC,New Caledonia,WPRO,518,13672,0,281
1/23/2022,NC,New Caledonia,WPRO,1659,15331,1,282
1/30/2022,NC,New Caledonia,WPRO,3448,18779,1,283
2/6/2022,NC,New Caledonia,WPRO,7137,25916,1,284
2/13/2022,NC,New Caledonia,WPRO,9263,35179,0,284
2/20/2022,NC,New Caledonia,WPRO,8842,44021,3,287
2/27/2022,NC,New Caledonia,WPRO,9122,53143,12,299
3/6/2022,NC,New Caledonia,WPRO,3826,56969,3,302
3/13/2022,NC,New Caledonia,WPRO,2424,59393,3,305
3/20/2022,NC,New Caledonia,WPRO,618,60011,1,306
3/27/2022,NC,New Caledonia,WPRO,260,60271,4,310
4/3/2022,NC,New Caledonia,WPRO,159,60430,1,311
4/10/2022,NC,New Caledonia,WPRO,68,60498,1,312
4/17/2022,NC,New Caledonia,WPRO,23,60521,0,312
4/24/2022,NC,New Caledonia,WPRO,36,60557,0,312
5/1/2022,NC,New Caledonia,WPRO,96,60653,0,312
5/8/2022,NC,New Caledonia,WPRO,232,60885,0,312
5/15/2022,NC,New Caledonia,WPRO,300,61185,0,312
5/22/2022,NC,New Caledonia,WPRO,465,61650,0,312
5/29/2022,NC,New Caledonia,WPRO,358,62008,1,313
6/5/2022,NC,New Caledonia,WPRO,321,62329,0,313
6/12/2022,NC,New Caledonia,WPRO,294,62623,0,313
6/19/2022,NC,New Caledonia,WPRO,379,63002,0,313
6/26/2022,NC,New Caledonia,WPRO,513,63515,0,313
7/3/2022,NC,New Caledonia,WPRO,822,64337,0,313
7/10/2022,NC,New Caledonia,WPRO,1070,65407,0,313
7/17/2022,NC,New Caledonia,WPRO,1365,66772,1,314
7/24/2022,NC,New Caledonia,WPRO,1363,68135,0,314
7/31/2022,NC,New Caledonia,WPRO,1661,69796,0,314
8/7/2022,NC,New Caledonia,WPRO,1222,71018,0,314
8/14/2022,NC,New Caledonia,WPRO,1344,72362,0,314
8/21/2022,NC,New Caledonia,WPRO,710,73072,0,314
8/28/2022,NC,New Caledonia,WPRO,561,73633,0,314
9/4/2022,NC,New Caledonia,WPRO,469,74102,0,314
9/11/2022,NC,New Caledonia,WPRO,23,74125,0,314
9/18/2022,NC,New Caledonia,WPRO,93,74218,0,314
9/25/2022,NC,New Caledonia,WPRO,39,74257,0,314
10/2/2022,NC,New Caledonia,WPRO,58,74315,0,314
10/9/2022,NC,New Caledonia,WPRO,31,74346,0,314
10/16/2022,NC,New Caledonia,WPRO,1,74347,0,314
10/23/2022,NC,New Caledonia,WPRO,0,74347,0,314
10/30/2022,NC,New Caledonia,WPRO,59,74406,0,314
11/6/2022,NC,New Caledonia,WPRO,44,74450,0,314
11/13/2022,NC,New Caledonia,WPRO,368,74818,0,314
11/20/2022,NC,New Caledonia,WPRO,440,75258,0,314
11/27/2022,NC,New Caledonia,WPRO,0,75258,0,314
12/4/2022,NC,New Caledonia,WPRO,929,76187,0,314
12/11/2022,NC,New Caledonia,WPRO,2151,78338,0,314
12/18/2022,NC,New Caledonia,WPRO,0,78338,0,314
12/25/2022,NC,New Caledonia,WPRO,824,79162,0,314
1/1/2023,NC,New Caledonia,WPRO,415,79577,0,314
1/8/2023,NC,New Caledonia,WPRO,165,79742,0,314
1/15/2023,NC,New Caledonia,WPRO,118,79860,0,314
1/22/2023,NC,New Caledonia,WPRO,59,79919,0,314
1/29/2023,NC,New Caledonia,WPRO,37,79956,0,314
2/5/2023,NC,New Caledonia,WPRO,25,79981,0,314
2/12/2023,NC,New Caledonia,WPRO,16,79997,0,314
2/19/2023,NC,New Caledonia,WPRO,10,80007,0,314
2/26/2023,NC,New Caledonia,WPRO,0,80007,0,314
3/5/2023,NC,New Caledonia,WPRO,10,80017,0,314
3/12/2023,NC,New Caledonia,WPRO,0,80017,0,314
3/19/2023,NC,New Caledonia,WPRO,15,80032,0,314
3/26/2023,NC,New Caledonia,WPRO,0,80032,0,314
4/2/2023,NC,New Caledonia,WPRO,16,80048,0,314
4/9/2023,NC,New Caledonia,WPRO,4,80052,0,314
4/16/2023,NC,New Caledonia,WPRO,1,80053,0,314
4/23/2023,NC,New Caledonia,WPRO,4,80057,0,314
4/30/2023,NC,New Caledonia,WPRO,1,80058,0,314
5/7/2023,NC,New Caledonia,WPRO,0,80058,0,314
5/14/2023,NC,New Caledonia,WPRO,0,80058,0,314
5/21/2023,NC,New Caledonia,WPRO,0,80058,0,314
5/28/2023,NC,New Caledonia,WPRO,0,80058,0,314
6/4/2023,NC,New Caledonia,WPRO,6,80064,0,314
6/11/2023,NC,New Caledonia,WPRO,0,80064,0,314
6/18/2023,NC,New Caledonia,WPRO,0,80064,0,314
6/25/2023,NC,New Caledonia,WPRO,0,80064,0,314
7/2/2023,NC,New Caledonia,WPRO,0,80064,0,314
7/9/2023,NC,New Caledonia,WPRO,0,80064,0,314
7/16/2023,NC,New Caledonia,WPRO,0,80064,0,314
7/23/2023,NC,New Caledonia,WPRO,0,80064,0,314
7/30/2023,NC,New Caledonia,WPRO,0,80064,0,314
8/6/2023,NC,New Caledonia,WPRO,0,80064,0,314
8/13/2023,NC,New Caledonia,WPRO,0,80064,0,314
8/20/2023,NC,New Caledonia,WPRO,0,80064,0,314
8/27/2023,NC,New Caledonia,WPRO,0,80064,0,314
9/3/2023,NC,New Caledonia,WPRO,0,80064,0,314
9/10/2023,NC,New Caledonia,WPRO,0,80064,0,314
9/17/2023,NC,New Caledonia,WPRO,0,80064,0,314
9/24/2023,NC,New Caledonia,WPRO,0,80064,0,314
10/1/2023,NC,New Caledonia,WPRO,0,80064,0,314
10/8/2023,NC,New Caledonia,WPRO,0,80064,0,314
10/15/2023,NC,New Caledonia,WPRO,0,80064,0,314
10/22/2023,NC,New Caledonia,WPRO,0,80064,0,314
10/29/2023,NC,New Caledonia,WPRO,0,80064,0,314
11/5/2023,NC,New Caledonia,WPRO,0,80064,0,314
11/12/2023,NC,New Caledonia,WPRO,0,80064,0,314
11/19/2023,NC,New Caledonia,WPRO,0,80064,0,314
11/26/2023,NC,New Caledonia,WPRO,0,80064,0,314
12/3/2023,NC,New Caledonia,WPRO,0,80064,0,314
12/10/2023,NC,New Caledonia,WPRO,0,80064,0,314
12/17/2023,NC,New Caledonia,WPRO,0,80064,0,314
12/24/2023,NC,New Caledonia,WPRO,0,80064,0,314
1/5/2020,NZ,New Zealand,WPRO,0,0,0,0
1/12/2020,NZ,New Zealand,WPRO,0,0,0,0
1/19/2020,NZ,New Zealand,WPRO,0,0,0,0
1/26/2020,NZ,New Zealand,WPRO,0,0,0,0
2/2/2020,NZ,New Zealand,WPRO,0,0,0,0
2/9/2020,NZ,New Zealand,WPRO,0,0,0,0
2/16/2020,NZ,New Zealand,WPRO,0,0,0,0
2/23/2020,NZ,New Zealand,WPRO,0,0,0,0
3/1/2020,NZ,New Zealand,WPRO,1,1,0,0
3/8/2020,NZ,New Zealand,WPRO,4,5,0,0
3/15/2020,NZ,New Zealand,WPRO,3,8,0,0
3/22/2020,NZ,New Zealand,WPRO,58,66,0,0
3/29/2020,NZ,New Zealand,WPRO,410,476,1,1
4/5/2020,NZ,New Zealand,WPRO,396,872,0,1
4/12/2020,NZ,New Zealand,WPRO,177,1049,3,4
4/19/2020,NZ,New Zealand,WPRO,49,1098,7,11
4/26/2020,NZ,New Zealand,WPRO,23,1121,7,18
5/3/2020,NZ,New Zealand,WPRO,15,1136,2,20
5/10/2020,NZ,New Zealand,WPRO,8,1144,1,21
5/17/2020,NZ,New Zealand,WPRO,5,1149,0,21
5/24/2020,NZ,New Zealand,WPRO,5,1154,0,21
5/31/2020,NZ,New Zealand,WPRO,0,1154,1,22
6/7/2020,NZ,New Zealand,WPRO,0,1154,0,22
6/14/2020,NZ,New Zealand,WPRO,0,1154,0,22
6/21/2020,NZ,New Zealand,WPRO,5,1159,0,22
6/28/2020,NZ,New Zealand,WPRO,17,1176,0,22
7/5/2020,NZ,New Zealand,WPRO,7,1183,0,22
7/12/2020,NZ,New Zealand,WPRO,11,1194,0,22
7/19/2020,NZ,New Zealand,WPRO,9,1203,0,22
7/26/2020,NZ,New Zealand,WPRO,3,1206,0,22
8/2/2020,NZ,New Zealand,WPRO,9,1215,0,22
8/9/2020,NZ,New Zealand,WPRO,4,1219,0,22
8/16/2020,NZ,New Zealand,WPRO,52,1271,0,22
8/23/2020,NZ,New Zealand,WPRO,53,1324,0,22
8/30/2020,NZ,New Zealand,WPRO,54,1378,0,22
9/6/2020,NZ,New Zealand,WPRO,43,1421,2,24
9/13/2020,NZ,New Zealand,WPRO,25,1446,0,24
9/20/2020,NZ,New Zealand,WPRO,18,1464,1,25
9/27/2020,NZ,New Zealand,WPRO,13,1477,0,25
10/4/2020,NZ,New Zealand,WPRO,21,1498,0,25
10/11/2020,NZ,New Zealand,WPRO,17,1515,0,25
10/18/2020,NZ,New Zealand,WPRO,15,1530,0,25
10/25/2020,NZ,New Zealand,WPRO,49,1579,0,25
11/1/2020,NZ,New Zealand,WPRO,25,1604,0,25
11/8/2020,NZ,New Zealand,WPRO,23,1627,0,25
11/15/2020,NZ,New Zealand,WPRO,18,1645,0,25
11/22/2020,NZ,New Zealand,WPRO,28,1673,0,25
11/29/2020,NZ,New Zealand,WPRO,24,1697,0,25
12/6/2020,NZ,New Zealand,WPRO,26,1723,0,25
12/13/2020,NZ,New Zealand,WPRO,18,1741,0,25
12/20/2020,NZ,New Zealand,WPRO,20,1761,0,25
12/27/2020,NZ,New Zealand,WPRO,28,1789,0,25
1/3/2021,NZ,New Zealand,WPRO,37,1826,0,25
1/10/2021,NZ,New Zealand,WPRO,40,1866,0,25
1/17/2021,NZ,New Zealand,WPRO,40,1906,0,25
1/24/2021,NZ,New Zealand,WPRO,27,1933,0,25
1/31/2021,NZ,New Zealand,WPRO,15,1948,0,25
2/7/2021,NZ,New Zealand,WPRO,17,1965,0,25
2/14/2021,NZ,New Zealand,WPRO,16,1981,0,25
2/21/2021,NZ,New Zealand,WPRO,21,2002,1,26
2/28/2021,NZ,New Zealand,WPRO,21,2023,0,26
3/7/2021,NZ,New Zealand,WPRO,27,2050,0,26
3/14/2021,NZ,New Zealand,WPRO,25,2075,0,26
3/21/2021,NZ,New Zealand,WPRO,32,2107,0,26
3/28/2021,NZ,New Zealand,WPRO,31,2138,0,26
4/4/2021,NZ,New Zealand,WPRO,14,2152,0,26
4/11/2021,NZ,New Zealand,WPRO,76,2228,0,26
4/18/2021,NZ,New Zealand,WPRO,13,2241,0,26
4/25/2021,NZ,New Zealand,WPRO,5,2246,0,26
5/2/2021,NZ,New Zealand,WPRO,21,2267,0,26
5/9/2021,NZ,New Zealand,WPRO,20,2287,0,26
5/16/2021,NZ,New Zealand,WPRO,9,2296,0,26
5/23/2021,NZ,New Zealand,WPRO,16,2312,0,26
5/30/2021,NZ,New Zealand,WPRO,6,2318,0,26
6/6/2021,NZ,New Zealand,WPRO,9,2327,0,26
6/13/2021,NZ,New Zealand,WPRO,26,2353,0,26
6/20/2021,NZ,New Zealand,WPRO,11,2364,0,26
6/27/2021,NZ,New Zealand,WPRO,18,2382,0,26
7/4/2021,NZ,New Zealand,WPRO,20,2402,0,26
7/11/2021,NZ,New Zealand,WPRO,11,2413,0,26
7/18/2021,NZ,New Zealand,WPRO,48,2461,0,26
7/25/2021,NZ,New Zealand,WPRO,46,2507,0,26
8/1/2021,NZ,New Zealand,WPRO,14,2521,0,26
8/8/2021,NZ,New Zealand,WPRO,11,2532,0,26
8/15/2021,NZ,New Zealand,WPRO,38,2570,0,26
8/22/2021,NZ,New Zealand,WPRO,128,2698,0,26
8/29/2021,NZ,New Zealand,WPRO,465,3163,0,26
9/5/2021,NZ,New Zealand,WPRO,272,3435,1,27
9/12/2021,NZ,New Zealand,WPRO,158,3593,0,27
9/19/2021,NZ,New Zealand,WPRO,131,3724,0,27
9/26/2021,NZ,New Zealand,WPRO,112,3836,0,27
10/3/2021,NZ,New Zealand,WPRO,188,4024,0,27
10/10/2021,NZ,New Zealand,WPRO,275,4299,1,28
10/17/2021,NZ,New Zealand,WPRO,396,4695,0,28
10/24/2021,NZ,New Zealand,WPRO,687,5382,0,28
10/31/2021,NZ,New Zealand,WPRO,851,6233,0,28
11/7/2021,NZ,New Zealand,WPRO,1053,7286,4,32
11/14/2021,NZ,New Zealand,WPRO,1218,8504,1,33
11/21/2021,NZ,New Zealand,WPRO,1302,9806,7,40
11/28/2021,NZ,New Zealand,WPRO,1265,11071,3,43
12/5/2021,NZ,New Zealand,WPRO,888,11959,1,44
12/12/2021,NZ,New Zealand,WPRO,657,12616,3,47
12/19/2021,NZ,New Zealand,WPRO,512,13128,2,49
12/26/2021,NZ,New Zealand,WPRO,401,13529,1,50
1/2/2022,NZ,New Zealand,WPRO,403,13932,1,51
1/9/2022,NZ,New Zealand,WPRO,426,14358,0,51
1/16/2022,NZ,New Zealand,WPRO,392,14750,1,52
1/23/2022,NZ,New Zealand,WPRO,500,15250,0,52
1/30/2022,NZ,New Zealand,WPRO,790,16040,0,52
2/6/2022,NZ,New Zealand,WPRO,1571,17611,1,53
2/13/2022,NZ,New Zealand,WPRO,3575,21186,0,53
2/20/2022,NZ,New Zealand,WPRO,11724,32910,0,53
2/27/2022,NZ,New Zealand,WPRO,65839,98749,3,56
3/6/2022,NZ,New Zealand,WPRO,140787,239536,9,65
3/13/2022,NZ,New Zealand,WPRO,137160,376696,37,102
3/20/2022,NZ,New Zealand,WPRO,119858,496554,61,163
3/27/2022,NZ,New Zealand,WPRO,112755,609309,68,231
4/3/2022,NZ,New Zealand,WPRO,92674,701983,132,363
4/10/2022,NZ,New Zealand,WPRO,71244,773227,106,469
4/17/2022,NZ,New Zealand,WPRO,55640,828867,95,564
4/24/2022,NZ,New Zealand,WPRO,58325,887192,80,644
5/1/2022,NZ,New Zealand,WPRO,52916,940108,69,713
5/8/2022,NZ,New Zealand,WPRO,52539,992647,99,812
5/15/2022,NZ,New Zealand,WPRO,58157,1050804,117,929
5/22/2022,NZ,New Zealand,WPRO,49841,1100645,88,1017
5/29/2022,NZ,New Zealand,WPRO,48148,1148793,95,1112
6/5/2022,NZ,New Zealand,WPRO,46082,1194875,82,1194
6/12/2022,NZ,New Zealand,WPRO,47762,1242637,92,1286
6/19/2022,NZ,New Zealand,WPRO,28175,1270812,64,1350
6/26/2022,NZ,New Zealand,WPRO,43542,1314354,87,1437
7/3/2022,NZ,New Zealand,WPRO,36180,1350534,97,1534
7/10/2022,NZ,New Zealand,WPRO,70398,1420932,111,1645
7/17/2022,NZ,New Zealand,WPRO,69674,1490606,158,1803
7/24/2022,NZ,New Zealand,WPRO,61169,1551775,236,2039
7/31/2022,NZ,New Zealand,WPRO,51603,1603378,56,2095
8/7/2022,NZ,New Zealand,WPRO,39002,1642380,0,2095
8/14/2022,NZ,New Zealand,WPRO,30700,1673080,0,2095
8/21/2022,NZ,New Zealand,WPRO,26682,1699762,0,2095
8/28/2022,NZ,New Zealand,WPRO,18411,1718173,0,2095
9/4/2022,NZ,New Zealand,WPRO,13074,1731247,0,2095
9/11/2022,NZ,New Zealand,WPRO,10756,1742003,0,2095
9/18/2022,NZ,New Zealand,WPRO,3178,1745181,0,2095
9/25/2022,NZ,New Zealand,WPRO,7219,1752400,0,2095
10/2/2022,NZ,New Zealand,WPRO,19616,1772016,0,2095
10/9/2022,NZ,New Zealand,WPRO,0,1772016,0,2095
10/16/2022,NZ,New Zealand,WPRO,25047,1797063,0,2095
10/23/2022,NZ,New Zealand,WPRO,14489,1811552,0,2095
10/30/2022,NZ,New Zealand,WPRO,41043,1852595,24,2119
11/6/2022,NZ,New Zealand,WPRO,0,1852595,0,2119
11/13/2022,NZ,New Zealand,WPRO,19678,1872273,63,2182
11/20/2022,NZ,New Zealand,WPRO,21885,1894158,0,2182
11/27/2022,NZ,New Zealand,WPRO,24759,1918917,30,2212
12/4/2022,NZ,New Zealand,WPRO,31859,1950776,23,2235
12/11/2022,NZ,New Zealand,WPRO,37483,1988259,22,2257
12/18/2022,NZ,New Zealand,WPRO,39722,2027981,31,2288
12/25/2022,NZ,New Zealand,WPRO,0,2027981,0,2288
1/1/2023,NZ,New Zealand,WPRO,29469,2057450,43,2331
1/8/2023,NZ,New Zealand,WPRO,0,2057450,0,2331
1/15/2023,NZ,New Zealand,WPRO,40236,2097686,0,2331
1/22/2023,NZ,New Zealand,WPRO,17311,2114997,0,2331
1/29/2023,NZ,New Zealand,WPRO,12278,2127275,0,2331
2/5/2023,NZ,New Zealand,WPRO,9387,2136662,146,2477
2/12/2023,NZ,New Zealand,WPRO,7604,2144266,36,2513
2/19/2023,NZ,New Zealand,WPRO,7272,2151538,21,2534
2/26/2023,NZ,New Zealand,WPRO,7100,2158638,8,2542
3/5/2023,NZ,New Zealand,WPRO,7832,2166470,6,2548
3/12/2023,NZ,New Zealand,WPRO,10029,2176499,12,2560
3/19/2023,NZ,New Zealand,WPRO,10133,2186632,26,2586
3/26/2023,NZ,New Zealand,WPRO,9923,2196555,76,2662
4/2/2023,NZ,New Zealand,WPRO,9839,2206394,25,2687
4/9/2023,NZ,New Zealand,WPRO,10653,2217047,0,2687
4/16/2023,NZ,New Zealand,WPRO,10595,2227642,29,2716
4/23/2023,NZ,New Zealand,WPRO,12799,2240441,0,2716
4/30/2023,NZ,New Zealand,WPRO,10999,2251440,20,2736
5/7/2023,NZ,New Zealand,WPRO,9686,2261126,56,2792
5/14/2023,NZ,New Zealand,WPRO,11103,2272229,0,2792
5/21/2023,NZ,New Zealand,WPRO,10632,2282861,101,2893
5/28/2023,NZ,New Zealand,WPRO,12698,2295559,49,2942
6/4/2023,NZ,New Zealand,WPRO,11384,2306943,0,2942
6/11/2023,NZ,New Zealand,WPRO,0,2306943,96,3038
6/18/2023,NZ,New Zealand,WPRO,19446,2326389,39,3077
6/25/2023,NZ,New Zealand,WPRO,7524,2333913,0,3077
7/2/2023,NZ,New Zealand,WPRO,0,2333913,61,3138
7/9/2023,NZ,New Zealand,WPRO,11979,2345892,21,3159
7/16/2023,NZ,New Zealand,WPRO,4609,2350501,13,3172
7/23/2023,NZ,New Zealand,WPRO,3741,2354242,16,3188
7/30/2023,NZ,New Zealand,WPRO,3114,2357356,31,3219
8/6/2023,NZ,New Zealand,WPRO,3079,2360435,10,3229
8/13/2023,NZ,New Zealand,WPRO,3869,2364304,20,3249
8/20/2023,NZ,New Zealand,WPRO,4527,2368831,0,3249
8/27/2023,NZ,New Zealand,WPRO,3287,2372118,34,3283
9/3/2023,NZ,New Zealand,WPRO,2804,2374922,0,3283
9/10/2023,NZ,New Zealand,WPRO,2899,2377821,11,3294
9/17/2023,NZ,New Zealand,WPRO,2767,2380588,15,3309
9/24/2023,NZ,New Zealand,WPRO,2478,2383066,20,3329
10/1/2023,NZ,New Zealand,WPRO,2372,2385438,18,3347
10/8/2023,NZ,New Zealand,WPRO,2420,2387858,14,3361
10/15/2023,NZ,New Zealand,WPRO,2919,2390777,15,3376
10/22/2023,NZ,New Zealand,WPRO,3200,2393977,40,3416
10/29/2023,NZ,New Zealand,WPRO,3460,2397437,0,3416
11/5/2023,NZ,New Zealand,WPRO,3530,2400967,29,3445
11/12/2023,NZ,New Zealand,WPRO,4508,2405475,19,3464
11/19/2023,NZ,New Zealand,WPRO,4897,2410372,38,3502
11/26/2023,NZ,New Zealand,WPRO,6405,2416777,20,3522
12/3/2023,NZ,New Zealand,WPRO,5615,2422392,27,3549
12/10/2023,NZ,New Zealand,WPRO,5524,2427916,20,3569
12/17/2023,NZ,New Zealand,WPRO,6136,2434052,27,3596
12/24/2023,NZ,New Zealand,WPRO,6323,2440375,0,3596
1/5/2020,NI,Nicaragua,AMRO,0,0,0,0
1/12/2020,NI,Nicaragua,AMRO,0,0,0,0
1/19/2020,NI,Nicaragua,AMRO,0,0,0,0
1/26/2020,NI,Nicaragua,AMRO,0,0,0,0
2/2/2020,NI,Nicaragua,AMRO,0,0,0,0
2/9/2020,NI,Nicaragua,AMRO,0,0,0,0
2/16/2020,NI,Nicaragua,AMRO,0,0,0,0
2/23/2020,NI,Nicaragua,AMRO,0,0,0,0
3/1/2020,NI,Nicaragua,AMRO,0,0,0,0
3/8/2020,NI,Nicaragua,AMRO,0,0,0,0
3/15/2020,NI,Nicaragua,AMRO,0,0,0,0
3/22/2020,NI,Nicaragua,AMRO,2,2,0,0
3/29/2020,NI,Nicaragua,AMRO,0,2,1,1
4/5/2020,NI,Nicaragua,AMRO,3,5,0,1
4/12/2020,NI,Nicaragua,AMRO,2,7,0,1
4/19/2020,NI,Nicaragua,AMRO,2,9,0,1
4/26/2020,NI,Nicaragua,AMRO,2,11,2,3
5/3/2020,NI,Nicaragua,AMRO,3,14,1,4
5/10/2020,NI,Nicaragua,AMRO,2,16,1,5
5/17/2020,NI,Nicaragua,AMRO,9,25,3,8
5/24/2020,NI,Nicaragua,AMRO,254,279,9,17
5/31/2020,NI,Nicaragua,AMRO,606,885,18,35
6/7/2020,NI,Nicaragua,AMRO,424,1309,11,46
6/14/2020,NI,Nicaragua,AMRO,346,1655,9,55
6/21/2020,NI,Nicaragua,AMRO,359,2014,9,64
6/28/2020,NI,Nicaragua,AMRO,0,2014,10,74
7/5/2020,NI,Nicaragua,AMRO,168,2182,9,83
7/12/2020,NI,Nicaragua,AMRO,229,2411,8,91
7/19/2020,NI,Nicaragua,AMRO,301,2712,8,99
7/26/2020,NI,Nicaragua,AMRO,292,3004,9,108
8/2/2020,NI,Nicaragua,AMRO,76,3080,8,116
8/9/2020,NI,Nicaragua,AMRO,186,3266,7,123
8/16/2020,NI,Nicaragua,AMRO,147,3413,5,128
8/23/2020,NI,Nicaragua,AMRO,127,3540,5,133
8/30/2020,NI,Nicaragua,AMRO,119,3659,4,137
9/6/2020,NI,Nicaragua,AMRO,114,3773,4,141
9/13/2020,NI,Nicaragua,AMRO,104,3877,3,144
9/20/2020,NI,Nicaragua,AMRO,102,3979,3,147
9/27/2020,NI,Nicaragua,AMRO,86,4065,2,149
10/4/2020,NI,Nicaragua,AMRO,81,4146,2,151
10/11/2020,NI,Nicaragua,AMRO,79,4225,2,153
10/18/2020,NI,Nicaragua,AMRO,72,4297,1,154
10/25/2020,NI,Nicaragua,AMRO,65,4362,1,155
11/1/2020,NI,Nicaragua,AMRO,62,4424,1,156
11/8/2020,NI,Nicaragua,AMRO,56,4480,1,157
11/15/2020,NI,Nicaragua,AMRO,53,4533,1,158
11/22/2020,NI,Nicaragua,AMRO,50,4583,1,159
11/29/2020,NI,Nicaragua,AMRO,46,4629,1,160
12/6/2020,NI,Nicaragua,AMRO,42,4671,1,161
12/13/2020,NI,Nicaragua,AMRO,38,4709,1,162
12/20/2020,NI,Nicaragua,AMRO,39,4748,1,163
12/27/2020,NI,Nicaragua,AMRO,42,4790,1,164
1/3/2021,NI,Nicaragua,AMRO,39,4829,1,165
1/10/2021,NI,Nicaragua,AMRO,38,4867,1,166
1/17/2021,NI,Nicaragua,AMRO,49,4916,1,167
1/24/2021,NI,Nicaragua,AMRO,37,4953,1,168
1/31/2021,NI,Nicaragua,AMRO,39,4992,1,169
2/7/2021,NI,Nicaragua,AMRO,35,5027,1,170
2/14/2021,NI,Nicaragua,AMRO,37,5064,1,171
2/21/2021,NI,Nicaragua,AMRO,42,5106,1,172
2/28/2021,NI,Nicaragua,AMRO,36,5142,1,173
3/7/2021,NI,Nicaragua,AMRO,34,5176,1,174
3/14/2021,NI,Nicaragua,AMRO,40,5216,1,175
3/21/2021,NI,Nicaragua,AMRO,35,5251,1,176
3/28/2021,NI,Nicaragua,AMRO,37,5288,1,177
4/4/2021,NI,Nicaragua,AMRO,38,5326,1,178
4/11/2021,NI,Nicaragua,AMRO,40,5366,1,179
4/18/2021,NI,Nicaragua,AMRO,41,5407,1,180
4/25/2021,NI,Nicaragua,AMRO,43,5450,1,181
5/2/2021,NI,Nicaragua,AMRO,48,5498,1,182
5/9/2021,NI,Nicaragua,AMRO,77,5575,1,183
5/16/2021,NI,Nicaragua,AMRO,74,5649,1,184
5/23/2021,NI,Nicaragua,AMRO,82,5731,1,185
5/30/2021,NI,Nicaragua,AMRO,102,5833,1,186
6/6/2021,NI,Nicaragua,AMRO,116,5949,1,187
6/13/2021,NI,Nicaragua,AMRO,136,6085,1,188
6/20/2021,NI,Nicaragua,AMRO,158,6243,1,189
6/27/2021,NI,Nicaragua,AMRO,159,6402,1,190
7/4/2021,NI,Nicaragua,AMRO,202,6604,1,191
7/11/2021,NI,Nicaragua,AMRO,215,6819,1,192
7/18/2021,NI,Nicaragua,AMRO,225,7044,1,193
7/25/2021,NI,Nicaragua,AMRO,269,7313,1,194
8/1/2021,NI,Nicaragua,AMRO,279,7592,1,195
8/8/2021,NI,Nicaragua,AMRO,298,7890,1,196
8/15/2021,NI,Nicaragua,AMRO,303,8193,1,197
8/22/2021,NI,Nicaragua,AMRO,303,8496,1,198
8/29/2021,NI,Nicaragua,AMRO,371,8867,1,199
9/5/2021,NI,Nicaragua,AMRO,416,9283,1,200
9/12/2021,NI,Nicaragua,AMRO,449,9732,1,201
9/19/2021,NI,Nicaragua,AMRO,513,10245,1,202
9/26/2021,NI,Nicaragua,AMRO,512,10757,1,203
10/3/2021,NI,Nicaragua,AMRO,516,11273,1,204
10/10/2021,NI,Nicaragua,AMRO,466,11739,1,205
10/17/2021,NI,Nicaragua,AMRO,430,12169,1,206
10/24/2021,NI,Nicaragua,AMRO,380,12549,1,207
10/31/2021,NI,Nicaragua,AMRO,317,12866,1,208
11/7/2021,NI,Nicaragua,AMRO,181,13047,1,209
11/14/2021,NI,Nicaragua,AMRO,103,13150,1,210
11/21/2021,NI,Nicaragua,AMRO,92,13242,1,211
11/28/2021,NI,Nicaragua,AMRO,88,13330,1,212
12/5/2021,NI,Nicaragua,AMRO,67,13397,1,213
12/12/2021,NI,Nicaragua,AMRO,52,13449,1,214
12/19/2021,NI,Nicaragua,AMRO,44,13493,1,215
12/26/2021,NI,Nicaragua,AMRO,38,13531,1,216
1/2/2022,NI,Nicaragua,AMRO,32,13563,1,217
1/9/2022,NI,Nicaragua,AMRO,26,13589,1,218
1/16/2022,NI,Nicaragua,AMRO,0,13589,0,218
1/23/2022,NI,Nicaragua,AMRO,57,13646,1,219
1/30/2022,NI,Nicaragua,AMRO,35,13681,1,220
2/6/2022,NI,Nicaragua,AMRO,46,13727,1,221
2/13/2022,NI,Nicaragua,AMRO,65,13792,1,222
2/20/2022,NI,Nicaragua,AMRO,85,13877,1,223
2/27/2022,NI,Nicaragua,AMRO,81,13958,1,224
3/6/2022,NI,Nicaragua,AMRO,77,14035,1,225
3/13/2022,NI,Nicaragua,AMRO,73,14108,1,226
3/20/2022,NI,Nicaragua,AMRO,62,14170,2,228
3/27/2022,NI,Nicaragua,AMRO,52,14222,1,229
4/3/2022,NI,Nicaragua,AMRO,47,14269,1,230
4/10/2022,NI,Nicaragua,AMRO,37,14306,1,231
4/17/2022,NI,Nicaragua,AMRO,33,14339,1,232
4/24/2022,NI,Nicaragua,AMRO,32,14371,1,233
5/1/2022,NI,Nicaragua,AMRO,24,14395,1,234
5/8/2022,NI,Nicaragua,AMRO,27,14422,1,235
5/15/2022,NI,Nicaragua,AMRO,25,14447,1,236
5/22/2022,NI,Nicaragua,AMRO,26,14473,1,237
5/29/2022,NI,Nicaragua,AMRO,35,14508,1,238
6/5/2022,NI,Nicaragua,AMRO,30,14538,1,239
6/12/2022,NI,Nicaragua,AMRO,39,14577,1,240
6/19/2022,NI,Nicaragua,AMRO,42,14619,1,241
6/26/2022,NI,Nicaragua,AMRO,0,14619,0,241
7/3/2022,NI,Nicaragua,AMRO,71,14690,1,242
7/10/2022,NI,Nicaragua,AMRO,31,14721,1,243
7/17/2022,NI,Nicaragua,AMRO,30,14751,1,244
7/24/2022,NI,Nicaragua,AMRO,26,14777,0,244
7/31/2022,NI,Nicaragua,AMRO,30,14807,0,244
8/7/2022,NI,Nicaragua,AMRO,0,14807,0,244
8/14/2022,NI,Nicaragua,AMRO,65,14872,0,244
8/21/2022,NI,Nicaragua,AMRO,27,14899,0,244
8/28/2022,NI,Nicaragua,AMRO,32,14931,0,244
9/4/2022,NI,Nicaragua,AMRO,0,14931,0,244
9/11/2022,NI,Nicaragua,AMRO,59,14990,0,244
9/18/2022,NI,Nicaragua,AMRO,0,14990,0,244
9/25/2022,NI,Nicaragua,AMRO,55,15045,1,245
10/2/2022,NI,Nicaragua,AMRO,25,15070,0,245
10/9/2022,NI,Nicaragua,AMRO,22,15092,0,245
10/16/2022,NI,Nicaragua,AMRO,28,15120,0,245
10/23/2022,NI,Nicaragua,AMRO,25,15145,0,245
10/30/2022,NI,Nicaragua,AMRO,21,15166,0,245
11/6/2022,NI,Nicaragua,AMRO,20,15186,0,245
11/13/2022,NI,Nicaragua,AMRO,17,15203,0,245
11/20/2022,NI,Nicaragua,AMRO,16,15219,0,245
11/27/2022,NI,Nicaragua,AMRO,13,15232,0,245
12/4/2022,NI,Nicaragua,AMRO,18,15250,0,245
12/11/2022,NI,Nicaragua,AMRO,13,15263,0,245
12/18/2022,NI,Nicaragua,AMRO,45,15308,0,245
12/25/2022,NI,Nicaragua,AMRO,57,15365,0,245
1/1/2023,NI,Nicaragua,AMRO,0,15365,0,245
1/8/2023,NI,Nicaragua,AMRO,101,15466,0,245
1/15/2023,NI,Nicaragua,AMRO,41,15507,0,245
1/22/2023,NI,Nicaragua,AMRO,34,15541,0,245
1/29/2023,NI,Nicaragua,AMRO,28,15569,0,245
2/5/2023,NI,Nicaragua,AMRO,23,15592,0,245
2/12/2023,NI,Nicaragua,AMRO,20,15612,0,245
2/19/2023,NI,Nicaragua,AMRO,15,15627,0,245
2/26/2023,NI,Nicaragua,AMRO,11,15638,0,245
3/5/2023,NI,Nicaragua,AMRO,17,15655,0,245
3/12/2023,NI,Nicaragua,AMRO,2,15657,0,245
3/19/2023,NI,Nicaragua,AMRO,15,15672,0,245
3/26/2023,NI,Nicaragua,AMRO,3,15675,0,245
4/2/2023,NI,Nicaragua,AMRO,7,15682,0,245
4/9/2023,NI,Nicaragua,AMRO,0,15682,0,245
4/16/2023,NI,Nicaragua,AMRO,6,15688,0,245
4/23/2023,NI,Nicaragua,AMRO,3,15691,0,245
4/30/2023,NI,Nicaragua,AMRO,6,15697,0,245
5/7/2023,NI,Nicaragua,AMRO,7,15704,0,245
5/14/2023,NI,Nicaragua,AMRO,9,15713,0,245
5/21/2023,NI,Nicaragua,AMRO,0,15713,0,245
5/28/2023,NI,Nicaragua,AMRO,10,15723,0,245
6/4/2023,NI,Nicaragua,AMRO,13,15736,0,245
6/11/2023,NI,Nicaragua,AMRO,22,15758,0,245
6/18/2023,NI,Nicaragua,AMRO,47,15805,0,245
6/25/2023,NI,Nicaragua,AMRO,59,15864,0,245
7/2/2023,NI,Nicaragua,AMRO,40,15904,0,245
7/9/2023,NI,Nicaragua,AMRO,31,15935,0,245
7/16/2023,NI,Nicaragua,AMRO,24,15959,0,245
7/23/2023,NI,Nicaragua,AMRO,9,15968,0,245
7/30/2023,NI,Nicaragua,AMRO,12,15980,0,245
8/6/2023,NI,Nicaragua,AMRO,8,15988,0,245
8/13/2023,NI,Nicaragua,AMRO,11,15999,0,245
8/20/2023,NI,Nicaragua,AMRO,12,16011,0,245
8/27/2023,NI,Nicaragua,AMRO,6,16017,0,245
9/3/2023,NI,Nicaragua,AMRO,5,16022,0,245
9/10/2023,NI,Nicaragua,AMRO,8,16030,0,245
9/17/2023,NI,Nicaragua,AMRO,12,16042,0,245
9/24/2023,NI,Nicaragua,AMRO,5,16047,0,245
10/1/2023,NI,Nicaragua,AMRO,4,16051,0,245
10/8/2023,NI,Nicaragua,AMRO,3,16054,0,245
10/15/2023,NI,Nicaragua,AMRO,3,16057,0,245
10/22/2023,NI,Nicaragua,AMRO,5,16062,0,245
10/29/2023,NI,Nicaragua,AMRO,3,16065,0,245
11/5/2023,NI,Nicaragua,AMRO,1,16066,0,245
11/12/2023,NI,Nicaragua,AMRO,4,16070,0,245
11/19/2023,NI,Nicaragua,AMRO,3,16073,0,245
11/26/2023,NI,Nicaragua,AMRO,4,16077,0,245
12/3/2023,NI,Nicaragua,AMRO,7,16084,0,245
12/10/2023,NI,Nicaragua,AMRO,4,16088,0,245
12/17/2023,NI,Nicaragua,AMRO,0,16088,0,245
12/24/2023,NI,Nicaragua,AMRO,0,16088,0,245
1/5/2020,NE,Niger,AFRO,0,0,0,0
1/12/2020,NE,Niger,AFRO,0,0,0,0
1/19/2020,NE,Niger,AFRO,0,0,0,0
1/26/2020,NE,Niger,AFRO,0,0,0,0
2/2/2020,NE,Niger,AFRO,0,0,0,0
2/9/2020,NE,Niger,AFRO,0,0,0,0
2/16/2020,NE,Niger,AFRO,0,0,0,0
2/23/2020,NE,Niger,AFRO,0,0,0,0
3/1/2020,NE,Niger,AFRO,0,0,0,0
3/8/2020,NE,Niger,AFRO,0,0,0,0
3/15/2020,NE,Niger,AFRO,0,0,0,0
3/22/2020,NE,Niger,AFRO,2,2,0,0
3/29/2020,NE,Niger,AFRO,18,20,0,0
4/5/2020,NE,Niger,AFRO,124,144,57,57
4/12/2020,NE,Niger,AFRO,385,529,1,58
4/19/2020,NE,Niger,AFRO,119,648,0,58
4/26/2020,NE,Niger,AFRO,36,684,0,58
5/3/2020,NE,Niger,AFRO,52,736,2,60
5/10/2020,NE,Niger,AFRO,79,815,10,70
5/17/2020,NE,Niger,AFRO,74,889,5,75
5/24/2020,NE,Niger,AFRO,54,943,10,85
5/31/2020,NE,Niger,AFRO,13,956,3,88
6/7/2020,NE,Niger,AFRO,14,970,1,89
6/14/2020,NE,Niger,AFRO,10,980,1,90
6/21/2020,NE,Niger,AFRO,55,1035,1,91
6/28/2020,NE,Niger,AFRO,33,1068,0,91
7/5/2020,NE,Niger,AFRO,20,1088,1,92
7/12/2020,NE,Niger,AFRO,11,1099,0,92
7/19/2020,NE,Niger,AFRO,5,1104,1,93
7/26/2020,NE,Niger,AFRO,20,1124,0,93
8/2/2020,NE,Niger,AFRO,14,1138,0,93
8/9/2020,NE,Niger,AFRO,19,1157,0,93
8/16/2020,NE,Niger,AFRO,9,1166,0,93
8/23/2020,NE,Niger,AFRO,6,1172,0,93
8/30/2020,NE,Niger,AFRO,3,1175,0,93
9/6/2020,NE,Niger,AFRO,2,1177,0,93
9/13/2020,NE,Niger,AFRO,1,1178,0,93
9/20/2020,NE,Niger,AFRO,4,1182,0,93
9/27/2020,NE,Niger,AFRO,12,1194,0,93
10/4/2020,NE,Niger,AFRO,6,1200,0,93
10/11/2020,NE,Niger,AFRO,0,1200,0,93
10/18/2020,NE,Niger,AFRO,9,1209,0,93
10/25/2020,NE,Niger,AFRO,6,1215,0,93
11/1/2020,NE,Niger,AFRO,6,1221,0,93
11/8/2020,NE,Niger,AFRO,21,1242,0,93
11/15/2020,NE,Niger,AFRO,59,1301,1,94
11/22/2020,NE,Niger,AFRO,50,1351,0,94
11/29/2020,NE,Niger,AFRO,133,1484,0,94
12/6/2020,NE,Niger,AFRO,305,1789,7,101
12/13/2020,NE,Niger,AFRO,427,2216,0,101
12/20/2020,NE,Niger,AFRO,398,2614,0,101
12/27/2020,NE,Niger,AFRO,495,3109,0,101
1/3/2021,NE,Niger,AFRO,328,3437,9,110
1/10/2021,NE,Niger,AFRO,382,3819,18,128
1/17/2021,NE,Niger,AFRO,313,4132,12,140
1/24/2021,NE,Niger,AFRO,189,4321,13,153
1/31/2021,NE,Niger,AFRO,195,4516,8,161
2/7/2021,NE,Niger,AFRO,82,4598,4,165
2/14/2021,NE,Niger,AFRO,92,4690,4,169
2/21/2021,NE,Niger,AFRO,43,4733,1,170
2/28/2021,NE,Niger,AFRO,39,4772,5,175
3/7/2021,NE,Niger,AFRO,50,4822,2,177
3/14/2021,NE,Niger,AFRO,35,4857,4,181
3/21/2021,NE,Niger,AFRO,61,4918,4,185
3/28/2021,NE,Niger,AFRO,69,4987,0,185
4/4/2021,NE,Niger,AFRO,46,5033,3,188
4/11/2021,NE,Niger,AFRO,39,5072,0,188
4/18/2021,NE,Niger,AFRO,55,5127,2,190
4/25/2021,NE,Niger,AFRO,31,5158,1,191
5/2/2021,NE,Niger,AFRO,71,5229,0,191
5/9/2021,NE,Niger,AFRO,90,5319,1,192
5/16/2021,NE,Niger,AFRO,11,5330,0,192
5/23/2021,NE,Niger,AFRO,39,5369,0,192
5/30/2021,NE,Niger,AFRO,41,5410,0,192
6/6/2021,NE,Niger,AFRO,28,5438,0,192
6/13/2021,NE,Niger,AFRO,8,5446,0,192
6/20/2021,NE,Niger,AFRO,23,5469,1,193
6/27/2021,NE,Niger,AFRO,9,5478,0,193
7/4/2021,NE,Niger,AFRO,28,5506,1,194
7/11/2021,NE,Niger,AFRO,32,5538,0,194
7/18/2021,NE,Niger,AFRO,35,5573,0,194
7/25/2021,NE,Niger,AFRO,25,5598,1,195
8/1/2021,NE,Niger,AFRO,25,5623,0,195
8/8/2021,NE,Niger,AFRO,59,5682,1,196
8/15/2021,NE,Niger,AFRO,40,5722,0,196
8/22/2021,NE,Niger,AFRO,45,5767,0,196
8/29/2021,NE,Niger,AFRO,72,5839,2,198
9/5/2021,NE,Niger,AFRO,41,5880,1,199
9/12/2021,NE,Niger,AFRO,39,5919,0,199
9/19/2021,NE,Niger,AFRO,38,5957,2,201
9/26/2021,NE,Niger,AFRO,17,5974,0,201
10/3/2021,NE,Niger,AFRO,61,6035,2,203
10/10/2021,NE,Niger,AFRO,58,6093,1,204
10/17/2021,NE,Niger,AFRO,67,6160,0,204
10/24/2021,NE,Niger,AFRO,88,6248,3,207
10/31/2021,NE,Niger,AFRO,91,6339,5,212
11/7/2021,NE,Niger,AFRO,151,6490,8,220
11/14/2021,NE,Niger,AFRO,179,6669,11,231
11/21/2021,NE,Niger,AFRO,124,6793,7,238
11/28/2021,NE,Niger,AFRO,165,6958,16,254
12/5/2021,NE,Niger,AFRO,103,7061,7,261
12/12/2021,NE,Niger,AFRO,93,7154,7,268
12/19/2021,NE,Niger,AFRO,45,7199,4,272
12/26/2021,NE,Niger,AFRO,69,7268,2,274
1/2/2022,NE,Niger,AFRO,170,7438,2,276
1/9/2022,NE,Niger,AFRO,523,7961,4,280
1/16/2022,NE,Niger,AFRO,405,8366,8,288
1/23/2022,NE,Niger,AFRO,176,8542,7,295
1/30/2022,NE,Niger,AFRO,106,8648,3,298
2/6/2022,NE,Niger,AFRO,34,8682,4,302
2/13/2022,NE,Niger,AFRO,27,8709,1,303
2/20/2022,NE,Niger,AFRO,25,8734,0,303
2/27/2022,NE,Niger,AFRO,12,8746,3,306
3/6/2022,NE,Niger,AFRO,16,8762,1,307
3/13/2022,NE,Niger,AFRO,19,8781,1,308
3/20/2022,NE,Niger,AFRO,7,8788,0,308
3/27/2022,NE,Niger,AFRO,13,8801,0,308
4/3/2022,NE,Niger,AFRO,9,8810,0,308
4/10/2022,NE,Niger,AFRO,13,8823,0,308
4/17/2022,NE,Niger,AFRO,48,8871,0,308
4/24/2022,NE,Niger,AFRO,43,8914,1,309
5/1/2022,NE,Niger,AFRO,27,8941,0,309
5/8/2022,NE,Niger,AFRO,45,8986,0,309
5/15/2022,NE,Niger,AFRO,27,9013,1,310
5/22/2022,NE,Niger,AFRO,21,9034,0,310
5/29/2022,NE,Niger,AFRO,12,9046,0,310
6/5/2022,NE,Niger,AFRO,10,9056,0,310
6/12/2022,NE,Niger,AFRO,14,9070,0,310
6/19/2022,NE,Niger,AFRO,8,9078,0,310
6/26/2022,NE,Niger,AFRO,10,9088,1,311
7/3/2022,NE,Niger,AFRO,2,9090,0,311
7/10/2022,NE,Niger,AFRO,7,9097,0,311
7/17/2022,NE,Niger,AFRO,7,9104,0,311
7/24/2022,NE,Niger,AFRO,4,9108,0,311
7/31/2022,NE,Niger,AFRO,6,9114,0,311
8/7/2022,NE,Niger,AFRO,6,9120,0,311
8/14/2022,NE,Niger,AFRO,18,9138,0,311
8/21/2022,NE,Niger,AFRO,55,9193,1,312
8/28/2022,NE,Niger,AFRO,127,9320,0,312
9/4/2022,NE,Niger,AFRO,37,9357,0,312
9/11/2022,NE,Niger,AFRO,20,9377,0,312
9/18/2022,NE,Niger,AFRO,18,9395,1,313
9/25/2022,NE,Niger,AFRO,10,9405,0,313
10/2/2022,NE,Niger,AFRO,6,9411,0,313
10/9/2022,NE,Niger,AFRO,4,9415,1,314
10/16/2022,NE,Niger,AFRO,1,9416,0,314
10/23/2022,NE,Niger,AFRO,9,9425,0,314
10/30/2022,NE,Niger,AFRO,3,9428,0,314
11/6/2022,NE,Niger,AFRO,2,9430,0,314
11/13/2022,NE,Niger,AFRO,2,9432,0,314
11/20/2022,NE,Niger,AFRO,2,9434,0,314
11/27/2022,NE,Niger,AFRO,0,9434,0,314
12/4/2022,NE,Niger,AFRO,11,9445,0,314
12/11/2022,NE,Niger,AFRO,12,9457,0,314
12/18/2022,NE,Niger,AFRO,16,9473,0,314
12/25/2022,NE,Niger,AFRO,13,9486,0,314
1/1/2023,NE,Niger,AFRO,18,9504,1,315
1/8/2023,NE,Niger,AFRO,2,9506,0,315
1/15/2023,NE,Niger,AFRO,1,9507,0,315
1/22/2023,NE,Niger,AFRO,2,9509,0,315
1/29/2023,NE,Niger,AFRO,1,9510,0,315
2/5/2023,NE,Niger,AFRO,0,9510,0,315
2/12/2023,NE,Niger,AFRO,2,9512,0,315
2/19/2023,NE,Niger,AFRO,0,9512,0,315
2/26/2023,NE,Niger,AFRO,1,9513,0,315
3/5/2023,NE,Niger,AFRO,0,9513,0,315
3/12/2023,NE,Niger,AFRO,0,9513,0,315
3/19/2023,NE,Niger,AFRO,0,9513,0,315
3/26/2023,NE,Niger,AFRO,0,9513,0,315
4/2/2023,NE,Niger,AFRO,0,9513,0,315
4/9/2023,NE,Niger,AFRO,0,9513,0,315
4/16/2023,NE,Niger,AFRO,0,9513,0,315
4/23/2023,NE,Niger,AFRO,0,9513,0,315
4/30/2023,NE,Niger,AFRO,0,9513,0,315
5/7/2023,NE,Niger,AFRO,0,9513,0,315
5/14/2023,NE,Niger,AFRO,0,9513,0,315
5/21/2023,NE,Niger,AFRO,1,9514,0,315
5/28/2023,NE,Niger,AFRO,0,9514,0,315
6/4/2023,NE,Niger,AFRO,0,9514,0,315
6/11/2023,NE,Niger,AFRO,0,9514,0,315
6/18/2023,NE,Niger,AFRO,0,9514,0,315
6/25/2023,NE,Niger,AFRO,0,9514,0,315
7/2/2023,NE,Niger,AFRO,1,9515,0,315
7/9/2023,NE,Niger,AFRO,0,9515,0,315
7/16/2023,NE,Niger,AFRO,0,9515,0,315
7/23/2023,NE,Niger,AFRO,0,9515,0,315
7/30/2023,NE,Niger,AFRO,0,9515,0,315
8/6/2023,NE,Niger,AFRO,0,9515,0,315
8/13/2023,NE,Niger,AFRO,0,9515,0,315
8/20/2023,NE,Niger,AFRO,0,9515,0,315
8/27/2023,NE,Niger,AFRO,0,9515,0,315
9/3/2023,NE,Niger,AFRO,0,9515,0,315
9/10/2023,NE,Niger,AFRO,0,9515,0,315
9/17/2023,NE,Niger,AFRO,0,9515,0,315
9/24/2023,NE,Niger,AFRO,0,9515,0,315
10/1/2023,NE,Niger,AFRO,0,9515,0,315
10/8/2023,NE,Niger,AFRO,0,9515,0,315
10/15/2023,NE,Niger,AFRO,0,9515,0,315
10/22/2023,NE,Niger,AFRO,0,9515,0,315
10/29/2023,NE,Niger,AFRO,0,9515,0,315
11/5/2023,NE,Niger,AFRO,0,9515,0,315
11/12/2023,NE,Niger,AFRO,0,9515,0,315
11/19/2023,NE,Niger,AFRO,0,9515,0,315
11/26/2023,NE,Niger,AFRO,0,9515,0,315
12/3/2023,NE,Niger,AFRO,0,9515,0,315
12/10/2023,NE,Niger,AFRO,0,9515,0,315
12/17/2023,NE,Niger,AFRO,0,9515,0,315
12/24/2023,NE,Niger,AFRO,0,9515,0,315
1/5/2020,NG,Nigeria,AFRO,0,0,0,0
1/12/2020,NG,Nigeria,AFRO,0,0,0,0
1/19/2020,NG,Nigeria,AFRO,0,0,0,0
1/26/2020,NG,Nigeria,AFRO,0,0,0,0
2/2/2020,NG,Nigeria,AFRO,0,0,0,0
2/9/2020,NG,Nigeria,AFRO,0,0,0,0
2/16/2020,NG,Nigeria,AFRO,0,0,0,0
2/23/2020,NG,Nigeria,AFRO,0,0,0,0
3/1/2020,NG,Nigeria,AFRO,1,1,0,0
3/8/2020,NG,Nigeria,AFRO,0,1,0,0
3/15/2020,NG,Nigeria,AFRO,1,2,0,0
3/22/2020,NG,Nigeria,AFRO,24,26,0,0
3/29/2020,NG,Nigeria,AFRO,71,97,3,3
4/5/2020,NG,Nigeria,AFRO,117,214,4,7
4/12/2020,NG,Nigeria,AFRO,104,318,5,12
4/19/2020,NG,Nigeria,AFRO,223,541,9,21
4/26/2020,NG,Nigeria,AFRO,641,1182,16,37
5/3/2020,NG,Nigeria,AFRO,1206,2388,50,87
5/10/2020,NG,Nigeria,AFRO,1763,4151,41,128
5/17/2020,NG,Nigeria,AFRO,1470,5621,48,176
5/24/2020,NG,Nigeria,AFRO,1905,7526,45,221
5/31/2020,NG,Nigeria,AFRO,2329,9855,52,273
6/7/2020,NG,Nigeria,AFRO,2378,12233,69,342
6/14/2020,NG,Nigeria,AFRO,3449,15682,64,406
6/21/2020,NG,Nigeria,AFRO,4126,19808,100,506
6/28/2020,NG,Nigeria,AFRO,4269,24077,52,558
7/5/2020,NG,Nigeria,AFRO,4090,28167,76,634
7/12/2020,NG,Nigeria,AFRO,3820,31987,90,724
7/19/2020,NG,Nigeria,AFRO,4120,36107,54,778
7/26/2020,NG,Nigeria,AFRO,3870,39977,78,856
8/2/2020,NG,Nigeria,AFRO,3560,43537,27,883
8/9/2020,NG,Nigeria,AFRO,2603,46140,59,942
8/16/2020,NG,Nigeria,AFRO,2630,48770,32,974
8/23/2020,NG,Nigeria,AFRO,3135,51905,23,997
8/30/2020,NG,Nigeria,AFRO,1822,53727,14,1011
9/6/2020,NG,Nigeria,AFRO,1178,54905,43,1054
9/13/2020,NG,Nigeria,AFRO,1272,56177,24,1078
9/20/2020,NG,Nigeria,AFRO,968,57145,17,1095
9/27/2020,NG,Nigeria,AFRO,1053,58198,11,1106
10/4/2020,NG,Nigeria,AFRO,1089,59287,7,1113
10/11/2020,NG,Nigeria,AFRO,816,60103,2,1115
10/18/2020,NG,Nigeria,AFRO,1204,61307,8,1123
10/25/2020,NG,Nigeria,AFRO,623,61930,6,1129
11/1/2020,NG,Nigeria,AFRO,923,62853,15,1144
11/8/2020,NG,Nigeria,AFRO,937,63790,10,1154
11/15/2020,NG,Nigeria,AFRO,1206,64996,9,1163
11/22/2020,NG,Nigeria,AFRO,1232,66228,3,1166
11/29/2020,NG,Nigeria,AFRO,1102,67330,5,1171
12/6/2020,NG,Nigeria,AFRO,1607,68937,9,1180
12/13/2020,NG,Nigeria,AFRO,3820,72757,14,1194
12/20/2020,NG,Nigeria,AFRO,5176,77933,24,1218
12/27/2020,NG,Nigeria,AFRO,5643,83576,29,1247
1/3/2021,NG,Nigeria,AFRO,5587,89163,55,1302
1/10/2021,NG,Nigeria,AFRO,9900,99063,48,1350
1/17/2021,NG,Nigeria,AFRO,9880,108943,70,1420
1/24/2021,NG,Nigeria,AFRO,11659,120602,75,1495
1/31/2021,NG,Nigeria,AFRO,9955,130557,83,1578
2/7/2021,NG,Nigeria,AFRO,8685,139242,69,1647
2/14/2021,NG,Nigeria,AFRO,6422,145664,100,1747
2/21/2021,NG,Nigeria,AFRO,5889,151553,84,1831
2/28/2021,NG,Nigeria,AFRO,3864,155417,74,1905
3/7/2021,NG,Nigeria,AFRO,2820,158237,59,1964
3/14/2021,NG,Nigeria,AFRO,2300,160537,49,2013
3/21/2021,NG,Nigeria,AFRO,1114,161651,17,2030
3/28/2021,NG,Nigeria,AFRO,838,162489,11,2041
4/4/2021,NG,Nigeria,AFRO,624,163113,17,2058
4/11/2021,NG,Nigeria,AFRO,623,163736,2,2060
4/18/2021,NG,Nigeria,AFRO,471,164207,1,2061
4/25/2021,NG,Nigeria,AFRO,477,164684,0,2061
5/2/2021,NG,Nigeria,AFRO,469,165153,2,2063
5/9/2021,NG,Nigeria,AFRO,229,165382,2,2065
5/16/2021,NG,Nigeria,AFRO,320,165702,1,2066
5/23/2021,NG,Nigeria,AFRO,277,165979,1,2067
5/30/2021,NG,Nigeria,AFRO,306,166285,4,2071
6/6/2021,NG,Nigeria,AFRO,471,166756,46,2117
6/13/2021,NG,Nigeria,AFRO,303,167059,0,2117
6/20/2021,NG,Nigeria,AFRO,96,167155,0,2117
6/27/2021,NG,Nigeria,AFRO,310,167465,2,2119
7/4/2021,NG,Nigeria,AFRO,338,167803,2,2121
7/11/2021,NG,Nigeria,AFRO,737,168540,1,2122
7/18/2021,NG,Nigeria,AFRO,789,169329,4,2126
7/25/2021,NG,Nigeria,AFRO,1566,170895,6,2132
8/1/2021,NG,Nigeria,AFRO,3013,173908,17,2149
8/8/2021,NG,Nigeria,AFRO,3707,177615,36,2185
8/15/2021,NG,Nigeria,AFRO,4347,181962,34,2219
8/22/2021,NG,Nigeria,AFRO,4673,186635,41,2260
8/29/2021,NG,Nigeria,AFRO,4348,190983,101,2361
9/5/2021,NG,Nigeria,AFRO,4069,195052,161,2522
9/12/2021,NG,Nigeria,AFRO,3734,198786,68,2590
9/19/2021,NG,Nigeria,AFRO,2844,201630,64,2654
9/26/2021,NG,Nigeria,AFRO,2571,204201,20,2674
10/3/2021,NG,Nigeria,AFRO,1863,206064,49,2723
10/10/2021,NG,Nigeria,AFRO,1554,207618,22,2745
10/17/2021,NG,Nigeria,AFRO,1555,209173,59,2804
10/24/2021,NG,Nigeria,AFRO,1122,210295,52,2856
10/31/2021,NG,Nigeria,AFRO,1592,211887,39,2895
11/7/2021,NG,Nigeria,AFRO,740,212627,10,2905
11/14/2021,NG,Nigeria,AFRO,500,213127,55,2960
11/21/2021,NG,Nigeria,AFRO,405,213532,13,2973
11/28/2021,NG,Nigeria,AFRO,450,213982,2,2975
12/5/2021,NG,Nigeria,AFRO,585,214567,5,2980
12/12/2021,NG,Nigeria,AFRO,2496,217063,1,2981
12/19/2021,NG,Nigeria,AFRO,6420,223483,3,2984
12/26/2021,NG,Nigeria,AFRO,12531,236014,30,3014
1/2/2022,NG,Nigeria,AFRO,6863,242877,19,3033
1/9/2022,NG,Nigeria,AFRO,4898,247775,38,3071
1/16/2022,NG,Nigeria,AFRO,2853,250628,24,3095
1/23/2022,NG,Nigeria,AFRO,1331,251959,29,3124
1/30/2022,NG,Nigeria,AFRO,1061,253020,11,3135
2/6/2022,NG,Nigeria,AFRO,665,253685,1,3136
2/13/2022,NG,Nigeria,AFRO,285,253970,4,3140
2/20/2022,NG,Nigeria,AFRO,273,254243,2,3142
2/27/2022,NG,Nigeria,AFRO,258,254501,0,3142
3/6/2022,NG,Nigeria,AFRO,136,254637,0,3142
3/13/2022,NG,Nigeria,AFRO,308,254945,0,3142
3/20/2022,NG,Nigeria,AFRO,158,255103,0,3142
3/27/2022,NG,Nigeria,AFRO,193,255296,0,3142
4/3/2022,NG,Nigeria,AFRO,172,255468,0,3142
4/10/2022,NG,Nigeria,AFRO,138,255606,0,3142
4/17/2022,NG,Nigeria,AFRO,42,255648,1,3143
4/24/2022,NG,Nigeria,AFRO,37,255685,0,3143
5/1/2022,NG,Nigeria,AFRO,31,255716,0,3143
5/8/2022,NG,Nigeria,AFRO,50,255766,0,3143
5/15/2022,NG,Nigeria,AFRO,93,255859,0,3143
5/22/2022,NG,Nigeria,AFRO,78,255937,0,3143
5/29/2022,NG,Nigeria,AFRO,91,256028,0,3143
6/5/2022,NG,Nigeria,AFRO,120,256148,0,3143
6/12/2022,NG,Nigeria,AFRO,204,256352,1,3144
6/19/2022,NG,Nigeria,AFRO,221,256573,0,3144
6/26/2022,NG,Nigeria,AFRO,385,256958,0,3144
7/3/2022,NG,Nigeria,AFRO,679,257637,0,3144
7/10/2022,NG,Nigeria,AFRO,880,258517,0,3144
7/17/2022,NG,Nigeria,AFRO,490,259007,0,3144
7/24/2022,NG,Nigeria,AFRO,478,259485,2,3146
7/31/2022,NG,Nigeria,AFRO,1492,260977,1,3147
8/7/2022,NG,Nigeria,AFRO,908,261885,0,3147
8/14/2022,NG,Nigeria,AFRO,635,262520,0,3147
8/21/2022,NG,Nigeria,AFRO,392,262912,0,3147
8/28/2022,NG,Nigeria,AFRO,495,263407,1,3148
9/4/2022,NG,Nigeria,AFRO,460,263867,0,3148
9/11/2022,NG,Nigeria,AFRO,583,264450,6,3154
9/18/2022,NG,Nigeria,AFRO,483,264933,1,3155
9/25/2022,NG,Nigeria,AFRO,253,265186,0,3155
10/2/2022,NG,Nigeria,AFRO,245,265431,0,3155
10/9/2022,NG,Nigeria,AFRO,385,265816,0,3155
10/16/2022,NG,Nigeria,AFRO,121,265937,0,3155
10/23/2022,NG,Nigeria,AFRO,106,266043,0,3155
10/30/2022,NG,Nigeria,AFRO,95,266138,0,3155
11/6/2022,NG,Nigeria,AFRO,54,266192,0,3155
11/13/2022,NG,Nigeria,AFRO,50,266242,0,3155
11/20/2022,NG,Nigeria,AFRO,41,266283,0,3155
11/27/2022,NG,Nigeria,AFRO,30,266313,0,3155
12/4/2022,NG,Nigeria,AFRO,37,266350,0,3155
12/11/2022,NG,Nigeria,AFRO,31,266381,0,3155
12/18/2022,NG,Nigeria,AFRO,17,266398,0,3155
12/25/2022,NG,Nigeria,AFRO,17,266415,0,3155
1/1/2023,NG,Nigeria,AFRO,35,266450,0,3155
1/8/2023,NG,Nigeria,AFRO,13,266463,0,3155
1/15/2023,NG,Nigeria,AFRO,0,266463,0,3155
1/22/2023,NG,Nigeria,AFRO,0,266463,0,3155
1/29/2023,NG,Nigeria,AFRO,0,266463,0,3155
2/5/2023,NG,Nigeria,AFRO,0,266463,0,3155
2/12/2023,NG,Nigeria,AFRO,0,266463,0,3155
2/19/2023,NG,Nigeria,AFRO,130,266593,0,3155
2/26/2023,NG,Nigeria,AFRO,5,266598,0,3155
3/5/2023,NG,Nigeria,AFRO,30,266628,0,3155
3/12/2023,NG,Nigeria,AFRO,13,266641,0,3155
3/19/2023,NG,Nigeria,AFRO,11,266652,0,3155
3/26/2023,NG,Nigeria,AFRO,8,266660,0,3155
4/2/2023,NG,Nigeria,AFRO,5,266665,0,3155
4/9/2023,NG,Nigeria,AFRO,10,266675,0,3155
4/16/2023,NG,Nigeria,AFRO,0,266675,0,3155
4/23/2023,NG,Nigeria,AFRO,0,266675,0,3155
4/30/2023,NG,Nigeria,AFRO,0,266675,0,3155
5/7/2023,NG,Nigeria,AFRO,0,266675,0,3155
5/14/2023,NG,Nigeria,AFRO,0,266675,0,3155
5/21/2023,NG,Nigeria,AFRO,0,266675,0,3155
5/28/2023,NG,Nigeria,AFRO,0,266675,0,3155
6/4/2023,NG,Nigeria,AFRO,0,266675,0,3155
6/11/2023,NG,Nigeria,AFRO,0,266675,0,3155
6/18/2023,NG,Nigeria,AFRO,0,266675,0,3155
6/25/2023,NG,Nigeria,AFRO,0,266675,0,3155
7/2/2023,NG,Nigeria,AFRO,0,266675,0,3155
7/9/2023,NG,Nigeria,AFRO,0,266675,0,3155
7/16/2023,NG,Nigeria,AFRO,0,266675,0,3155
7/23/2023,NG,Nigeria,AFRO,0,266675,0,3155
7/30/2023,NG,Nigeria,AFRO,0,266675,0,3155
8/6/2023,NG,Nigeria,AFRO,0,266675,0,3155
8/13/2023,NG,Nigeria,AFRO,361,267036,0,3155
8/20/2023,NG,Nigeria,AFRO,5,267041,0,3155
8/27/2023,NG,Nigeria,AFRO,10,267051,0,3155
9/3/2023,NG,Nigeria,AFRO,42,267093,0,3155
9/10/2023,NG,Nigeria,AFRO,25,267118,0,3155
9/17/2023,NG,Nigeria,AFRO,15,267133,0,3155
9/24/2023,NG,Nigeria,AFRO,5,267138,0,3155
10/1/2023,NG,Nigeria,AFRO,8,267146,0,3155
10/8/2023,NG,Nigeria,AFRO,9,267155,0,3155
10/15/2023,NG,Nigeria,AFRO,1,267156,0,3155
10/22/2023,NG,Nigeria,AFRO,10,267166,0,3155
10/29/2023,NG,Nigeria,AFRO,7,267173,0,3155
11/5/2023,NG,Nigeria,AFRO,0,267173,0,3155
11/12/2023,NG,Nigeria,AFRO,0,267173,0,3155
11/19/2023,NG,Nigeria,AFRO,0,267173,0,3155
11/26/2023,NG,Nigeria,AFRO,0,267173,0,3155
12/3/2023,NG,Nigeria,AFRO,0,267173,0,3155
12/10/2023,NG,Nigeria,AFRO,0,267173,0,3155
12/17/2023,NG,Nigeria,AFRO,0,267173,0,3155
12/24/2023,NG,Nigeria,AFRO,0,267173,0,3155
1/5/2020,NU,Niue,WPRO,0,0,0,0
1/12/2020,NU,Niue,WPRO,0,0,0,0
1/19/2020,NU,Niue,WPRO,0,0,0,0
1/26/2020,NU,Niue,WPRO,0,0,0,0
2/2/2020,NU,Niue,WPRO,0,0,0,0
2/9/2020,NU,Niue,WPRO,0,0,0,0
2/16/2020,NU,Niue,WPRO,0,0,0,0
2/23/2020,NU,Niue,WPRO,0,0,0,0
3/1/2020,NU,Niue,WPRO,0,0,0,0
3/8/2020,NU,Niue,WPRO,0,0,0,0
3/15/2020,NU,Niue,WPRO,0,0,0,0
3/22/2020,NU,Niue,WPRO,0,0,0,0
3/29/2020,NU,Niue,WPRO,0,0,0,0
4/5/2020,NU,Niue,WPRO,0,0,0,0
4/12/2020,NU,Niue,WPRO,0,0,0,0
4/19/2020,NU,Niue,WPRO,0,0,0,0
4/26/2020,NU,Niue,WPRO,0,0,0,0
5/3/2020,NU,Niue,WPRO,0,0,0,0
5/10/2020,NU,Niue,WPRO,0,0,0,0
5/17/2020,NU,Niue,WPRO,0,0,0,0
5/24/2020,NU,Niue,WPRO,0,0,0,0
5/31/2020,NU,Niue,WPRO,0,0,0,0
6/7/2020,NU,Niue,WPRO,0,0,0,0
6/14/2020,NU,Niue,WPRO,0,0,0,0
6/21/2020,NU,Niue,WPRO,0,0,0,0
6/28/2020,NU,Niue,WPRO,0,0,0,0
7/5/2020,NU,Niue,WPRO,0,0,0,0
7/12/2020,NU,Niue,WPRO,0,0,0,0
7/19/2020,NU,Niue,WPRO,0,0,0,0
7/26/2020,NU,Niue,WPRO,0,0,0,0
8/2/2020,NU,Niue,WPRO,0,0,0,0
8/9/2020,NU,Niue,WPRO,0,0,0,0
8/16/2020,NU,Niue,WPRO,0,0,0,0
8/23/2020,NU,Niue,WPRO,0,0,0,0
8/30/2020,NU,Niue,WPRO,0,0,0,0
9/6/2020,NU,Niue,WPRO,0,0,0,0
9/13/2020,NU,Niue,WPRO,0,0,0,0
9/20/2020,NU,Niue,WPRO,0,0,0,0
9/27/2020,NU,Niue,WPRO,0,0,0,0
10/4/2020,NU,Niue,WPRO,0,0,0,0
10/11/2020,NU,Niue,WPRO,0,0,0,0
10/18/2020,NU,Niue,WPRO,0,0,0,0
10/25/2020,NU,Niue,WPRO,0,0,0,0
11/1/2020,NU,Niue,WPRO,0,0,0,0
11/8/2020,NU,Niue,WPRO,0,0,0,0
11/15/2020,NU,Niue,WPRO,0,0,0,0
11/22/2020,NU,Niue,WPRO,0,0,0,0
11/29/2020,NU,Niue,WPRO,0,0,0,0
12/6/2020,NU,Niue,WPRO,0,0,0,0
12/13/2020,NU,Niue,WPRO,0,0,0,0
12/20/2020,NU,Niue,WPRO,0,0,0,0
12/27/2020,NU,Niue,WPRO,0,0,0,0
1/3/2021,NU,Niue,WPRO,0,0,0,0
1/10/2021,NU,Niue,WPRO,0,0,0,0
1/17/2021,NU,Niue,WPRO,0,0,0,0
1/24/2021,NU,Niue,WPRO,0,0,0,0
1/31/2021,NU,Niue,WPRO,0,0,0,0
2/7/2021,NU,Niue,WPRO,0,0,0,0
2/14/2021,NU,Niue,WPRO,0,0,0,0
2/21/2021,NU,Niue,WPRO,0,0,0,0
2/28/2021,NU,Niue,WPRO,0,0,0,0
3/7/2021,NU,Niue,WPRO,0,0,0,0
3/14/2021,NU,Niue,WPRO,0,0,0,0
3/21/2021,NU,Niue,WPRO,0,0,0,0
3/28/2021,NU,Niue,WPRO,0,0,0,0
4/4/2021,NU,Niue,WPRO,0,0,0,0
4/11/2021,NU,Niue,WPRO,0,0,0,0
4/18/2021,NU,Niue,WPRO,0,0,0,0
4/25/2021,NU,Niue,WPRO,0,0,0,0
5/2/2021,NU,Niue,WPRO,0,0,0,0
5/9/2021,NU,Niue,WPRO,0,0,0,0
5/16/2021,NU,Niue,WPRO,0,0,0,0
5/23/2021,NU,Niue,WPRO,0,0,0,0
5/30/2021,NU,Niue,WPRO,0,0,0,0
6/6/2021,NU,Niue,WPRO,0,0,0,0
6/13/2021,NU,Niue,WPRO,0,0,0,0
6/20/2021,NU,Niue,WPRO,0,0,0,0
6/27/2021,NU,Niue,WPRO,0,0,0,0
7/4/2021,NU,Niue,WPRO,0,0,0,0
7/11/2021,NU,Niue,WPRO,0,0,0,0
7/18/2021,NU,Niue,WPRO,0,0,0,0
7/25/2021,NU,Niue,WPRO,0,0,0,0
8/1/2021,NU,Niue,WPRO,0,0,0,0
8/8/2021,NU,Niue,WPRO,0,0,0,0
8/15/2021,NU,Niue,WPRO,0,0,0,0
8/22/2021,NU,Niue,WPRO,0,0,0,0
8/29/2021,NU,Niue,WPRO,0,0,0,0
9/5/2021,NU,Niue,WPRO,0,0,0,0
9/12/2021,NU,Niue,WPRO,0,0,0,0
9/19/2021,NU,Niue,WPRO,0,0,0,0
9/26/2021,NU,Niue,WPRO,0,0,0,0
10/3/2021,NU,Niue,WPRO,0,0,0,0
10/10/2021,NU,Niue,WPRO,0,0,0,0
10/17/2021,NU,Niue,WPRO,0,0,0,0
10/24/2021,NU,Niue,WPRO,0,0,0,0
10/31/2021,NU,Niue,WPRO,0,0,0,0
11/7/2021,NU,Niue,WPRO,0,0,0,0
11/14/2021,NU,Niue,WPRO,0,0,0,0
11/21/2021,NU,Niue,WPRO,0,0,0,0
11/28/2021,NU,Niue,WPRO,0,0,0,0
12/5/2021,NU,Niue,WPRO,0,0,0,0
12/12/2021,NU,Niue,WPRO,0,0,0,0
12/19/2021,NU,Niue,WPRO,0,0,0,0
12/26/2021,NU,Niue,WPRO,0,0,0,0
1/2/2022,NU,Niue,WPRO,0,0,0,0
1/9/2022,NU,Niue,WPRO,0,0,0,0
1/16/2022,NU,Niue,WPRO,0,0,0,0
1/23/2022,NU,Niue,WPRO,0,0,0,0
1/30/2022,NU,Niue,WPRO,0,0,0,0
2/6/2022,NU,Niue,WPRO,0,0,0,0
2/13/2022,NU,Niue,WPRO,0,0,0,0
2/20/2022,NU,Niue,WPRO,0,0,0,0
2/27/2022,NU,Niue,WPRO,0,0,0,0
3/6/2022,NU,Niue,WPRO,0,0,0,0
3/13/2022,NU,Niue,WPRO,1,1,0,0
3/20/2022,NU,Niue,WPRO,0,1,0,0
3/27/2022,NU,Niue,WPRO,4,5,0,0
4/3/2022,NU,Niue,WPRO,2,7,0,0
4/10/2022,NU,Niue,WPRO,0,7,0,0
4/17/2022,NU,Niue,WPRO,0,7,0,0
4/24/2022,NU,Niue,WPRO,1,8,0,0
5/1/2022,NU,Niue,WPRO,1,9,0,0
5/8/2022,NU,Niue,WPRO,0,9,0,0
5/15/2022,NU,Niue,WPRO,0,9,0,0
5/22/2022,NU,Niue,WPRO,0,9,0,0
5/29/2022,NU,Niue,WPRO,0,9,0,0
6/5/2022,NU,Niue,WPRO,0,9,0,0
6/12/2022,NU,Niue,WPRO,0,9,0,0
6/19/2022,NU,Niue,WPRO,1,10,0,0
6/26/2022,NU,Niue,WPRO,0,10,0,0
7/3/2022,NU,Niue,WPRO,10,20,0,0
7/10/2022,NU,Niue,WPRO,4,24,0,0
7/17/2022,NU,Niue,WPRO,5,29,0,0
7/24/2022,NU,Niue,WPRO,0,29,0,0
7/31/2022,NU,Niue,WPRO,18,47,0,0
8/7/2022,NU,Niue,WPRO,11,58,0,0
8/14/2022,NU,Niue,WPRO,2,60,0,0
8/21/2022,NU,Niue,WPRO,0,60,0,0
8/28/2022,NU,Niue,WPRO,0,60,0,0
9/4/2022,NU,Niue,WPRO,13,73,0,0
9/11/2022,NU,Niue,WPRO,4,77,0,0
9/18/2022,NU,Niue,WPRO,2,79,0,0
9/25/2022,NU,Niue,WPRO,1,80,0,0
10/2/2022,NU,Niue,WPRO,0,80,0,0
10/9/2022,NU,Niue,WPRO,1,81,0,0
10/16/2022,NU,Niue,WPRO,2,83,0,0
10/23/2022,NU,Niue,WPRO,2,85,0,0
10/30/2022,NU,Niue,WPRO,0,85,0,0
11/6/2022,NU,Niue,WPRO,0,85,0,0
11/13/2022,NU,Niue,WPRO,2,87,0,0
11/20/2022,NU,Niue,WPRO,13,100,0,0
11/27/2022,NU,Niue,WPRO,11,111,0,0
12/4/2022,NU,Niue,WPRO,58,169,0,0
12/11/2022,NU,Niue,WPRO,18,187,0,0
12/18/2022,NU,Niue,WPRO,76,263,0,0
12/25/2022,NU,Niue,WPRO,72,335,0,0
1/1/2023,NU,Niue,WPRO,123,458,0,0
1/8/2023,NU,Niue,WPRO,155,613,0,0
1/15/2023,NU,Niue,WPRO,101,714,0,0
1/22/2023,NU,Niue,WPRO,16,730,0,0
1/29/2023,NU,Niue,WPRO,11,741,0,0
2/5/2023,NU,Niue,WPRO,6,747,0,0
2/12/2023,NU,Niue,WPRO,0,747,0,0
2/19/2023,NU,Niue,WPRO,0,747,0,0
2/26/2023,NU,Niue,WPRO,0,747,0,0
3/5/2023,NU,Niue,WPRO,0,747,0,0
3/12/2023,NU,Niue,WPRO,0,747,0,0
3/19/2023,NU,Niue,WPRO,0,747,0,0
3/26/2023,NU,Niue,WPRO,0,747,0,0
4/2/2023,NU,Niue,WPRO,0,747,0,0
4/9/2023,NU,Niue,WPRO,0,747,0,0
4/16/2023,NU,Niue,WPRO,0,747,0,0
4/23/2023,NU,Niue,WPRO,0,747,0,0
4/30/2023,NU,Niue,WPRO,0,747,0,0
5/7/2023,NU,Niue,WPRO,0,747,0,0
5/14/2023,NU,Niue,WPRO,54,801,0,0
5/21/2023,NU,Niue,WPRO,1,802,0,0
5/28/2023,NU,Niue,WPRO,5,807,0,0
6/4/2023,NU,Niue,WPRO,10,817,0,0
6/11/2023,NU,Niue,WPRO,3,820,0,0
6/18/2023,NU,Niue,WPRO,0,820,0,0
6/25/2023,NU,Niue,WPRO,0,820,0,0
7/2/2023,NU,Niue,WPRO,0,820,0,0
7/9/2023,NU,Niue,WPRO,1,821,0,0
7/16/2023,NU,Niue,WPRO,1,822,0,0
7/23/2023,NU,Niue,WPRO,0,822,0,0
7/30/2023,NU,Niue,WPRO,0,822,0,0
8/6/2023,NU,Niue,WPRO,3,825,0,0
8/13/2023,NU,Niue,WPRO,5,830,0,0
8/20/2023,NU,Niue,WPRO,1,831,0,0
8/27/2023,NU,Niue,WPRO,27,858,0,0
9/3/2023,NU,Niue,WPRO,10,868,0,0
9/10/2023,NU,Niue,WPRO,19,887,0,0
9/17/2023,NU,Niue,WPRO,0,887,0,0
9/24/2023,NU,Niue,WPRO,0,887,0,0
10/1/2023,NU,Niue,WPRO,0,887,0,0
10/8/2023,NU,Niue,WPRO,0,887,0,0
10/15/2023,NU,Niue,WPRO,0,887,0,0
10/22/2023,NU,Niue,WPRO,0,887,0,0
10/29/2023,NU,Niue,WPRO,0,887,0,0
11/5/2023,NU,Niue,WPRO,2,889,0,0
11/12/2023,NU,Niue,WPRO,0,889,0,0
11/19/2023,NU,Niue,WPRO,0,889,0,0
11/26/2023,NU,Niue,WPRO,6,895,0,0
12/3/2023,NU,Niue,WPRO,0,895,0,0
12/10/2023,NU,Niue,WPRO,0,895,0,0
12/17/2023,NU,Niue,WPRO,0,895,0,0
12/24/2023,NU,Niue,WPRO,0,895,0,0
1/5/2020,MK,North Macedonia,EURO,0,0,0,0
1/12/2020,MK,North Macedonia,EURO,0,0,0,0
1/19/2020,MK,North Macedonia,EURO,0,0,0,0
1/26/2020,MK,North Macedonia,EURO,0,0,0,0
2/2/2020,MK,North Macedonia,EURO,0,0,0,0
2/9/2020,MK,North Macedonia,EURO,0,0,0,0
2/16/2020,MK,North Macedonia,EURO,0,0,0,0
2/23/2020,MK,North Macedonia,EURO,0,0,0,0
3/1/2020,MK,North Macedonia,EURO,1,1,0,0
3/8/2020,MK,North Macedonia,EURO,3,4,0,0
3/15/2020,MK,North Macedonia,EURO,15,19,0,0
3/22/2020,MK,North Macedonia,EURO,117,136,1,1
3/29/2020,MK,North Macedonia,EURO,149,285,5,6
4/5/2020,MK,North Macedonia,EURO,287,572,17,23
4/12/2020,MK,North Macedonia,EURO,286,858,15,38
4/19/2020,MK,North Macedonia,EURO,370,1228,18,56
4/26/2020,MK,North Macedonia,EURO,170,1398,13,69
5/3/2020,MK,North Macedonia,EURO,120,1518,18,87
5/10/2020,MK,North Macedonia,EURO,146,1664,6,93
5/17/2020,MK,North Macedonia,EURO,153,1817,14,107
5/24/2020,MK,North Macedonia,EURO,181,1998,9,116
5/31/2020,MK,North Macedonia,EURO,317,2315,23,139
6/7/2020,MK,North Macedonia,EURO,839,3154,20,159
6/14/2020,MK,North Macedonia,EURO,1009,4163,41,200
6/21/2020,MK,North Macedonia,EURO,1035,5198,54,254
6/28/2020,MK,North Macedonia,EURO,1014,6212,53,307
7/5/2020,MK,North Macedonia,EURO,928,7140,50,357
7/12/2020,MK,North Macedonia,EURO,1073,8213,39,396
7/19/2020,MK,North Macedonia,EURO,1044,9257,48,444
7/26/2020,MK,North Macedonia,EURO,953,10210,36,480
8/2/2020,MK,North Macedonia,EURO,910,11120,31,511
8/9/2020,MK,North Macedonia,EURO,814,11934,26,537
8/16/2020,MK,North Macedonia,EURO,897,12831,21,558
8/23/2020,MK,North Macedonia,EURO,838,13669,22,580
8/30/2020,MK,North Macedonia,EURO,661,14330,36,616
9/6/2020,MK,North Macedonia,EURO,790,15120,26,642
9/13/2020,MK,North Macedonia,EURO,703,15823,28,670
9/20/2020,MK,North Macedonia,EURO,955,16778,49,719
9/27/2020,MK,North Macedonia,EURO,888,17666,29,748
10/4/2020,MK,North Macedonia,EURO,1204,18870,33,781
10/11/2020,MK,North Macedonia,EURO,2243,21113,34,815
10/18/2020,MK,North Macedonia,EURO,2676,23789,55,870
10/25/2020,MK,North Macedonia,EURO,3405,27194,100,970
11/1/2020,MK,North Macedonia,EURO,5801,32995,115,1085
11/8/2020,MK,North Macedonia,EURO,7287,40282,191,1276
11/15/2020,MK,North Macedonia,EURO,7362,47644,242,1518
11/22/2020,MK,North Macedonia,EURO,7483,55127,267,1785
11/29/2020,MK,North Macedonia,EURO,6741,61868,273,2058
12/6/2020,MK,North Macedonia,EURO,6460,68328,257,2315
12/13/2020,MK,North Macedonia,EURO,5514,73842,212,2527
12/20/2020,MK,North Macedonia,EURO,4585,78427,204,2731
12/27/2020,MK,North Macedonia,EURO,3369,81796,165,2896
1/3/2021,MK,North Macedonia,EURO,2325,84121,124,3020
1/10/2021,MK,North Macedonia,EURO,2463,86584,84,3104
1/17/2021,MK,North Macedonia,EURO,2387,88971,100,3204
1/24/2021,MK,North Macedonia,EURO,1724,90695,91,3295
1/31/2021,MK,North Macedonia,EURO,2031,92726,81,3376
2/7/2021,MK,North Macedonia,EURO,2113,94839,70,3446
2/14/2021,MK,North Macedonia,EURO,2220,97059,49,3495
2/21/2021,MK,North Macedonia,EURO,2318,99377,80,3575
2/28/2021,MK,North Macedonia,EURO,3626,103003,87,3662
3/7/2021,MK,North Macedonia,EURO,4454,107457,80,3742
3/14/2021,MK,North Macedonia,EURO,5451,112908,148,3890
3/21/2021,MK,North Macedonia,EURO,6888,119796,182,4072
3/28/2021,MK,North Macedonia,EURO,7403,127199,242,4314
4/4/2021,MK,North Macedonia,EURO,7922,135121,304,4618
4/11/2021,MK,North Macedonia,EURO,6858,141979,324,4942
4/18/2021,MK,North Macedonia,EURO,5199,147178,246,5188
4/25/2021,MK,North Macedonia,EURO,3438,150616,226,5414
5/2/2021,MK,North Macedonia,EURO,2075,152691,195,5609
5/9/2021,MK,North Macedonia,EURO,1304,153995,124,5733
5/16/2021,MK,North Macedonia,EURO,671,154666,69,5802
5/23/2021,MK,North Macedonia,EURO,369,155035,40,5842
5/30/2021,MK,North Macedonia,EURO,219,155254,29,5871
6/6/2021,MK,North Macedonia,EURO,155,155409,18,5889
6/13/2021,MK,North Macedonia,EURO,122,155531,10,5899
6/20/2021,MK,North Macedonia,EURO,88,155619,4,5903
6/27/2021,MK,North Macedonia,EURO,48,155667,7,5910
7/4/2021,MK,North Macedonia,EURO,39,155706,0,5910
7/11/2021,MK,North Macedonia,EURO,85,155791,1,5911
7/18/2021,MK,North Macedonia,EURO,126,155917,0,5911
7/25/2021,MK,North Macedonia,EURO,159,156076,4,5915
8/1/2021,MK,North Macedonia,EURO,418,156494,7,5922
8/8/2021,MK,North Macedonia,EURO,1639,158133,20,5942
8/15/2021,MK,North Macedonia,EURO,4306,162439,59,6001
8/22/2021,MK,North Macedonia,EURO,6826,169265,183,6184
8/29/2021,MK,North Macedonia,EURO,6347,175612,237,6421
9/5/2021,MK,North Macedonia,EURO,4621,180233,245,6666
9/12/2021,MK,North Macedonia,EURO,3469,183702,176,6842
9/19/2021,MK,North Macedonia,EURO,3338,187040,187,7029
9/26/2021,MK,North Macedonia,EURO,2935,189975,144,7173
10/3/2021,MK,North Macedonia,EURO,2670,192645,110,7283
10/10/2021,MK,North Macedonia,EURO,2351,194996,102,7385
10/17/2021,MK,North Macedonia,EURO,2206,197202,93,7478
10/24/2021,MK,North Macedonia,EURO,2704,199906,94,7572
10/31/2021,MK,North Macedonia,EURO,2804,202710,88,7660
11/7/2021,MK,North Macedonia,EURO,3503,206213,95,7755
11/14/2021,MK,North Macedonia,EURO,3212,209425,94,7849
11/21/2021,MK,North Macedonia,EURO,2928,212353,102,7951
11/28/2021,MK,North Macedonia,EURO,2751,215104,111,8062
12/5/2021,MK,North Macedonia,EURO,2274,217378,81,8143
12/12/2021,MK,North Macedonia,EURO,2089,219467,76,8219
12/19/2021,MK,North Macedonia,EURO,1921,221388,83,8302
12/26/2021,MK,North Macedonia,EURO,1921,223309,50,8352
1/2/2022,MK,North Macedonia,EURO,2641,225950,63,8415
1/9/2022,MK,North Macedonia,EURO,8303,234253,60,8475
1/16/2022,MK,North Macedonia,EURO,11094,245347,66,8541
1/23/2022,MK,North Macedonia,EURO,11561,256908,116,8657
1/30/2022,MK,North Macedonia,EURO,11881,268789,178,8835
2/6/2022,MK,North Macedonia,EURO,9967,278756,202,9037
2/13/2022,MK,North Macedonia,EURO,8624,287380,161,9198
2/20/2022,MK,North Macedonia,EURO,6111,293491,141,9339
2/27/2022,MK,North Macedonia,EURO,3692,297183,100,9439
3/6/2022,MK,North Macedonia,EURO,2496,299679,60,9499
3/13/2022,MK,North Macedonia,EURO,1810,301489,40,9539
3/20/2022,MK,North Macedonia,EURO,1831,303320,24,9563
3/27/2022,MK,North Macedonia,EURO,1694,305014,25,9588
4/3/2022,MK,North Macedonia,EURO,1602,306616,14,9602
4/10/2022,MK,North Macedonia,EURO,1101,307717,12,9614
4/17/2022,MK,North Macedonia,EURO,800,308517,8,9622
4/24/2022,MK,North Macedonia,EURO,590,309107,7,9629
5/1/2022,MK,North Macedonia,EURO,580,309687,7,9636
5/8/2022,MK,North Macedonia,EURO,531,310218,4,9640
5/15/2022,MK,North Macedonia,EURO,562,310780,2,9642
5/22/2022,MK,North Macedonia,EURO,491,311271,1,9643
5/29/2022,MK,North Macedonia,EURO,501,311772,3,9646
6/5/2022,MK,North Macedonia,EURO,455,312227,2,9648
6/12/2022,MK,North Macedonia,EURO,314,312541,4,9652
6/19/2022,MK,North Macedonia,EURO,352,312893,1,9653
6/26/2022,MK,North Macedonia,EURO,580,313473,1,9654
7/3/2022,MK,North Macedonia,EURO,961,314434,3,9657
7/10/2022,MK,North Macedonia,EURO,1728,316162,3,9660
7/17/2022,MK,North Macedonia,EURO,2811,318973,1,9661
7/24/2022,MK,North Macedonia,EURO,4382,323355,17,9678
7/31/2022,MK,North Macedonia,EURO,4746,328101,18,9696
8/7/2022,MK,North Macedonia,EURO,3806,331907,27,9723
8/14/2022,MK,North Macedonia,EURO,3474,335381,30,9753
8/21/2022,MK,North Macedonia,EURO,2684,338065,37,9790
8/28/2022,MK,North Macedonia,EURO,1760,339825,22,9812
9/4/2022,MK,North Macedonia,EURO,1069,340894,12,9824
9/11/2022,MK,North Macedonia,EURO,635,341529,9,9833
9/18/2022,MK,North Macedonia,EURO,664,342193,7,9840
9/25/2022,MK,North Macedonia,EURO,377,342570,1,9841
10/2/2022,MK,North Macedonia,EURO,469,343039,6,9847
10/9/2022,MK,North Macedonia,EURO,323,343362,5,9852
10/16/2022,MK,North Macedonia,EURO,273,343635,5,9857
10/23/2022,MK,North Macedonia,EURO,251,343886,1,9858
10/30/2022,MK,North Macedonia,EURO,230,344116,0,9858
11/6/2022,MK,North Macedonia,EURO,195,344311,1,9859
11/13/2022,MK,North Macedonia,EURO,188,344499,5,9864
11/20/2022,MK,North Macedonia,EURO,179,344678,1,9865
11/27/2022,MK,North Macedonia,EURO,174,344852,2,9867
12/4/2022,MK,North Macedonia,EURO,195,345047,3,9870
12/11/2022,MK,North Macedonia,EURO,129,345176,0,9870
12/18/2022,MK,North Macedonia,EURO,207,345383,3,9873
12/25/2022,MK,North Macedonia,EURO,205,345588,3,9876
1/1/2023,MK,North Macedonia,EURO,254,345842,2,9878
1/8/2023,MK,North Macedonia,EURO,239,346081,4,9882
1/15/2023,MK,North Macedonia,EURO,203,346284,4,9886
1/22/2023,MK,North Macedonia,EURO,130,346414,10,9896
1/29/2023,MK,North Macedonia,EURO,103,346517,3,9899
2/5/2023,MK,North Macedonia,EURO,102,346619,2,9901
2/12/2023,MK,North Macedonia,EURO,101,346720,3,9904
2/19/2023,MK,North Macedonia,EURO,118,346838,1,9905
2/26/2023,MK,North Macedonia,EURO,156,346994,3,9908
3/5/2023,MK,North Macedonia,EURO,171,347165,2,9910
3/12/2023,MK,North Macedonia,EURO,144,347309,2,9912
3/19/2023,MK,North Macedonia,EURO,169,347478,2,9914
3/26/2023,MK,North Macedonia,EURO,179,347657,3,9917
4/2/2023,MK,North Macedonia,EURO,153,347810,5,9922
4/9/2023,MK,North Macedonia,EURO,140,347950,2,9924
4/16/2023,MK,North Macedonia,EURO,92,348042,3,9927
4/23/2023,MK,North Macedonia,EURO,85,348127,7,9934
4/30/2023,MK,North Macedonia,EURO,82,348209,3,9937
5/7/2023,MK,North Macedonia,EURO,66,348275,2,9939
5/14/2023,MK,North Macedonia,EURO,19,348294,0,9939
5/21/2023,MK,North Macedonia,EURO,16,348310,0,9939
5/28/2023,MK,North Macedonia,EURO,12,348322,0,9939
6/4/2023,MK,North Macedonia,EURO,5,348327,0,9939
6/11/2023,MK,North Macedonia,EURO,9,348336,0,9939
6/18/2023,MK,North Macedonia,EURO,5,348341,1,9940
6/25/2023,MK,North Macedonia,EURO,8,348349,1,9941
7/2/2023,MK,North Macedonia,EURO,7,348356,0,9941
7/9/2023,MK,North Macedonia,EURO,7,348363,0,9941
7/16/2023,MK,North Macedonia,EURO,5,348368,0,9941
7/23/2023,MK,North Macedonia,EURO,6,348374,0,9941
7/30/2023,MK,North Macedonia,EURO,3,348377,0,9941
8/6/2023,MK,North Macedonia,EURO,3,348380,0,9941
8/13/2023,MK,North Macedonia,EURO,9,348389,0,9941
8/20/2023,MK,North Macedonia,EURO,22,348411,0,9941
8/27/2023,MK,North Macedonia,EURO,40,348451,1,9942
9/3/2023,MK,North Macedonia,EURO,65,348516,0,9942
9/10/2023,MK,North Macedonia,EURO,96,348612,0,9942
9/17/2023,MK,North Macedonia,EURO,210,348822,3,9945
9/24/2023,MK,North Macedonia,EURO,282,349104,1,9946
10/1/2023,MK,North Macedonia,EURO,249,349353,1,9947
10/8/2023,MK,North Macedonia,EURO,140,349493,2,9949
10/15/2023,MK,North Macedonia,EURO,125,349618,4,9953
10/22/2023,MK,North Macedonia,EURO,150,349768,4,9957
10/29/2023,MK,North Macedonia,EURO,100,349868,1,9958
11/5/2023,MK,North Macedonia,EURO,0,349868,0,9958
11/12/2023,MK,North Macedonia,EURO,0,349868,0,9958
11/19/2023,MK,North Macedonia,EURO,0,349868,0,9958
11/26/2023,MK,North Macedonia,EURO,0,349868,0,9958
12/3/2023,MK,North Macedonia,EURO,0,349868,0,9958
12/10/2023,MK,North Macedonia,EURO,55,349923,2,9960
12/17/2023,MK,North Macedonia,EURO,0,349923,0,9960
12/24/2023,MK,North Macedonia,EURO,128,350051,0,9960
1/5/2020,MP,Northern Mariana Islands,WPRO,0,0,0,0
1/12/2020,MP,Northern Mariana Islands,WPRO,0,0,0,0
1/19/2020,MP,Northern Mariana Islands,WPRO,0,0,0,0
1/26/2020,MP,Northern Mariana Islands,WPRO,0,0,0,0
2/2/2020,MP,Northern Mariana Islands,WPRO,0,0,0,0
2/9/2020,MP,Northern Mariana Islands,WPRO,0,0,0,0
2/16/2020,MP,Northern Mariana Islands,WPRO,0,0,0,0
2/23/2020,MP,Northern Mariana Islands,WPRO,0,0,0,0
3/1/2020,MP,Northern Mariana Islands,WPRO,0,0,0,0
3/8/2020,MP,Northern Mariana Islands,WPRO,0,0,0,0
3/15/2020,MP,Northern Mariana Islands,WPRO,0,0,0,0
3/22/2020,MP,Northern Mariana Islands,WPRO,0,0,0,0
3/29/2020,MP,Northern Mariana Islands,WPRO,0,0,0,0
4/5/2020,MP,Northern Mariana Islands,WPRO,8,8,1,1
4/12/2020,MP,Northern Mariana Islands,WPRO,3,11,1,2
4/19/2020,MP,Northern Mariana Islands,WPRO,3,14,0,2
4/26/2020,MP,Northern Mariana Islands,WPRO,0,14,0,2
5/3/2020,MP,Northern Mariana Islands,WPRO,0,14,0,2
5/10/2020,MP,Northern Mariana Islands,WPRO,2,16,0,2
5/17/2020,MP,Northern Mariana Islands,WPRO,5,21,0,2
5/24/2020,MP,Northern Mariana Islands,WPRO,1,22,0,2
5/31/2020,MP,Northern Mariana Islands,WPRO,0,22,0,2
6/7/2020,MP,Northern Mariana Islands,WPRO,4,26,0,2
6/14/2020,MP,Northern Mariana Islands,WPRO,4,30,0,2
6/21/2020,MP,Northern Mariana Islands,WPRO,0,30,0,2
6/28/2020,MP,Northern Mariana Islands,WPRO,0,30,0,2
7/5/2020,MP,Northern Mariana Islands,WPRO,1,31,0,2
7/12/2020,MP,Northern Mariana Islands,WPRO,2,33,0,2
7/19/2020,MP,Northern Mariana Islands,WPRO,4,37,0,2
7/26/2020,MP,Northern Mariana Islands,WPRO,2,39,0,2
8/2/2020,MP,Northern Mariana Islands,WPRO,5,44,0,2
8/9/2020,MP,Northern Mariana Islands,WPRO,4,48,0,2
8/16/2020,MP,Northern Mariana Islands,WPRO,2,50,0,2
8/23/2020,MP,Northern Mariana Islands,WPRO,4,54,0,2
8/30/2020,MP,Northern Mariana Islands,WPRO,2,56,0,2
9/6/2020,MP,Northern Mariana Islands,WPRO,2,58,0,2
9/13/2020,MP,Northern Mariana Islands,WPRO,2,60,0,2
9/20/2020,MP,Northern Mariana Islands,WPRO,8,68,0,2
9/27/2020,MP,Northern Mariana Islands,WPRO,2,70,0,2
10/4/2020,MP,Northern Mariana Islands,WPRO,3,73,0,2
10/11/2020,MP,Northern Mariana Islands,WPRO,4,77,0,2
10/18/2020,MP,Northern Mariana Islands,WPRO,9,86,0,2
10/25/2020,MP,Northern Mariana Islands,WPRO,2,88,0,2
11/1/2020,MP,Northern Mariana Islands,WPRO,8,96,0,2
11/8/2020,MP,Northern Mariana Islands,WPRO,2,98,0,2
11/15/2020,MP,Northern Mariana Islands,WPRO,4,102,0,2
11/22/2020,MP,Northern Mariana Islands,WPRO,2,104,0,2
11/29/2020,MP,Northern Mariana Islands,WPRO,1,105,0,2
12/6/2020,MP,Northern Mariana Islands,WPRO,4,109,0,2
12/13/2020,MP,Northern Mariana Islands,WPRO,4,113,0,2
12/20/2020,MP,Northern Mariana Islands,WPRO,3,116,0,2
12/27/2020,MP,Northern Mariana Islands,WPRO,6,122,0,2
1/3/2021,MP,Northern Mariana Islands,WPRO,2,124,0,2
1/10/2021,MP,Northern Mariana Islands,WPRO,1,125,0,2
1/17/2021,MP,Northern Mariana Islands,WPRO,4,129,0,2
1/24/2021,MP,Northern Mariana Islands,WPRO,3,132,0,2
1/31/2021,MP,Northern Mariana Islands,WPRO,0,132,0,2
2/7/2021,MP,Northern Mariana Islands,WPRO,1,133,0,2
2/14/2021,MP,Northern Mariana Islands,WPRO,1,134,0,2
2/21/2021,MP,Northern Mariana Islands,WPRO,9,143,0,2
2/28/2021,MP,Northern Mariana Islands,WPRO,0,143,0,2
3/7/2021,MP,Northern Mariana Islands,WPRO,2,145,0,2
3/14/2021,MP,Northern Mariana Islands,WPRO,9,154,0,2
3/21/2021,MP,Northern Mariana Islands,WPRO,3,157,0,2
3/28/2021,MP,Northern Mariana Islands,WPRO,2,159,0,2
4/4/2021,MP,Northern Mariana Islands,WPRO,0,159,0,2
4/11/2021,MP,Northern Mariana Islands,WPRO,1,160,0,2
4/18/2021,MP,Northern Mariana Islands,WPRO,2,162,0,2
4/25/2021,MP,Northern Mariana Islands,WPRO,2,164,0,2
5/2/2021,MP,Northern Mariana Islands,WPRO,4,168,0,2
5/9/2021,MP,Northern Mariana Islands,WPRO,2,170,0,2
5/16/2021,MP,Northern Mariana Islands,WPRO,3,173,0,2
5/23/2021,MP,Northern Mariana Islands,WPRO,8,181,0,2
5/30/2021,MP,Northern Mariana Islands,WPRO,2,183,0,2
6/6/2021,MP,Northern Mariana Islands,WPRO,0,183,0,2
6/13/2021,MP,Northern Mariana Islands,WPRO,0,183,0,2
6/20/2021,MP,Northern Mariana Islands,WPRO,0,183,0,2
6/27/2021,MP,Northern Mariana Islands,WPRO,0,183,0,2
7/4/2021,MP,Northern Mariana Islands,WPRO,0,183,0,2
7/11/2021,MP,Northern Mariana Islands,WPRO,2,185,0,2
7/18/2021,MP,Northern Mariana Islands,WPRO,2,187,0,2
7/25/2021,MP,Northern Mariana Islands,WPRO,3,190,0,2
8/1/2021,MP,Northern Mariana Islands,WPRO,6,196,0,2
8/8/2021,MP,Northern Mariana Islands,WPRO,10,206,0,2
8/15/2021,MP,Northern Mariana Islands,WPRO,8,214,0,2
8/22/2021,MP,Northern Mariana Islands,WPRO,10,224,0,2
8/29/2021,MP,Northern Mariana Islands,WPRO,17,241,0,2
9/5/2021,MP,Northern Mariana Islands,WPRO,7,248,0,2
9/12/2021,MP,Northern Mariana Islands,WPRO,3,251,0,2
9/19/2021,MP,Northern Mariana Islands,WPRO,12,263,0,2
9/26/2021,MP,Northern Mariana Islands,WPRO,3,266,0,2
10/3/2021,MP,Northern Mariana Islands,WPRO,6,272,0,2
10/10/2021,MP,Northern Mariana Islands,WPRO,5,277,1,3
10/17/2021,MP,Northern Mariana Islands,WPRO,11,288,0,3
10/24/2021,MP,Northern Mariana Islands,WPRO,3,291,0,3
10/31/2021,MP,Northern Mariana Islands,WPRO,21,312,0,3
11/7/2021,MP,Northern Mariana Islands,WPRO,39,351,0,3
11/14/2021,MP,Northern Mariana Islands,WPRO,38,389,0,3
11/21/2021,MP,Northern Mariana Islands,WPRO,75,464,0,3
11/28/2021,MP,Northern Mariana Islands,WPRO,323,787,0,3
12/5/2021,MP,Northern Mariana Islands,WPRO,317,1104,2,5
12/12/2021,MP,Northern Mariana Islands,WPRO,804,1908,1,6
12/19/2021,MP,Northern Mariana Islands,WPRO,514,2422,2,8
12/26/2021,MP,Northern Mariana Islands,WPRO,471,2893,3,11
1/2/2022,MP,Northern Mariana Islands,WPRO,404,3297,6,17
1/9/2022,MP,Northern Mariana Islands,WPRO,350,3647,3,20
1/16/2022,MP,Northern Mariana Islands,WPRO,299,3946,1,21
1/23/2022,MP,Northern Mariana Islands,WPRO,300,4246,1,22
1/30/2022,MP,Northern Mariana Islands,WPRO,618,4864,1,23
2/6/2022,MP,Northern Mariana Islands,WPRO,1238,6102,0,23
2/13/2022,MP,Northern Mariana Islands,WPRO,1428,7530,0,23
2/20/2022,MP,Northern Mariana Islands,WPRO,1114,8644,3,26
2/27/2022,MP,Northern Mariana Islands,WPRO,870,9514,4,30
3/6/2022,MP,Northern Mariana Islands,WPRO,612,10126,0,30
3/13/2022,MP,Northern Mariana Islands,WPRO,253,10379,0,30
3/20/2022,MP,Northern Mariana Islands,WPRO,310,10689,1,31
3/27/2022,MP,Northern Mariana Islands,WPRO,333,11022,2,33
4/3/2022,MP,Northern Mariana Islands,WPRO,43,11065,0,33
4/10/2022,MP,Northern Mariana Islands,WPRO,93,11158,0,33
4/17/2022,MP,Northern Mariana Islands,WPRO,44,11202,1,34
4/24/2022,MP,Northern Mariana Islands,WPRO,19,11221,0,34
5/1/2022,MP,Northern Mariana Islands,WPRO,42,11263,0,34
5/8/2022,MP,Northern Mariana Islands,WPRO,18,11281,0,34
5/15/2022,MP,Northern Mariana Islands,WPRO,24,11305,0,34
5/22/2022,MP,Northern Mariana Islands,WPRO,10,11315,0,34
5/29/2022,MP,Northern Mariana Islands,WPRO,18,11333,0,34
6/5/2022,MP,Northern Mariana Islands,WPRO,33,11366,0,34
6/12/2022,MP,Northern Mariana Islands,WPRO,39,11405,0,34
6/19/2022,MP,Northern Mariana Islands,WPRO,77,11482,0,34
6/26/2022,MP,Northern Mariana Islands,WPRO,87,11569,0,34
7/3/2022,MP,Northern Mariana Islands,WPRO,190,11759,1,35
7/10/2022,MP,Northern Mariana Islands,WPRO,0,11759,0,35
7/17/2022,MP,Northern Mariana Islands,WPRO,434,12193,0,35
7/24/2022,MP,Northern Mariana Islands,WPRO,380,12573,2,37
7/31/2022,MP,Northern Mariana Islands,WPRO,159,12732,1,38
8/7/2022,MP,Northern Mariana Islands,WPRO,1,12733,0,38
8/14/2022,MP,Northern Mariana Islands,WPRO,215,12948,1,39
8/21/2022,MP,Northern Mariana Islands,WPRO,0,12948,1,40
8/28/2022,MP,Northern Mariana Islands,WPRO,175,13123,0,40
9/4/2022,MP,Northern Mariana Islands,WPRO,24,13147,0,40
9/11/2022,MP,Northern Mariana Islands,WPRO,7,13154,0,40
9/18/2022,MP,Northern Mariana Islands,WPRO,1,13155,0,40
9/25/2022,MP,Northern Mariana Islands,WPRO,16,13171,0,40
10/2/2022,MP,Northern Mariana Islands,WPRO,0,13171,0,40
10/9/2022,MP,Northern Mariana Islands,WPRO,0,13171,0,40
10/16/2022,MP,Northern Mariana Islands,WPRO,0,13171,0,40
10/23/2022,MP,Northern Mariana Islands,WPRO,0,13171,0,40
10/30/2022,MP,Northern Mariana Islands,WPRO,0,13171,0,40
11/6/2022,MP,Northern Mariana Islands,WPRO,0,13171,0,40
11/13/2022,MP,Northern Mariana Islands,WPRO,0,13171,0,40
11/20/2022,MP,Northern Mariana Islands,WPRO,0,13171,0,40
11/27/2022,MP,Northern Mariana Islands,WPRO,0,13171,0,40
12/4/2022,MP,Northern Mariana Islands,WPRO,0,13171,0,40
12/11/2022,MP,Northern Mariana Islands,WPRO,0,13171,1,41
12/18/2022,MP,Northern Mariana Islands,WPRO,65,13236,0,41
12/25/2022,MP,Northern Mariana Islands,WPRO,0,13236,0,41
1/1/2023,MP,Northern Mariana Islands,WPRO,159,13395,0,41
1/8/2023,MP,Northern Mariana Islands,WPRO,0,13395,0,41
1/15/2023,MP,Northern Mariana Islands,WPRO,0,13395,0,41
1/22/2023,MP,Northern Mariana Islands,WPRO,0,13395,0,41
1/29/2023,MP,Northern Mariana Islands,WPRO,0,13395,0,41
2/5/2023,MP,Northern Mariana Islands,WPRO,0,13395,0,41
2/12/2023,MP,Northern Mariana Islands,WPRO,0,13395,0,41
2/19/2023,MP,Northern Mariana Islands,WPRO,0,13395,0,41
2/26/2023,MP,Northern Mariana Islands,WPRO,254,13649,0,41
3/5/2023,MP,Northern Mariana Islands,WPRO,0,13649,0,41
3/12/2023,MP,Northern Mariana Islands,WPRO,73,13722,0,41
3/19/2023,MP,Northern Mariana Islands,WPRO,26,13748,0,41
3/26/2023,MP,Northern Mariana Islands,WPRO,25,13773,0,41
4/2/2023,MP,Northern Mariana Islands,WPRO,13,13786,0,41
4/9/2023,MP,Northern Mariana Islands,WPRO,0,13786,0,41
4/16/2023,MP,Northern Mariana Islands,WPRO,28,13814,0,41
4/23/2023,MP,Northern Mariana Islands,WPRO,25,13839,0,41
4/30/2023,MP,Northern Mariana Islands,WPRO,10,13849,0,41
5/7/2023,MP,Northern Mariana Islands,WPRO,23,13872,0,41
5/14/2023,MP,Northern Mariana Islands,WPRO,24,13896,0,41
5/21/2023,MP,Northern Mariana Islands,WPRO,21,13917,0,41
5/28/2023,MP,Northern Mariana Islands,WPRO,18,13935,0,41
6/4/2023,MP,Northern Mariana Islands,WPRO,13,13948,0,41
6/11/2023,MP,Northern Mariana Islands,WPRO,24,13972,0,41
6/18/2023,MP,Northern Mariana Islands,WPRO,28,14000,0,41
6/25/2023,MP,Northern Mariana Islands,WPRO,0,14000,0,41
7/2/2023,MP,Northern Mariana Islands,WPRO,13,14013,0,41
7/9/2023,MP,Northern Mariana Islands,WPRO,50,14063,0,41
7/16/2023,MP,Northern Mariana Islands,WPRO,15,14078,0,41
7/23/2023,MP,Northern Mariana Islands,WPRO,18,14096,0,41
7/30/2023,MP,Northern Mariana Islands,WPRO,0,14096,0,41
8/6/2023,MP,Northern Mariana Islands,WPRO,53,14149,0,41
8/13/2023,MP,Northern Mariana Islands,WPRO,3,14152,0,41
8/20/2023,MP,Northern Mariana Islands,WPRO,15,14167,0,41
8/27/2023,MP,Northern Mariana Islands,WPRO,0,14167,0,41
9/3/2023,MP,Northern Mariana Islands,WPRO,31,14198,0,41
9/10/2023,MP,Northern Mariana Islands,WPRO,40,14238,0,41
9/17/2023,MP,Northern Mariana Islands,WPRO,36,14274,0,41
9/24/2023,MP,Northern Mariana Islands,WPRO,2,14276,0,41
10/1/2023,MP,Northern Mariana Islands,WPRO,23,14299,0,41
10/8/2023,MP,Northern Mariana Islands,WPRO,0,14299,0,41
10/15/2023,MP,Northern Mariana Islands,WPRO,7,14306,0,41
10/22/2023,MP,Northern Mariana Islands,WPRO,3,14309,0,41
10/29/2023,MP,Northern Mariana Islands,WPRO,9,14318,0,41
11/5/2023,MP,Northern Mariana Islands,WPRO,4,14322,0,41
11/12/2023,MP,Northern Mariana Islands,WPRO,0,14322,0,41
11/19/2023,MP,Northern Mariana Islands,WPRO,8,14330,0,41
11/26/2023,MP,Northern Mariana Islands,WPRO,4,14334,0,41
12/3/2023,MP,Northern Mariana Islands,WPRO,0,14334,0,41
12/10/2023,MP,Northern Mariana Islands,WPRO,0,14334,0,41
12/17/2023,MP,Northern Mariana Islands,WPRO,0,14334,0,41
12/24/2023,MP,Northern Mariana Islands,WPRO,0,14334,0,41
1/5/2020,NO,Norway,EURO,0,0,0,0
1/12/2020,NO,Norway,EURO,0,0,0,0
1/19/2020,NO,Norway,EURO,0,0,0,0
1/26/2020,NO,Norway,EURO,0,0,0,0
2/2/2020,NO,Norway,EURO,0,0,0,0
2/9/2020,NO,Norway,EURO,0,0,0,0
2/16/2020,NO,Norway,EURO,0,0,0,0
2/23/2020,NO,Norway,EURO,1,1,0,0
3/1/2020,NO,Norway,EURO,20,21,0,0
3/8/2020,NO,Norway,EURO,162,183,0,0
3/15/2020,NO,Norway,EURO,1181,1364,1,1
3/22/2020,NO,Norway,EURO,1390,2754,6,7
3/29/2020,NO,Norway,EURO,1775,4529,13,20
4/5/2020,NO,Norway,EURO,1226,5755,30,50
4/12/2020,NO,Norway,EURO,758,6513,48,98
4/19/2020,NO,Norway,EURO,616,7129,50,148
4/26/2020,NO,Norway,EURO,422,7551,45,193
5/3/2020,NO,Norway,EURO,302,7853,11,204
5/10/2020,NO,Norway,EURO,254,8107,9,213
5/17/2020,NO,Norway,EURO,135,8242,19,232
5/24/2020,NO,Norway,EURO,106,8348,3,235
5/31/2020,NO,Norway,EURO,86,8434,1,236
6/7/2020,NO,Norway,EURO,111,8545,2,238
6/14/2020,NO,Norway,EURO,86,8631,4,242
6/21/2020,NO,Norway,EURO,112,8743,2,244
6/28/2020,NO,Norway,EURO,115,8858,5,249
7/5/2020,NO,Norway,EURO,67,8925,2,251
7/12/2020,NO,Norway,EURO,61,8986,1,252
7/19/2020,NO,Norway,EURO,55,9041,3,255
7/26/2020,NO,Norway,EURO,88,9129,0,255
8/2/2020,NO,Norway,EURO,195,9324,0,255
8/9/2020,NO,Norway,EURO,351,9675,1,256
8/16/2020,NO,Norway,EURO,377,10052,5,261
8/23/2020,NO,Norway,EURO,368,10420,3,264
8/30/2020,NO,Norway,EURO,346,10766,0,264
9/6/2020,NO,Norway,EURO,731,11497,0,264
9/13/2020,NO,Norway,EURO,747,12244,1,265
9/20/2020,NO,Norway,EURO,721,12965,2,267
9/27/2020,NO,Norway,EURO,810,13775,3,270
10/4/2020,NO,Norway,EURO,783,14558,5,275
10/11/2020,NO,Norway,EURO,1069,15627,0,275
10/18/2020,NO,Norway,EURO,929,16556,3,278
10/25/2020,NO,Norway,EURO,1600,18156,1,279
11/1/2020,NO,Norway,EURO,3028,21184,3,282
11/8/2020,NO,Norway,EURO,3983,25167,3,285
11/15/2020,NO,Norway,EURO,4070,29237,9,294
11/22/2020,NO,Norway,EURO,3785,33022,12,306
11/29/2020,NO,Norway,EURO,2977,35999,22,328
12/6/2020,NO,Norway,EURO,2492,38491,26,354
12/13/2020,NO,Norway,EURO,2701,41192,33,387
12/20/2020,NO,Norway,EURO,2934,44126,17,404
12/27/2020,NO,Norway,EURO,3118,47244,17,421
1/3/2021,NO,Norway,EURO,3847,51091,15,436
1/10/2021,NO,Norway,EURO,4694,55785,42,478
1/17/2021,NO,Norway,EURO,3218,59003,39,517
1/24/2021,NO,Norway,EURO,2259,61262,27,544
1/31/2021,NO,Norway,EURO,1951,63213,19,563
2/7/2021,NO,Norway,EURO,1860,65073,19,582
2/14/2021,NO,Norway,EURO,1742,66815,10,592
2/21/2021,NO,Norway,EURO,1973,68788,15,607
2/28/2021,NO,Norway,EURO,2940,71728,15,622
3/7/2021,NO,Norway,EURO,4010,75738,10,632
3/14/2021,NO,Norway,EURO,5539,81277,7,639
3/21/2021,NO,Norway,EURO,6625,87902,9,648
3/28/2021,NO,Norway,EURO,6092,93994,8,656
4/4/2021,NO,Norway,EURO,4933,98927,17,673
4/11/2021,NO,Norway,EURO,5082,104009,11,684
4/18/2021,NO,Norway,EURO,3789,107798,24,708
4/25/2021,NO,Norway,EURO,3251,111049,28,736
5/2/2021,NO,Norway,EURO,2825,113874,20,756
5/9/2021,NO,Norway,EURO,3064,116938,11,767
5/16/2021,NO,Norway,EURO,2636,119574,7,774
5/23/2021,NO,Norway,EURO,3169,122743,7,781
5/30/2021,NO,Norway,EURO,2442,125185,2,783
6/6/2021,NO,Norway,EURO,1898,127083,1,784
6/13/2021,NO,Norway,EURO,1260,128343,5,789
6/20/2021,NO,Norway,EURO,1250,129593,1,790
6/27/2021,NO,Norway,EURO,1280,130873,2,792
7/4/2021,NO,Norway,EURO,1288,132161,3,795
7/11/2021,NO,Norway,EURO,1200,133361,3,798
7/18/2021,NO,Norway,EURO,1141,134502,2,800
7/25/2021,NO,Norway,EURO,1448,135950,3,803
8/1/2021,NO,Norway,EURO,2236,138186,10,813
8/8/2021,NO,Norway,EURO,2912,141098,10,823
8/15/2021,NO,Norway,EURO,3706,144804,5,828
8/22/2021,NO,Norway,EURO,4330,149134,4,832
8/29/2021,NO,Norway,EURO,8312,157446,10,842
9/5/2021,NO,Norway,EURO,10109,167555,11,853
9/12/2021,NO,Norway,EURO,8732,176287,21,874
9/19/2021,NO,Norway,EURO,6028,182315,11,885
9/26/2021,NO,Norway,EURO,4710,187025,12,897
10/3/2021,NO,Norway,EURO,3614,190639,7,904
10/10/2021,NO,Norway,EURO,3024,193663,8,912
10/17/2021,NO,Norway,EURO,2817,196480,6,918
10/24/2021,NO,Norway,EURO,4160,200640,11,929
10/31/2021,NO,Norway,EURO,6821,207461,20,949
11/7/2021,NO,Norway,EURO,9569,217030,39,988
11/14/2021,NO,Norway,EURO,11720,228750,47,1035
11/21/2021,NO,Norway,EURO,14431,243181,53,1088
11/28/2021,NO,Norway,EURO,17970,261151,56,1144
12/5/2021,NO,Norway,EURO,25554,286705,53,1197
12/12/2021,NO,Norway,EURO,33849,320554,74,1271
12/19/2021,NO,Norway,EURO,31740,352294,43,1314
12/26/2021,NO,Norway,EURO,22996,375290,21,1335
1/2/2022,NO,Norway,EURO,25064,400354,59,1394
1/9/2022,NO,Norway,EURO,45479,445833,49,1443
1/16/2022,NO,Norway,EURO,69632,515465,31,1474
1/23/2022,NO,Norway,EURO,115307,630772,29,1503
1/30/2022,NO,Norway,EURO,136796,767568,29,1532
2/6/2022,NO,Norway,EURO,129168,896736,33,1565
2/13/2022,NO,Norway,EURO,141784,1038520,54,1619
2/20/2022,NO,Norway,EURO,101190,1139710,61,1680
2/27/2022,NO,Norway,EURO,102327,1242037,86,1766
3/6/2022,NO,Norway,EURO,68214,1310251,114,1880
3/13/2022,NO,Norway,EURO,43203,1353454,156,2036
3/20/2022,NO,Norway,EURO,27649,1381103,189,2225
3/27/2022,NO,Norway,EURO,18009,1399112,203,2428
4/3/2022,NO,Norway,EURO,10821,1409933,172,2600
4/10/2022,NO,Norway,EURO,7074,1417007,130,2730
4/17/2022,NO,Norway,EURO,3757,1420764,125,2855
4/24/2022,NO,Norway,EURO,3862,1424626,81,2936
5/1/2022,NO,Norway,EURO,2306,1426932,64,3000
5/8/2022,NO,Norway,EURO,1880,1428812,72,3072
5/15/2022,NO,Norway,EURO,1799,1430611,46,3118
5/22/2022,NO,Norway,EURO,1545,1432156,26,3144
5/29/2022,NO,Norway,EURO,1579,1433735,38,3182
6/5/2022,NO,Norway,EURO,1875,1435610,36,3218
6/12/2022,NO,Norway,EURO,2060,1437670,39,3257
6/19/2022,NO,Norway,EURO,3023,1440693,33,3290
6/26/2022,NO,Norway,EURO,4554,1445247,40,3330
7/3/2022,NO,Norway,EURO,3907,1449154,68,3398
7/10/2022,NO,Norway,EURO,2378,1451532,72,3470
7/17/2022,NO,Norway,EURO,1990,1453522,96,3566
7/24/2022,NO,Norway,EURO,1644,1455166,103,3669
7/31/2022,NO,Norway,EURO,1325,1456491,91,3760
8/7/2022,NO,Norway,EURO,1149,1457640,75,3835
8/14/2022,NO,Norway,EURO,1121,1458761,66,3901
8/21/2022,NO,Norway,EURO,865,1459626,57,3958
8/28/2022,NO,Norway,EURO,743,1460369,56,4014
9/4/2022,NO,Norway,EURO,672,1461041,33,4047
9/11/2022,NO,Norway,EURO,547,1461588,25,4072
9/18/2022,NO,Norway,EURO,511,1462099,40,4112
9/25/2022,NO,Norway,EURO,457,1462556,24,4136
10/2/2022,NO,Norway,EURO,500,1463056,28,4164
10/9/2022,NO,Norway,EURO,504,1463560,24,4188
10/16/2022,NO,Norway,EURO,500,1464060,31,4219
10/23/2022,NO,Norway,EURO,534,1464594,29,4248
10/30/2022,NO,Norway,EURO,785,1465379,25,4273
11/6/2022,NO,Norway,EURO,891,1466270,23,4296
11/13/2022,NO,Norway,EURO,912,1467182,52,4348
11/20/2022,NO,Norway,EURO,917,1468099,46,4394
11/27/2022,NO,Norway,EURO,1007,1469106,50,4444
12/4/2022,NO,Norway,EURO,1082,1470188,56,4500
12/11/2022,NO,Norway,EURO,1295,1471483,70,4570
12/18/2022,NO,Norway,EURO,1477,1472960,80,4650
12/25/2022,NO,Norway,EURO,1564,1474524,95,4745
1/1/2023,NO,Norway,EURO,1261,1475785,91,4836
1/8/2023,NO,Norway,EURO,1068,1476853,97,4933
1/15/2023,NO,Norway,EURO,660,1477513,111,5044
1/22/2023,NO,Norway,EURO,428,1477941,71,5115
1/29/2023,NO,Norway,EURO,343,1478284,47,5162
2/5/2023,NO,Norway,EURO,300,1478584,27,5189
2/12/2023,NO,Norway,EURO,288,1478872,14,5203
2/19/2023,NO,Norway,EURO,296,1479168,17,5220
2/26/2023,NO,Norway,EURO,286,1479454,18,5238
3/5/2023,NO,Norway,EURO,348,1479802,10,5248
3/12/2023,NO,Norway,EURO,358,1480160,17,5265
3/19/2023,NO,Norway,EURO,439,1480599,19,5284
3/26/2023,NO,Norway,EURO,531,1481130,21,5305
4/2/2023,NO,Norway,EURO,643,1481773,18,5323
4/9/2023,NO,Norway,EURO,504,1482277,25,5348
4/16/2023,NO,Norway,EURO,557,1482834,31,5379
4/23/2023,NO,Norway,EURO,477,1483311,28,5407
4/30/2023,NO,Norway,EURO,423,1483734,39,5446
5/7/2023,NO,Norway,EURO,398,1484132,32,5478
5/14/2023,NO,Norway,EURO,339,1484471,21,5499
5/21/2023,NO,Norway,EURO,255,1484726,16,5515
5/28/2023,NO,Norway,EURO,240,1484966,17,5532
6/4/2023,NO,Norway,EURO,173,1485139,13,5545
6/11/2023,NO,Norway,EURO,196,1485335,14,5559
6/18/2023,NO,Norway,EURO,159,1485494,7,5566
6/25/2023,NO,Norway,EURO,21,1485515,0,5566
7/2/2023,NO,Norway,EURO,184,1485699,6,5572
7/9/2023,NO,Norway,EURO,184,1485883,20,5592
7/16/2023,NO,Norway,EURO,92,1485975,8,5600
7/23/2023,NO,Norway,EURO,73,1486048,6,5606
7/30/2023,NO,Norway,EURO,119,1486167,5,5611
8/6/2023,NO,Norway,EURO,134,1486301,2,5613
8/13/2023,NO,Norway,EURO,182,1486483,7,5620
8/20/2023,NO,Norway,EURO,212,1486695,1,5621
8/27/2023,NO,Norway,EURO,263,1486958,5,5626
9/3/2023,NO,Norway,EURO,428,1487386,5,5631
9/10/2023,NO,Norway,EURO,459,1487845,10,5641
9/17/2023,NO,Norway,EURO,409,1488254,12,5653
9/24/2023,NO,Norway,EURO,438,1488692,19,5672
10/1/2023,NO,Norway,EURO,384,1489076,33,5705
10/8/2023,NO,Norway,EURO,383,1489459,27,5732
10/15/2023,NO,Norway,EURO,0,1489459,0,5732
10/22/2023,NO,Norway,EURO,0,1489459,0,5732
10/29/2023,NO,Norway,EURO,0,1489459,0,5732
11/5/2023,NO,Norway,EURO,0,1489459,0,5732
11/12/2023,NO,Norway,EURO,0,1489459,0,5732
11/19/2023,NO,Norway,EURO,0,1489459,0,5732
11/26/2023,NO,Norway,EURO,0,1489459,0,5732
12/3/2023,NO,Norway,EURO,0,1489459,0,5732
12/10/2023,NO,Norway,EURO,3620,1493079,0,5732
12/17/2023,NO,Norway,EURO,1889,1494968,0,5732
12/24/2023,NO,Norway,EURO,2042,1497010,0,5732
1/5/2020,PS,"occupied Palestinian territory, including east Jerusalem",EMRO,0,0,0,0
1/12/2020,PS,"occupied Palestinian territory, including east Jerusalem",EMRO,0,0,0,0
1/19/2020,PS,"occupied Palestinian territory, including east Jerusalem",EMRO,0,0,0,0
1/26/2020,PS,"occupied Palestinian territory, including east Jerusalem",EMRO,0,0,0,0
2/2/2020,PS,"occupied Palestinian territory, including east Jerusalem",EMRO,0,0,0,0
2/9/2020,PS,"occupied Palestinian territory, including east Jerusalem",EMRO,0,0,0,0
2/16/2020,PS,"occupied Palestinian territory, including east Jerusalem",EMRO,0,0,0,0
2/23/2020,PS,"occupied Palestinian territory, including east Jerusalem",EMRO,0,0,0,0
3/1/2020,PS,"occupied Palestinian territory, including east Jerusalem",EMRO,0,0,0,0
3/8/2020,PS,"occupied Palestinian territory, including east Jerusalem",EMRO,19,19,0,0
3/15/2020,PS,"occupied Palestinian territory, including east Jerusalem",EMRO,19,38,0,0
3/22/2020,PS,"occupied Palestinian territory, including east Jerusalem",EMRO,15,53,0,0
3/29/2020,PS,"occupied Palestinian territory, including east Jerusalem",EMRO,44,97,1,1
4/5/2020,PS,"occupied Palestinian territory, including east Jerusalem",EMRO,120,217,0,1
4/12/2020,PS,"occupied Palestinian territory, including east Jerusalem",EMRO,51,268,1,2
4/19/2020,PS,"occupied Palestinian territory, including east Jerusalem",EMRO,45,313,0,2
4/26/2020,PS,"occupied Palestinian territory, including east Jerusalem",EMRO,29,342,0,2
5/3/2020,PS,"occupied Palestinian territory, including east Jerusalem",EMRO,11,353,0,2
5/10/2020,PS,"occupied Palestinian territory, including east Jerusalem",EMRO,194,547,2,4
5/17/2020,PS,"occupied Palestinian territory, including east Jerusalem",EMRO,8,555,0,4
5/24/2020,PS,"occupied Palestinian territory, including east Jerusalem",EMRO,47,602,1,5
5/31/2020,PS,"occupied Palestinian territory, including east Jerusalem",EMRO,24,626,0,5
6/7/2020,PS,"occupied Palestinian territory, including east Jerusalem",EMRO,17,643,0,5
6/14/2020,PS,"occupied Palestinian territory, including east Jerusalem",EMRO,30,673,0,5
6/21/2020,PS,"occupied Palestinian territory, including east Jerusalem",EMRO,306,979,0,5
6/28/2020,PS,"occupied Palestinian territory, including east Jerusalem",EMRO,1074,2053,2,7
7/5/2020,PS,"occupied Palestinian territory, including east Jerusalem",EMRO,2197,4250,12,19
7/12/2020,PS,"occupied Palestinian territory, including east Jerusalem",EMRO,2438,6688,13,32
7/19/2020,PS,"occupied Palestinian territory, including east Jerusalem",EMRO,2899,9587,30,62
7/26/2020,PS,"occupied Palestinian territory, including east Jerusalem",EMRO,3208,12795,16,78
8/2/2020,PS,"occupied Palestinian territory, including east Jerusalem",EMRO,2760,15555,8,86
8/9/2020,PS,"occupied Palestinian territory, including east Jerusalem",EMRO,2819,18374,17,103
8/16/2020,PS,"occupied Palestinian territory, including east Jerusalem",EMRO,3180,21554,16,119
8/23/2020,PS,"occupied Palestinian territory, including east Jerusalem",EMRO,3144,24698,19,138
8/30/2020,PS,"occupied Palestinian territory, including east Jerusalem",EMRO,3829,28527,26,164
9/6/2020,PS,"occupied Palestinian territory, including east Jerusalem",EMRO,4723,33250,35,199
9/13/2020,PS,"occupied Palestinian territory, including east Jerusalem",EMRO,5266,38516,39,238
9/20/2020,PS,"occupied Palestinian territory, including east Jerusalem",EMRO,6247,44763,53,291
9/27/2020,PS,"occupied Palestinian territory, including east Jerusalem",EMRO,3809,48572,43,334
10/4/2020,PS,"occupied Palestinian territory, including east Jerusalem",EMRO,3441,52013,56,390
10/11/2020,PS,"occupied Palestinian territory, including east Jerusalem",EMRO,3121,55134,52,442
10/18/2020,PS,"occupied Palestinian territory, including east Jerusalem",EMRO,3016,58150,30,472
10/25/2020,PS,"occupied Palestinian territory, including east Jerusalem",EMRO,3443,61593,42,514
11/1/2020,PS,"occupied Palestinian territory, including east Jerusalem",EMRO,3669,65262,41,555
11/8/2020,PS,"occupied Palestinian territory, including east Jerusalem",EMRO,4350,69612,29,584
11/15/2020,PS,"occupied Palestinian territory, including east Jerusalem",EMRO,4738,74350,49,633
11/22/2020,PS,"occupied Palestinian territory, including east Jerusalem",EMRO,8430,82780,65,698
11/29/2020,PS,"occupied Palestinian territory, including east Jerusalem",EMRO,12081,94861,93,791
12/6/2020,PS,"occupied Palestinian territory, including east Jerusalem",EMRO,14841,109702,114,905
12/13/2020,PS,"occupied Palestinian territory, including east Jerusalem",EMRO,13300,123002,157,1062
12/20/2020,PS,"occupied Palestinian territory, including east Jerusalem",EMRO,14104,137106,170,1232
12/27/2020,PS,"occupied Palestinian territory, including east Jerusalem",EMRO,11434,148540,174,1406
1/3/2021,PS,"occupied Palestinian territory, including east Jerusalem",EMRO,9339,157879,172,1578
1/10/2021,PS,"occupied Palestinian territory, including east Jerusalem",EMRO,7371,165250,157,1735
1/17/2021,PS,"occupied Palestinian territory, including east Jerusalem",EMRO,5387,170637,126,1861
1/24/2021,PS,"occupied Palestinian territory, including east Jerusalem",EMRO,3776,174413,90,1951
1/31/2021,PS,"occupied Palestinian territory, including east Jerusalem",EMRO,4103,178516,59,2010
2/7/2021,PS,"occupied Palestinian territory, including east Jerusalem",EMRO,4025,182541,48,2058
2/14/2021,PS,"occupied Palestinian territory, including east Jerusalem",EMRO,5923,188464,67,2125
2/21/2021,PS,"occupied Palestinian territory, including east Jerusalem",EMRO,6411,194875,47,2172
2/28/2021,PS,"occupied Palestinian territory, including east Jerusalem",EMRO,11563,206438,64,2236
3/7/2021,PS,"occupied Palestinian territory, including east Jerusalem",EMRO,14201,220639,116,2352
3/14/2021,PS,"occupied Palestinian territory, including east Jerusalem",EMRO,13810,234449,142,2494
3/21/2021,PS,"occupied Palestinian territory, including east Jerusalem",EMRO,14972,249421,162,2656
3/28/2021,PS,"occupied Palestinian territory, including east Jerusalem",EMRO,13799,263220,154,2810
4/4/2021,PS,"occupied Palestinian territory, including east Jerusalem",EMRO,13910,277130,131,2941
4/11/2021,PS,"occupied Palestinian territory, including east Jerusalem",EMRO,17509,294639,161,3102
4/18/2021,PS,"occupied Palestinian territory, including east Jerusalem",EMRO,13940,308579,149,3251
4/25/2021,PS,"occupied Palestinian territory, including east Jerusalem",EMRO,10521,319100,168,3419
5/2/2021,PS,"occupied Palestinian territory, including east Jerusalem",EMRO,6867,325967,106,3525
5/9/2021,PS,"occupied Palestinian territory, including east Jerusalem",EMRO,4311,330278,94,3619
5/16/2021,PS,"occupied Palestinian territory, including east Jerusalem",EMRO,2221,332499,72,3691
5/23/2021,PS,"occupied Palestinian territory, including east Jerusalem",EMRO,1543,334042,36,3727
5/30/2021,PS,"occupied Palestinian territory, including east Jerusalem",EMRO,2637,336679,33,3760
6/6/2021,PS,"occupied Palestinian territory, including east Jerusalem",EMRO,2015,338694,24,3784
6/13/2021,PS,"occupied Palestinian territory, including east Jerusalem",EMRO,1559,340253,14,3798
6/20/2021,PS,"occupied Palestinian territory, including east Jerusalem",EMRO,1193,341446,20,3818
6/27/2021,PS,"occupied Palestinian territory, including east Jerusalem",EMRO,1035,342481,8,3826
7/4/2021,PS,"occupied Palestinian territory, including east Jerusalem",EMRO,852,343333,12,3838
7/11/2021,PS,"occupied Palestinian territory, including east Jerusalem",EMRO,615,343948,10,3848
7/18/2021,PS,"occupied Palestinian territory, including east Jerusalem",EMRO,534,344482,7,3855
7/25/2021,PS,"occupied Palestinian territory, including east Jerusalem",EMRO,390,344872,10,3865
8/1/2021,PS,"occupied Palestinian territory, including east Jerusalem",EMRO,830,345702,7,3872
8/8/2021,PS,"occupied Palestinian territory, including east Jerusalem",EMRO,1010,346712,7,3879
8/15/2021,PS,"occupied Palestinian territory, including east Jerusalem",EMRO,2396,349108,12,3891
8/22/2021,PS,"occupied Palestinian territory, including east Jerusalem",EMRO,5495,354603,9,3900
8/29/2021,PS,"occupied Palestinian territory, including east Jerusalem",EMRO,10406,365009,37,3937
9/5/2021,PS,"occupied Palestinian territory, including east Jerusalem",EMRO,16213,381222,51,3988
9/12/2021,PS,"occupied Palestinian territory, including east Jerusalem",EMRO,16351,397573,79,4067
9/19/2021,PS,"occupied Palestinian territory, including east Jerusalem",EMRO,14869,412442,110,4177
9/26/2021,PS,"occupied Palestinian territory, including east Jerusalem",EMRO,13591,426033,109,4286
10/3/2021,PS,"occupied Palestinian territory, including east Jerusalem",EMRO,10103,436136,114,4400
10/10/2021,PS,"occupied Palestinian territory, including east Jerusalem",EMRO,7080,443216,95,4495
10/17/2021,PS,"occupied Palestinian territory, including east Jerusalem",EMRO,4666,447882,81,4576
10/24/2021,PS,"occupied Palestinian territory, including east Jerusalem",EMRO,3307,451189,50,4626
10/31/2021,PS,"occupied Palestinian territory, including east Jerusalem",EMRO,2358,453547,50,4676
11/7/2021,PS,"occupied Palestinian territory, including east Jerusalem",EMRO,1944,455491,40,4716
11/14/2021,PS,"occupied Palestinian territory, including east Jerusalem",EMRO,1478,456969,35,4751
11/21/2021,PS,"occupied Palestinian territory, including east Jerusalem",EMRO,1304,458273,23,4774
11/28/2021,PS,"occupied Palestinian territory, including east Jerusalem",EMRO,1416,459689,18,4792
12/5/2021,PS,"occupied Palestinian territory, including east Jerusalem",EMRO,2255,461944,22,4814
12/12/2021,PS,"occupied Palestinian territory, including east Jerusalem",EMRO,2092,464036,23,4837
12/19/2021,PS,"occupied Palestinian territory, including east Jerusalem",EMRO,2291,466327,30,4867
12/26/2021,PS,"occupied Palestinian territory, including east Jerusalem",EMRO,2116,468443,33,4900
1/2/2022,PS,"occupied Palestinian territory, including east Jerusalem",EMRO,2215,470658,42,4942
1/9/2022,PS,"occupied Palestinian territory, including east Jerusalem",EMRO,1988,472646,36,4978
1/16/2022,PS,"occupied Palestinian territory, including east Jerusalem",EMRO,3040,475686,38,5016
1/23/2022,PS,"occupied Palestinian territory, including east Jerusalem",EMRO,7293,482979,33,5049
1/30/2022,PS,"occupied Palestinian territory, including east Jerusalem",EMRO,33080,516059,38,5087
2/6/2022,PS,"occupied Palestinian territory, including east Jerusalem",EMRO,58046,574105,65,5152
2/13/2022,PS,"occupied Palestinian territory, including east Jerusalem",EMRO,37153,611258,113,5265
2/20/2022,PS,"occupied Palestinian territory, including east Jerusalem",EMRO,20498,631756,126,5391
2/27/2022,PS,"occupied Palestinian territory, including east Jerusalem",EMRO,12881,644637,105,5496
3/6/2022,PS,"occupied Palestinian territory, including east Jerusalem",EMRO,6488,651125,81,5577
3/13/2022,PS,"occupied Palestinian territory, including east Jerusalem",EMRO,2537,653662,35,5612
3/20/2022,PS,"occupied Palestinian territory, including east Jerusalem",EMRO,1292,654954,29,5641
3/27/2022,PS,"occupied Palestinian territory, including east Jerusalem",EMRO,796,655750,14,5655
4/3/2022,PS,"occupied Palestinian territory, including east Jerusalem",EMRO,537,656287,0,5655
4/10/2022,PS,"occupied Palestinian territory, including east Jerusalem",EMRO,330,656617,1,5656
4/17/2022,PS,"occupied Palestinian territory, including east Jerusalem",EMRO,259,656876,1,5657
4/24/2022,PS,"occupied Palestinian territory, including east Jerusalem",EMRO,184,657060,0,5657
5/1/2022,PS,"occupied Palestinian territory, including east Jerusalem",EMRO,0,657060,0,5657
5/8/2022,PS,"occupied Palestinian territory, including east Jerusalem",EMRO,133,657193,0,5657
5/15/2022,PS,"occupied Palestinian territory, including east Jerusalem",EMRO,263,657456,2,5659
5/22/2022,PS,"occupied Palestinian territory, including east Jerusalem",EMRO,117,657573,1,5660
5/29/2022,PS,"occupied Palestinian territory, including east Jerusalem",EMRO,132,657705,0,5660
6/5/2022,PS,"occupied Palestinian territory, including east Jerusalem",EMRO,174,657879,0,5660
6/12/2022,PS,"occupied Palestinian territory, including east Jerusalem",EMRO,221,658100,0,5660
6/19/2022,PS,"occupied Palestinian territory, including east Jerusalem",EMRO,403,658503,0,5660
6/26/2022,PS,"occupied Palestinian territory, including east Jerusalem",EMRO,1350,659853,0,5660
7/3/2022,PS,"occupied Palestinian territory, including east Jerusalem",EMRO,2637,662490,2,5662
7/10/2022,PS,"occupied Palestinian territory, including east Jerusalem",EMRO,2595,665085,1,5663
7/17/2022,PS,"occupied Palestinian territory, including east Jerusalem",EMRO,6954,672039,1,5664
7/24/2022,PS,"occupied Palestinian territory, including east Jerusalem",EMRO,10057,682096,14,5678
7/31/2022,PS,"occupied Palestinian territory, including east Jerusalem",EMRO,8969,691065,10,5688
8/7/2022,PS,"occupied Palestinian territory, including east Jerusalem",EMRO,6382,697447,3,5691
8/14/2022,PS,"occupied Palestinian territory, including east Jerusalem",EMRO,937,698384,3,5694
8/21/2022,PS,"occupied Palestinian territory, including east Jerusalem",EMRO,0,698384,0,5694
8/28/2022,PS,"occupied Palestinian territory, including east Jerusalem",EMRO,3355,701739,6,5700
9/4/2022,PS,"occupied Palestinian territory, including east Jerusalem",EMRO,852,702591,6,5706
9/11/2022,PS,"occupied Palestinian territory, including east Jerusalem",EMRO,177,702768,1,5707
9/18/2022,PS,"occupied Palestinian territory, including east Jerusalem",EMRO,0,702768,0,5707
9/25/2022,PS,"occupied Palestinian territory, including east Jerusalem",EMRO,102,702870,1,5708
10/2/2022,PS,"occupied Palestinian territory, including east Jerusalem",EMRO,70,702940,0,5708
10/9/2022,PS,"occupied Palestinian territory, including east Jerusalem",EMRO,37,702977,0,5708
10/16/2022,PS,"occupied Palestinian territory, including east Jerusalem",EMRO,37,703014,0,5708
10/23/2022,PS,"occupied Palestinian territory, including east Jerusalem",EMRO,0,703014,0,5708
10/30/2022,PS,"occupied Palestinian territory, including east Jerusalem",EMRO,22,703036,0,5708
11/6/2022,PS,"occupied Palestinian territory, including east Jerusalem",EMRO,33,703069,0,5708
11/13/2022,PS,"occupied Palestinian territory, including east Jerusalem",EMRO,0,703069,0,5708
11/20/2022,PS,"occupied Palestinian territory, including east Jerusalem",EMRO,0,703069,0,5708
11/27/2022,PS,"occupied Palestinian territory, including east Jerusalem",EMRO,0,703069,0,5708
12/4/2022,PS,"occupied Palestinian territory, including east Jerusalem",EMRO,0,703069,0,5708
12/11/2022,PS,"occupied Palestinian territory, including east Jerusalem",EMRO,159,703228,0,5708
12/18/2022,PS,"occupied Palestinian territory, including east Jerusalem",EMRO,0,703228,0,5708
12/25/2022,PS,"occupied Palestinian territory, including east Jerusalem",EMRO,0,703228,0,5708
1/1/2023,PS,"occupied Palestinian territory, including east Jerusalem",EMRO,0,703228,0,5708
1/8/2023,PS,"occupied Palestinian territory, including east Jerusalem",EMRO,0,703228,0,5708
1/15/2023,PS,"occupied Palestinian territory, including east Jerusalem",EMRO,0,703228,0,5708
1/22/2023,PS,"occupied Palestinian territory, including east Jerusalem",EMRO,0,703228,0,5708
1/29/2023,PS,"occupied Palestinian territory, including east Jerusalem",EMRO,0,703228,0,5708
2/5/2023,PS,"occupied Palestinian territory, including east Jerusalem",EMRO,0,703228,0,5708
2/12/2023,PS,"occupied Palestinian territory, including east Jerusalem",EMRO,0,703228,0,5708
2/19/2023,PS,"occupied Palestinian territory, including east Jerusalem",EMRO,0,703228,0,5708
2/26/2023,PS,"occupied Palestinian territory, including east Jerusalem",EMRO,0,703228,0,5708
3/5/2023,PS,"occupied Palestinian territory, including east Jerusalem",EMRO,0,703228,0,5708
3/12/2023,PS,"occupied Palestinian territory, including east Jerusalem",EMRO,0,703228,0,5708
3/19/2023,PS,"occupied Palestinian territory, including east Jerusalem",EMRO,0,703228,0,5708
3/26/2023,PS,"occupied Palestinian territory, including east Jerusalem",EMRO,0,703228,0,5708
4/2/2023,PS,"occupied Palestinian territory, including east Jerusalem",EMRO,0,703228,0,5708
4/9/2023,PS,"occupied Palestinian territory, including east Jerusalem",EMRO,0,703228,0,5708
4/16/2023,PS,"occupied Palestinian territory, including east Jerusalem",EMRO,0,703228,0,5708
4/23/2023,PS,"occupied Palestinian territory, including east Jerusalem",EMRO,0,703228,0,5708
4/30/2023,PS,"occupied Palestinian territory, including east Jerusalem",EMRO,0,703228,0,5708
5/7/2023,PS,"occupied Palestinian territory, including east Jerusalem",EMRO,0,703228,0,5708
5/14/2023,PS,"occupied Palestinian territory, including east Jerusalem",EMRO,0,703228,0,5708
5/21/2023,PS,"occupied Palestinian territory, including east Jerusalem",EMRO,0,703228,0,5708
5/28/2023,PS,"occupied Palestinian territory, including east Jerusalem",EMRO,0,703228,0,5708
6/4/2023,PS,"occupied Palestinian territory, including east Jerusalem",EMRO,0,703228,0,5708
6/11/2023,PS,"occupied Palestinian territory, including east Jerusalem",EMRO,0,703228,0,5708
6/18/2023,PS,"occupied Palestinian territory, including east Jerusalem",EMRO,0,703228,0,5708
6/25/2023,PS,"occupied Palestinian territory, including east Jerusalem",EMRO,0,703228,0,5708
7/2/2023,PS,"occupied Palestinian territory, including east Jerusalem",EMRO,0,703228,0,5708
7/9/2023,PS,"occupied Palestinian territory, including east Jerusalem",EMRO,0,703228,0,5708
7/16/2023,PS,"occupied Palestinian territory, including east Jerusalem",EMRO,0,703228,0,5708
7/23/2023,PS,"occupied Palestinian territory, including east Jerusalem",EMRO,0,703228,0,5708
7/30/2023,PS,"occupied Palestinian territory, including east Jerusalem",EMRO,0,703228,0,5708
8/6/2023,PS,"occupied Palestinian territory, including east Jerusalem",EMRO,0,703228,0,5708
8/13/2023,PS,"occupied Palestinian territory, including east Jerusalem",EMRO,0,703228,0,5708
8/20/2023,PS,"occupied Palestinian territory, including east Jerusalem",EMRO,0,703228,0,5708
8/27/2023,PS,"occupied Palestinian territory, including east Jerusalem",EMRO,0,703228,0,5708
9/3/2023,PS,"occupied Palestinian territory, including east Jerusalem",EMRO,0,703228,0,5708
9/10/2023,PS,"occupied Palestinian territory, including east Jerusalem",EMRO,0,703228,0,5708
9/17/2023,PS,"occupied Palestinian territory, including east Jerusalem",EMRO,0,703228,0,5708
9/24/2023,PS,"occupied Palestinian territory, including east Jerusalem",EMRO,0,703228,0,5708
10/1/2023,PS,"occupied Palestinian territory, including east Jerusalem",EMRO,0,703228,0,5708
10/8/2023,PS,"occupied Palestinian territory, including east Jerusalem",EMRO,0,703228,0,5708
10/15/2023,PS,"occupied Palestinian territory, including east Jerusalem",EMRO,0,703228,0,5708
10/22/2023,PS,"occupied Palestinian territory, including east Jerusalem",EMRO,0,703228,0,5708
10/29/2023,PS,"occupied Palestinian territory, including east Jerusalem",EMRO,0,703228,0,5708
11/5/2023,PS,"occupied Palestinian territory, including east Jerusalem",EMRO,0,703228,0,5708
11/12/2023,PS,"occupied Palestinian territory, including east Jerusalem",EMRO,0,703228,0,5708
11/19/2023,PS,"occupied Palestinian territory, including east Jerusalem",EMRO,0,703228,0,5708
11/26/2023,PS,"occupied Palestinian territory, including east Jerusalem",EMRO,0,703228,0,5708
12/3/2023,PS,"occupied Palestinian territory, including east Jerusalem",EMRO,0,703228,0,5708
12/10/2023,PS,"occupied Palestinian territory, including east Jerusalem",EMRO,0,703228,0,5708
12/17/2023,PS,"occupied Palestinian territory, including east Jerusalem",EMRO,0,703228,0,5708
12/24/2023,PS,"occupied Palestinian territory, including east Jerusalem",EMRO,0,703228,0,5708
1/5/2020,OM,Oman,EMRO,0,0,0,0
1/12/2020,OM,Oman,EMRO,0,0,0,0
1/19/2020,OM,Oman,EMRO,0,0,0,0
1/26/2020,OM,Oman,EMRO,0,0,0,0
2/2/2020,OM,Oman,EMRO,0,0,0,0
2/9/2020,OM,Oman,EMRO,0,0,0,0
2/16/2020,OM,Oman,EMRO,0,0,0,0
2/23/2020,OM,Oman,EMRO,0,0,0,0
3/1/2020,OM,Oman,EMRO,6,6,0,0
3/8/2020,OM,Oman,EMRO,10,16,0,0
3/15/2020,OM,Oman,EMRO,4,20,0,0
3/22/2020,OM,Oman,EMRO,32,52,0,0
3/29/2020,OM,Oman,EMRO,100,152,0,0
4/5/2020,OM,Oman,EMRO,125,277,2,2
4/12/2020,OM,Oman,EMRO,269,546,1,3
4/19/2020,OM,Oman,EMRO,634,1180,3,6
4/26/2020,OM,Oman,EMRO,725,1905,4,10
5/3/2020,OM,Oman,EMRO,578,2483,2,12
5/10/2020,OM,Oman,EMRO,741,3224,5,17
5/17/2020,OM,Oman,EMRO,1805,5029,4,21
5/24/2020,OM,Oman,EMRO,2228,7257,15,36
5/31/2020,OM,Oman,EMRO,3166,10423,6,42
6/7/2020,OM,Oman,EMRO,5593,16016,30,72
6/14/2020,OM,Oman,EMRO,6061,22077,27,99
6/21/2020,OM,Oman,EMRO,6489,28566,29,128
6/28/2020,OM,Oman,EMRO,8387,36953,31,159
7/5/2020,OM,Oman,EMRO,8153,45106,44,203
7/12/2020,OM,Oman,EMRO,9591,54697,45,248
7/19/2020,OM,Oman,EMRO,10807,65504,60,308
7/26/2020,OM,Oman,EMRO,9354,74858,63,371
8/2/2020,OM,Oman,EMRO,4301,79159,50,421
8/9/2020,OM,Oman,EMRO,2198,81357,88,509
8/16/2020,OM,Oman,EMRO,1567,82924,53,562
8/23/2020,OM,Oman,EMRO,845,83769,47,609
8/30/2020,OM,Oman,EMRO,1236,85005,41,650
9/6/2020,OM,Oman,EMRO,1375,86380,55,705
9/13/2020,OM,Oman,EMRO,1957,88337,57,762
9/20/2020,OM,Oman,EMRO,3416,91753,56,818
9/27/2020,OM,Oman,EMRO,4154,95907,67,885
10/4/2020,OM,Oman,EMRO,2678,98585,50,935
10/11/2020,OM,Oman,EMRO,5544,104129,74,1009
10/18/2020,OM,Oman,EMRO,4167,108296,62,1071
10/25/2020,OM,Oman,EMRO,3541,111837,76,1147
11/1/2020,OM,Oman,EMRO,2597,114434,61,1208
11/8/2020,OM,Oman,EMRO,2733,117167,78,1286
11/15/2020,OM,Oman,EMRO,2275,119442,40,1326
11/22/2020,OM,Oman,EMRO,1918,121360,39,1365
11/29/2020,OM,Oman,EMRO,1219,122579,26,1391
12/6/2020,OM,Oman,EMRO,1750,124329,44,1435
12/13/2020,OM,Oman,EMRO,1340,125669,28,1463
12/20/2020,OM,Oman,EMRO,1350,127019,20,1483
12/27/2020,OM,Oman,EMRO,1271,128290,8,1491
1/3/2021,OM,Oman,EMRO,577,128867,8,1499
1/10/2021,OM,Oman,EMRO,1203,130070,6,1505
1/17/2021,OM,Oman,EMRO,1194,131264,4,1509
1/24/2021,OM,Oman,EMRO,1222,132486,8,1517
1/31/2021,OM,Oman,EMRO,1242,133728,10,1527
2/7/2021,OM,Oman,EMRO,1313,135041,5,1532
2/14/2021,OM,Oman,EMRO,1581,136622,7,1539
2/21/2021,OM,Oman,EMRO,1872,138494,10,1549
2/28/2021,OM,Oman,EMRO,2094,140588,13,1562
3/7/2021,OM,Oman,EMRO,2308,142896,21,1583
3/14/2021,OM,Oman,EMRO,2361,145257,17,1600
3/21/2021,OM,Oman,EMRO,3878,149135,20,1620
3/28/2021,OM,Oman,EMRO,4703,153838,30,1650
4/4/2021,OM,Oman,EMRO,6180,160018,31,1681
4/11/2021,OM,Oman,EMRO,7987,168005,66,1747
4/18/2021,OM,Oman,EMRO,8663,176668,74,1821
4/25/2021,OM,Oman,EMRO,8610,185278,130,1951
5/2/2021,OM,Oman,EMRO,7975,193253,89,2040
5/9/2021,OM,Oman,EMRO,7463,200716,123,2163
5/16/2021,OM,Oman,EMRO,4197,204913,107,2270
5/23/2021,OM,Oman,EMRO,5011,209924,94,2364
5/30/2021,OM,Oman,EMRO,5442,215366,102,2466
6/6/2021,OM,Oman,EMRO,7433,222799,92,2558
6/13/2021,OM,Oman,EMRO,10353,233152,107,2665
6/20/2021,OM,Oman,EMRO,13254,246406,196,2861
6/27/2021,OM,Oman,EMRO,14100,260506,242,3103
7/4/2021,OM,Oman,EMRO,13388,273894,313,3416
7/11/2021,OM,Oman,EMRO,10091,283985,275,3691
7/18/2021,OM,Oman,EMRO,6459,290444,226,3917
7/25/2021,OM,Oman,EMRO,3028,293472,190,4107
8/1/2021,OM,Oman,EMRO,3098,296570,96,4203
8/8/2021,OM,Oman,EMRO,1934,298504,93,4296
8/15/2021,OM,Oman,EMRO,1463,299967,59,4355
8/22/2021,OM,Oman,EMRO,1174,301141,42,4397
8/29/2021,OM,Oman,EMRO,888,302029,26,4423
9/5/2021,OM,Oman,EMRO,570,302599,19,4442
9/12/2021,OM,Oman,EMRO,437,303036,12,4454
9/19/2021,OM,Oman,EMRO,354,303390,6,4460
9/26/2021,OM,Oman,EMRO,223,303613,1,4461
10/3/2021,OM,Oman,EMRO,200,303813,4,4465
10/10/2021,OM,Oman,EMRO,142,303955,3,4468
10/17/2021,OM,Oman,EMRO,89,304044,3,4471
10/24/2021,OM,Oman,EMRO,101,304145,5,4476
10/31/2021,OM,Oman,EMRO,136,304281,2,4478
11/7/2021,OM,Oman,EMRO,73,304354,1,4479
11/14/2021,OM,Oman,EMRO,66,304420,1,4480
11/21/2021,OM,Oman,EMRO,68,304488,0,4480
11/28/2021,OM,Oman,EMRO,44,304532,0,4480
12/5/2021,OM,Oman,EMRO,67,304599,0,4480
12/12/2021,OM,Oman,EMRO,104,304703,0,4480
12/19/2021,OM,Oman,EMRO,126,304829,0,4480
12/26/2021,OM,Oman,EMRO,229,305058,0,4480
1/2/2022,OM,Oman,EMRO,652,305710,3,4483
1/9/2022,OM,Oman,EMRO,1639,307349,1,4484
1/16/2022,OM,Oman,EMRO,4349,311698,2,4486
1/23/2022,OM,Oman,EMRO,9425,321123,6,4492
1/30/2022,OM,Oman,EMRO,13580,334703,9,4501
2/6/2022,OM,Oman,EMRO,14960,349663,24,4525
2/13/2022,OM,Oman,EMRO,14695,364358,37,4562
2/20/2022,OM,Oman,EMRO,10207,374565,30,4592
2/27/2022,OM,Oman,EMRO,6253,380818,13,4605
3/6/2022,OM,Oman,EMRO,3704,384522,10,4615
3/13/2022,OM,Oman,EMRO,1803,386325,2,4617
3/20/2022,OM,Oman,EMRO,1072,387397,0,4617
3/27/2022,OM,Oman,EMRO,642,388039,0,4617
4/3/2022,OM,Oman,EMRO,393,388432,0,4617
4/10/2022,OM,Oman,EMRO,230,388662,3,4620
4/17/2022,OM,Oman,EMRO,181,388843,4,4624
4/24/2022,OM,Oman,EMRO,193,389036,0,4624
5/1/2022,OM,Oman,EMRO,90,389126,1,4625
5/8/2022,OM,Oman,EMRO,147,389273,1,4626
5/15/2022,OM,Oman,EMRO,124,389397,0,4626
5/22/2022,OM,Oman,EMRO,109,389506,1,4627
5/29/2022,OM,Oman,EMRO,99,389605,1,4628
6/5/2022,OM,Oman,EMRO,118,389723,0,4628
6/12/2022,OM,Oman,EMRO,194,389917,0,4628
6/19/2022,OM,Oman,EMRO,327,390244,0,4628
6/26/2022,OM,Oman,EMRO,484,390728,0,4628
7/3/2022,OM,Oman,EMRO,913,391641,0,4628
7/10/2022,OM,Oman,EMRO,1361,393002,0,4628
7/17/2022,OM,Oman,EMRO,1213,394215,0,4628
7/24/2022,OM,Oman,EMRO,1522,395737,0,4628
7/31/2022,OM,Oman,EMRO,985,396722,0,4628
8/7/2022,OM,Oman,EMRO,509,397231,0,4628
8/14/2022,OM,Oman,EMRO,343,397574,0,4628
8/21/2022,OM,Oman,EMRO,272,397846,0,4628
8/28/2022,OM,Oman,EMRO,147,397993,0,4628
9/4/2022,OM,Oman,EMRO,144,398137,0,4628
9/11/2022,OM,Oman,EMRO,97,398234,0,4628
9/18/2022,OM,Oman,EMRO,92,398326,0,4628
9/25/2022,OM,Oman,EMRO,98,398424,0,4628
10/2/2022,OM,Oman,EMRO,96,398520,0,4628
10/9/2022,OM,Oman,EMRO,65,398585,0,4628
10/16/2022,OM,Oman,EMRO,104,398689,0,4628
10/23/2022,OM,Oman,EMRO,86,398775,0,4628
10/30/2022,OM,Oman,EMRO,74,398849,0,4628
11/6/2022,OM,Oman,EMRO,92,398941,0,4628
11/13/2022,OM,Oman,EMRO,86,399027,0,4628
11/20/2022,OM,Oman,EMRO,92,399119,0,4628
11/27/2022,OM,Oman,EMRO,58,399177,0,4628
12/4/2022,OM,Oman,EMRO,26,399203,0,4628
12/11/2022,OM,Oman,EMRO,56,399259,0,4628
12/18/2022,OM,Oman,EMRO,25,399284,0,4628
12/25/2022,OM,Oman,EMRO,24,399308,0,4628
1/1/2023,OM,Oman,EMRO,35,399343,0,4628
1/8/2023,OM,Oman,EMRO,32,399375,0,4628
1/15/2023,OM,Oman,EMRO,29,399404,0,4628
1/22/2023,OM,Oman,EMRO,17,399421,0,4628
1/29/2023,OM,Oman,EMRO,28,399449,0,4628
2/5/2023,OM,Oman,EMRO,0,399449,0,4628
2/12/2023,OM,Oman,EMRO,0,399449,0,4628
2/19/2023,OM,Oman,EMRO,0,399449,0,4628
2/26/2023,OM,Oman,EMRO,0,399449,0,4628
3/5/2023,OM,Oman,EMRO,0,399449,0,4628
3/12/2023,OM,Oman,EMRO,0,399449,0,4628
3/19/2023,OM,Oman,EMRO,0,399449,0,4628
3/26/2023,OM,Oman,EMRO,0,399449,0,4628
4/2/2023,OM,Oman,EMRO,0,399449,0,4628
4/9/2023,OM,Oman,EMRO,0,399449,0,4628
4/16/2023,OM,Oman,EMRO,0,399449,0,4628
4/23/2023,OM,Oman,EMRO,0,399449,0,4628
4/30/2023,OM,Oman,EMRO,0,399449,0,4628
5/7/2023,OM,Oman,EMRO,0,399449,0,4628
5/14/2023,OM,Oman,EMRO,0,399449,0,4628
5/21/2023,OM,Oman,EMRO,0,399449,0,4628
5/28/2023,OM,Oman,EMRO,0,399449,0,4628
6/4/2023,OM,Oman,EMRO,0,399449,0,4628
6/11/2023,OM,Oman,EMRO,0,399449,0,4628
6/18/2023,OM,Oman,EMRO,0,399449,0,4628
6/25/2023,OM,Oman,EMRO,0,399449,0,4628
7/2/2023,OM,Oman,EMRO,0,399449,0,4628
7/9/2023,OM,Oman,EMRO,0,399449,0,4628
7/16/2023,OM,Oman,EMRO,0,399449,0,4628
7/23/2023,OM,Oman,EMRO,0,399449,0,4628
7/30/2023,OM,Oman,EMRO,0,399449,0,4628
8/6/2023,OM,Oman,EMRO,0,399449,0,4628
8/13/2023,OM,Oman,EMRO,0,399449,0,4628
8/20/2023,OM,Oman,EMRO,0,399449,0,4628
8/27/2023,OM,Oman,EMRO,0,399449,0,4628
9/3/2023,OM,Oman,EMRO,0,399449,0,4628
9/10/2023,OM,Oman,EMRO,0,399449,0,4628
9/17/2023,OM,Oman,EMRO,0,399449,0,4628
9/24/2023,OM,Oman,EMRO,0,399449,0,4628
10/1/2023,OM,Oman,EMRO,0,399449,0,4628
10/8/2023,OM,Oman,EMRO,0,399449,0,4628
10/15/2023,OM,Oman,EMRO,0,399449,0,4628
10/22/2023,OM,Oman,EMRO,0,399449,0,4628
10/29/2023,OM,Oman,EMRO,0,399449,0,4628
11/5/2023,OM,Oman,EMRO,0,399449,0,4628
11/12/2023,OM,Oman,EMRO,0,399449,0,4628
11/19/2023,OM,Oman,EMRO,0,399449,0,4628
11/26/2023,OM,Oman,EMRO,0,399449,0,4628
12/3/2023,OM,Oman,EMRO,0,399449,0,4628
12/10/2023,OM,Oman,EMRO,0,399449,0,4628
12/17/2023,OM,Oman,EMRO,0,399449,0,4628
12/24/2023,OM,Oman,EMRO,0,399449,0,4628
1/5/2020,PK,Pakistan,EMRO,0,0,0,0
1/12/2020,PK,Pakistan,EMRO,0,0,0,0
1/19/2020,PK,Pakistan,EMRO,0,0,0,0
1/26/2020,PK,Pakistan,EMRO,0,0,0,0
2/2/2020,PK,Pakistan,EMRO,0,0,0,0
2/9/2020,PK,Pakistan,EMRO,0,0,0,0
2/16/2020,PK,Pakistan,EMRO,0,0,0,0
2/23/2020,PK,Pakistan,EMRO,0,0,0,0
3/1/2020,PK,Pakistan,EMRO,2,2,0,0
3/8/2020,PK,Pakistan,EMRO,4,6,0,0
3/15/2020,PK,Pakistan,EMRO,15,21,0,0
3/22/2020,PK,Pakistan,EMRO,440,461,2,2
3/29/2020,PK,Pakistan,EMRO,774,1235,7,9
4/5/2020,PK,Pakistan,EMRO,1215,2450,26,35
4/12/2020,PK,Pakistan,EMRO,2245,4695,31,66
4/19/2020,PK,Pakistan,EMRO,2330,7025,69,135
4/26/2020,PK,Pakistan,EMRO,4915,11940,118,253
5/3/2020,PK,Pakistan,EMRO,5759,17699,155,408
5/10/2020,PK,Pakistan,EMRO,8736,26435,191,599
5/17/2020,PK,Pakistan,EMRO,10783,37218,204,803
5/24/2020,PK,Pakistan,EMRO,15219,52437,298,1101
5/31/2020,PK,Pakistan,EMRO,14020,66457,294,1395
6/7/2020,PK,Pakistan,EMRO,27526,93983,540,1935
6/14/2020,PK,Pakistan,EMRO,38422,132405,616,2551
6/21/2020,PK,Pakistan,EMRO,39261,171666,831,3382
6/28/2020,PK,Pakistan,EMRO,27217,198883,653,4035
7/5/2020,PK,Pakistan,EMRO,26400,225283,584,4619
7/12/2020,PK,Pakistan,EMRO,21068,246351,504,5123
7/19/2020,PK,Pakistan,EMRO,15566,261917,399,5522
7/26/2020,PK,Pakistan,EMRO,9970,271887,265,5787
8/2/2020,PK,Pakistan,EMRO,7259,279146,183,5970
8/9/2020,PK,Pakistan,EMRO,4341,283487,104,6074
8/16/2020,PK,Pakistan,EMRO,4560,288047,88,6162
8/23/2020,PK,Pakistan,EMRO,4127,292174,69,6231
8/30/2020,PK,Pakistan,EMRO,3198,295372,53,6284
9/6/2020,PK,Pakistan,EMRO,2653,298025,56,6340
9/13/2020,PK,Pakistan,EMRO,2930,300955,33,6373
9/20/2020,PK,Pakistan,EMRO,4076,305031,42,6415
9/27/2020,PK,Pakistan,EMRO,4550,309581,36,6451
10/4/2020,PK,Pakistan,EMRO,4403,313984,56,6507
10/11/2020,PK,Pakistan,EMRO,4282,318266,51,6558
10/18/2020,PK,Pakistan,EMRO,4186,322452,80,6638
10/25/2020,PK,Pakistan,EMRO,4611,327063,89,6727
11/1/2020,PK,Pakistan,EMRO,5930,332993,79,6806
11/8/2020,PK,Pakistan,EMRO,8760,341753,137,6943
11/15/2020,PK,Pakistan,EMRO,12708,354461,166,7109
11/22/2020,PK,Pakistan,EMRO,17047,371508,494,7603
11/29/2020,PK,Pakistan,EMRO,20848,392356,339,7942
12/6/2020,PK,Pakistan,EMRO,20835,413191,361,8303
12/13/2020,PK,Pakistan,EMRO,21753,434944,421,8724
12/20/2020,PK,Pakistan,EMRO,19617,454561,526,9250
12/27/2020,PK,Pakistan,EMRO,14921,469482,566,9816
1/3/2021,PK,Pakistan,EMRO,14880,484362,442,10258
1/10/2021,PK,Pakistan,EMRO,15155,499517,340,10598
1/17/2021,PK,Pakistan,EMRO,17253,516770,310,10908
1/24/2021,PK,Pakistan,EMRO,14048,530818,339,11247
1/31/2021,PK,Pakistan,EMRO,12396,543214,376,11623
2/7/2021,PK,Pakistan,EMRO,9914,553128,291,11914
2/14/2021,PK,Pakistan,EMRO,8497,561625,362,12276
2/21/2021,PK,Pakistan,EMRO,8221,569846,287,12563
2/28/2021,PK,Pakistan,EMRO,8951,578797,274,12837
3/7/2021,PK,Pakistan,EMRO,9931,588728,329,13166
3/14/2021,PK,Pakistan,EMRO,13808,602536,310,13476
3/21/2021,PK,Pakistan,EMRO,20599,623135,323,13799
3/28/2021,PK,Pakistan,EMRO,26689,649824,359,14158
4/4/2021,PK,Pakistan,EMRO,33064,682888,539,14697
4/11/2021,PK,Pakistan,EMRO,33080,715968,632,15329
4/18/2021,PK,Pakistan,EMRO,34190,750158,765,16094
4/25/2021,PK,Pakistan,EMRO,39858,790016,905,16999
5/2/2021,PK,Pakistan,EMRO,35503,825519,958,17957
5/9/2021,PK,Pakistan,EMRO,28722,854241,840,18797
5/16/2021,PK,Pakistan,EMRO,20510,874751,670,19467
5/23/2021,PK,Pakistan,EMRO,22717,897468,710,20177
5/30/2021,PK,Pakistan,EMRO,18771,916239,503,20680
6/6/2021,PK,Pakistan,EMRO,14272,930511,509,21189
6/13/2021,PK,Pakistan,EMRO,9420,939931,441,21630
6/20/2021,PK,Pakistan,EMRO,7287,947218,307,21937
6/27/2021,PK,Pakistan,EMRO,6624,953842,251,22188
7/4/2021,PK,Pakistan,EMRO,7243,961085,191,22379
7/11/2021,PK,Pakistan,EMRO,10219,971304,176,22555
7/18/2021,PK,Pakistan,EMRO,15364,986668,205,22760
7/25/2021,PK,Pakistan,EMRO,15207,1001875,211,22971
8/1/2021,PK,Pakistan,EMRO,27936,1029811,389,23360
8/8/2021,PK,Pakistan,EMRO,33314,1063125,437,23797
8/15/2021,PK,Pakistan,EMRO,31574,1094699,542,24339
8/22/2021,PK,Pakistan,EMRO,25271,1119970,509,24848
8/29/2021,PK,Pakistan,EMRO,28602,1148572,687,25535
9/5/2021,PK,Pakistan,EMRO,26986,1175558,579,26114
9/12/2021,PK,Pakistan,EMRO,25809,1201367,548,26662
9/19/2021,PK,Pakistan,EMRO,19894,1221261,473,27135
9/26/2021,PK,Pakistan,EMRO,15627,1236888,389,27524
10/3/2021,PK,Pakistan,EMRO,11314,1248202,307,27831
10/10/2021,PK,Pakistan,EMRO,8986,1257188,256,28087
10/17/2021,PK,Pakistan,EMRO,6476,1263664,165,28252
10/24/2021,PK,Pakistan,EMRO,4281,1267945,107,28359
10/31/2021,PK,Pakistan,EMRO,4400,1272345,80,28439
11/7/2021,PK,Pakistan,EMRO,3895,1276240,79,28518
11/14/2021,PK,Pakistan,EMRO,3133,1279373,77,28595
11/21/2021,PK,Pakistan,EMRO,2186,1281559,60,28655
11/28/2021,PK,Pakistan,EMRO,2327,1283886,49,28704
12/5/2021,PK,Pakistan,EMRO,2567,1286453,57,28761
12/12/2021,PK,Pakistan,EMRO,2308,1288761,62,28823
12/19/2021,PK,Pakistan,EMRO,2087,1290848,47,28870
12/26/2021,PK,Pakistan,EMRO,2233,1293081,35,28905
1/2/2022,PK,Pakistan,EMRO,2852,1295933,28,28933
1/9/2022,PK,Pakistan,EMRO,6553,1302486,29,28962
1/16/2022,PK,Pakistan,EMRO,17634,1320120,41,29003
1/23/2022,PK,Pakistan,EMRO,39899,1360019,74,29077
1/30/2022,PK,Pakistan,EMRO,49994,1410013,142,29219
2/6/2022,PK,Pakistan,EMRO,44886,1454899,229,29448
2/13/2022,PK,Pakistan,EMRO,25693,1480592,283,29731
2/20/2022,PK,Pakistan,EMRO,18084,1498676,245,29976
2/27/2022,PK,Pakistan,EMRO,8981,1507657,177,30153
3/6/2022,PK,Pakistan,EMRO,5846,1513503,105,30258
3/13/2022,PK,Pakistan,EMRO,4580,1518083,46,30304
3/20/2022,PK,Pakistan,EMRO,3430,1521513,24,30328
3/27/2022,PK,Pakistan,EMRO,2077,1523590,12,30340
4/3/2022,PK,Pakistan,EMRO,1591,1525181,20,30360
4/10/2022,PK,Pakistan,EMRO,1291,1526472,1,30361
4/17/2022,PK,Pakistan,EMRO,679,1527151,2,30363
4/24/2022,PK,Pakistan,EMRO,600,1527751,6,30369
5/1/2022,PK,Pakistan,EMRO,205,1527956,0,30369
5/8/2022,PK,Pakistan,EMRO,0,1527956,0,30369
5/15/2022,PK,Pakistan,EMRO,1211,1529167,7,30376
5/22/2022,PK,Pakistan,EMRO,544,1529711,3,30379
5/29/2022,PK,Pakistan,EMRO,524,1530235,0,30379
6/5/2022,PK,Pakistan,EMRO,415,1530650,0,30379
6/12/2022,PK,Pakistan,EMRO,462,1531112,2,30381
6/19/2022,PK,Pakistan,EMRO,718,1531830,2,30383
6/26/2022,PK,Pakistan,EMRO,1652,1533482,3,30386
7/3/2022,PK,Pakistan,EMRO,3815,1537297,13,30399
7/10/2022,PK,Pakistan,EMRO,5080,1542377,21,30420
7/17/2022,PK,Pakistan,EMRO,3270,1545647,18,30438
7/24/2022,PK,Pakistan,EMRO,4119,1549766,26,30464
7/31/2022,PK,Pakistan,EMRO,4164,1553930,22,30486
8/7/2022,PK,Pakistan,EMRO,4627,1558557,19,30505
8/14/2022,PK,Pakistan,EMRO,3750,1562307,18,30523
8/21/2022,PK,Pakistan,EMRO,3461,1565768,27,30550
8/28/2022,PK,Pakistan,EMRO,2415,1568183,21,30571
9/4/2022,PK,Pakistan,EMRO,1605,1569788,17,30588
9/11/2022,PK,Pakistan,EMRO,1164,1570952,11,30599
9/18/2022,PK,Pakistan,EMRO,780,1571732,6,30605
9/25/2022,PK,Pakistan,EMRO,537,1572269,7,30612
10/2/2022,PK,Pakistan,EMRO,329,1572598,4,30616
10/9/2022,PK,Pakistan,EMRO,374,1572972,7,30623
10/16/2022,PK,Pakistan,EMRO,0,1572972,0,30623
10/23/2022,PK,Pakistan,EMRO,347,1573319,0,30623
10/30/2022,PK,Pakistan,EMRO,603,1573922,2,30625
11/6/2022,PK,Pakistan,EMRO,399,1574321,2,30627
11/13/2022,PK,Pakistan,EMRO,275,1574596,2,30629
11/20/2022,PK,Pakistan,EMRO,271,1574867,1,30630
11/27/2022,PK,Pakistan,EMRO,198,1575065,0,30630
12/4/2022,PK,Pakistan,EMRO,208,1575273,2,30632
12/11/2022,PK,Pakistan,EMRO,151,1575424,3,30635
12/18/2022,PK,Pakistan,EMRO,62,1575486,0,30635
12/25/2022,PK,Pakistan,EMRO,165,1575651,0,30635
1/1/2023,PK,Pakistan,EMRO,0,1575651,0,30635
1/8/2023,PK,Pakistan,EMRO,259,1575910,3,30638
1/15/2023,PK,Pakistan,EMRO,127,1576037,1,30639
1/22/2023,PK,Pakistan,EMRO,129,1576166,1,30640
1/29/2023,PK,Pakistan,EMRO,86,1576252,0,30640
2/5/2023,PK,Pakistan,EMRO,109,1576361,0,30640
2/12/2023,PK,Pakistan,EMRO,133,1576494,0,30640
2/19/2023,PK,Pakistan,EMRO,163,1576657,1,30641
2/26/2023,PK,Pakistan,EMRO,138,1576795,0,30641
3/5/2023,PK,Pakistan,EMRO,323,1577118,2,30643
3/12/2023,PK,Pakistan,EMRO,364,1577482,1,30644
3/19/2023,PK,Pakistan,EMRO,673,1578155,1,30645
3/26/2023,PK,Pakistan,EMRO,851,1579006,3,30648
4/2/2023,PK,Pakistan,EMRO,698,1579704,1,30649
4/9/2023,PK,Pakistan,EMRO,364,1580068,3,30652
4/16/2023,PK,Pakistan,EMRO,326,1580394,3,30655
4/23/2023,PK,Pakistan,EMRO,170,1580564,1,30656
4/30/2023,PK,Pakistan,EMRO,67,1580631,0,30656
5/7/2023,PK,Pakistan,EMRO,0,1580631,0,30656
5/14/2023,PK,Pakistan,EMRO,0,1580631,0,30656
5/21/2023,PK,Pakistan,EMRO,0,1580631,0,30656
5/28/2023,PK,Pakistan,EMRO,0,1580631,0,30656
6/4/2023,PK,Pakistan,EMRO,0,1580631,0,30656
6/11/2023,PK,Pakistan,EMRO,0,1580631,0,30656
6/18/2023,PK,Pakistan,EMRO,0,1580631,0,30656
6/25/2023,PK,Pakistan,EMRO,0,1580631,0,30656
7/2/2023,PK,Pakistan,EMRO,0,1580631,0,30656
7/9/2023,PK,Pakistan,EMRO,0,1580631,0,30656
7/16/2023,PK,Pakistan,EMRO,0,1580631,0,30656
7/23/2023,PK,Pakistan,EMRO,0,1580631,0,30656
7/30/2023,PK,Pakistan,EMRO,0,1580631,0,30656
8/6/2023,PK,Pakistan,EMRO,0,1580631,0,30656
8/13/2023,PK,Pakistan,EMRO,0,1580631,0,30656
8/20/2023,PK,Pakistan,EMRO,0,1580631,0,30656
8/27/2023,PK,Pakistan,EMRO,0,1580631,0,30656
9/3/2023,PK,Pakistan,EMRO,0,1580631,0,30656
9/10/2023,PK,Pakistan,EMRO,0,1580631,0,30656
9/17/2023,PK,Pakistan,EMRO,0,1580631,0,30656
9/24/2023,PK,Pakistan,EMRO,0,1580631,0,30656
10/1/2023,PK,Pakistan,EMRO,0,1580631,0,30656
10/8/2023,PK,Pakistan,EMRO,0,1580631,0,30656
10/15/2023,PK,Pakistan,EMRO,0,1580631,0,30656
10/22/2023,PK,Pakistan,EMRO,0,1580631,0,30656
10/29/2023,PK,Pakistan,EMRO,0,1580631,0,30656
11/5/2023,PK,Pakistan,EMRO,0,1580631,0,30656
11/12/2023,PK,Pakistan,EMRO,0,1580631,0,30656
11/19/2023,PK,Pakistan,EMRO,0,1580631,0,30656
11/26/2023,PK,Pakistan,EMRO,0,1580631,0,30656
12/3/2023,PK,Pakistan,EMRO,0,1580631,0,30656
12/10/2023,PK,Pakistan,EMRO,0,1580631,0,30656
12/17/2023,PK,Pakistan,EMRO,0,1580631,0,30656
12/24/2023,PK,Pakistan,EMRO,0,1580631,0,30656
1/5/2020,PW,Palau,WPRO,0,0,0,0
1/12/2020,PW,Palau,WPRO,0,0,0,0
1/19/2020,PW,Palau,WPRO,0,0,0,0
1/26/2020,PW,Palau,WPRO,0,0,0,0
2/2/2020,PW,Palau,WPRO,0,0,0,0
2/9/2020,PW,Palau,WPRO,0,0,0,0
2/16/2020,PW,Palau,WPRO,0,0,0,0
2/23/2020,PW,Palau,WPRO,0,0,0,0
3/1/2020,PW,Palau,WPRO,0,0,0,0
3/8/2020,PW,Palau,WPRO,0,0,0,0
3/15/2020,PW,Palau,WPRO,0,0,0,0
3/22/2020,PW,Palau,WPRO,0,0,0,0
3/29/2020,PW,Palau,WPRO,0,0,0,0
4/5/2020,PW,Palau,WPRO,0,0,0,0
4/12/2020,PW,Palau,WPRO,0,0,0,0
4/19/2020,PW,Palau,WPRO,0,0,0,0
4/26/2020,PW,Palau,WPRO,0,0,0,0
5/3/2020,PW,Palau,WPRO,0,0,0,0
5/10/2020,PW,Palau,WPRO,0,0,0,0
5/17/2020,PW,Palau,WPRO,0,0,0,0
5/24/2020,PW,Palau,WPRO,0,0,0,0
5/31/2020,PW,Palau,WPRO,0,0,0,0
6/7/2020,PW,Palau,WPRO,0,0,0,0
6/14/2020,PW,Palau,WPRO,0,0,0,0
6/21/2020,PW,Palau,WPRO,0,0,0,0
6/28/2020,PW,Palau,WPRO,0,0,0,0
7/5/2020,PW,Palau,WPRO,0,0,0,0
7/12/2020,PW,Palau,WPRO,0,0,0,0
7/19/2020,PW,Palau,WPRO,0,0,0,0
7/26/2020,PW,Palau,WPRO,0,0,0,0
8/2/2020,PW,Palau,WPRO,0,0,0,0
8/9/2020,PW,Palau,WPRO,0,0,0,0
8/16/2020,PW,Palau,WPRO,0,0,0,0
8/23/2020,PW,Palau,WPRO,0,0,0,0
8/30/2020,PW,Palau,WPRO,0,0,0,0
9/6/2020,PW,Palau,WPRO,0,0,0,0
9/13/2020,PW,Palau,WPRO,0,0,0,0
9/20/2020,PW,Palau,WPRO,0,0,0,0
9/27/2020,PW,Palau,WPRO,0,0,0,0
10/4/2020,PW,Palau,WPRO,0,0,0,0
10/11/2020,PW,Palau,WPRO,0,0,0,0
10/18/2020,PW,Palau,WPRO,0,0,0,0
10/25/2020,PW,Palau,WPRO,0,0,0,0
11/1/2020,PW,Palau,WPRO,0,0,0,0
11/8/2020,PW,Palau,WPRO,0,0,0,0
11/15/2020,PW,Palau,WPRO,0,0,0,0
11/22/2020,PW,Palau,WPRO,0,0,0,0
11/29/2020,PW,Palau,WPRO,0,0,0,0
12/6/2020,PW,Palau,WPRO,0,0,0,0
12/13/2020,PW,Palau,WPRO,0,0,0,0
12/20/2020,PW,Palau,WPRO,0,0,0,0
12/27/2020,PW,Palau,WPRO,0,0,0,0
1/3/2021,PW,Palau,WPRO,0,0,0,0
1/10/2021,PW,Palau,WPRO,0,0,0,0
1/17/2021,PW,Palau,WPRO,0,0,0,0
1/24/2021,PW,Palau,WPRO,0,0,0,0
1/31/2021,PW,Palau,WPRO,0,0,0,0
2/7/2021,PW,Palau,WPRO,0,0,0,0
2/14/2021,PW,Palau,WPRO,0,0,0,0
2/21/2021,PW,Palau,WPRO,0,0,0,0
2/28/2021,PW,Palau,WPRO,0,0,0,0
3/7/2021,PW,Palau,WPRO,0,0,0,0
3/14/2021,PW,Palau,WPRO,0,0,0,0
3/21/2021,PW,Palau,WPRO,0,0,0,0
3/28/2021,PW,Palau,WPRO,0,0,0,0
4/4/2021,PW,Palau,WPRO,0,0,0,0
4/11/2021,PW,Palau,WPRO,0,0,0,0
4/18/2021,PW,Palau,WPRO,0,0,0,0
4/25/2021,PW,Palau,WPRO,0,0,0,0
5/2/2021,PW,Palau,WPRO,0,0,0,0
5/9/2021,PW,Palau,WPRO,0,0,0,0
5/16/2021,PW,Palau,WPRO,0,0,0,0
5/23/2021,PW,Palau,WPRO,0,0,0,0
5/30/2021,PW,Palau,WPRO,0,0,0,0
6/6/2021,PW,Palau,WPRO,0,0,0,0
6/13/2021,PW,Palau,WPRO,0,0,0,0
6/20/2021,PW,Palau,WPRO,0,0,0,0
6/27/2021,PW,Palau,WPRO,0,0,0,0
7/4/2021,PW,Palau,WPRO,0,0,0,0
7/11/2021,PW,Palau,WPRO,0,0,0,0
7/18/2021,PW,Palau,WPRO,0,0,0,0
7/25/2021,PW,Palau,WPRO,0,0,0,0
8/1/2021,PW,Palau,WPRO,0,0,0,0
8/8/2021,PW,Palau,WPRO,0,0,0,0
8/15/2021,PW,Palau,WPRO,0,0,0,0
8/22/2021,PW,Palau,WPRO,2,2,0,0
8/29/2021,PW,Palau,WPRO,0,2,0,0
9/5/2021,PW,Palau,WPRO,0,2,0,0
9/12/2021,PW,Palau,WPRO,1,3,0,0
9/19/2021,PW,Palau,WPRO,2,5,0,0
9/26/2021,PW,Palau,WPRO,0,5,0,0
10/3/2021,PW,Palau,WPRO,0,5,0,0
10/10/2021,PW,Palau,WPRO,3,8,0,0
10/17/2021,PW,Palau,WPRO,0,8,0,0
10/24/2021,PW,Palau,WPRO,0,8,0,0
10/31/2021,PW,Palau,WPRO,0,8,0,0
11/7/2021,PW,Palau,WPRO,0,8,0,0
11/14/2021,PW,Palau,WPRO,0,8,0,0
11/21/2021,PW,Palau,WPRO,0,8,0,0
11/28/2021,PW,Palau,WPRO,0,8,0,0
12/5/2021,PW,Palau,WPRO,0,8,0,0
12/12/2021,PW,Palau,WPRO,0,8,0,0
12/19/2021,PW,Palau,WPRO,0,8,0,0
12/26/2021,PW,Palau,WPRO,0,8,0,0
1/2/2022,PW,Palau,WPRO,5,13,0,0
1/9/2022,PW,Palau,WPRO,7,20,0,0
1/16/2022,PW,Palau,WPRO,99,119,0,0
1/23/2022,PW,Palau,WPRO,383,502,0,0
1/30/2022,PW,Palau,WPRO,1025,1527,0,0
2/6/2022,PW,Palau,WPRO,1029,2556,0,0
2/13/2022,PW,Palau,WPRO,577,3133,6,6
2/20/2022,PW,Palau,WPRO,330,3463,0,6
2/27/2022,PW,Palau,WPRO,263,3726,0,6
3/6/2022,PW,Palau,WPRO,118,3844,0,6
3/13/2022,PW,Palau,WPRO,55,3899,0,6
3/20/2022,PW,Palau,WPRO,46,3945,0,6
3/27/2022,PW,Palau,WPRO,42,3987,0,6
4/3/2022,PW,Palau,WPRO,55,4042,0,6
4/10/2022,PW,Palau,WPRO,56,4098,0,6
4/17/2022,PW,Palau,WPRO,24,4122,0,6
4/24/2022,PW,Palau,WPRO,274,4396,0,6
5/1/2022,PW,Palau,WPRO,214,4610,0,6
5/8/2022,PW,Palau,WPRO,122,4732,0,6
5/15/2022,PW,Palau,WPRO,147,4879,0,6
5/22/2022,PW,Palau,WPRO,88,4967,0,6
5/29/2022,PW,Palau,WPRO,76,5043,0,6
6/5/2022,PW,Palau,WPRO,40,5083,0,6
6/12/2022,PW,Palau,WPRO,62,5145,0,6
6/19/2022,PW,Palau,WPRO,36,5181,0,6
6/26/2022,PW,Palau,WPRO,18,5199,0,6
7/3/2022,PW,Palau,WPRO,0,5199,0,6
7/10/2022,PW,Palau,WPRO,0,5199,0,6
7/17/2022,PW,Palau,WPRO,0,5199,0,6
7/24/2022,PW,Palau,WPRO,17,5216,0,6
7/31/2022,PW,Palau,WPRO,16,5232,0,6
8/7/2022,PW,Palau,WPRO,7,5239,0,6
8/14/2022,PW,Palau,WPRO,7,5246,0,6
8/21/2022,PW,Palau,WPRO,33,5279,0,6
8/28/2022,PW,Palau,WPRO,69,5348,0,6
9/4/2022,PW,Palau,WPRO,55,5403,0,6
9/11/2022,PW,Palau,WPRO,27,5430,0,6
9/18/2022,PW,Palau,WPRO,30,5460,0,6
9/25/2022,PW,Palau,WPRO,0,5460,0,6
10/2/2022,PW,Palau,WPRO,21,5481,0,6
10/9/2022,PW,Palau,WPRO,9,5490,1,7
10/16/2022,PW,Palau,WPRO,0,5490,0,7
10/23/2022,PW,Palau,WPRO,23,5513,0,7
10/30/2022,PW,Palau,WPRO,17,5530,0,7
11/6/2022,PW,Palau,WPRO,0,5530,0,7
11/13/2022,PW,Palau,WPRO,154,5684,0,7
11/20/2022,PW,Palau,WPRO,101,5785,0,7
11/27/2022,PW,Palau,WPRO,111,5896,0,7
12/4/2022,PW,Palau,WPRO,37,5933,0,7
12/11/2022,PW,Palau,WPRO,22,5955,2,9
12/18/2022,PW,Palau,WPRO,0,5955,0,9
12/25/2022,PW,Palau,WPRO,13,5968,0,9
1/1/2023,PW,Palau,WPRO,3,5971,0,9
1/8/2023,PW,Palau,WPRO,5,5976,0,9
1/15/2023,PW,Palau,WPRO,4,5980,0,9
1/22/2023,PW,Palau,WPRO,6,5986,0,9
1/29/2023,PW,Palau,WPRO,0,5986,0,9
2/5/2023,PW,Palau,WPRO,1,5987,0,9
2/12/2023,PW,Palau,WPRO,1,5988,0,9
2/19/2023,PW,Palau,WPRO,0,5988,0,9
2/26/2023,PW,Palau,WPRO,1,5989,0,9
3/5/2023,PW,Palau,WPRO,2,5991,0,9
3/12/2023,PW,Palau,WPRO,3,5994,0,9
3/19/2023,PW,Palau,WPRO,1,5995,0,9
3/26/2023,PW,Palau,WPRO,2,5997,0,9
4/2/2023,PW,Palau,WPRO,0,5997,0,9
4/9/2023,PW,Palau,WPRO,0,5997,0,9
4/16/2023,PW,Palau,WPRO,2,5999,0,9
4/23/2023,PW,Palau,WPRO,0,5999,0,9
4/30/2023,PW,Palau,WPRO,0,5999,0,9
5/7/2023,PW,Palau,WPRO,1,6000,0,9
5/14/2023,PW,Palau,WPRO,0,6000,0,9
5/21/2023,PW,Palau,WPRO,9,6009,0,9
5/28/2023,PW,Palau,WPRO,0,6009,0,9
6/4/2023,PW,Palau,WPRO,2,6011,0,9
6/11/2023,PW,Palau,WPRO,-2,6009,0,9
6/18/2023,PW,Palau,WPRO,4,6013,0,9
6/25/2023,PW,Palau,WPRO,0,6013,0,9
7/2/2023,PW,Palau,WPRO,0,6013,0,9
7/9/2023,PW,Palau,WPRO,36,6049,0,9
7/16/2023,PW,Palau,WPRO,18,6067,0,9
7/23/2023,PW,Palau,WPRO,0,6067,0,9
7/30/2023,PW,Palau,WPRO,55,6122,0,9
8/6/2023,PW,Palau,WPRO,54,6176,0,9
8/13/2023,PW,Palau,WPRO,21,6197,0,9
8/20/2023,PW,Palau,WPRO,0,6197,0,9
8/27/2023,PW,Palau,WPRO,0,6197,0,9
9/3/2023,PW,Palau,WPRO,23,6220,0,9
9/10/2023,PW,Palau,WPRO,9,6229,0,9
9/17/2023,PW,Palau,WPRO,0,6229,0,9
9/24/2023,PW,Palau,WPRO,9,6238,0,9
10/1/2023,PW,Palau,WPRO,3,6241,0,9
10/8/2023,PW,Palau,WPRO,2,6243,0,9
10/15/2023,PW,Palau,WPRO,0,6243,0,9
10/22/2023,PW,Palau,WPRO,3,6246,0,9
10/29/2023,PW,Palau,WPRO,0,6246,0,9
11/5/2023,PW,Palau,WPRO,1,6247,0,9
11/12/2023,PW,Palau,WPRO,0,6247,0,9
11/19/2023,PW,Palau,WPRO,2,6249,0,9
11/26/2023,PW,Palau,WPRO,0,6249,0,9
12/3/2023,PW,Palau,WPRO,0,6249,0,9
12/10/2023,PW,Palau,WPRO,0,6249,0,9
12/17/2023,PW,Palau,WPRO,0,6249,0,9
12/24/2023,PW,Palau,WPRO,0,6249,0,9
1/5/2020,PA,Panama,AMRO,0,0,0,0
1/12/2020,PA,Panama,AMRO,0,0,0,0
1/19/2020,PA,Panama,AMRO,0,0,0,0
1/26/2020,PA,Panama,AMRO,0,0,0,0
2/2/2020,PA,Panama,AMRO,0,0,0,0
2/9/2020,PA,Panama,AMRO,0,0,0,0
2/16/2020,PA,Panama,AMRO,0,0,0,0
2/23/2020,PA,Panama,AMRO,0,0,0,0
3/1/2020,PA,Panama,AMRO,0,0,0,0
3/8/2020,PA,Panama,AMRO,0,0,0,0
3/15/2020,PA,Panama,AMRO,27,27,1,1
3/22/2020,PA,Panama,AMRO,110,137,0,1
3/29/2020,PA,Panama,AMRO,649,786,13,14
4/5/2020,PA,Panama,AMRO,887,1673,27,41
4/12/2020,PA,Panama,AMRO,1301,2974,33,74
4/19/2020,PA,Panama,AMRO,1236,4210,41,115
4/26/2020,PA,Panama,AMRO,1128,5338,39,154
5/3/2020,PA,Panama,AMRO,1382,6720,38,192
5/10/2020,PA,Panama,AMRO,1350,8070,39,231
5/17/2020,PA,Panama,AMRO,1198,9268,35,266
5/24/2020,PA,Panama,AMRO,999,10267,29,295
5/31/2020,PA,Panama,AMRO,2264,12531,31,326
6/7/2020,PA,Panama,AMRO,2932,15463,44,370
6/14/2020,PA,Panama,AMRO,3748,19211,51,421
6/21/2020,PA,Panama,AMRO,5063,24274,64,485
6/28/2020,PA,Panama,AMRO,5631,29905,90,575
7/5/2020,PA,Panama,AMRO,6090,35995,123,698
7/12/2020,PA,Panama,AMRO,7262,43257,165,863
7/19/2020,PA,Panama,AMRO,8151,51408,175,1038
7/26/2020,PA,Panama,AMRO,6585,57993,212,1250
8/2/2020,PA,Panama,AMRO,7263,65256,171,1421
8/9/2020,PA,Panama,AMRO,7304,72560,170,1591
8/16/2020,PA,Panama,AMRO,6842,79402,143,1734
8/23/2020,PA,Panama,AMRO,4990,84392,125,1859
8/30/2020,PA,Panama,AMRO,6232,90624,107,1966
9/6/2020,PA,Panama,AMRO,4972,95596,97,2063
9/13/2020,PA,Panama,AMRO,4734,100330,77,2140
9/20/2020,PA,Panama,AMRO,4549,104879,89,2229
9/27/2020,PA,Panama,AMRO,4552,109431,82,2311
10/4/2020,PA,Panama,AMRO,4531,113962,95,2406
10/11/2020,PA,Panama,AMRO,4879,118841,68,2474
10/18/2020,PA,Panama,AMRO,4657,123498,72,2546
10/25/2020,PA,Panama,AMRO,4368,127866,76,2622
11/1/2020,PA,Panama,AMRO,5001,132867,66,2688
11/8/2020,PA,Panama,AMRO,4893,137760,82,2770
11/15/2020,PA,Panama,AMRO,6717,144477,86,2856
11/22/2020,PA,Panama,AMRO,7812,152289,76,2932
11/29/2020,PA,Panama,AMRO,9455,161744,98,3030
12/6/2020,PA,Panama,AMRO,11863,173607,124,3154
12/13/2020,PA,Panama,AMRO,14172,187779,155,3309
12/20/2020,PA,Panama,AMRO,18531,206310,195,3504
12/27/2020,PA,Panama,AMRO,20350,226660,252,3756
1/3/2021,PA,Panama,AMRO,23073,249733,308,4064
1/10/2021,PA,Panama,AMRO,23304,273037,299,4363
1/17/2021,PA,Panama,AMRO,20555,293592,326,4689
1/24/2021,PA,Panama,AMRO,14201,307793,291,4980
1/31/2021,PA,Panama,AMRO,10460,318253,241,5221
2/7/2021,PA,Panama,AMRO,7234,325487,205,5426
2/14/2021,PA,Panama,AMRO,5498,330985,169,5595
2/21/2021,PA,Panama,AMRO,4354,335339,116,5711
2/28/2021,PA,Panama,AMRO,4442,339781,109,5820
3/7/2021,PA,Panama,AMRO,3962,343743,87,5907
3/14/2021,PA,Panama,AMRO,3483,347226,74,5981
3/21/2021,PA,Panama,AMRO,2994,350220,54,6035
3/28/2021,PA,Panama,AMRO,2797,353017,52,6087
4/4/2021,PA,Panama,AMRO,2833,355850,39,6126
4/11/2021,PA,Panama,AMRO,2248,358098,30,6156
4/18/2021,PA,Panama,AMRO,2151,360249,29,6185
4/25/2021,PA,Panama,AMRO,2109,362358,15,6200
5/2/2021,PA,Panama,AMRO,2218,364576,32,6232
5/9/2021,PA,Panama,AMRO,2186,366762,26,6258
5/16/2021,PA,Panama,AMRO,3281,370043,34,6292
5/23/2021,PA,Panama,AMRO,3265,373308,29,6321
5/30/2021,PA,Panama,AMRO,3546,376854,44,6365
6/6/2021,PA,Panama,AMRO,4268,381122,24,6389
6/13/2021,PA,Panama,AMRO,5147,386269,38,6427
6/20/2021,PA,Panama,AMRO,5897,392166,38,6465
6/27/2021,PA,Panama,AMRO,6654,398820,40,6505
7/4/2021,PA,Panama,AMRO,7193,406013,55,6560
7/11/2021,PA,Panama,AMRO,7613,413626,54,6614
7/18/2021,PA,Panama,AMRO,7290,420916,74,6688
7/25/2021,PA,Panama,AMRO,7071,427987,55,6743
8/1/2021,PA,Panama,AMRO,6473,434460,65,6808
8/8/2021,PA,Panama,AMRO,6034,440494,77,6885
8/15/2021,PA,Panama,AMRO,5915,446409,54,6939
8/22/2021,PA,Panama,AMRO,4884,451293,59,6998
8/29/2021,PA,Panama,AMRO,4234,455527,41,7039
9/5/2021,PA,Panama,AMRO,3550,459077,34,7073
9/12/2021,PA,Panama,AMRO,2513,461590,49,7122
9/19/2021,PA,Panama,AMRO,2193,463783,47,7169
9/26/2021,PA,Panama,AMRO,1953,465736,28,7197
10/3/2021,PA,Panama,AMRO,1602,467338,33,7230
10/10/2021,PA,Panama,AMRO,1402,468740,30,7260
10/17/2021,PA,Panama,AMRO,1258,469998,28,7288
10/24/2021,PA,Panama,AMRO,1255,471253,18,7306
10/31/2021,PA,Panama,AMRO,1145,472398,9,7315
11/7/2021,PA,Panama,AMRO,785,473183,7,7322
11/14/2021,PA,Panama,AMRO,1048,474231,19,7341
11/21/2021,PA,Panama,AMRO,1346,475577,9,7350
11/28/2021,PA,Panama,AMRO,1519,477096,10,7360
12/5/2021,PA,Panama,AMRO,1447,478543,11,7371
12/12/2021,PA,Panama,AMRO,1547,480090,11,7382
12/19/2021,PA,Panama,AMRO,2587,482677,16,7398
12/26/2021,PA,Panama,AMRO,3700,486377,11,7409
1/2/2022,PA,Panama,AMRO,9543,495920,19,7428
1/9/2022,PA,Panama,AMRO,21525,517445,25,7453
1/16/2022,PA,Panama,AMRO,41231,558676,47,7500
1/23/2022,PA,Panama,AMRO,68214,626890,74,7574
1/30/2022,PA,Panama,AMRO,58740,685630,106,7680
2/6/2022,PA,Panama,AMRO,35849,721479,133,7813
2/13/2022,PA,Panama,AMRO,18291,739770,113,7926
2/20/2022,PA,Panama,AMRO,9365,749135,74,8000
2/27/2022,PA,Panama,AMRO,5227,754362,63,8063
3/6/2022,PA,Panama,AMRO,2699,757061,43,8106
3/13/2022,PA,Panama,AMRO,2163,759224,25,8131
3/20/2022,PA,Panama,AMRO,1780,761004,22,8153
3/27/2022,PA,Panama,AMRO,2021,763025,9,8162
4/3/2022,PA,Panama,AMRO,1806,764831,8,8170
4/10/2022,PA,Panama,AMRO,1673,766504,4,8174
4/17/2022,PA,Panama,AMRO,1966,768470,4,8178
4/24/2022,PA,Panama,AMRO,2535,771005,4,8182
5/1/2022,PA,Panama,AMRO,4483,775488,2,8184
5/8/2022,PA,Panama,AMRO,8696,784184,7,8191
5/15/2022,PA,Panama,AMRO,19039,803223,11,8202
5/22/2022,PA,Panama,AMRO,21694,824917,14,8216
5/29/2022,PA,Panama,AMRO,22458,847375,28,8244
6/5/2022,PA,Panama,AMRO,21421,868796,23,8267
6/12/2022,PA,Panama,AMRO,18841,887637,28,8295
6/19/2022,PA,Panama,AMRO,12696,900333,23,8318
6/26/2022,PA,Panama,AMRO,12015,912348,22,8340
7/3/2022,PA,Panama,AMRO,10642,922990,28,8368
7/10/2022,PA,Panama,AMRO,9120,932110,16,8384
7/17/2022,PA,Panama,AMRO,9973,942083,11,8395
7/24/2022,PA,Panama,AMRO,6390,948473,17,8412
7/31/2022,PA,Panama,AMRO,5896,954369,13,8425
8/7/2022,PA,Panama,AMRO,5931,960300,9,8434
8/14/2022,PA,Panama,AMRO,6479,966779,10,8444
8/21/2022,PA,Panama,AMRO,6021,972800,12,8456
8/28/2022,PA,Panama,AMRO,5381,978181,14,8470
9/4/2022,PA,Panama,AMRO,3641,981822,10,8480
9/11/2022,PA,Panama,AMRO,2412,984234,7,8487
9/18/2022,PA,Panama,AMRO,1580,985814,3,8490
9/25/2022,PA,Panama,AMRO,1052,986866,7,8497
10/2/2022,PA,Panama,AMRO,747,987613,5,8502
10/9/2022,PA,Panama,AMRO,667,988280,3,8505
10/16/2022,PA,Panama,AMRO,725,989005,1,8506
10/23/2022,PA,Panama,AMRO,603,989608,0,8506
10/30/2022,PA,Panama,AMRO,805,990413,3,8509
11/6/2022,PA,Panama,AMRO,838,991251,0,8509
11/13/2022,PA,Panama,AMRO,1372,992623,6,8515
11/20/2022,PA,Panama,AMRO,3103,995726,4,8519
11/27/2022,PA,Panama,AMRO,6435,1002161,7,8526
12/4/2022,PA,Panama,AMRO,7091,1009252,7,8533
12/11/2022,PA,Panama,AMRO,6718,1015970,10,8543
12/18/2022,PA,Panama,AMRO,4991,1020961,11,8554
12/25/2022,PA,Panama,AMRO,2817,1023778,13,8567
1/1/2023,PA,Panama,AMRO,2066,1025844,8,8575
1/8/2023,PA,Panama,AMRO,1403,1027247,9,8584
1/15/2023,PA,Panama,AMRO,1025,1028272,5,8589
1/22/2023,PA,Panama,AMRO,789,1029061,5,8594
1/29/2023,PA,Panama,AMRO,640,1029701,2,8596
2/5/2023,PA,Panama,AMRO,513,1030214,3,8599
2/12/2023,PA,Panama,AMRO,444,1030658,1,8600
2/19/2023,PA,Panama,AMRO,356,1031014,3,8603
2/26/2023,PA,Panama,AMRO,259,1031273,1,8604
3/5/2023,PA,Panama,AMRO,458,1031731,5,8609
3/12/2023,PA,Panama,AMRO,506,1032237,2,8611
3/19/2023,PA,Panama,AMRO,702,1032939,1,8612
3/26/2023,PA,Panama,AMRO,842,1033781,0,8612
4/2/2023,PA,Panama,AMRO,0,1033781,0,8612
4/9/2023,PA,Panama,AMRO,0,1033781,0,8612
4/16/2023,PA,Panama,AMRO,1576,1035357,5,8617
4/23/2023,PA,Panama,AMRO,743,1036100,1,8618
4/30/2023,PA,Panama,AMRO,633,1036733,3,8621
5/7/2023,PA,Panama,AMRO,591,1037324,-1,8620
5/14/2023,PA,Panama,AMRO,654,1037978,2,8622
5/21/2023,PA,Panama,AMRO,0,1037978,0,8622
5/28/2023,PA,Panama,AMRO,330,1038308,1,8623
6/4/2023,PA,Panama,AMRO,408,1038716,6,8629
6/11/2023,PA,Panama,AMRO,433,1039149,3,8632
6/18/2023,PA,Panama,AMRO,563,1039712,2,8634
6/25/2023,PA,Panama,AMRO,473,1040185,2,8636
7/2/2023,PA,Panama,AMRO,347,1040532,0,8636
7/9/2023,PA,Panama,AMRO,211,1040743,1,8637
7/16/2023,PA,Panama,AMRO,178,1040921,3,8640
7/23/2023,PA,Panama,AMRO,91,1041012,2,8642
7/30/2023,PA,Panama,AMRO,75,1041087,1,8643
8/6/2023,PA,Panama,AMRO,56,1041143,1,8644
8/13/2023,PA,Panama,AMRO,46,1041189,0,8644
8/20/2023,PA,Panama,AMRO,37,1041226,0,8644
8/27/2023,PA,Panama,AMRO,37,1041263,0,8644
9/3/2023,PA,Panama,AMRO,38,1041301,1,8645
9/10/2023,PA,Panama,AMRO,32,1041333,0,8645
9/17/2023,PA,Panama,AMRO,37,1041370,1,8646
9/24/2023,PA,Panama,AMRO,22,1041392,0,8646
10/1/2023,PA,Panama,AMRO,52,1041444,0,8646
10/8/2023,PA,Panama,AMRO,50,1041494,1,8647
10/15/2023,PA,Panama,AMRO,53,1041547,0,8647
10/22/2023,PA,Panama,AMRO,44,1041591,3,8650
10/29/2023,PA,Panama,AMRO,39,1041630,0,8650
11/5/2023,PA,Panama,AMRO,37,1041667,1,8651
11/12/2023,PA,Panama,AMRO,37,1041704,0,8651
11/19/2023,PA,Panama,AMRO,31,1041735,0,8651
11/26/2023,PA,Panama,AMRO,47,1041782,0,8651
12/3/2023,PA,Panama,AMRO,51,1041833,0,8651
12/10/2023,PA,Panama,AMRO,48,1041881,1,8652
12/17/2023,PA,Panama,AMRO,43,1041924,0,8652
12/24/2023,PA,Panama,AMRO,0,1041924,0,8652
1/5/2020,PG,Papua New Guinea,WPRO,0,0,0,0
1/12/2020,PG,Papua New Guinea,WPRO,0,0,0,0
1/19/2020,PG,Papua New Guinea,WPRO,0,0,0,0
1/26/2020,PG,Papua New Guinea,WPRO,0,0,0,0
2/2/2020,PG,Papua New Guinea,WPRO,0,0,0,0
2/9/2020,PG,Papua New Guinea,WPRO,0,0,0,0
2/16/2020,PG,Papua New Guinea,WPRO,0,0,0,0
2/23/2020,PG,Papua New Guinea,WPRO,0,0,0,0
3/1/2020,PG,Papua New Guinea,WPRO,0,0,0,0
3/8/2020,PG,Papua New Guinea,WPRO,0,0,0,0
3/15/2020,PG,Papua New Guinea,WPRO,0,0,0,0
3/22/2020,PG,Papua New Guinea,WPRO,1,1,0,0
3/29/2020,PG,Papua New Guinea,WPRO,0,1,0,0
4/5/2020,PG,Papua New Guinea,WPRO,0,1,0,0
4/12/2020,PG,Papua New Guinea,WPRO,1,2,0,0
4/19/2020,PG,Papua New Guinea,WPRO,5,7,0,0
4/26/2020,PG,Papua New Guinea,WPRO,1,8,0,0
5/3/2020,PG,Papua New Guinea,WPRO,0,8,0,0
5/10/2020,PG,Papua New Guinea,WPRO,0,8,0,0
5/17/2020,PG,Papua New Guinea,WPRO,0,8,0,0
5/24/2020,PG,Papua New Guinea,WPRO,0,8,0,0
5/31/2020,PG,Papua New Guinea,WPRO,0,8,0,0
6/7/2020,PG,Papua New Guinea,WPRO,0,8,0,0
6/14/2020,PG,Papua New Guinea,WPRO,0,8,0,0
6/21/2020,PG,Papua New Guinea,WPRO,1,9,0,0
6/28/2020,PG,Papua New Guinea,WPRO,2,11,0,0
7/5/2020,PG,Papua New Guinea,WPRO,0,11,0,0
7/12/2020,PG,Papua New Guinea,WPRO,0,11,0,0
7/19/2020,PG,Papua New Guinea,WPRO,4,15,0,0
7/26/2020,PG,Papua New Guinea,WPRO,24,39,0,0
8/2/2020,PG,Papua New Guinea,WPRO,52,91,2,2
8/9/2020,PG,Papua New Guinea,WPRO,97,188,1,3
8/16/2020,PG,Papua New Guinea,WPRO,87,275,0,3
8/23/2020,PG,Papua New Guinea,WPRO,86,361,1,4
8/30/2020,PG,Papua New Guinea,WPRO,98,459,1,5
9/6/2020,PG,Papua New Guinea,WPRO,29,488,0,5
9/13/2020,PG,Papua New Guinea,WPRO,20,508,0,5
9/20/2020,PG,Papua New Guinea,WPRO,8,516,1,6
9/27/2020,PG,Papua New Guinea,WPRO,16,532,1,7
10/4/2020,PG,Papua New Guinea,WPRO,8,540,0,7
10/11/2020,PG,Papua New Guinea,WPRO,10,550,0,7
10/18/2020,PG,Papua New Guinea,WPRO,31,581,0,7
10/25/2020,PG,Papua New Guinea,WPRO,2,583,0,7
11/1/2020,PG,Papua New Guinea,WPRO,6,589,0,7
11/8/2020,PG,Papua New Guinea,WPRO,8,597,0,7
11/15/2020,PG,Papua New Guinea,WPRO,3,600,0,7
11/22/2020,PG,Papua New Guinea,WPRO,4,604,0,7
11/29/2020,PG,Papua New Guinea,WPRO,41,645,0,7
12/6/2020,PG,Papua New Guinea,WPRO,26,671,0,7
12/13/2020,PG,Papua New Guinea,WPRO,49,720,1,8
12/20/2020,PG,Papua New Guinea,WPRO,40,760,0,8
12/27/2020,PG,Papua New Guinea,WPRO,20,780,1,9
1/3/2021,PG,Papua New Guinea,WPRO,19,799,0,9
1/10/2021,PG,Papua New Guinea,WPRO,12,811,0,9
1/17/2021,PG,Papua New Guinea,WPRO,23,834,0,9
1/24/2021,PG,Papua New Guinea,WPRO,15,849,0,9
1/31/2021,PG,Papua New Guinea,WPRO,18,867,0,9
2/7/2021,PG,Papua New Guinea,WPRO,28,895,0,9
2/14/2021,PG,Papua New Guinea,WPRO,27,922,0,9
2/21/2021,PG,Papua New Guinea,WPRO,134,1056,0,9
2/28/2021,PG,Papua New Guinea,WPRO,260,1316,0,9
3/7/2021,PG,Papua New Guinea,WPRO,354,1670,0,9
3/14/2021,PG,Papua New Guinea,WPRO,599,2269,0,9
3/21/2021,PG,Papua New Guinea,WPRO,1305,3574,0,9
3/28/2021,PG,Papua New Guinea,WPRO,1775,5349,0,9
4/4/2021,PG,Papua New Guinea,WPRO,1689,7038,0,9
4/11/2021,PG,Papua New Guinea,WPRO,1564,8602,0,9
4/18/2021,PG,Papua New Guinea,WPRO,1197,9799,0,9
4/25/2021,PG,Papua New Guinea,WPRO,1036,10835,0,9
5/2/2021,PG,Papua New Guinea,WPRO,438,11273,96,105
5/9/2021,PG,Papua New Guinea,WPRO,1220,12493,16,121
5/16/2021,PG,Papua New Guinea,WPRO,1713,14206,0,121
5/23/2021,PG,Papua New Guinea,WPRO,1016,15222,15,136
5/30/2021,PG,Papua New Guinea,WPRO,688,15910,26,162
6/6/2021,PG,Papua New Guinea,WPRO,481,16391,2,164
6/13/2021,PG,Papua New Guinea,WPRO,337,16728,1,165
6/20/2021,PG,Papua New Guinea,WPRO,310,17038,8,173
6/27/2021,PG,Papua New Guinea,WPRO,152,17190,1,174
7/4/2021,PG,Papua New Guinea,WPRO,64,17254,0,174
7/11/2021,PG,Papua New Guinea,WPRO,80,17334,5,179
7/18/2021,PG,Papua New Guinea,WPRO,130,17464,8,187
7/25/2021,PG,Papua New Guinea,WPRO,173,17637,5,192
8/1/2021,PG,Papua New Guinea,WPRO,138,17775,0,192
8/8/2021,PG,Papua New Guinea,WPRO,31,17806,0,192
8/15/2021,PG,Papua New Guinea,WPRO,26,17832,0,192
8/22/2021,PG,Papua New Guinea,WPRO,94,17926,0,192
8/29/2021,PG,Papua New Guinea,WPRO,86,18012,0,192
9/5/2021,PG,Papua New Guinea,WPRO,253,18265,0,192
9/12/2021,PG,Papua New Guinea,WPRO,147,18412,4,196
9/19/2021,PG,Papua New Guinea,WPRO,521,18933,13,209
9/26/2021,PG,Papua New Guinea,WPRO,590,19523,17,226
10/3/2021,PG,Papua New Guinea,WPRO,1509,21032,8,234
10/10/2021,PG,Papua New Guinea,WPRO,2117,23149,11,245
10/17/2021,PG,Papua New Guinea,WPRO,1708,24857,64,309
10/24/2021,PG,Papua New Guinea,WPRO,3038,27895,26,335
10/31/2021,PG,Papua New Guinea,WPRO,1918,29813,35,370
11/7/2021,PG,Papua New Guinea,WPRO,2080,31893,43,413
11/14/2021,PG,Papua New Guinea,WPRO,1061,32954,23,436
11/21/2021,PG,Papua New Guinea,WPRO,1518,34472,93,529
11/28/2021,PG,Papua New Guinea,WPRO,618,35090,16,545
12/5/2021,PG,Papua New Guinea,WPRO,481,35571,5,550
12/12/2021,PG,Papua New Guinea,WPRO,366,35937,36,586
12/19/2021,PG,Papua New Guinea,WPRO,69,36006,3,589
12/26/2021,PG,Papua New Guinea,WPRO,124,36130,1,590
1/2/2022,PG,Papua New Guinea,WPRO,62,36192,0,590
1/9/2022,PG,Papua New Guinea,WPRO,215,36407,1,591
1/16/2022,PG,Papua New Guinea,WPRO,39,36446,5,596
1/23/2022,PG,Papua New Guinea,WPRO,102,36548,1,597
1/30/2022,PG,Papua New Guinea,WPRO,597,37145,0,597
2/6/2022,PG,Papua New Guinea,WPRO,587,37732,0,597
2/13/2022,PG,Papua New Guinea,WPRO,939,38671,13,610
2/20/2022,PG,Papua New Guinea,WPRO,1433,40104,26,636
2/27/2022,PG,Papua New Guinea,WPRO,1186,41290,2,638
3/6/2022,PG,Papua New Guinea,WPRO,364,41654,1,639
3/13/2022,PG,Papua New Guinea,WPRO,565,42219,0,639
3/20/2022,PG,Papua New Guinea,WPRO,627,42846,0,639
3/27/2022,PG,Papua New Guinea,WPRO,433,43279,1,640
4/3/2022,PG,Papua New Guinea,WPRO,109,43388,3,643
4/10/2022,PG,Papua New Guinea,WPRO,138,43526,0,643
4/17/2022,PG,Papua New Guinea,WPRO,137,43663,6,649
4/24/2022,PG,Papua New Guinea,WPRO,137,43800,0,649
5/1/2022,PG,Papua New Guinea,WPRO,17,43817,1,650
5/8/2022,PG,Papua New Guinea,WPRO,22,43839,1,651
5/15/2022,PG,Papua New Guinea,WPRO,342,44181,0,651
5/22/2022,PG,Papua New Guinea,WPRO,222,44403,0,651
5/29/2022,PG,Papua New Guinea,WPRO,45,44448,0,651
6/5/2022,PG,Papua New Guinea,WPRO,190,44638,0,651
6/12/2022,PG,Papua New Guinea,WPRO,24,44662,7,658
6/19/2022,PG,Papua New Guinea,WPRO,29,44691,0,658
6/26/2022,PG,Papua New Guinea,WPRO,18,44709,4,662
7/3/2022,PG,Papua New Guinea,WPRO,19,44728,0,662
7/10/2022,PG,Papua New Guinea,WPRO,23,44751,0,662
7/17/2022,PG,Papua New Guinea,WPRO,10,44761,0,662
7/24/2022,PG,Papua New Guinea,WPRO,11,44772,0,662
7/31/2022,PG,Papua New Guinea,WPRO,17,44789,1,663
8/7/2022,PG,Papua New Guinea,WPRO,11,44800,0,663
8/14/2022,PG,Papua New Guinea,WPRO,20,44820,0,663
8/21/2022,PG,Papua New Guinea,WPRO,28,44848,1,664
8/28/2022,PG,Papua New Guinea,WPRO,29,44877,0,664
9/4/2022,PG,Papua New Guinea,WPRO,15,44892,0,664
9/11/2022,PG,Papua New Guinea,WPRO,20,44912,0,664
9/18/2022,PG,Papua New Guinea,WPRO,25,44937,0,664
9/25/2022,PG,Papua New Guinea,WPRO,44,44981,0,664
10/2/2022,PG,Papua New Guinea,WPRO,53,45034,4,668
10/9/2022,PG,Papua New Guinea,WPRO,99,45133,0,668
10/16/2022,PG,Papua New Guinea,WPRO,119,45252,0,668
10/23/2022,PG,Papua New Guinea,WPRO,110,45362,0,668
10/30/2022,PG,Papua New Guinea,WPRO,103,45465,0,668
11/6/2022,PG,Papua New Guinea,WPRO,164,45629,0,668
11/13/2022,PG,Papua New Guinea,WPRO,182,45811,0,668
11/20/2022,PG,Papua New Guinea,WPRO,106,45917,0,668
11/27/2022,PG,Papua New Guinea,WPRO,151,46068,0,668
12/4/2022,PG,Papua New Guinea,WPRO,216,46284,0,668
12/11/2022,PG,Papua New Guinea,WPRO,192,46476,1,669
12/18/2022,PG,Papua New Guinea,WPRO,168,46644,0,669
12/25/2022,PG,Papua New Guinea,WPRO,48,46692,0,669
1/1/2023,PG,Papua New Guinea,WPRO,22,46714,0,669
1/8/2023,PG,Papua New Guinea,WPRO,17,46731,1,670
1/15/2023,PG,Papua New Guinea,WPRO,9,46740,0,670
1/22/2023,PG,Papua New Guinea,WPRO,6,46746,0,670
1/29/2023,PG,Papua New Guinea,WPRO,6,46752,0,670
2/5/2023,PG,Papua New Guinea,WPRO,23,46775,0,670
2/12/2023,PG,Papua New Guinea,WPRO,17,46792,0,670
2/19/2023,PG,Papua New Guinea,WPRO,0,46792,0,670
2/26/2023,PG,Papua New Guinea,WPRO,32,46824,0,670
3/5/2023,PG,Papua New Guinea,WPRO,1,46825,0,670
3/12/2023,PG,Papua New Guinea,WPRO,1,46826,0,670
3/19/2023,PG,Papua New Guinea,WPRO,3,46829,0,670
3/26/2023,PG,Papua New Guinea,WPRO,6,46835,0,670
4/2/2023,PG,Papua New Guinea,WPRO,2,46837,0,670
4/9/2023,PG,Papua New Guinea,WPRO,0,46837,0,670
4/16/2023,PG,Papua New Guinea,WPRO,1,46838,0,670
4/23/2023,PG,Papua New Guinea,WPRO,0,46838,0,670
4/30/2023,PG,Papua New Guinea,WPRO,5,46843,0,670
5/7/2023,PG,Papua New Guinea,WPRO,7,46850,0,670
5/14/2023,PG,Papua New Guinea,WPRO,14,46864,0,670
5/21/2023,PG,Papua New Guinea,WPRO,0,46864,0,670
5/28/2023,PG,Papua New Guinea,WPRO,0,46864,0,670
6/4/2023,PG,Papua New Guinea,WPRO,0,46864,0,670
6/11/2023,PG,Papua New Guinea,WPRO,0,46864,0,670
6/18/2023,PG,Papua New Guinea,WPRO,0,46864,0,670
6/25/2023,PG,Papua New Guinea,WPRO,0,46864,0,670
7/2/2023,PG,Papua New Guinea,WPRO,0,46864,0,670
7/9/2023,PG,Papua New Guinea,WPRO,0,46864,0,670
7/16/2023,PG,Papua New Guinea,WPRO,0,46864,0,670
7/23/2023,PG,Papua New Guinea,WPRO,0,46864,0,670
7/30/2023,PG,Papua New Guinea,WPRO,0,46864,0,670
8/6/2023,PG,Papua New Guinea,WPRO,0,46864,0,670
8/13/2023,PG,Papua New Guinea,WPRO,0,46864,-30,640
8/20/2023,PG,Papua New Guinea,WPRO,0,46864,30,670
8/27/2023,PG,Papua New Guinea,WPRO,0,46864,0,670
9/3/2023,PG,Papua New Guinea,WPRO,0,46864,0,670
9/10/2023,PG,Papua New Guinea,WPRO,0,46864,0,670
9/17/2023,PG,Papua New Guinea,WPRO,0,46864,0,670
9/24/2023,PG,Papua New Guinea,WPRO,0,46864,0,670
10/1/2023,PG,Papua New Guinea,WPRO,0,46864,0,670
10/8/2023,PG,Papua New Guinea,WPRO,0,46864,0,670
10/15/2023,PG,Papua New Guinea,WPRO,0,46864,0,670
10/22/2023,PG,Papua New Guinea,WPRO,0,46864,0,670
10/29/2023,PG,Papua New Guinea,WPRO,0,46864,0,670
11/5/2023,PG,Papua New Guinea,WPRO,0,46864,0,670
11/12/2023,PG,Papua New Guinea,WPRO,0,46864,0,670
11/19/2023,PG,Papua New Guinea,WPRO,0,46864,0,670
11/26/2023,PG,Papua New Guinea,WPRO,0,46864,0,670
12/3/2023,PG,Papua New Guinea,WPRO,0,46864,0,670
12/10/2023,PG,Papua New Guinea,WPRO,0,46864,0,670
12/17/2023,PG,Papua New Guinea,WPRO,0,46864,0,670
12/24/2023,PG,Papua New Guinea,WPRO,0,46864,0,670
1/5/2020,PY,Paraguay,AMRO,0,0,0,0
1/12/2020,PY,Paraguay,AMRO,0,0,0,0
1/19/2020,PY,Paraguay,AMRO,0,0,0,0
1/26/2020,PY,Paraguay,AMRO,0,0,0,0
2/2/2020,PY,Paraguay,AMRO,0,0,0,0
2/9/2020,PY,Paraguay,AMRO,0,0,0,0
2/16/2020,PY,Paraguay,AMRO,0,0,0,0
2/23/2020,PY,Paraguay,AMRO,0,0,0,0
3/1/2020,PY,Paraguay,AMRO,0,0,0,0
3/8/2020,PY,Paraguay,AMRO,0,0,0,0
3/15/2020,PY,Paraguay,AMRO,7,7,0,0
3/22/2020,PY,Paraguay,AMRO,11,18,1,1
3/29/2020,PY,Paraguay,AMRO,38,56,2,3
4/5/2020,PY,Paraguay,AMRO,40,96,0,3
4/12/2020,PY,Paraguay,AMRO,37,133,3,6
4/19/2020,PY,Paraguay,AMRO,69,202,2,8
4/26/2020,PY,Paraguay,AMRO,21,223,1,9
5/3/2020,PY,Paraguay,AMRO,110,333,1,10
5/10/2020,PY,Paraguay,AMRO,356,689,0,10
5/17/2020,PY,Paraguay,AMRO,89,778,1,11
5/24/2020,PY,Paraguay,AMRO,72,850,0,11
5/31/2020,PY,Paraguay,AMRO,114,964,0,11
6/7/2020,PY,Paraguay,AMRO,126,1090,0,11
6/14/2020,PY,Paraguay,AMRO,171,1261,0,11
6/21/2020,PY,Paraguay,AMRO,101,1362,2,13
6/28/2020,PY,Paraguay,AMRO,349,1711,0,13
7/5/2020,PY,Paraguay,AMRO,674,2385,7,20
7/12/2020,PY,Paraguay,AMRO,351,2736,0,20
7/19/2020,PY,Paraguay,AMRO,721,3457,8,28
7/26/2020,PY,Paraguay,AMRO,767,4224,10,38
8/2/2020,PY,Paraguay,AMRO,1114,5338,11,49
8/9/2020,PY,Paraguay,AMRO,1170,6508,20,69
8/16/2020,PY,Paraguay,AMRO,2514,9022,39,108
8/23/2020,PY,Paraguay,AMRO,3514,12536,74,182
8/30/2020,PY,Paraguay,AMRO,3338,15874,98,280
9/6/2020,PY,Paraguay,AMRO,4780,20654,118,398
9/13/2020,PY,Paraguay,AMRO,5858,26512,98,496
9/20/2020,PY,Paraguay,AMRO,5615,32127,115,611
9/27/2020,PY,Paraguay,AMRO,5099,37226,150,761
10/4/2020,PY,Paraguay,AMRO,5458,42684,129,890
10/11/2020,PY,Paraguay,AMRO,5591,48275,155,1045
10/18/2020,PY,Paraguay,AMRO,5207,53482,121,1166
10/25/2020,PY,Paraguay,AMRO,4777,58259,112,1278
11/1/2020,PY,Paraguay,AMRO,4337,62596,109,1387
11/8/2020,PY,Paraguay,AMRO,3885,66481,85,1472
11/15/2020,PY,Paraguay,AMRO,3911,70392,84,1556
11/22/2020,PY,Paraguay,AMRO,4666,75058,91,1647
11/29/2020,PY,Paraguay,AMRO,5378,80436,73,1720
12/6/2020,PY,Paraguay,AMRO,6063,86499,93,1813
12/13/2020,PY,Paraguay,AMRO,5614,92113,114,1927
12/20/2020,PY,Paraguay,AMRO,6183,98296,123,2050
12/27/2020,PY,Paraguay,AMRO,5592,103888,104,2154
1/3/2021,PY,Paraguay,AMRO,4461,108349,108,2262
1/10/2021,PY,Paraguay,AMRO,5645,113994,110,2372
1/17/2021,PY,Paraguay,AMRO,6795,120789,107,2479
1/24/2021,PY,Paraguay,AMRO,5581,126370,106,2585
1/31/2021,PY,Paraguay,AMRO,5516,131886,108,2693
2/7/2021,PY,Paraguay,AMRO,5004,136890,98,2791
2/14/2021,PY,Paraguay,AMRO,5708,142598,113,2904
2/21/2021,PY,Paraguay,AMRO,7086,149684,122,3026
2/28/2021,PY,Paraguay,AMRO,7919,157603,126,3152
3/7/2021,PY,Paraguay,AMRO,8208,165811,126,3278
3/14/2021,PY,Paraguay,AMRO,11782,177593,158,3436
3/21/2021,PY,Paraguay,AMRO,12906,190499,226,3662
3/28/2021,PY,Paraguay,AMRO,14205,204704,296,3958
4/4/2021,PY,Paraguay,AMRO,13182,217886,336,4294
4/11/2021,PY,Paraguay,AMRO,14256,232142,404,4698
4/18/2021,PY,Paraguay,AMRO,14664,246806,479,5177
4/25/2021,PY,Paraguay,AMRO,16328,263134,538,5715
5/2/2021,PY,Paraguay,AMRO,15943,279077,670,6385
5/9/2021,PY,Paraguay,AMRO,15156,294233,589,6974
5/16/2021,PY,Paraguay,AMRO,15405,309638,508,7482
5/23/2021,PY,Paraguay,AMRO,17591,327229,633,8115
5/30/2021,PY,Paraguay,AMRO,20955,348184,777,8892
6/6/2021,PY,Paraguay,AMRO,19999,368183,717,9609
6/13/2021,PY,Paraguay,AMRO,19504,387687,952,10561
6/20/2021,PY,Paraguay,AMRO,15705,403392,850,11411
6/27/2021,PY,Paraguay,AMRO,11928,415320,804,12215
7/4/2021,PY,Paraguay,AMRO,10998,426318,912,13127
7/11/2021,PY,Paraguay,AMRO,9204,435522,679,13806
7/18/2021,PY,Paraguay,AMRO,7856,443378,372,14178
7/25/2021,PY,Paraguay,AMRO,5130,448508,372,14550
8/1/2021,PY,Paraguay,AMRO,3577,452085,379,14929
8/8/2021,PY,Paraguay,AMRO,2457,454542,309,15238
8/15/2021,PY,Paraguay,AMRO,1942,456484,164,15402
8/22/2021,PY,Paraguay,AMRO,988,457472,126,15528
8/29/2021,PY,Paraguay,AMRO,757,458229,157,15685
9/5/2021,PY,Paraguay,AMRO,570,458799,179,15864
9/12/2021,PY,Paraguay,AMRO,408,459207,169,16033
9/19/2021,PY,Paraguay,AMRO,373,459580,90,16123
9/26/2021,PY,Paraguay,AMRO,199,459779,19,16142
10/3/2021,PY,Paraguay,AMRO,218,459997,58,16200
10/10/2021,PY,Paraguay,AMRO,174,460171,6,16206
10/17/2021,PY,Paraguay,AMRO,151,460322,3,16209
10/24/2021,PY,Paraguay,AMRO,357,460679,20,16229
10/31/2021,PY,Paraguay,AMRO,295,460974,16,16245
11/7/2021,PY,Paraguay,AMRO,301,461275,13,16258
11/14/2021,PY,Paraguay,AMRO,590,461865,76,16334
11/21/2021,PY,Paraguay,AMRO,333,462198,20,16354
11/28/2021,PY,Paraguay,AMRO,407,462605,13,16367
12/5/2021,PY,Paraguay,AMRO,655,463260,109,16476
12/12/2021,PY,Paraguay,AMRO,390,463650,24,16500
12/19/2021,PY,Paraguay,AMRO,876,464526,68,16568
12/26/2021,PY,Paraguay,AMRO,604,465130,30,16598
1/2/2022,PY,Paraguay,AMRO,2895,468025,31,16629
1/9/2022,PY,Paraguay,AMRO,6312,474337,33,16662
1/16/2022,PY,Paraguay,AMRO,19697,494034,58,16720
1/23/2022,PY,Paraguay,AMRO,34644,528678,215,16935
1/30/2022,PY,Paraguay,AMRO,36690,565368,277,17212
2/6/2022,PY,Paraguay,AMRO,36448,601816,303,17515
2/13/2022,PY,Paraguay,AMRO,18892,620708,329,17844
2/20/2022,PY,Paraguay,AMRO,13025,633733,303,18147
2/27/2022,PY,Paraguay,AMRO,6080,639813,186,18333
3/6/2022,PY,Paraguay,AMRO,3529,643342,121,18454
3/13/2022,PY,Paraguay,AMRO,2313,645655,68,18522
3/20/2022,PY,Paraguay,AMRO,1188,646843,49,18571
3/27/2022,PY,Paraguay,AMRO,919,647762,41,18612
4/3/2022,PY,Paraguay,AMRO,591,648353,119,18731
4/10/2022,PY,Paraguay,AMRO,93,648446,3,18734
4/17/2022,PY,Paraguay,AMRO,236,648682,52,18786
4/24/2022,PY,Paraguay,AMRO,352,649034,9,18795
5/1/2022,PY,Paraguay,AMRO,421,649455,75,18870
5/8/2022,PY,Paraguay,AMRO,263,649718,2,18872
5/15/2022,PY,Paraguay,AMRO,211,649929,9,18881
5/22/2022,PY,Paraguay,AMRO,354,650283,4,18885
5/29/2022,PY,Paraguay,AMRO,378,650661,9,18894
6/5/2022,PY,Paraguay,AMRO,607,651268,17,18911
6/12/2022,PY,Paraguay,AMRO,776,652044,21,18932
6/19/2022,PY,Paraguay,AMRO,1384,653428,15,18947
6/26/2022,PY,Paraguay,AMRO,2104,655532,16,18963
7/3/2022,PY,Paraguay,AMRO,5309,660841,31,18994
7/10/2022,PY,Paraguay,AMRO,12988,673829,42,19036
7/17/2022,PY,Paraguay,AMRO,14991,688820,47,19083
7/24/2022,PY,Paraguay,AMRO,12240,701060,64,19147
7/31/2022,PY,Paraguay,AMRO,6049,707109,73,19220
8/7/2022,PY,Paraguay,AMRO,3781,710890,69,19289
8/14/2022,PY,Paraguay,AMRO,2017,712907,68,19357
8/21/2022,PY,Paraguay,AMRO,1433,714340,91,19448
8/28/2022,PY,Paraguay,AMRO,822,715162,30,19478
9/4/2022,PY,Paraguay,AMRO,407,715569,16,19494
9/11/2022,PY,Paraguay,AMRO,237,715806,36,19530
9/18/2022,PY,Paraguay,AMRO,203,716009,34,19564
9/25/2022,PY,Paraguay,AMRO,50,716059,19,19583
10/2/2022,PY,Paraguay,AMRO,484,716543,8,19591
10/9/2022,PY,Paraguay,AMRO,496,717039,4,19595
10/16/2022,PY,Paraguay,AMRO,221,717260,1,19596
10/23/2022,PY,Paraguay,AMRO,368,717628,2,19598
10/30/2022,PY,Paraguay,AMRO,327,717955,3,19601
11/6/2022,PY,Paraguay,AMRO,25,717980,5,19606
11/13/2022,PY,Paraguay,AMRO,69,718049,2,19608
11/20/2022,PY,Paraguay,AMRO,22,718071,3,19611
11/27/2022,PY,Paraguay,AMRO,93,718164,10,19621
12/4/2022,PY,Paraguay,AMRO,338,718502,9,19630
12/11/2022,PY,Paraguay,AMRO,724,719226,16,19646
12/18/2022,PY,Paraguay,AMRO,978,720204,9,19655
12/25/2022,PY,Paraguay,AMRO,1889,722093,11,19666
1/1/2023,PY,Paraguay,AMRO,3272,725365,22,19688
1/8/2023,PY,Paraguay,AMRO,3240,728605,28,19716
1/15/2023,PY,Paraguay,AMRO,779,729384,30,19746
1/22/2023,PY,Paraguay,AMRO,4045,733429,32,19778
1/29/2023,PY,Paraguay,AMRO,478,733907,42,19820
2/5/2023,PY,Paraguay,AMRO,269,734176,10,19830
2/12/2023,PY,Paraguay,AMRO,68,734244,13,19843
2/19/2023,PY,Paraguay,AMRO,596,734840,6,19849
2/26/2023,PY,Paraguay,AMRO,824,735664,21,19870
3/5/2023,PY,Paraguay,AMRO,45,735709,8,19878
3/12/2023,PY,Paraguay,AMRO,50,735759,2,19880
3/19/2023,PY,Paraguay,AMRO,0,735759,0,19880
3/26/2023,PY,Paraguay,AMRO,0,735759,0,19880
4/2/2023,PY,Paraguay,AMRO,0,735759,0,19880
4/9/2023,PY,Paraguay,AMRO,0,735759,0,19880
4/16/2023,PY,Paraguay,AMRO,0,735759,0,19880
4/23/2023,PY,Paraguay,AMRO,0,735759,0,19880
4/30/2023,PY,Paraguay,AMRO,0,735759,0,19880
5/7/2023,PY,Paraguay,AMRO,0,735759,0,19880
5/14/2023,PY,Paraguay,AMRO,0,735759,0,19880
5/21/2023,PY,Paraguay,AMRO,0,735759,0,19880
5/28/2023,PY,Paraguay,AMRO,14,735773,2,19882
6/4/2023,PY,Paraguay,AMRO,8,735781,2,19884
6/11/2023,PY,Paraguay,AMRO,9,735790,2,19886
6/18/2023,PY,Paraguay,AMRO,4,735794,2,19888
6/25/2023,PY,Paraguay,AMRO,4,735798,2,19890
7/2/2023,PY,Paraguay,AMRO,5,735803,0,19890
7/9/2023,PY,Paraguay,AMRO,6,735809,1,19891
7/16/2023,PY,Paraguay,AMRO,8,735817,0,19891
7/23/2023,PY,Paraguay,AMRO,10,735827,2,19893
7/30/2023,PY,Paraguay,AMRO,11,735838,1,19894
8/6/2023,PY,Paraguay,AMRO,16,735854,2,19896
8/13/2023,PY,Paraguay,AMRO,7,735861,3,19899
8/20/2023,PY,Paraguay,AMRO,19,735880,0,19899
8/27/2023,PY,Paraguay,AMRO,22,735902,3,19902
9/3/2023,PY,Paraguay,AMRO,14,735916,2,19904
9/10/2023,PY,Paraguay,AMRO,19,735935,3,19907
9/17/2023,PY,Paraguay,AMRO,16,735951,4,19911
9/24/2023,PY,Paraguay,AMRO,21,735972,1,19912
10/1/2023,PY,Paraguay,AMRO,14,735986,3,19915
10/8/2023,PY,Paraguay,AMRO,19,736005,2,19917
10/15/2023,PY,Paraguay,AMRO,26,736031,6,19923
10/22/2023,PY,Paraguay,AMRO,19,736050,1,19924
10/29/2023,PY,Paraguay,AMRO,24,736074,5,19929
11/5/2023,PY,Paraguay,AMRO,18,736092,1,19930
11/12/2023,PY,Paraguay,AMRO,15,736107,1,19931
11/19/2023,PY,Paraguay,AMRO,15,736122,1,19932
11/26/2023,PY,Paraguay,AMRO,21,736143,0,19932
12/3/2023,PY,Paraguay,AMRO,16,736159,7,19939
12/10/2023,PY,Paraguay,AMRO,7,736166,3,19942
12/17/2023,PY,Paraguay,AMRO,0,736166,0,19942
12/24/2023,PY,Paraguay,AMRO,0,736166,0,19942
1/5/2020,PE,Peru,AMRO,0,0,0,0
1/12/2020,PE,Peru,AMRO,0,0,0,0
1/19/2020,PE,Peru,AMRO,0,0,0,0
1/26/2020,PE,Peru,AMRO,0,0,0,0
2/2/2020,PE,Peru,AMRO,0,0,0,0
2/9/2020,PE,Peru,AMRO,0,0,0,0
2/16/2020,PE,Peru,AMRO,0,0,0,0
2/23/2020,PE,Peru,AMRO,0,0,0,0
3/1/2020,PE,Peru,AMRO,0,0,0,0
3/8/2020,PE,Peru,AMRO,9,9,1,1
3/15/2020,PE,Peru,AMRO,38,47,2,3
3/22/2020,PE,Peru,AMRO,271,318,23,26
3/29/2020,PE,Peru,AMRO,317,635,45,71
4/5/2020,PE,Peru,AMRO,960,1595,138,209
4/12/2020,PE,Peru,AMRO,4302,5897,441,650
4/19/2020,PE,Peru,AMRO,7592,13489,840,1490
4/26/2020,PE,Peru,AMRO,8159,21648,1420,2910
5/3/2020,PE,Peru,AMRO,18811,40459,2271,5181
5/10/2020,PE,Peru,AMRO,21388,61847,3082,8263
5/17/2020,PE,Peru,AMRO,22648,84495,3561,11824
5/24/2020,PE,Peru,AMRO,27203,111698,3759,15583
5/31/2020,PE,Peru,AMRO,36587,148285,3900,19483
6/7/2020,PE,Peru,AMRO,39115,187400,4168,23651
6/14/2020,PE,Peru,AMRO,33349,220749,4205,27856
6/21/2020,PE,Peru,AMRO,27176,247925,4164,32020
6/28/2020,PE,Peru,AMRO,24439,272364,3892,35912
7/5/2020,PE,Peru,AMRO,23235,295599,3725,39637
7/12/2020,PE,Peru,AMRO,24047,319646,3870,43507
7/19/2020,PE,Peru,AMRO,25891,345537,4136,47643
7/26/2020,PE,Peru,AMRO,30424,375961,4259,51902
8/2/2020,PE,Peru,AMRO,38774,414735,4286,56188
8/9/2020,PE,Peru,AMRO,49140,463875,4439,60627
8/16/2020,PE,Peru,AMRO,52421,516296,4409,65036
8/23/2020,PE,Peru,AMRO,59771,576067,4000,69036
8/30/2020,PE,Peru,AMRO,53894,629961,3537,72573
9/6/2020,PE,Peru,AMRO,46887,676848,2865,75438
9/13/2020,PE,Peru,AMRO,39822,716670,2361,77799
9/20/2020,PE,Peru,AMRO,39742,756412,1946,79745
9/27/2020,PE,Peru,AMRO,38172,794584,1675,81420
10/4/2020,PE,Peru,AMRO,26980,821564,1335,82755
10/11/2020,PE,Peru,AMRO,21791,843355,1190,83945
10/18/2020,PE,Peru,AMRO,19062,862417,1014,84959
10/25/2020,PE,Peru,AMRO,20699,883116,917,85876
11/1/2020,PE,Peru,AMRO,17064,900180,777,86653
11/8/2020,PE,Peru,AMRO,17323,917503,761,87414
11/15/2020,PE,Peru,AMRO,15147,932650,705,88119
11/22/2020,PE,Peru,AMRO,13437,946087,664,88783
11/29/2020,PE,Peru,AMRO,12237,958324,691,89474
12/6/2020,PE,Peru,AMRO,12536,970860,669,90143
12/13/2020,PE,Peru,AMRO,10083,980943,703,90846
12/20/2020,PE,Peru,AMRO,12817,993760,811,91657
12/27/2020,PE,Peru,AMRO,11786,1005546,866,92523
1/3/2021,PE,Peru,AMRO,11653,1017199,1005,93528
1/10/2021,PE,Peru,AMRO,12272,1029471,1295,94823
1/17/2021,PE,Peru,AMRO,26552,1056023,1798,96621
1/24/2021,PE,Peru,AMRO,32073,1088096,2654,99275
1/31/2021,PE,Peru,AMRO,37779,1125875,3584,102859
2/7/2021,PE,Peru,AMRO,47170,1173045,4093,106952
2/14/2021,PE,Peru,AMRO,47703,1220748,4578,111530
2/21/2021,PE,Peru,AMRO,48775,1269523,4912,116442
2/28/2021,PE,Peru,AMRO,46840,1316363,4818,121260
3/7/2021,PE,Peru,AMRO,41931,1358294,4832,126092
3/14/2021,PE,Peru,AMRO,44316,1402610,4522,130614
3/21/2021,PE,Peru,AMRO,49035,1451645,4627,135241
3/28/2021,PE,Peru,AMRO,60739,1512384,4724,139965
4/4/2021,PE,Peru,AMRO,55961,1568345,5142,145107
4/11/2021,PE,Peru,AMRO,60174,1628519,5341,150448
4/18/2021,PE,Peru,AMRO,60532,1689051,5634,156082
4/25/2021,PE,Peru,AMRO,56604,1745655,5727,161809
5/2/2021,PE,Peru,AMRO,53790,1799445,5363,167172
5/9/2021,PE,Peru,AMRO,40020,1839465,4869,172041
5/16/2021,PE,Peru,AMRO,39584,1879049,4243,176284
5/23/2021,PE,Peru,AMRO,36517,1915566,3628,179912
5/30/2021,PE,Peru,AMRO,31989,1947555,3131,183043
6/6/2021,PE,Peru,AMRO,28611,1976166,2770,185813
6/13/2021,PE,Peru,AMRO,21890,1998056,2287,188100
6/20/2021,PE,Peru,AMRO,25123,2023179,1833,189933
6/27/2021,PE,Peru,AMRO,20083,2043262,1514,191447
7/4/2021,PE,Peru,AMRO,17082,2060344,1455,192902
7/11/2021,PE,Peru,AMRO,13842,2074186,1007,193909
7/18/2021,PE,Peru,AMRO,15989,2090175,1026,194935
7/25/2021,PE,Peru,AMRO,10964,2101139,761,195696
8/1/2021,PE,Peru,AMRO,8155,2109294,595,196291
8/8/2021,PE,Peru,AMRO,13263,2122557,527,196818
8/15/2021,PE,Peru,AMRO,8780,2131337,461,197279
8/22/2021,PE,Peru,AMRO,8725,2140062,473,197752
8/29/2021,PE,Peru,AMRO,7223,2147285,363,198115
9/5/2021,PE,Peru,AMRO,5807,2153092,305,198420
9/12/2021,PE,Peru,AMRO,6214,2159306,253,198673
9/19/2021,PE,Peru,AMRO,6227,2165533,275,198948
9/26/2021,PE,Peru,AMRO,5841,2171374,234,199182
10/3/2021,PE,Peru,AMRO,5909,2177283,241,199423
10/10/2021,PE,Peru,AMRO,5742,2183025,192,199615
10/17/2021,PE,Peru,AMRO,5326,2188351,177,199792
10/24/2021,PE,Peru,AMRO,5781,2194132,211,200003
10/31/2021,PE,Peru,AMRO,5744,2199876,194,200197
11/7/2021,PE,Peru,AMRO,5610,2205486,176,200373
11/14/2021,PE,Peru,AMRO,7028,2212514,200,200573
11/21/2021,PE,Peru,AMRO,8640,2221154,228,200801
11/28/2021,PE,Peru,AMRO,10021,2231175,225,201026
12/5/2021,PE,Peru,AMRO,11471,2242646,334,201360
12/12/2021,PE,Peru,AMRO,8381,2251027,290,201650
12/19/2021,PE,Peru,AMRO,10856,2261883,470,202120
12/26/2021,PE,Peru,AMRO,11002,2272885,334,202454
1/2/2022,PE,Peru,AMRO,23946,2296831,236,202690
1/9/2022,PE,Peru,AMRO,45719,2342550,291,202981
1/16/2022,PE,Peru,AMRO,170239,2512789,321,203302
1/23/2022,PE,Peru,AMRO,326730,2839519,692,203994
1/30/2022,PE,Peru,AMRO,321213,3160732,1118,205112
2/6/2022,PE,Peru,AMRO,170558,3331290,1534,206646
2/13/2022,PE,Peru,AMRO,93604,3424894,1319,207965
2/20/2022,PE,Peru,AMRO,56858,3481752,1145,209110
2/27/2022,PE,Peru,AMRO,26890,3508642,1119,210229
3/6/2022,PE,Peru,AMRO,15862,3524504,766,210995
3/13/2022,PE,Peru,AMRO,10183,3534687,428,211423
3/20/2022,PE,Peru,AMRO,5421,3540108,328,211751
3/27/2022,PE,Peru,AMRO,4230,3544338,299,212050
4/3/2022,PE,Peru,AMRO,3268,3547606,206,212256
4/10/2022,PE,Peru,AMRO,3185,3550791,182,212438
4/17/2022,PE,Peru,AMRO,3878,3554669,158,212596
4/24/2022,PE,Peru,AMRO,4674,3559343,128,212724
5/1/2022,PE,Peru,AMRO,5215,3564558,86,212810
5/8/2022,PE,Peru,AMRO,4468,3569026,103,212913
5/15/2022,PE,Peru,AMRO,2490,3571516,100,213013
5/22/2022,PE,Peru,AMRO,3360,3574876,73,213086
5/29/2022,PE,Peru,AMRO,3488,3578364,69,213155
6/5/2022,PE,Peru,AMRO,5039,3583403,73,213228
6/12/2022,PE,Peru,AMRO,5294,3588697,80,213308
6/19/2022,PE,Peru,AMRO,7680,3596377,66,213374
6/26/2022,PE,Peru,AMRO,14746,3611123,69,213443
7/3/2022,PE,Peru,AMRO,18673,3629796,83,213526
7/10/2022,PE,Peru,AMRO,32889,3662685,126,213652
7/17/2022,PE,Peru,AMRO,67194,3729879,117,213769
7/24/2022,PE,Peru,AMRO,86925,3816804,184,213953
7/31/2022,PE,Peru,AMRO,78692,3895496,242,214195
8/7/2022,PE,Peru,AMRO,55999,3951495,351,214546
8/14/2022,PE,Peru,AMRO,62336,4013831,344,214890
8/21/2022,PE,Peru,AMRO,47526,4061357,378,215268
8/28/2022,PE,Peru,AMRO,33295,4094652,288,215556
9/4/2022,PE,Peru,AMRO,16393,4111045,234,215790
9/11/2022,PE,Peru,AMRO,12390,4123435,255,216045
9/18/2022,PE,Peru,AMRO,7702,4131137,219,216264
9/25/2022,PE,Peru,AMRO,8992,4140129,182,216446
10/2/2022,PE,Peru,AMRO,4287,4144416,129,216575
10/9/2022,PE,Peru,AMRO,4041,4148457,152,216727
10/16/2022,PE,Peru,AMRO,1664,4150121,128,216855
10/23/2022,PE,Peru,AMRO,1898,4152019,22,216877
10/30/2022,PE,Peru,AMRO,2317,4154336,65,216942
11/6/2022,PE,Peru,AMRO,5615,4159951,120,217062
11/13/2022,PE,Peru,AMRO,9800,4169751,110,217172
11/20/2022,PE,Peru,AMRO,14440,4184191,57,217229
11/27/2022,PE,Peru,AMRO,32877,4217068,110,217339
12/4/2022,PE,Peru,AMRO,61929,4278997,102,217441
12/11/2022,PE,Peru,AMRO,71516,4350513,183,217624
12/18/2022,PE,Peru,AMRO,55330,4405843,197,217821
12/25/2022,PE,Peru,AMRO,32935,4438778,186,218007
1/1/2023,PE,Peru,AMRO,15458,4454236,194,218201
1/8/2023,PE,Peru,AMRO,12095,4466331,155,218356
1/15/2023,PE,Peru,AMRO,7490,4473821,134,218490
1/22/2023,PE,Peru,AMRO,4134,4477955,116,218606
1/29/2023,PE,Peru,AMRO,2873,4480828,123,218729
2/5/2023,PE,Peru,AMRO,1482,4482310,356,219085
2/12/2023,PE,Peru,AMRO,1133,4483443,165,219250
2/19/2023,PE,Peru,AMRO,1088,4484531,68,219318
2/26/2023,PE,Peru,AMRO,751,4485282,77,219395
3/5/2023,PE,Peru,AMRO,1383,4486665,90,219485
3/12/2023,PE,Peru,AMRO,1291,4487956,77,219562
3/19/2023,PE,Peru,AMRO,1191,4489147,75,219637
3/26/2023,PE,Peru,AMRO,1649,4490796,72,219709
4/2/2023,PE,Peru,AMRO,2095,4492891,75,219784
4/9/2023,PE,Peru,AMRO,0,4492891,82,219866
4/16/2023,PE,Peru,AMRO,4005,4496896,125,219991
4/23/2023,PE,Peru,AMRO,2459,4499355,82,220073
4/30/2023,PE,Peru,AMRO,1775,4501130,49,220122
5/7/2023,PE,Peru,AMRO,2092,4503222,74,220196
5/14/2023,PE,Peru,AMRO,1998,4505220,320,220516
5/21/2023,PE,Peru,AMRO,0,4505220,0,220516
5/28/2023,PE,Peru,AMRO,1063,4506283,60,220576
6/4/2023,PE,Peru,AMRO,1122,4507405,77,220653
6/11/2023,PE,Peru,AMRO,1288,4508693,59,220712
6/18/2023,PE,Peru,AMRO,1541,4510234,75,220787
6/25/2023,PE,Peru,AMRO,1046,4511280,68,220855
7/2/2023,PE,Peru,AMRO,956,4512236,75,220930
7/9/2023,PE,Peru,AMRO,871,4513107,67,220997
7/16/2023,PE,Peru,AMRO,763,4513870,61,221058
7/23/2023,PE,Peru,AMRO,422,4514292,46,221104
7/30/2023,PE,Peru,AMRO,325,4514617,55,221159
8/6/2023,PE,Peru,AMRO,375,4514992,83,221242
8/13/2023,PE,Peru,AMRO,522,4515514,54,221296
8/20/2023,PE,Peru,AMRO,543,4516057,59,221355
8/27/2023,PE,Peru,AMRO,528,4516585,49,221404
9/3/2023,PE,Peru,AMRO,798,4517383,53,221457
9/10/2023,PE,Peru,AMRO,797,4518180,15,221472
9/17/2023,PE,Peru,AMRO,743,4518923,8,221480
9/24/2023,PE,Peru,AMRO,574,4519497,6,221486
10/1/2023,PE,Peru,AMRO,482,4519979,10,221496
10/8/2023,PE,Peru,AMRO,941,4520920,7,221503
10/15/2023,PE,Peru,AMRO,655,4521575,2,221505
10/22/2023,PE,Peru,AMRO,534,4522109,7,221512
10/29/2023,PE,Peru,AMRO,715,4522824,6,221518
11/5/2023,PE,Peru,AMRO,1008,4523832,8,221526
11/12/2023,PE,Peru,AMRO,1231,4525063,14,221540
11/19/2023,PE,Peru,AMRO,1507,4526570,4,221544
11/26/2023,PE,Peru,AMRO,1394,4527964,5,221549
12/3/2023,PE,Peru,AMRO,1197,4529161,8,221557
12/10/2023,PE,Peru,AMRO,1309,4530470,7,221564
12/17/2023,PE,Peru,AMRO,150,4530620,11,221575
12/24/2023,PE,Peru,AMRO,0,4530620,0,221575
1/5/2020,PH,Philippines,WPRO,0,0,0,0
1/12/2020,PH,Philippines,WPRO,0,0,0,0
1/19/2020,PH,Philippines,WPRO,0,0,0,0
1/26/2020,PH,Philippines,WPRO,0,0,0,0
2/2/2020,PH,Philippines,WPRO,1,1,1,1
2/9/2020,PH,Philippines,WPRO,2,3,0,1
2/16/2020,PH,Philippines,WPRO,0,3,0,1
2/23/2020,PH,Philippines,WPRO,0,3,0,1
3/1/2020,PH,Philippines,WPRO,0,3,0,1
3/8/2020,PH,Philippines,WPRO,3,6,0,1
3/15/2020,PH,Philippines,WPRO,105,111,10,11
3/22/2020,PH,Philippines,WPRO,196,307,14,25
3/29/2020,PH,Philippines,WPRO,768,1075,43,68
4/5/2020,PH,Philippines,WPRO,2019,3094,76,144
4/12/2020,PH,Philippines,WPRO,1334,4428,103,247
4/19/2020,PH,Philippines,WPRO,1659,6087,150,397
4/26/2020,PH,Philippines,WPRO,1207,7294,97,494
5/3/2020,PH,Philippines,WPRO,1634,8928,109,603
5/10/2020,PH,Philippines,WPRO,1682,10610,101,704
5/17/2020,PH,Philippines,WPRO,1695,12305,113,817
5/24/2020,PH,Philippines,WPRO,1472,13777,46,863
5/31/2020,PH,Philippines,WPRO,3447,17224,87,950
6/7/2020,PH,Philippines,WPRO,4116,21340,44,994
6/14/2020,PH,Philippines,WPRO,4051,25391,81,1075
6/21/2020,PH,Philippines,WPRO,4008,29399,75,1150
6/28/2020,PH,Philippines,WPRO,5403,34802,86,1236
7/5/2020,PH,Philippines,WPRO,7028,41830,54,1290
7/12/2020,PH,Philippines,WPRO,12305,54135,82,1372
7/19/2020,PH,Philippines,WPRO,11080,65215,401,1773
7/26/2020,PH,Philippines,WPRO,13123,78338,124,1897
8/2/2020,PH,Philippines,WPRO,19815,98153,142,2039
8/9/2020,PH,Philippines,WPRO,28651,126804,170,2209
8/16/2020,PH,Philippines,WPRO,31114,157918,391,2600
8/23/2020,PH,Philippines,WPRO,29305,187223,366,2966
8/30/2020,PH,Philippines,WPRO,25889,213112,453,3419
9/6/2020,PH,Philippines,WPRO,21414,234526,371,3790
9/13/2020,PH,Philippines,WPRO,23337,257863,502,4292
9/20/2020,PH,Philippines,WPRO,25568,283431,638,4930
9/27/2020,PH,Philippines,WPRO,17800,301231,354,5284
10/4/2020,PH,Philippines,WPRO,18076,319307,394,5678
10/11/2020,PH,Philippines,WPRO,17532,336839,560,6238
10/18/2020,PH,Philippines,WPRO,17414,354253,365,6603
10/25/2020,PH,Philippines,WPRO,13552,367805,331,6934
11/1/2020,PH,Philippines,WPRO,12912,380717,287,7221
11/8/2020,PH,Philippines,WPRO,13236,393953,264,7485
11/15/2020,PH,Philippines,WPRO,12355,406308,306,7791
11/22/2020,PH,Philippines,WPRO,10542,416850,289,8080
11/29/2020,PH,Philippines,WPRO,10940,427790,253,8333
12/6/2020,PH,Philippines,WPRO,10276,438066,193,8526
12/13/2020,PH,Philippines,WPRO,10265,448331,204,8730
12/20/2020,PH,Philippines,WPRO,9704,458035,181,8911
12/27/2020,PH,Philippines,WPRO,10968,469003,156,9067
1/3/2021,PH,Philippines,WPRO,8799,477802,186,9253
1/10/2021,PH,Philippines,WPRO,9882,487684,145,9398
1/17/2021,PH,Philippines,WPRO,12889,500573,486,9884
1/24/2021,PH,Philippines,WPRO,13046,513619,306,10190
1/31/2021,PH,Philippines,WPRO,11995,525614,479,10669
2/7/2021,PH,Philippines,WPRO,11691,537305,441,11110
2/14/2021,PH,Philippines,WPRO,11870,549175,397,11507
2/21/2021,PH,Philippines,WPRO,11993,561168,561,12068
2/28/2021,PH,Philippines,WPRO,15176,576344,221,12289
3/7/2021,PH,Philippines,WPRO,18063,594407,176,12465
3/14/2021,PH,Philippines,WPRO,27082,621489,301,12766
3/21/2021,PH,Philippines,WPRO,42284,663773,164,12930
3/28/2021,PH,Philippines,WPRO,58105,721878,229,13159
4/4/2021,PH,Philippines,WPRO,73165,795043,264,13423
4/11/2021,PH,Philippines,WPRO,69804,864847,1321,14744
4/18/2021,PH,Philippines,WPRO,71270,936117,1066,15810
4/25/2021,PH,Philippines,WPRO,61382,997499,864,16674
5/2/2021,PH,Philippines,WPRO,57471,1054970,757,17431
5/9/2021,PH,Philippines,WPRO,47010,1101980,1041,18472
5/16/2021,PH,Philippines,WPRO,41966,1143946,719,19191
5/23/2021,PH,Philippines,WPRO,35845,1179791,760,19951
5/30/2021,PH,Philippines,WPRO,43826,1223617,909,20860
6/6/2021,PH,Philippines,WPRO,45848,1269465,1038,21898
6/13/2021,PH,Philippines,WPRO,46162,1315627,890,22788
6/20/2021,PH,Philippines,WPRO,43363,1358990,833,23621
6/27/2021,PH,Philippines,WPRO,38994,1397984,751,24372
7/4/2021,PH,Philippines,WPRO,38370,1436354,777,25149
7/11/2021,PH,Philippines,WPRO,36509,1472863,766,25915
7/18/2021,PH,Philippines,WPRO,34882,1507745,799,26714
7/25/2021,PH,Philippines,WPRO,40987,1548732,510,27224
8/1/2021,PH,Philippines,WPRO,48863,1597595,792,28016
8/8/2021,PH,Philippines,WPRO,61219,1658814,1106,29122
8/15/2021,PH,Philippines,WPRO,82422,1741236,1218,30340
8/22/2021,PH,Philippines,WPRO,98078,1839314,1470,31810
8/29/2021,PH,Philippines,WPRO,114522,1953836,1299,33109
9/5/2021,PH,Philippines,WPRO,127080,2080916,1125,34234
9/12/2021,PH,Philippines,WPRO,146410,2227326,911,35145
9/19/2021,PH,Philippines,WPRO,139353,2366679,1643,36788
9/26/2021,PH,Philippines,WPRO,124120,2490799,617,37405
10/3/2021,PH,Philippines,WPRO,102493,2593292,1363,38768
10/10/2021,PH,Philippines,WPRO,73230,2666522,856,39624
10/17/2021,PH,Philippines,WPRO,53821,2720343,1051,40675
10/24/2021,PH,Philippines,WPRO,36559,2756902,1118,41793
10/31/2021,PH,Philippines,WPRO,30356,2787258,1379,43172
11/7/2021,PH,Philippines,WPRO,15949,2803207,1258,44430
11/14/2021,PH,Philippines,WPRO,13757,2816964,1151,45581
11/21/2021,PH,Philippines,WPRO,8905,2825869,1493,47074
11/28/2021,PH,Philippines,WPRO,5841,2831710,1287,48361
12/5/2021,PH,Philippines,WPRO,2901,2834611,1025,49386
12/12/2021,PH,Philippines,WPRO,1832,2836443,894,50280
12/19/2021,PH,Philippines,WPRO,1019,2837462,459,50739
12/26/2021,PH,Philippines,WPRO,1012,2838474,461,51200
1/2/2022,PH,Philippines,WPRO,13261,2851735,370,51570
1/9/2022,PH,Philippines,WPRO,113626,2965361,580,52150
1/16/2022,PH,Philippines,WPRO,239943,3205304,757,52907
1/23/2022,PH,Philippines,WPRO,211814,3417118,565,53472
1/30/2022,PH,Philippines,WPRO,128538,3545656,419,53891
2/6/2022,PH,Philippines,WPRO,63896,3609552,635,54526
2/13/2022,PH,Philippines,WPRO,27660,3637212,404,54930
2/20/2022,PH,Philippines,WPRO,14887,3652099,754,55684
2/27/2022,PH,Philippines,WPRO,8947,3661046,717,56401
3/6/2022,PH,Philippines,WPRO,6489,3667535,622,57023
3/13/2022,PH,Philippines,WPRO,3204,3670739,587,57610
3/20/2022,PH,Philippines,WPRO,3540,3674279,653,58263
3/27/2022,PH,Philippines,WPRO,2710,3676989,752,59015
4/3/2022,PH,Philippines,WPRO,2186,3679175,328,59343
4/10/2022,PH,Philippines,WPRO,1871,3681046,426,59769
4/17/2022,PH,Philippines,WPRO,1647,3682693,200,59969
4/24/2022,PH,Philippines,WPRO,1437,3684130,213,60182
5/1/2022,PH,Philippines,WPRO,1377,3685507,215,60397
5/8/2022,PH,Philippines,WPRO,1117,3686624,42,60439
5/15/2022,PH,Philippines,WPRO,1105,3687729,13,60452
5/22/2022,PH,Philippines,WPRO,1212,3688941,3,60455
5/29/2022,PH,Philippines,WPRO,1313,3690254,0,60455
6/5/2022,PH,Philippines,WPRO,1291,3691545,1,60456
6/12/2022,PH,Philippines,WPRO,1677,3693222,5,60461
6/19/2022,PH,Philippines,WPRO,3042,3696264,6,60467
6/26/2022,PH,Philippines,WPRO,4612,3700876,51,60518
7/3/2022,PH,Philippines,WPRO,6072,3706948,84,60602
7/10/2022,PH,Philippines,WPRO,9501,3716449,38,60640
7/17/2022,PH,Philippines,WPRO,14092,3730541,1,60641
7/24/2022,PH,Philippines,WPRO,18336,3748877,53,60694
7/31/2022,PH,Philippines,WPRO,23591,3772468,43,60737
8/7/2022,PH,Philippines,WPRO,26866,3799334,100,60837
8/14/2022,PH,Philippines,WPRO,28425,3827759,241,61078
8/21/2022,PH,Philippines,WPRO,24402,3852161,308,61386
8/28/2022,PH,Philippines,WPRO,20162,3872323,334,61720
9/4/2022,PH,Philippines,WPRO,16774,3889097,342,62062
9/11/2022,PH,Philippines,WPRO,17160,3906257,280,62342
9/18/2022,PH,Philippines,WPRO,12069,3918326,245,62587
9/25/2022,PH,Philippines,WPRO,16357,3934683,232,62819
10/2/2022,PH,Philippines,WPRO,17086,3951769,223,63042
10/9/2022,PH,Philippines,WPRO,13995,3965764,255,63297
10/16/2022,PH,Philippines,WPRO,14880,3980644,250,63547
10/23/2022,PH,Philippines,WPRO,12405,3993049,267,63814
10/30/2022,PH,Philippines,WPRO,9040,4002089,260,64074
11/6/2022,PH,Philippines,WPRO,6367,4008456,217,64291
11/13/2022,PH,Philippines,WPRO,7939,4016395,114,64405
11/20/2022,PH,Philippines,WPRO,8459,4024854,80,64485
11/27/2022,PH,Philippines,WPRO,7502,4032356,123,64608
12/4/2022,PH,Philippines,WPRO,7494,4039850,142,64750
12/11/2022,PH,Philippines,WPRO,8058,4047908,152,64902
12/18/2022,PH,Philippines,WPRO,7358,4055266,192,65094
12/25/2022,PH,Philippines,WPRO,4103,4059369,168,65262
1/1/2023,PH,Philippines,WPRO,3290,4062659,153,65415
1/8/2023,PH,Philippines,WPRO,4552,4067211,36,65451
1/15/2023,PH,Philippines,WPRO,2797,4070008,0,65451
1/22/2023,PH,Philippines,WPRO,1556,4071564,0,65451
1/29/2023,PH,Philippines,WPRO,1181,4072745,0,65451
2/5/2023,PH,Philippines,WPRO,1045,4073790,400,65851
2/12/2023,PH,Philippines,WPRO,678,4074468,98,65949
2/19/2023,PH,Philippines,WPRO,914,4075382,72,66021
2/26/2023,PH,Philippines,WPRO,738,4076120,76,66097
3/5/2023,PH,Philippines,WPRO,738,4076858,56,66153
3/12/2023,PH,Philippines,WPRO,890,4077748,57,66210
3/19/2023,PH,Philippines,WPRO,1061,4078809,62,66272
3/26/2023,PH,Philippines,WPRO,1163,4079972,60,66332
4/2/2023,PH,Philippines,WPRO,1541,4081513,58,66390
4/9/2023,PH,Philippines,WPRO,1988,4083501,30,66420
4/16/2023,PH,Philippines,WPRO,2025,4085526,19,66439
4/23/2023,PH,Philippines,WPRO,2438,4087964,5,66444
4/30/2023,PH,Philippines,WPRO,3890,4091854,0,66444
5/7/2023,PH,Philippines,WPRO,9014,4100868,9,66453
5/14/2023,PH,Philippines,WPRO,12225,4113093,0,66453
5/21/2023,PH,Philippines,WPRO,12623,4125716,13,66466
5/28/2023,PH,Philippines,WPRO,11724,4137440,0,66466
6/4/2023,PH,Philippines,WPRO,9689,4147129,10,66476
6/11/2023,PH,Philippines,WPRO,7061,4154190,5,66481
6/18/2023,PH,Philippines,WPRO,4394,4158584,1,66482
6/25/2023,PH,Philippines,WPRO,3647,4162231,0,66482
7/2/2023,PH,Philippines,WPRO,2845,4165076,2,66484
7/9/2023,PH,Philippines,WPRO,423,4165499,0,66484
7/16/2023,PH,Philippines,WPRO,2510,4168009,26,66510
7/23/2023,PH,Philippines,WPRO,1938,4169947,32,66542
7/30/2023,PH,Philippines,WPRO,1671,4171618,50,66592
8/6/2023,PH,Philippines,WPRO,1859,4173477,34,66626
8/13/2023,PH,Philippines,WPRO,154,4173631,20,66646
8/20/2023,PH,Philippines,WPRO,-65079,4108552,0,66646
8/27/2023,PH,Philippines,WPRO,342,4108894,10,66656
9/3/2023,PH,Philippines,WPRO,1311,4110205,5,66661
9/10/2023,PH,Philippines,WPRO,138,4110343,6,66667
9/17/2023,PH,Philippines,WPRO,988,4111331,14,66681
9/24/2023,PH,Philippines,WPRO,962,4112293,4,66685
10/1/2023,PH,Philippines,WPRO,1141,4113434,11,66696
10/8/2023,PH,Philippines,WPRO,1246,4114680,0,66696
10/15/2023,PH,Philippines,WPRO,1034,4115714,6,66702
10/22/2023,PH,Philippines,WPRO,1469,4117183,12,66714
10/29/2023,PH,Philippines,WPRO,1198,4118381,0,66714
11/5/2023,PH,Philippines,WPRO,1097,4119478,22,66736
11/12/2023,PH,Philippines,WPRO,933,4120411,0,66736
11/19/2023,PH,Philippines,WPRO,914,4121325,10,66746
11/26/2023,PH,Philippines,WPRO,1333,4122658,0,66746
12/3/2023,PH,Philippines,WPRO,1262,4123920,9,66755
12/10/2023,PH,Philippines,WPRO,1163,4125083,11,66766
12/17/2023,PH,Philippines,WPRO,1377,4126460,13,66779
12/24/2023,PH,Philippines,WPRO,2501,4128961,0,66779
1/5/2020,PN,Pitcairn,,0,0,0,0
1/12/2020,PN,Pitcairn,,0,0,0,0
1/19/2020,PN,Pitcairn,,0,0,0,0
1/26/2020,PN,Pitcairn,,0,0,0,0
2/2/2020,PN,Pitcairn,,0,0,0,0
2/9/2020,PN,Pitcairn,,0,0,0,0
2/16/2020,PN,Pitcairn,,0,0,0,0
2/23/2020,PN,Pitcairn,,0,0,0,0
3/1/2020,PN,Pitcairn,,0,0,0,0
3/8/2020,PN,Pitcairn,,0,0,0,0
3/15/2020,PN,Pitcairn,,0,0,0,0
3/22/2020,PN,Pitcairn,,0,0,0,0
3/29/2020,PN,Pitcairn,,0,0,0,0
4/5/2020,PN,Pitcairn,,0,0,0,0
4/12/2020,PN,Pitcairn,,0,0,0,0
4/19/2020,PN,Pitcairn,,0,0,0,0
4/26/2020,PN,Pitcairn,,0,0,0,0
5/3/2020,PN,Pitcairn,,0,0,0,0
5/10/2020,PN,Pitcairn,,0,0,0,0
5/17/2020,PN,Pitcairn,,0,0,0,0
5/24/2020,PN,Pitcairn,,0,0,0,0
5/31/2020,PN,Pitcairn,,0,0,0,0
6/7/2020,PN,Pitcairn,,0,0,0,0
6/14/2020,PN,Pitcairn,,0,0,0,0
6/21/2020,PN,Pitcairn,,0,0,0,0
6/28/2020,PN,Pitcairn,,0,0,0,0
7/5/2020,PN,Pitcairn,,0,0,0,0
7/12/2020,PN,Pitcairn,,0,0,0,0
7/19/2020,PN,Pitcairn,,0,0,0,0
7/26/2020,PN,Pitcairn,,0,0,0,0
8/2/2020,PN,Pitcairn,,0,0,0,0
8/9/2020,PN,Pitcairn,,0,0,0,0
8/16/2020,PN,Pitcairn,,0,0,0,0
8/23/2020,PN,Pitcairn,,0,0,0,0
8/30/2020,PN,Pitcairn,,0,0,0,0
9/6/2020,PN,Pitcairn,,0,0,0,0
9/13/2020,PN,Pitcairn,,0,0,0,0
9/20/2020,PN,Pitcairn,,0,0,0,0
9/27/2020,PN,Pitcairn,,0,0,0,0
10/4/2020,PN,Pitcairn,,0,0,0,0
10/11/2020,PN,Pitcairn,,0,0,0,0
10/18/2020,PN,Pitcairn,,0,0,0,0
10/25/2020,PN,Pitcairn,,0,0,0,0
11/1/2020,PN,Pitcairn,,0,0,0,0
11/8/2020,PN,Pitcairn,,0,0,0,0
11/15/2020,PN,Pitcairn,,0,0,0,0
11/22/2020,PN,Pitcairn,,0,0,0,0
11/29/2020,PN,Pitcairn,,0,0,0,0
12/6/2020,PN,Pitcairn,,0,0,0,0
12/13/2020,PN,Pitcairn,,0,0,0,0
12/20/2020,PN,Pitcairn,,0,0,0,0
12/27/2020,PN,Pitcairn,,0,0,0,0
1/3/2021,PN,Pitcairn,,0,0,0,0
1/10/2021,PN,Pitcairn,,0,0,0,0
1/17/2021,PN,Pitcairn,,0,0,0,0
1/24/2021,PN,Pitcairn,,0,0,0,0
1/31/2021,PN,Pitcairn,,0,0,0,0
2/7/2021,PN,Pitcairn,,0,0,0,0
2/14/2021,PN,Pitcairn,,0,0,0,0
2/21/2021,PN,Pitcairn,,0,0,0,0
2/28/2021,PN,Pitcairn,,0,0,0,0
3/7/2021,PN,Pitcairn,,0,0,0,0
3/14/2021,PN,Pitcairn,,0,0,0,0
3/21/2021,PN,Pitcairn,,0,0,0,0
3/28/2021,PN,Pitcairn,,0,0,0,0
4/4/2021,PN,Pitcairn,,0,0,0,0
4/11/2021,PN,Pitcairn,,0,0,0,0
4/18/2021,PN,Pitcairn,,0,0,0,0
4/25/2021,PN,Pitcairn,,0,0,0,0
5/2/2021,PN,Pitcairn,,0,0,0,0
5/9/2021,PN,Pitcairn,,0,0,0,0
5/16/2021,PN,Pitcairn,,0,0,0,0
5/23/2021,PN,Pitcairn,,0,0,0,0
5/30/2021,PN,Pitcairn,,0,0,0,0
6/6/2021,PN,Pitcairn,,0,0,0,0
6/13/2021,PN,Pitcairn,,0,0,0,0
6/20/2021,PN,Pitcairn,,0,0,0,0
6/27/2021,PN,Pitcairn,,0,0,0,0
7/4/2021,PN,Pitcairn,,0,0,0,0
7/11/2021,PN,Pitcairn,,0,0,0,0
7/18/2021,PN,Pitcairn,,0,0,0,0
7/25/2021,PN,Pitcairn,,0,0,0,0
8/1/2021,PN,Pitcairn,,0,0,0,0
8/8/2021,PN,Pitcairn,,0,0,0,0
8/15/2021,PN,Pitcairn,,0,0,0,0
8/22/2021,PN,Pitcairn,,0,0,0,0
8/29/2021,PN,Pitcairn,,0,0,0,0
9/5/2021,PN,Pitcairn,,0,0,0,0
9/12/2021,PN,Pitcairn,,0,0,0,0
9/19/2021,PN,Pitcairn,,0,0,0,0
9/26/2021,PN,Pitcairn,,0,0,0,0
10/3/2021,PN,Pitcairn,,0,0,0,0
10/10/2021,PN,Pitcairn,,0,0,0,0
10/17/2021,PN,Pitcairn,,0,0,0,0
10/24/2021,PN,Pitcairn,,0,0,0,0
10/31/2021,PN,Pitcairn,,0,0,0,0
11/7/2021,PN,Pitcairn,,0,0,0,0
11/14/2021,PN,Pitcairn,,0,0,0,0
11/21/2021,PN,Pitcairn,,0,0,0,0
11/28/2021,PN,Pitcairn,,0,0,0,0
12/5/2021,PN,Pitcairn,,0,0,0,0
12/12/2021,PN,Pitcairn,,0,0,0,0
12/19/2021,PN,Pitcairn,,0,0,0,0
12/26/2021,PN,Pitcairn,,0,0,0,0
1/2/2022,PN,Pitcairn,,0,0,0,0
1/9/2022,PN,Pitcairn,,0,0,0,0
1/16/2022,PN,Pitcairn,,0,0,0,0
1/23/2022,PN,Pitcairn,,0,0,0,0
1/30/2022,PN,Pitcairn,,0,0,0,0
2/6/2022,PN,Pitcairn,,0,0,0,0
2/13/2022,PN,Pitcairn,,0,0,0,0
2/20/2022,PN,Pitcairn,,0,0,0,0
2/27/2022,PN,Pitcairn,,0,0,0,0
3/6/2022,PN,Pitcairn,,0,0,0,0
3/13/2022,PN,Pitcairn,,0,0,0,0
3/20/2022,PN,Pitcairn,,0,0,0,0
3/27/2022,PN,Pitcairn,,0,0,0,0
4/3/2022,PN,Pitcairn,,0,0,0,0
4/10/2022,PN,Pitcairn,,0,0,0,0
4/17/2022,PN,Pitcairn,,0,0,0,0
4/24/2022,PN,Pitcairn,,0,0,0,0
5/1/2022,PN,Pitcairn,,0,0,0,0
5/8/2022,PN,Pitcairn,,0,0,0,0
5/15/2022,PN,Pitcairn,,0,0,0,0
5/22/2022,PN,Pitcairn,,0,0,0,0
5/29/2022,PN,Pitcairn,,0,0,0,0
6/5/2022,PN,Pitcairn,,0,0,0,0
6/12/2022,PN,Pitcairn,,0,0,0,0
6/19/2022,PN,Pitcairn,,0,0,0,0
6/26/2022,PN,Pitcairn,,0,0,0,0
7/3/2022,PN,Pitcairn,,0,0,0,0
7/10/2022,PN,Pitcairn,,0,0,0,0
7/17/2022,PN,Pitcairn,,0,0,0,0
7/24/2022,PN,Pitcairn,,4,4,0,0
7/31/2022,PN,Pitcairn,,0,4,0,0
8/7/2022,PN,Pitcairn,,0,4,0,0
8/14/2022,PN,Pitcairn,,0,4,0,0
8/21/2022,PN,Pitcairn,,0,4,0,0
8/28/2022,PN,Pitcairn,,0,4,0,0
9/4/2022,PN,Pitcairn,,0,4,0,0
9/11/2022,PN,Pitcairn,,0,4,0,0
9/18/2022,PN,Pitcairn,,0,4,0,0
9/25/2022,PN,Pitcairn,,0,4,0,0
10/2/2022,PN,Pitcairn,,0,4,0,0
10/9/2022,PN,Pitcairn,,0,4,0,0
10/16/2022,PN,Pitcairn,,0,4,0,0
10/23/2022,PN,Pitcairn,,0,4,0,0
10/30/2022,PN,Pitcairn,,0,4,0,0
11/6/2022,PN,Pitcairn,,0,4,0,0
11/13/2022,PN,Pitcairn,,0,4,0,0
11/20/2022,PN,Pitcairn,,0,4,0,0
11/27/2022,PN,Pitcairn,,0,4,0,0
12/4/2022,PN,Pitcairn,,0,4,0,0
12/11/2022,PN,Pitcairn,,0,4,0,0
12/18/2022,PN,Pitcairn,,0,4,0,0
12/25/2022,PN,Pitcairn,,0,4,0,0
1/1/2023,PN,Pitcairn,,0,4,0,0
1/8/2023,PN,Pitcairn,,0,4,0,0
1/15/2023,PN,Pitcairn,,0,4,0,0
1/22/2023,PN,Pitcairn,,0,4,0,0
1/29/2023,PN,Pitcairn,,0,4,0,0
2/5/2023,PN,Pitcairn,,0,4,0,0
2/12/2023,PN,Pitcairn,,0,4,0,0
2/19/2023,PN,Pitcairn,,0,4,0,0
2/26/2023,PN,Pitcairn,,0,4,0,0
3/5/2023,PN,Pitcairn,,0,4,0,0
3/12/2023,PN,Pitcairn,,0,4,0,0
3/19/2023,PN,Pitcairn,,0,4,0,0
3/26/2023,PN,Pitcairn,,0,4,0,0
4/2/2023,PN,Pitcairn,,0,4,0,0
4/9/2023,PN,Pitcairn,,0,4,0,0
4/16/2023,PN,Pitcairn,,0,4,0,0
4/23/2023,PN,Pitcairn,,0,4,0,0
4/30/2023,PN,Pitcairn,,0,4,0,0
5/7/2023,PN,Pitcairn,,0,4,0,0
5/14/2023,PN,Pitcairn,,0,4,0,0
5/21/2023,PN,Pitcairn,,0,4,0,0
5/28/2023,PN,Pitcairn,,0,4,0,0
6/4/2023,PN,Pitcairn,,0,4,0,0
6/11/2023,PN,Pitcairn,,0,4,0,0
6/18/2023,PN,Pitcairn,,0,4,0,0
6/25/2023,PN,Pitcairn,,0,4,0,0
7/2/2023,PN,Pitcairn,,0,4,0,0
7/9/2023,PN,Pitcairn,,0,4,0,0
7/16/2023,PN,Pitcairn,,0,4,0,0
7/23/2023,PN,Pitcairn,,0,4,0,0
7/30/2023,PN,Pitcairn,,0,4,0,0
8/6/2023,PN,Pitcairn,,0,4,0,0
8/13/2023,PN,Pitcairn,,0,4,0,0
8/20/2023,PN,Pitcairn,,0,4,0,0
8/27/2023,PN,Pitcairn,,0,4,0,0
9/3/2023,PN,Pitcairn,,0,4,0,0
9/10/2023,PN,Pitcairn,,0,4,0,0
9/17/2023,PN,Pitcairn,,0,4,0,0
9/24/2023,PN,Pitcairn,,0,4,0,0
10/1/2023,PN,Pitcairn,,0,4,0,0
10/8/2023,PN,Pitcairn,,0,4,0,0
10/15/2023,PN,Pitcairn,,0,4,0,0
10/22/2023,PN,Pitcairn,,0,4,0,0
10/29/2023,PN,Pitcairn,,0,4,0,0
11/5/2023,PN,Pitcairn,,0,4,0,0
11/12/2023,PN,Pitcairn,,0,4,0,0
11/19/2023,PN,Pitcairn,,0,4,0,0
11/26/2023,PN,Pitcairn,,0,4,0,0
12/3/2023,PN,Pitcairn,,0,4,0,0
12/10/2023,PN,Pitcairn,,0,4,0,0
12/17/2023,PN,Pitcairn,,0,4,0,0
12/24/2023,PN,Pitcairn,,0,4,0,0
1/5/2020,PL,Poland,EURO,0,0,0,0
1/12/2020,PL,Poland,EURO,0,0,0,0
1/19/2020,PL,Poland,EURO,0,0,0,0
1/26/2020,PL,Poland,EURO,0,0,0,0
2/2/2020,PL,Poland,EURO,0,0,0,0
2/9/2020,PL,Poland,EURO,0,0,0,0
2/16/2020,PL,Poland,EURO,0,0,0,0
2/23/2020,PL,Poland,EURO,0,0,0,0
3/1/2020,PL,Poland,EURO,0,0,0,0
3/8/2020,PL,Poland,EURO,6,6,0,0
3/15/2020,PL,Poland,EURO,97,103,3,3
3/22/2020,PL,Poland,EURO,431,534,2,5
3/29/2020,PL,Poland,EURO,1104,1638,13,18
4/5/2020,PL,Poland,EURO,1989,3627,61,79
4/12/2020,PL,Poland,EURO,2728,6355,129,208
4/19/2020,PL,Poland,EURO,2387,8742,137,345
4/26/2020,PL,Poland,EURO,2531,11273,176,521
5/3/2020,PL,Poland,EURO,2102,13375,140,661
5/10/2020,PL,Poland,EURO,2276,15651,122,783
5/17/2020,PL,Poland,EURO,2606,18257,131,914
5/24/2020,PL,Poland,EURO,2674,20931,78,992
5/31/2020,PL,Poland,EURO,2640,23571,68,1060
6/7/2020,PL,Poland,EURO,2415,25986,90,1150
6/14/2020,PL,Poland,EURO,3031,29017,86,1236
6/21/2020,PL,Poland,EURO,2603,31620,109,1345
6/28/2020,PL,Poland,EURO,2094,33714,89,1434
7/5/2020,PL,Poland,EURO,2005,35719,77,1511
7/12/2020,PL,Poland,EURO,1802,37521,57,1568
7/19/2020,PL,Poland,EURO,2225,39746,49,1617
7/26/2020,PL,Poland,EURO,2876,42622,47,1664
8/2/2020,PL,Poland,EURO,3724,46346,57,1721
8/9/2020,PL,Poland,EURO,4821,51167,79,1800
8/16/2020,PL,Poland,EURO,4923,56090,69,1869
8/23/2020,PL,Poland,EURO,5091,61181,82,1951
8/30/2020,PL,Poland,EURO,5058,66239,81,2032
9/6/2020,PL,Poland,EURO,4148,70387,81,2113
9/13/2020,PL,Poland,EURO,3263,73650,68,2181
9/20/2020,PL,Poland,EURO,4680,78330,100,2281
9/27/2020,PL,Poland,EURO,7650,85980,142,2423
10/4/2020,PL,Poland,EURO,12160,98140,180,2603
10/11/2020,PL,Poland,EURO,23498,121638,369,2972
10/18/2020,PL,Poland,EURO,45592,167230,553,3525
10/25/2020,PL,Poland,EURO,74716,241946,790,4315
11/1/2020,PL,Poland,EURO,124785,366731,1316,5631
11/8/2020,PL,Poland,EURO,172909,539640,2005,7636
11/15/2020,PL,Poland,EURO,183478,723118,2409,10045
11/22/2020,PL,Poland,EURO,160188,883306,3243,13288
11/29/2020,PL,Poland,EURO,103928,987234,3773,17061
12/6/2020,PL,Poland,EURO,78343,1065577,3060,20121
12/13/2020,PL,Poland,EURO,72231,1137808,2775,22896
12/20/2020,PL,Poland,EURO,67012,1204820,2533,25429
12/27/2020,PL,Poland,EURO,55103,1259923,1778,27207
1/3/2021,PL,Poland,EURO,61169,1321092,1998,29205
1/10/2021,PL,Poland,EURO,67009,1388101,2069,31274
1/17/2021,PL,Poland,EURO,49942,1438043,2160,33434
1/24/2021,PL,Poland,EURO,39822,1477865,2007,35441
1/31/2021,PL,Poland,EURO,37682,1515547,1817,37258
2/7/2021,PL,Poland,EURO,36873,1552420,1904,39162
2/14/2021,PL,Poland,EURO,38697,1591117,1717,40879
2/21/2021,PL,Poland,EURO,49813,1640930,1362,42241
2/28/2021,PL,Poland,EURO,68226,1709156,1598,43839
3/7/2021,PL,Poland,EURO,87931,1797087,1472,45311
3/14/2021,PL,Poland,EURO,111512,1908599,1891,47202
3/21/2021,PL,Poland,EURO,151874,2060473,2117,49319
3/28/2021,PL,Poland,EURO,191601,2252074,2578,51897
4/4/2021,PL,Poland,EURO,187526,2439600,3055,54952
4/11/2021,PL,Poland,EURO,135990,2575590,3478,58430
4/18/2021,PL,Poland,EURO,113416,2689006,3608,62038
4/25/2021,PL,Poland,EURO,70799,2759805,3381,65419
5/2/2021,PL,Poland,EURO,44359,2804164,2655,68074
5/9/2021,PL,Poland,EURO,29812,2833976,1945,70019
5/16/2021,PL,Poland,EURO,21466,2855442,1668,71687
5/23/2021,PL,Poland,EURO,11543,2866985,1263,72950
5/30/2021,PL,Poland,EURO,6356,2873341,810,73760
6/6/2021,PL,Poland,EURO,3203,2876544,414,74174
6/13/2021,PL,Poland,EURO,2211,2878755,421,74595
6/20/2021,PL,Poland,EURO,1305,2880060,255,74850
6/27/2021,PL,Poland,EURO,877,2880937,151,75001
7/4/2021,PL,Poland,EURO,634,2881571,105,75106
7/11/2021,PL,Poland,EURO,558,2882129,72,75178
7/18/2021,PL,Poland,EURO,607,2882736,55,75233
7/25/2021,PL,Poland,EURO,733,2883469,27,75260
8/1/2021,PL,Poland,EURO,882,2884351,19,75279
8/8/2021,PL,Poland,EURO,1070,2885421,24,75303
8/15/2021,PL,Poland,EURO,1240,2886661,14,75317
8/22/2021,PL,Poland,EURO,1373,2888034,17,75334
8/29/2021,PL,Poland,EURO,1577,2889611,24,75358
9/5/2021,PL,Poland,EURO,2254,2891865,37,75395
9/12/2021,PL,Poland,EURO,3166,2895031,46,75441
9/19/2021,PL,Poland,EURO,4284,2899315,62,75503
9/26/2021,PL,Poland,EURO,5303,2904618,84,75587
10/3/2021,PL,Poland,EURO,7634,2912252,123,75710
10/10/2021,PL,Poland,EURO,11535,2923787,173,75883
10/17/2021,PL,Poland,EURO,17191,2940978,243,76126
10/24/2021,PL,Poland,EURO,33327,2974305,335,76461
10/31/2021,PL,Poland,EURO,52284,3026589,553,77014
11/7/2021,PL,Poland,EURO,78939,3105528,758,77772
11/14/2021,PL,Poland,EURO,100283,3205811,1109,78881
11/21/2021,PL,Poland,EURO,140762,3346573,1953,80834
11/28/2021,PL,Poland,EURO,162271,3508844,2213,83047
12/5/2021,PL,Poland,EURO,163539,3672383,2633,85680
12/12/2021,PL,Poland,EURO,156823,3829206,2805,88485
12/19/2021,PL,Poland,EURO,130602,3959808,3006,91491
12/26/2021,PL,Poland,EURO,91024,4050832,2839,94330
1/2/2022,PL,Poland,EURO,77580,4128412,3266,97596
1/9/2022,PL,Poland,EURO,85772,4214184,2151,99747
1/16/2022,PL,Poland,EURO,99852,4314036,2564,102311
1/23/2022,PL,Poland,EURO,205147,4519183,1537,103848
1/30/2022,PL,Poland,EURO,334382,4853565,1317,105165
2/6/2022,PL,Poland,EURO,311108,5164673,1434,106599
2/13/2022,PL,Poland,EURO,236085,5400758,1522,108121
2/20/2022,PL,Poland,EURO,152407,5553165,1695,109816
2/27/2022,PL,Poland,EURO,106705,5659870,1501,111317
3/6/2022,PL,Poland,EURO,81270,5741140,1228,112545
3/13/2022,PL,Poland,EURO,76923,5818063,899,113444
3/20/2022,PL,Poland,EURO,72482,5890545,775,114219
3/27/2022,PL,Poland,EURO,52113,5942658,608,114827
4/3/2022,PL,Poland,EURO,26428,5969086,517,115344
4/10/2022,PL,Poland,EURO,8626,5977712,290,115634
4/17/2022,PL,Poland,EURO,7050,5984762,203,115837
4/24/2022,PL,Poland,EURO,5956,5990718,110,115947
5/1/2022,PL,Poland,EURO,5555,5996273,111,116058
5/8/2022,PL,Poland,EURO,3677,5999950,79,116137
5/15/2022,PL,Poland,EURO,3019,6002969,70,116207
5/22/2022,PL,Poland,EURO,2100,6005069,61,116268
5/29/2022,PL,Poland,EURO,1627,6006696,43,116311
6/5/2022,PL,Poland,EURO,1457,6008153,36,116347
6/12/2022,PL,Poland,EURO,1436,6009589,22,116369
6/19/2022,PL,Poland,EURO,1196,6010785,22,116391
6/26/2022,PL,Poland,EURO,1840,6012625,24,116415
7/3/2022,PL,Poland,EURO,3335,6015960,18,116433
7/10/2022,PL,Poland,EURO,5820,6021780,18,116451
7/17/2022,PL,Poland,EURO,10251,6032031,17,116468
7/24/2022,PL,Poland,EURO,16595,6048626,40,116508
7/31/2022,PL,Poland,EURO,20661,6069287,60,116568
8/7/2022,PL,Poland,EURO,24630,6093917,90,116658
8/14/2022,PL,Poland,EURO,25009,6118926,113,116771
8/21/2022,PL,Poland,EURO,24437,6143363,108,116879
8/28/2022,PL,Poland,EURO,23541,6166904,149,117028
9/4/2022,PL,Poland,EURO,20275,6187179,123,117151
9/11/2022,PL,Poland,EURO,25179,6212358,99,117250
9/18/2022,PL,Poland,EURO,32071,6244429,99,117349
9/25/2022,PL,Poland,EURO,28692,6273121,106,117455
10/2/2022,PL,Poland,EURO,24135,6297256,142,117597
10/9/2022,PL,Poland,EURO,17763,6315019,158,117755
10/16/2022,PL,Poland,EURO,11598,6326617,144,117899
10/23/2022,PL,Poland,EURO,8147,6334764,129,118028
10/30/2022,PL,Poland,EURO,5404,6340168,95,118123
11/6/2022,PL,Poland,EURO,3491,6343659,46,118169
11/13/2022,PL,Poland,EURO,2539,6346198,40,118209
11/20/2022,PL,Poland,EURO,2533,6348731,64,118273
11/27/2022,PL,Poland,EURO,2475,6351206,32,118305
12/4/2022,PL,Poland,EURO,3091,6354297,34,118339
12/11/2022,PL,Poland,EURO,3089,6357386,43,118382
12/18/2022,PL,Poland,EURO,4105,6361491,47,118429
12/25/2022,PL,Poland,EURO,3891,6365382,46,118475
1/1/2023,PL,Poland,EURO,3160,6368542,58,118533
1/8/2023,PL,Poland,EURO,2633,6371175,53,118586
1/15/2023,PL,Poland,EURO,2060,6373235,65,118651
1/22/2023,PL,Poland,EURO,2083,6375318,30,118681
1/29/2023,PL,Poland,EURO,2888,6378206,34,118715
2/5/2023,PL,Poland,EURO,4754,6382960,33,118748
2/12/2023,PL,Poland,EURO,6655,6389615,31,118779
2/19/2023,PL,Poland,EURO,10603,6400218,47,118826
2/26/2023,PL,Poland,EURO,14971,6415189,42,118868
3/5/2023,PL,Poland,EURO,17062,6432251,84,118952
3/12/2023,PL,Poland,EURO,20385,6452636,78,119030
3/19/2023,PL,Poland,EURO,20347,6472983,106,119136
3/26/2023,PL,Poland,EURO,15383,6488366,109,119245
4/2/2023,PL,Poland,EURO,9358,6497724,116,119361
4/9/2023,PL,Poland,EURO,6370,6504094,62,119423
4/16/2023,PL,Poland,EURO,4671,6508765,59,119482
4/23/2023,PL,Poland,EURO,3215,6511980,38,119520
4/30/2023,PL,Poland,EURO,1901,6513881,35,119555
5/7/2023,PL,Poland,EURO,933,6514814,8,119563
5/14/2023,PL,Poland,EURO,805,6515619,22,119585
5/21/2023,PL,Poland,EURO,652,6516271,11,119596
5/28/2023,PL,Poland,EURO,510,6516781,13,119609
6/4/2023,PL,Poland,EURO,386,6517167,8,119617
6/11/2023,PL,Poland,EURO,260,6517427,5,119622
6/18/2023,PL,Poland,EURO,201,6517628,1,119623
6/25/2023,PL,Poland,EURO,179,6517807,1,119624
7/2/2023,PL,Poland,EURO,103,6517910,3,119627
7/9/2023,PL,Poland,EURO,67,6517977,3,119630
7/16/2023,PL,Poland,EURO,81,6518058,2,119632
7/23/2023,PL,Poland,EURO,71,6518129,0,119632
7/30/2023,PL,Poland,EURO,47,6518176,3,119635
8/6/2023,PL,Poland,EURO,94,6518270,0,119635
8/13/2023,PL,Poland,EURO,125,6518395,0,119635
8/20/2023,PL,Poland,EURO,188,6518583,2,119637
8/27/2023,PL,Poland,EURO,252,6518835,1,119638
9/3/2023,PL,Poland,EURO,369,6519204,2,119640
9/10/2023,PL,Poland,EURO,539,6519743,2,119642
9/17/2023,PL,Poland,EURO,933,6520676,3,119645
9/24/2023,PL,Poland,EURO,1222,6521898,2,119647
10/1/2023,PL,Poland,EURO,1437,6523335,7,119654
10/8/2023,PL,Poland,EURO,1431,6524766,1,119655
10/15/2023,PL,Poland,EURO,1740,6526506,2,119657
10/22/2023,PL,Poland,EURO,2495,6529001,8,119665
10/29/2023,PL,Poland,EURO,3938,6532939,21,119686
11/5/2023,PL,Poland,EURO,4254,6537193,9,119695
11/12/2023,PL,Poland,EURO,6219,6543412,26,119721
11/19/2023,PL,Poland,EURO,7465,6550877,24,119745
11/26/2023,PL,Poland,EURO,2440,6553317,8,119753
12/3/2023,PL,Poland,EURO,0,6553317,0,119753
12/10/2023,PL,Poland,EURO,20381,6573698,86,119839
12/17/2023,PL,Poland,EURO,17007,6590705,47,119886
12/24/2023,PL,Poland,EURO,18374,6609079,132,120018
1/5/2020,PT,Portugal,EURO,0,0,0,0
1/12/2020,PT,Portugal,EURO,0,0,0,0
1/19/2020,PT,Portugal,EURO,0,0,0,0
1/26/2020,PT,Portugal,EURO,0,0,0,0
2/2/2020,PT,Portugal,EURO,0,0,0,0
2/9/2020,PT,Portugal,EURO,0,0,0,0
2/16/2020,PT,Portugal,EURO,0,0,0,0
2/23/2020,PT,Portugal,EURO,1,1,0,0
3/1/2020,PT,Portugal,EURO,1,2,0,0
3/8/2020,PT,Portugal,EURO,27,29,0,0
3/15/2020,PT,Portugal,EURO,289,318,0,0
3/22/2020,PT,Portugal,EURO,1405,1723,26,26
3/29/2020,PT,Portugal,EURO,3726,5449,124,150
4/5/2020,PT,Portugal,EURO,5045,10494,206,356
4/12/2020,PT,Portugal,EURO,4433,14927,246,602
4/19/2020,PT,Portugal,EURO,4241,19168,217,819
4/26/2020,PT,Portugal,EURO,3181,22349,187,1006
5/3/2020,PT,Portugal,EURO,2371,24720,140,1146
5/10/2020,PT,Portugal,EURO,2326,27046,80,1226
5/17/2020,PT,Portugal,EURO,1853,28899,69,1295
5/24/2020,PT,Portugal,EURO,2008,30907,68,1363
5/31/2020,PT,Portugal,EURO,1956,32863,69,1432
6/7/2020,PT,Portugal,EURO,2111,34974,50,1482
6/14/2020,PT,Portugal,EURO,1959,36933,31,1513
6/21/2020,PT,Portugal,EURO,2461,39394,20,1533
6/28/2020,PT,Portugal,EURO,2673,42067,38,1571
7/5/2020,PT,Portugal,EURO,2457,44524,54,1625
7/12/2020,PT,Portugal,EURO,2566,47090,41,1666
7/19/2020,PT,Portugal,EURO,2143,49233,29,1695
7/26/2020,PT,Portugal,EURO,1700,50933,29,1724
8/2/2020,PT,Portugal,EURO,1444,52377,18,1742
8/9/2020,PT,Portugal,EURO,1484,53861,22,1764
8/16/2020,PT,Portugal,EURO,1597,55458,19,1783
8/23/2020,PT,Portugal,EURO,1524,56982,23,1806
8/30/2020,PT,Portugal,EURO,2322,59304,21,1827
9/6/2020,PT,Portugal,EURO,2566,61870,22,1849
9/13/2020,PT,Portugal,EURO,3818,65688,28,1877
9/20/2020,PT,Portugal,EURO,4518,70206,49,1926
9/27/2020,PT,Portugal,EURO,4815,75021,37,1963
10/4/2020,PT,Portugal,EURO,5383,80404,61,2024
10/11/2020,PT,Portugal,EURO,7508,87912,81,2105
10/18/2020,PT,Portugal,EURO,12995,100907,105,2210
10/25/2020,PT,Portugal,EURO,17475,118382,146,2356
11/1/2020,PT,Portugal,EURO,23294,141676,245,2601
11/8/2020,PT,Portugal,EURO,32323,173999,377,2978
11/15/2020,PT,Portugal,EURO,34571,208570,527,3505
11/22/2020,PT,Portugal,EURO,36869,245439,480,3985
11/29/2020,PT,Portugal,EURO,33275,278714,532,4517
12/6/2020,PT,Portugal,EURO,26465,305179,534,5051
12/13/2020,PT,Portugal,EURO,25959,331138,609,5660
12/20/2020,PT,Portugal,EURO,26186,357324,543,6203
12/27/2020,PT,Portugal,EURO,20150,377474,492,6695
1/3/2021,PT,Portugal,EURO,32506,409980,530,7225
1/10/2021,PT,Portugal,EURO,53049,463029,745,7970
1/17/2021,PT,Portugal,EURO,62101,525130,1109,9079
1/24/2021,PT,Portugal,EURO,81676,606806,1698,10777
1/31/2021,PT,Portugal,EURO,78867,685673,2014,12791
2/7/2021,PT,Portugal,EURO,44485,730158,1587,14378
2/14/2021,PT,Portugal,EURO,22830,752988,1034,15412
2/21/2021,PT,Portugal,EURO,13874,766862,608,16020
2/28/2021,PT,Portugal,EURO,8805,775667,326,16346
3/7/2021,PT,Portugal,EURO,8816,784483,209,16555
3/14/2021,PT,Portugal,EURO,7577,792060,130,16685
3/21/2021,PT,Portugal,EURO,4789,796849,88,16773
3/28/2021,PT,Portugal,EURO,4960,801809,59,16832
4/4/2021,PT,Portugal,EURO,4342,806151,42,16874
4/11/2021,PT,Portugal,EURO,4479,810630,34,16908
4/18/2021,PT,Portugal,EURO,4181,814811,27,16935
4/25/2021,PT,Portugal,EURO,4125,818936,19,16954
5/2/2021,PT,Portugal,EURO,3760,822696,13,16967
5/9/2021,PT,Portugal,EURO,3480,826176,15,16982
5/16/2021,PT,Portugal,EURO,3228,829404,17,16999
5/23/2021,PT,Portugal,EURO,3653,833057,7,17006
5/30/2021,PT,Portugal,EURO,3887,836944,7,17013
6/6/2021,PT,Portugal,EURO,4288,841232,12,17025
6/13/2021,PT,Portugal,EURO,5133,846365,10,17035
6/20/2021,PT,Portugal,EURO,7841,854206,22,17057
6/27/2021,PT,Portugal,EURO,9700,863906,19,17076
7/4/2021,PT,Portugal,EURO,14651,878557,31,17107
7/11/2021,PT,Portugal,EURO,19512,898069,49,17156
7/18/2021,PT,Portugal,EURO,25787,923856,52,17208
7/25/2021,PT,Portugal,EURO,23120,946976,86,17294
8/1/2021,PT,Portugal,EURO,18721,965697,79,17373
8/8/2021,PT,Portugal,EURO,16062,981759,103,17476
8/15/2021,PT,Portugal,EURO,16530,998289,89,17565
8/22/2021,PT,Portugal,EURO,16297,1014586,70,17635
8/29/2021,PT,Portugal,EURO,16168,1030754,83,17718
9/5/2021,PT,Portugal,EURO,12570,1043324,80,17798
9/12/2021,PT,Portugal,EURO,9003,1052327,56,17854
9/19/2021,PT,Portugal,EURO,6887,1059214,48,17902
9/26/2021,PT,Portugal,EURO,6193,1065407,40,17942
10/3/2021,PT,Portugal,EURO,4753,1070160,45,17987
10/10/2021,PT,Portugal,EURO,4540,1074700,49,18036
10/17/2021,PT,Portugal,EURO,4986,1079686,51,18087
10/24/2021,PT,Portugal,EURO,5452,1085138,38,18125
10/31/2021,PT,Portugal,EURO,5882,1091020,25,18150
11/7/2021,PT,Portugal,EURO,6953,1097973,45,18195
11/14/2021,PT,Portugal,EURO,9958,1107931,60,18255
11/21/2021,PT,Portugal,EURO,14949,1122880,79,18334
11/28/2021,PT,Portugal,EURO,20269,1143149,92,18426
12/5/2021,PT,Portugal,EURO,23850,1166999,122,18548
12/12/2021,PT,Portugal,EURO,27410,1194409,122,18670
12/19/2021,PT,Portugal,EURO,31699,1226108,125,18795
12/26/2021,PT,Portugal,EURO,56540,1282648,93,18888
1/2/2022,PT,Portugal,EURO,149550,1432198,114,19002
1/9/2022,PT,Portugal,EURO,236118,1668316,133,19135
1/16/2022,PT,Portugal,EURO,264007,1932323,205,19340
1/23/2022,PT,Portugal,EURO,367358,2299681,281,19621
1/30/2022,PT,Portugal,EURO,405306,2704987,292,19913
2/6/2022,PT,Portugal,EURO,308062,3013049,355,20268
2/13/2022,PT,Portugal,EURO,169681,3182730,301,20569
2/20/2022,PT,Portugal,EURO,105839,3288569,298,20867
2/27/2022,PT,Portugal,EURO,80116,3368685,202,21069
3/6/2022,PT,Portugal,EURO,82398,3451083,155,21224
3/13/2022,PT,Portugal,EURO,85842,3536925,140,21364
3/20/2022,PT,Portugal,EURO,81477,3618402,127,21491
3/27/2022,PT,Portugal,EURO,77148,3695550,158,21649
4/3/2022,PT,Portugal,EURO,68162,3763712,151,21800
4/10/2022,PT,Portugal,EURO,62897,3826609,152,21952
4/17/2022,PT,Portugal,EURO,63637,3890246,145,22097
4/24/2022,PT,Portugal,EURO,70068,3960314,127,22224
5/1/2022,PT,Portugal,EURO,74057,4034371,128,22352
5/8/2022,PT,Portugal,EURO,100901,4135272,131,22483
5/15/2022,PT,Portugal,EURO,160111,4295383,192,22675
5/22/2022,PT,Portugal,EURO,190560,4485943,223,22898
5/29/2022,PT,Portugal,EURO,175844,4661787,231,23129
6/5/2022,PT,Portugal,EURO,165476,4827263,295,23424
6/12/2022,PT,Portugal,EURO,118089,4945352,262,23686
6/19/2022,PT,Portugal,EURO,100752,5046104,269,23955
6/26/2022,PT,Portugal,EURO,75145,5121249,155,24110
7/3/2022,PT,Portugal,EURO,66673,5187922,136,24246
7/10/2022,PT,Portugal,EURO,53160,5241082,139,24385
7/17/2022,PT,Portugal,EURO,36813,5277895,119,24504
7/24/2022,PT,Portugal,EURO,30282,5308177,83,24587
7/31/2022,PT,Portugal,EURO,22110,5330287,70,24657
8/7/2022,PT,Portugal,EURO,19202,5349489,70,24727
8/14/2022,PT,Portugal,EURO,17633,5367122,57,24784
8/21/2022,PT,Portugal,EURO,16001,5383123,40,24824
8/28/2022,PT,Portugal,EURO,17870,5400993,45,24869
9/4/2022,PT,Portugal,EURO,16575,5417568,48,24917
9/11/2022,PT,Portugal,EURO,15909,5433477,39,24956
9/18/2022,PT,Portugal,EURO,17355,5450832,41,24997
9/25/2022,PT,Portugal,EURO,19259,5470091,42,25039
10/2/2022,PT,Portugal,EURO,17513,5487604,50,25089
10/9/2022,PT,Portugal,EURO,6467,5494071,42,25131
10/16/2022,PT,Portugal,EURO,7052,5501123,47,25178
10/23/2022,PT,Portugal,EURO,7736,5508859,50,25228
10/30/2022,PT,Portugal,EURO,5806,5514665,61,25289
11/6/2022,PT,Portugal,EURO,5304,5519969,49,25338
11/13/2022,PT,Portugal,EURO,6060,5526029,55,25393
11/20/2022,PT,Portugal,EURO,6093,5532122,48,25441
11/27/2022,PT,Portugal,EURO,5126,5537248,60,25501
12/4/2022,PT,Portugal,EURO,3963,5541211,69,25570
12/11/2022,PT,Portugal,EURO,3370,5544581,73,25643
12/18/2022,PT,Portugal,EURO,3445,5548026,71,25714
12/25/2022,PT,Portugal,EURO,2542,5550568,59,25773
1/1/2023,PT,Portugal,EURO,2401,5552969,50,25823
1/8/2023,PT,Portugal,EURO,2154,5555123,61,25884
1/15/2023,PT,Portugal,EURO,1851,5556974,58,25942
1/22/2023,PT,Portugal,EURO,1333,5558307,64,26006
1/29/2023,PT,Portugal,EURO,1242,5559549,33,26039
2/5/2023,PT,Portugal,EURO,1074,5560623,27,26066
2/12/2023,PT,Portugal,EURO,1646,5562269,52,26118
2/19/2023,PT,Portugal,EURO,1544,5563813,57,26175
2/26/2023,PT,Portugal,EURO,1567,5565380,53,26228
3/5/2023,PT,Portugal,EURO,1585,5566965,49,26277
3/12/2023,PT,Portugal,EURO,1609,5568574,42,26319
3/19/2023,PT,Portugal,EURO,1736,5570310,57,26376
3/26/2023,PT,Portugal,EURO,1615,5571925,45,26421
4/2/2023,PT,Portugal,EURO,1568,5573493,44,26465
4/9/2023,PT,Portugal,EURO,1344,5574837,30,26495
4/16/2023,PT,Portugal,EURO,1754,5576591,36,26531
4/23/2023,PT,Portugal,EURO,1510,5578101,39,26570
4/30/2023,PT,Portugal,EURO,1309,5579410,34,26604
5/7/2023,PT,Portugal,EURO,1379,5580789,50,26654
5/14/2023,PT,Portugal,EURO,1333,5582122,24,26678
5/21/2023,PT,Portugal,EURO,1618,5583740,42,26720
5/28/2023,PT,Portugal,EURO,2082,5585822,36,26756
6/4/2023,PT,Portugal,EURO,1758,5587580,46,26802
6/11/2023,PT,Portugal,EURO,1255,5588835,40,26842
6/18/2023,PT,Portugal,EURO,1123,5589958,45,26887
6/25/2023,PT,Portugal,EURO,1096,5591054,26,26913
7/2/2023,PT,Portugal,EURO,1029,5592083,27,26940
7/9/2023,PT,Portugal,EURO,1253,5593336,30,26970
7/16/2023,PT,Portugal,EURO,1400,5594736,23,26993
7/23/2023,PT,Portugal,EURO,1379,5596115,31,27024
7/30/2023,PT,Portugal,EURO,1837,5597952,37,27061
8/6/2023,PT,Portugal,EURO,1713,5599665,45,27106
8/13/2023,PT,Portugal,EURO,2386,5602051,33,27139
8/20/2023,PT,Portugal,EURO,3172,5605223,52,27191
8/27/2023,PT,Portugal,EURO,4332,5609555,73,27264
9/3/2023,PT,Portugal,EURO,4165,5613720,54,27318
9/10/2023,PT,Portugal,EURO,3980,5617700,56,27374
9/17/2023,PT,Portugal,EURO,3231,5620931,60,27434
9/24/2023,PT,Portugal,EURO,2583,5623514,68,27502
10/1/2023,PT,Portugal,EURO,2649,5626163,42,27544
10/8/2023,PT,Portugal,EURO,1903,5628066,37,27581
10/15/2023,PT,Portugal,EURO,1734,5629800,53,27634
10/22/2023,PT,Portugal,EURO,1085,5630885,40,27674
10/29/2023,PT,Portugal,EURO,744,5631629,28,27702
11/5/2023,PT,Portugal,EURO,0,5631629,0,27702
11/12/2023,PT,Portugal,EURO,0,5631629,0,27702
11/19/2023,PT,Portugal,EURO,0,5631629,0,27702
11/26/2023,PT,Portugal,EURO,0,5631629,0,27702
12/3/2023,PT,Portugal,EURO,0,5631629,0,27702
12/10/2023,PT,Portugal,EURO,1574,5633203,36,27738
12/17/2023,PT,Portugal,EURO,841,5634044,26,27764
12/24/2023,PT,Portugal,EURO,1068,5635112,27,27791
1/5/2020,PR,Puerto Rico,AMRO,0,0,0,0
1/12/2020,PR,Puerto Rico,AMRO,0,0,0,0
1/19/2020,PR,Puerto Rico,AMRO,0,0,0,0
1/26/2020,PR,Puerto Rico,AMRO,0,0,0,0
2/2/2020,PR,Puerto Rico,AMRO,0,0,0,0
2/9/2020,PR,Puerto Rico,AMRO,0,0,0,0
2/16/2020,PR,Puerto Rico,AMRO,0,0,0,0
2/23/2020,PR,Puerto Rico,AMRO,0,0,0,0
3/1/2020,PR,Puerto Rico,AMRO,0,0,0,0
3/8/2020,PR,Puerto Rico,AMRO,0,0,0,0
3/15/2020,PR,Puerto Rico,AMRO,2,2,0,0
3/22/2020,PR,Puerto Rico,AMRO,39,41,4,4
3/29/2020,PR,Puerto Rico,AMRO,255,296,12,16
4/5/2020,PR,Puerto Rico,AMRO,335,631,18,34
4/12/2020,PR,Puerto Rico,AMRO,158,789,24,58
4/19/2020,PR,Puerto Rico,AMRO,138,927,21,79
4/26/2020,PR,Puerto Rico,AMRO,109,1036,19,98
5/3/2020,PR,Puerto Rico,AMRO,92,1128,15,113
5/10/2020,PR,Puerto Rico,AMRO,108,1236,10,123
5/17/2020,PR,Puerto Rico,AMRO,73,1309,5,128
5/24/2020,PR,Puerto Rico,AMRO,59,1368,9,137
5/31/2020,PR,Puerto Rico,AMRO,77,1445,6,143
6/7/2020,PR,Puerto Rico,AMRO,86,1531,6,149
6/14/2020,PR,Puerto Rico,AMRO,85,1616,4,153
6/21/2020,PR,Puerto Rico,AMRO,104,1720,3,156
6/28/2020,PR,Puerto Rico,AMRO,220,1940,2,158
7/5/2020,PR,Puerto Rico,AMRO,488,2428,5,163
7/12/2020,PR,Puerto Rico,AMRO,1346,3774,14,177
7/19/2020,PR,Puerto Rico,AMRO,2008,5782,16,193
7/26/2020,PR,Puerto Rico,AMRO,1678,7460,29,222
8/2/2020,PR,Puerto Rico,AMRO,1559,9019,44,266
8/9/2020,PR,Puerto Rico,AMRO,2520,11539,45,311
8/16/2020,PR,Puerto Rico,AMRO,2379,13918,73,384
8/23/2020,PR,Puerto Rico,AMRO,1954,15872,49,433
8/30/2020,PR,Puerto Rico,AMRO,1779,17651,29,462
9/6/2020,PR,Puerto Rico,AMRO,1750,19401,53,515
9/13/2020,PR,Puerto Rico,AMRO,2283,21684,73,588
9/20/2020,PR,Puerto Rico,AMRO,2697,24381,47,635
9/27/2020,PR,Puerto Rico,AMRO,1926,26307,46,681
10/4/2020,PR,Puerto Rico,AMRO,1921,28228,50,731
10/11/2020,PR,Puerto Rico,AMRO,2507,30735,42,773
10/18/2020,PR,Puerto Rico,AMRO,2692,33427,40,813
10/25/2020,PR,Puerto Rico,AMRO,3343,36770,37,850
11/1/2020,PR,Puerto Rico,AMRO,4007,40777,41,891
11/8/2020,PR,Puerto Rico,AMRO,4559,45336,54,945
11/15/2020,PR,Puerto Rico,AMRO,5835,51171,73,1018
11/22/2020,PR,Puerto Rico,AMRO,6477,57648,82,1100
11/29/2020,PR,Puerto Rico,AMRO,4783,62431,108,1208
12/6/2020,PR,Puerto Rico,AMRO,6636,69067,104,1312
12/13/2020,PR,Puerto Rico,AMRO,5807,74874,117,1429
12/20/2020,PR,Puerto Rico,AMRO,4687,79561,109,1538
12/27/2020,PR,Puerto Rico,AMRO,2742,82303,92,1630
1/3/2021,PR,Puerto Rico,AMRO,3042,85345,68,1698
1/10/2021,PR,Puerto Rico,AMRO,3514,88859,81,1779
1/17/2021,PR,Puerto Rico,AMRO,3810,92669,58,1837
1/24/2021,PR,Puerto Rico,AMRO,2834,95503,47,1884
1/31/2021,PR,Puerto Rico,AMRO,2412,97915,53,1937
2/7/2021,PR,Puerto Rico,AMRO,1942,99857,44,1981
2/14/2021,PR,Puerto Rico,AMRO,1497,101354,31,2012
2/21/2021,PR,Puerto Rico,AMRO,1280,102634,29,2041
2/28/2021,PR,Puerto Rico,AMRO,1336,103970,26,2067
3/7/2021,PR,Puerto Rico,AMRO,1176,105146,18,2085
3/14/2021,PR,Puerto Rico,AMRO,1160,106306,13,2098
3/21/2021,PR,Puerto Rico,AMRO,1815,108121,19,2117
3/28/2021,PR,Puerto Rico,AMRO,2503,110624,12,2129
4/4/2021,PR,Puerto Rico,AMRO,3463,114087,22,2151
4/11/2021,PR,Puerto Rico,AMRO,7814,121901,28,2179
4/18/2021,PR,Puerto Rico,AMRO,7458,129359,54,2233
4/25/2021,PR,Puerto Rico,AMRO,5377,134736,58,2291
5/2/2021,PR,Puerto Rico,AMRO,3366,138102,53,2344
5/9/2021,PR,Puerto Rico,AMRO,1902,140004,56,2400
5/16/2021,PR,Puerto Rico,AMRO,1253,141257,55,2455
5/23/2021,PR,Puerto Rico,AMRO,952,142209,38,2493
5/30/2021,PR,Puerto Rico,AMRO,653,142862,22,2515
6/6/2021,PR,Puerto Rico,AMRO,404,143266,19,2534
6/13/2021,PR,Puerto Rico,AMRO,368,143634,9,2543
6/20/2021,PR,Puerto Rico,AMRO,330,143964,9,2552
6/27/2021,PR,Puerto Rico,AMRO,299,144263,5,2557
7/4/2021,PR,Puerto Rico,AMRO,469,144732,5,2562
7/11/2021,PR,Puerto Rico,AMRO,661,145393,3,2565
7/18/2021,PR,Puerto Rico,AMRO,1354,146747,6,2571
7/25/2021,PR,Puerto Rico,AMRO,2326,149073,8,2579
8/1/2021,PR,Puerto Rico,AMRO,3914,152987,15,2594
8/8/2021,PR,Puerto Rico,AMRO,5806,158793,34,2628
8/15/2021,PR,Puerto Rico,AMRO,7050,165843,59,2687
8/22/2021,PR,Puerto Rico,AMRO,6078,171921,90,2777
8/29/2021,PR,Puerto Rico,AMRO,5321,177242,83,2860
9/5/2021,PR,Puerto Rico,AMRO,4103,181345,90,2950
9/12/2021,PR,Puerto Rico,AMRO,2803,184148,86,3036
9/19/2021,PR,Puerto Rico,AMRO,1952,186100,65,3101
9/26/2021,PR,Puerto Rico,AMRO,1490,187590,55,3156
10/3/2021,PR,Puerto Rico,AMRO,980,188570,26,3182
10/10/2021,PR,Puerto Rico,AMRO,975,189545,23,3205
10/17/2021,PR,Puerto Rico,AMRO,714,190259,14,3219
10/24/2021,PR,Puerto Rico,AMRO,678,190937,16,3235
10/31/2021,PR,Puerto Rico,AMRO,745,191682,11,3246
11/7/2021,PR,Puerto Rico,AMRO,941,192623,7,3253
11/14/2021,PR,Puerto Rico,AMRO,898,193521,10,3263
11/21/2021,PR,Puerto Rico,AMRO,884,194405,7,3270
11/28/2021,PR,Puerto Rico,AMRO,573,194978,4,3274
12/5/2021,PR,Puerto Rico,AMRO,982,195960,4,3278
12/12/2021,PR,Puerto Rico,AMRO,894,196854,4,3282
12/19/2021,PR,Puerto Rico,AMRO,12116,208970,10,3292
12/26/2021,PR,Puerto Rico,AMRO,43364,252334,9,3301
1/2/2022,PR,Puerto Rico,AMRO,72566,324900,30,3331
1/9/2022,PR,Puerto Rico,AMRO,66268,391168,98,3429
1/16/2022,PR,Puerto Rico,AMRO,53195,444363,163,3592
1/23/2022,PR,Puerto Rico,AMRO,23235,467598,180,3772
1/30/2022,PR,Puerto Rico,AMRO,12423,480021,136,3908
2/6/2022,PR,Puerto Rico,AMRO,6736,486757,87,3995
2/13/2022,PR,Puerto Rico,AMRO,4004,490761,69,4064
2/20/2022,PR,Puerto Rico,AMRO,2469,493230,43,4107
2/27/2022,PR,Puerto Rico,AMRO,1847,495077,29,4136
3/6/2022,PR,Puerto Rico,AMRO,1604,496681,22,4158
3/13/2022,PR,Puerto Rico,AMRO,1426,498107,9,4167
3/20/2022,PR,Puerto Rico,AMRO,1552,499659,2,4169
3/27/2022,PR,Puerto Rico,AMRO,2114,501773,4,4173
4/3/2022,PR,Puerto Rico,AMRO,3456,505229,9,4182
4/10/2022,PR,Puerto Rico,AMRO,6088,511317,11,4193
4/17/2022,PR,Puerto Rico,AMRO,10770,522087,5,4198
4/24/2022,PR,Puerto Rico,AMRO,23624,545711,8,4206
5/1/2022,PR,Puerto Rico,AMRO,29984,575695,17,4223
5/8/2022,PR,Puerto Rico,AMRO,33645,609340,27,4250
5/15/2022,PR,Puerto Rico,AMRO,35589,644929,38,4288
5/22/2022,PR,Puerto Rico,AMRO,33626,678555,51,4339
5/29/2022,PR,Puerto Rico,AMRO,30231,708786,49,4388
6/5/2022,PR,Puerto Rico,AMRO,28179,736965,39,4427
6/12/2022,PR,Puerto Rico,AMRO,25388,762353,41,4468
6/19/2022,PR,Puerto Rico,AMRO,24883,787236,41,4509
6/26/2022,PR,Puerto Rico,AMRO,24923,812159,64,4573
7/3/2022,PR,Puerto Rico,AMRO,22949,835108,51,4624
7/10/2022,PR,Puerto Rico,AMRO,18243,853351,41,4665
7/17/2022,PR,Puerto Rico,AMRO,18704,872055,44,4709
7/24/2022,PR,Puerto Rico,AMRO,20155,892210,45,4754
7/31/2022,PR,Puerto Rico,AMRO,18555,910765,47,4801
8/7/2022,PR,Puerto Rico,AMRO,22489,933254,47,4848
8/14/2022,PR,Puerto Rico,AMRO,18684,951938,50,4898
8/21/2022,PR,Puerto Rico,AMRO,15185,967123,39,4937
8/28/2022,PR,Puerto Rico,AMRO,15613,982736,53,4990
9/4/2022,PR,Puerto Rico,AMRO,13188,995924,40,5030
9/11/2022,PR,Puerto Rico,AMRO,10193,1006117,33,5063
9/18/2022,PR,Puerto Rico,AMRO,8459,1014576,47,5110
9/25/2022,PR,Puerto Rico,AMRO,4188,1018764,49,5159
10/2/2022,PR,Puerto Rico,AMRO,5078,1023842,20,5179
10/9/2022,PR,Puerto Rico,AMRO,5375,1029217,27,5206
10/16/2022,PR,Puerto Rico,AMRO,5811,1035028,29,5235
10/23/2022,PR,Puerto Rico,AMRO,7360,1042388,23,5258
10/30/2022,PR,Puerto Rico,AMRO,7747,1050135,17,5275
11/6/2022,PR,Puerto Rico,AMRO,8047,1058182,20,5295
11/13/2022,PR,Puerto Rico,AMRO,7865,1066047,23,5318
11/20/2022,PR,Puerto Rico,AMRO,8840,1074887,28,5346
11/27/2022,PR,Puerto Rico,AMRO,7259,1082146,36,5382
12/4/2022,PR,Puerto Rico,AMRO,12431,1094577,42,5424
12/11/2022,PR,Puerto Rico,AMRO,12129,1106706,38,5462
12/18/2022,PR,Puerto Rico,AMRO,13058,1119764,39,5501
12/25/2022,PR,Puerto Rico,AMRO,11275,1131039,40,5541
1/1/2023,PR,Puerto Rico,AMRO,10107,1141146,36,5577
1/8/2023,PR,Puerto Rico,AMRO,7978,1149124,37,5614
1/15/2023,PR,Puerto Rico,AMRO,11238,1160362,34,5648
1/22/2023,PR,Puerto Rico,AMRO,8830,1169192,34,5682
1/29/2023,PR,Puerto Rico,AMRO,8127,1177319,32,5714
2/5/2023,PR,Puerto Rico,AMRO,6087,1183406,29,5743
2/12/2023,PR,Puerto Rico,AMRO,5033,1188439,32,5775
2/19/2023,PR,Puerto Rico,AMRO,4574,1193013,23,5798
2/26/2023,PR,Puerto Rico,AMRO,3700,1196713,15,5813
3/5/2023,PR,Puerto Rico,AMRO,3062,1199775,17,5830
3/12/2023,PR,Puerto Rico,AMRO,3086,1202861,14,5844
3/19/2023,PR,Puerto Rico,AMRO,3026,1205887,11,5855
3/26/2023,PR,Puerto Rico,AMRO,3117,1209004,6,5861
4/2/2023,PR,Puerto Rico,AMRO,2775,1211779,7,5868
4/9/2023,PR,Puerto Rico,AMRO,1887,1213666,6,5874
4/16/2023,PR,Puerto Rico,AMRO,3211,1216877,8,5882
4/23/2023,PR,Puerto Rico,AMRO,3521,1220398,8,5890
4/30/2023,PR,Puerto Rico,AMRO,3968,1224366,11,5901
5/7/2023,PR,Puerto Rico,AMRO,5044,1229410,11,5912
5/14/2023,PR,Puerto Rico,AMRO,6240,1235650,15,5927
5/21/2023,PR,Puerto Rico,AMRO,6916,1242566,11,5938
5/28/2023,PR,Puerto Rico,AMRO,6903,1249469,0,5938
6/4/2023,PR,Puerto Rico,AMRO,3244,1252713,0,5938
6/11/2023,PR,Puerto Rico,AMRO,0,1252713,0,5938
6/18/2023,PR,Puerto Rico,AMRO,0,1252713,0,5938
6/25/2023,PR,Puerto Rico,AMRO,0,1252713,0,5938
7/2/2023,PR,Puerto Rico,AMRO,0,1252713,0,5938
7/9/2023,PR,Puerto Rico,AMRO,0,1252713,0,5938
7/16/2023,PR,Puerto Rico,AMRO,0,1252713,0,5938
7/23/2023,PR,Puerto Rico,AMRO,0,1252713,0,5938
7/30/2023,PR,Puerto Rico,AMRO,0,1252713,0,5938
8/6/2023,PR,Puerto Rico,AMRO,0,1252713,0,5938
8/13/2023,PR,Puerto Rico,AMRO,0,1252713,0,5938
8/20/2023,PR,Puerto Rico,AMRO,0,1252713,0,5938
8/27/2023,PR,Puerto Rico,AMRO,0,1252713,0,5938
9/3/2023,PR,Puerto Rico,AMRO,0,1252713,0,5938
9/10/2023,PR,Puerto Rico,AMRO,0,1252713,0,5938
9/17/2023,PR,Puerto Rico,AMRO,0,1252713,0,5938
9/24/2023,PR,Puerto Rico,AMRO,0,1252713,0,5938
10/1/2023,PR,Puerto Rico,AMRO,0,1252713,0,5938
10/8/2023,PR,Puerto Rico,AMRO,0,1252713,0,5938
10/15/2023,PR,Puerto Rico,AMRO,0,1252713,0,5938
10/22/2023,PR,Puerto Rico,AMRO,0,1252713,0,5938
10/29/2023,PR,Puerto Rico,AMRO,0,1252713,0,5938
11/5/2023,PR,Puerto Rico,AMRO,0,1252713,0,5938
11/12/2023,PR,Puerto Rico,AMRO,0,1252713,0,5938
11/19/2023,PR,Puerto Rico,AMRO,0,1252713,0,5938
11/26/2023,PR,Puerto Rico,AMRO,0,1252713,0,5938
12/3/2023,PR,Puerto Rico,AMRO,0,1252713,0,5938
12/10/2023,PR,Puerto Rico,AMRO,0,1252713,0,5938
12/17/2023,PR,Puerto Rico,AMRO,0,1252713,0,5938
12/24/2023,PR,Puerto Rico,AMRO,0,1252713,0,5938
1/5/2020,QA,Qatar,EMRO,0,0,0,0
1/12/2020,QA,Qatar,EMRO,0,0,0,0
1/19/2020,QA,Qatar,EMRO,0,0,0,0
1/26/2020,QA,Qatar,EMRO,0,0,0,0
2/2/2020,QA,Qatar,EMRO,0,0,0,0
2/9/2020,QA,Qatar,EMRO,0,0,0,0
2/16/2020,QA,Qatar,EMRO,0,0,0,0
2/23/2020,QA,Qatar,EMRO,0,0,0,0
3/1/2020,QA,Qatar,EMRO,0,0,0,0
3/8/2020,QA,Qatar,EMRO,12,12,0,0
3/15/2020,QA,Qatar,EMRO,325,337,0,0
3/22/2020,QA,Qatar,EMRO,144,481,0,0
3/29/2020,QA,Qatar,EMRO,109,590,0,0
4/5/2020,QA,Qatar,EMRO,735,1325,3,3
4/12/2020,QA,Qatar,EMRO,1403,2728,3,6
4/19/2020,QA,Qatar,EMRO,2280,5008,2,8
4/26/2020,QA,Qatar,EMRO,4350,9358,2,10
5/3/2020,QA,Qatar,EMRO,5514,14872,2,12
5/10/2020,QA,Qatar,EMRO,6459,21331,1,13
5/17/2020,QA,Qatar,EMRO,9641,30972,2,15
5/24/2020,QA,Qatar,EMRO,11241,42213,6,21
5/31/2020,QA,Qatar,EMRO,13049,55262,15,36
6/7/2020,QA,Qatar,EMRO,11933,67195,15,51
6/14/2020,QA,Qatar,EMRO,11221,78416,19,70
6/21/2020,QA,Qatar,EMRO,8072,86488,24,94
6/28/2020,QA,Qatar,EMRO,7175,93663,16,110
7/5/2020,QA,Qatar,EMRO,5520,99183,13,123
7/12/2020,QA,Qatar,EMRO,3945,103128,23,146
7/19/2020,QA,Qatar,EMRO,3180,106308,8,154
7/26/2020,QA,Qatar,EMRO,2728,109036,10,164
8/2/2020,QA,Qatar,EMRO,1875,110911,10,174
8/9/2020,QA,Qatar,EMRO,1739,112650,8,182
8/16/2020,QA,Qatar,EMRO,2159,114809,10,192
8/23/2020,QA,Qatar,EMRO,1956,116765,1,193
8/30/2020,QA,Qatar,EMRO,1642,118407,3,196
9/6/2020,QA,Qatar,EMRO,1457,119864,6,202
9/13/2020,QA,Qatar,EMRO,1659,121523,3,205
9/20/2020,QA,Qatar,EMRO,1623,123146,4,209
9/27/2020,QA,Qatar,EMRO,1704,124850,5,214
10/4/2020,QA,Qatar,EMRO,1489,126339,2,216
10/11/2020,QA,Qatar,EMRO,1439,127778,3,219
10/18/2020,QA,Qatar,EMRO,1449,129227,4,223
10/25/2020,QA,Qatar,EMRO,1738,130965,6,229
11/1/2020,QA,Qatar,EMRO,1591,132556,3,232
11/8/2020,QA,Qatar,EMRO,1457,134013,0,232
11/15/2020,QA,Qatar,EMRO,1557,135570,2,234
11/22/2020,QA,Qatar,EMRO,1492,137062,1,235
11/29/2020,QA,Qatar,EMRO,1415,138477,2,237
12/6/2020,QA,Qatar,EMRO,1306,139783,2,239
12/13/2020,QA,Qatar,EMRO,1044,140827,1,240
12/20/2020,QA,Qatar,EMRO,1031,141858,3,243
12/27/2020,QA,Qatar,EMRO,1045,142903,1,244
1/3/2021,QA,Qatar,EMRO,1337,144240,1,245
1/10/2021,QA,Qatar,EMRO,1432,145672,1,246
1/17/2021,QA,Qatar,EMRO,1417,147089,0,246
1/24/2021,QA,Qatar,EMRO,1683,148772,2,248
1/31/2021,QA,Qatar,EMRO,2212,150984,0,248
2/7/2021,QA,Qatar,EMRO,2706,153690,2,250
2/14/2021,QA,Qatar,EMRO,3114,156804,5,255
2/21/2021,QA,Qatar,EMRO,3163,159967,1,256
2/28/2021,QA,Qatar,EMRO,3230,163197,1,257
3/7/2021,QA,Qatar,EMRO,3278,166475,5,262
3/14/2021,QA,Qatar,EMRO,3292,169767,3,265
3/21/2021,QA,Qatar,EMRO,3439,173206,7,272
3/28/2021,QA,Qatar,EMRO,3929,177135,12,284
4/4/2021,QA,Qatar,EMRO,5413,182548,17,301
4/11/2021,QA,Qatar,EMRO,6516,189064,30,331
4/18/2021,QA,Qatar,EMRO,6693,195757,45,376
4/25/2021,QA,Qatar,EMRO,5739,201496,42,418
5/2/2021,QA,Qatar,EMRO,4806,206302,47,465
5/9/2021,QA,Qatar,EMRO,4301,210603,37,502
5/16/2021,QA,Qatar,EMRO,2324,212927,24,526
5/23/2021,QA,Qatar,EMRO,2233,215160,17,543
5/30/2021,QA,Qatar,EMRO,1881,217041,11,554
6/6/2021,QA,Qatar,EMRO,1414,218455,12,566
6/13/2021,QA,Qatar,EMRO,1158,219613,10,576
6/20/2021,QA,Qatar,EMRO,1080,220693,6,582
6/27/2021,QA,Qatar,EMRO,897,221590,6,588
7/4/2021,QA,Qatar,EMRO,863,222453,4,592
7/11/2021,QA,Qatar,EMRO,819,223272,7,599
7/18/2021,QA,Qatar,EMRO,888,224160,0,599
7/25/2021,QA,Qatar,EMRO,912,225072,1,600
8/1/2021,QA,Qatar,EMRO,1167,226239,1,601
8/8/2021,QA,Qatar,EMRO,1233,227472,0,601
8/15/2021,QA,Qatar,EMRO,1509,228981,0,601
8/22/2021,QA,Qatar,EMRO,1651,230632,0,601
8/29/2021,QA,Qatar,EMRO,1555,232187,1,602
9/5/2021,QA,Qatar,EMRO,1250,233437,0,602
9/12/2021,QA,Qatar,EMRO,1072,234509,2,604
9/19/2021,QA,Qatar,EMRO,877,235386,0,604
9/26/2021,QA,Qatar,EMRO,845,236231,0,604
10/3/2021,QA,Qatar,EMRO,603,236834,2,606
10/10/2021,QA,Qatar,EMRO,525,237359,1,607
10/17/2021,QA,Qatar,EMRO,508,237867,1,608
10/24/2021,QA,Qatar,EMRO,569,238436,0,608
10/31/2021,QA,Qatar,EMRO,707,239143,2,610
11/7/2021,QA,Qatar,EMRO,852,239995,1,611
11/14/2021,QA,Qatar,EMRO,970,240965,0,611
11/21/2021,QA,Qatar,EMRO,1004,241969,0,611
11/28/2021,QA,Qatar,EMRO,1010,242979,0,611
12/5/2021,QA,Qatar,EMRO,1092,244071,0,611
12/12/2021,QA,Qatar,EMRO,1117,245188,1,612
12/19/2021,QA,Qatar,EMRO,1179,246367,2,614
12/26/2021,QA,Qatar,EMRO,1429,247796,0,614
1/2/2022,QA,Qatar,EMRO,3565,251361,4,618
1/9/2022,QA,Qatar,EMRO,15601,266962,0,618
1/16/2022,QA,Qatar,EMRO,28259,295221,6,624
1/23/2022,QA,Qatar,EMRO,25143,320364,9,633
1/30/2022,QA,Qatar,EMRO,15717,336081,12,645
2/6/2022,QA,Qatar,EMRO,8630,344711,7,652
2/13/2022,QA,Qatar,EMRO,5477,350188,4,656
2/20/2022,QA,Qatar,EMRO,3592,353780,6,662
2/27/2022,QA,Qatar,EMRO,2583,356363,5,667
3/6/2022,QA,Qatar,EMRO,1720,358083,3,670
3/13/2022,QA,Qatar,EMRO,945,359028,5,675
3/20/2022,QA,Qatar,EMRO,778,359806,2,677
3/27/2022,QA,Qatar,EMRO,898,360704,0,677
4/3/2022,QA,Qatar,EMRO,963,361667,0,677
4/10/2022,QA,Qatar,EMRO,956,362623,0,677
4/17/2022,QA,Qatar,EMRO,820,363443,0,677
4/24/2022,QA,Qatar,EMRO,646,364089,0,677
5/1/2022,QA,Qatar,EMRO,513,364602,0,677
5/8/2022,QA,Qatar,EMRO,456,365058,0,677
5/15/2022,QA,Qatar,EMRO,976,366034,0,677
5/22/2022,QA,Qatar,EMRO,918,366952,0,677
5/29/2022,QA,Qatar,EMRO,1135,368087,0,677
6/5/2022,QA,Qatar,EMRO,1549,369636,0,677
6/12/2022,QA,Qatar,EMRO,2210,371846,0,677
6/19/2022,QA,Qatar,EMRO,3077,374923,1,678
6/26/2022,QA,Qatar,EMRO,4354,379277,0,678
7/3/2022,QA,Qatar,EMRO,4530,383807,1,679
7/10/2022,QA,Qatar,EMRO,4574,388381,0,679
7/17/2022,QA,Qatar,EMRO,5453,393834,1,680
7/24/2022,QA,Qatar,EMRO,7488,401322,0,680
7/31/2022,QA,Qatar,EMRO,6427,407749,1,681
8/7/2022,QA,Qatar,EMRO,5740,413489,0,681
8/14/2022,QA,Qatar,EMRO,5133,418622,0,681
8/21/2022,QA,Qatar,EMRO,4496,423118,0,681
8/28/2022,QA,Qatar,EMRO,3883,427001,0,681
9/4/2022,QA,Qatar,EMRO,3944,430945,0,681
9/11/2022,QA,Qatar,EMRO,4247,435192,1,682
9/18/2022,QA,Qatar,EMRO,5388,440580,0,682
9/25/2022,QA,Qatar,EMRO,5697,446277,0,682
10/2/2022,QA,Qatar,EMRO,5398,451675,0,682
10/9/2022,QA,Qatar,EMRO,5144,456819,0,682
10/16/2022,QA,Qatar,EMRO,4579,461398,0,682
10/23/2022,QA,Qatar,EMRO,3732,465130,2,684
10/30/2022,QA,Qatar,EMRO,3172,468302,0,684
11/6/2022,QA,Qatar,EMRO,2702,471004,0,684
11/13/2022,QA,Qatar,EMRO,2436,473440,0,684
11/20/2022,QA,Qatar,EMRO,2186,475626,0,684
11/27/2022,QA,Qatar,EMRO,1794,477420,1,685
12/4/2022,QA,Qatar,EMRO,2679,480099,0,685
12/11/2022,QA,Qatar,EMRO,3722,483821,0,685
12/18/2022,QA,Qatar,EMRO,2406,486227,0,685
12/25/2022,QA,Qatar,EMRO,1760,487987,0,685
1/1/2023,QA,Qatar,EMRO,1441,489428,0,685
1/8/2023,QA,Qatar,EMRO,1065,490493,0,685
1/15/2023,QA,Qatar,EMRO,811,491304,0,685
1/22/2023,QA,Qatar,EMRO,606,491910,1,686
1/29/2023,QA,Qatar,EMRO,344,492254,0,686
2/5/2023,QA,Qatar,EMRO,341,492595,0,686
2/12/2023,QA,Qatar,EMRO,330,492925,0,686
2/19/2023,QA,Qatar,EMRO,427,493352,0,686
2/26/2023,QA,Qatar,EMRO,372,493724,0,686
3/5/2023,QA,Qatar,EMRO,653,494377,1,687
3/12/2023,QA,Qatar,EMRO,713,495090,1,688
3/19/2023,QA,Qatar,EMRO,766,495856,0,688
3/26/2023,QA,Qatar,EMRO,2056,497912,0,688
4/2/2023,QA,Qatar,EMRO,1939,499851,0,688
4/9/2023,QA,Qatar,EMRO,2257,502108,0,688
4/16/2023,QA,Qatar,EMRO,2744,504852,2,690
4/23/2023,QA,Qatar,EMRO,1471,506323,0,690
4/30/2023,QA,Qatar,EMRO,1684,508007,0,690
5/7/2023,QA,Qatar,EMRO,1433,509440,0,690
5/14/2023,QA,Qatar,EMRO,1539,510979,0,690
5/21/2023,QA,Qatar,EMRO,953,511932,0,690
5/28/2023,QA,Qatar,EMRO,1183,513115,0,690
6/4/2023,QA,Qatar,EMRO,465,513580,0,690
6/11/2023,QA,Qatar,EMRO,465,514045,0,690
6/18/2023,QA,Qatar,EMRO,291,514336,0,690
6/25/2023,QA,Qatar,EMRO,188,514524,0,690
7/2/2023,QA,Qatar,EMRO,0,514524,0,690
7/9/2023,QA,Qatar,EMRO,0,514524,0,690
7/16/2023,QA,Qatar,EMRO,0,514524,0,690
7/23/2023,QA,Qatar,EMRO,0,514524,0,690
7/30/2023,QA,Qatar,EMRO,0,514524,0,690
8/6/2023,QA,Qatar,EMRO,0,514524,0,690
8/13/2023,QA,Qatar,EMRO,0,514524,0,690
8/20/2023,QA,Qatar,EMRO,0,514524,0,690
8/27/2023,QA,Qatar,EMRO,0,514524,0,690
9/3/2023,QA,Qatar,EMRO,0,514524,0,690
9/10/2023,QA,Qatar,EMRO,0,514524,0,690
9/17/2023,QA,Qatar,EMRO,0,514524,0,690
9/24/2023,QA,Qatar,EMRO,0,514524,0,690
10/1/2023,QA,Qatar,EMRO,0,514524,0,690
10/8/2023,QA,Qatar,EMRO,0,514524,0,690
10/15/2023,QA,Qatar,EMRO,0,514524,0,690
10/22/2023,QA,Qatar,EMRO,0,514524,0,690
10/29/2023,QA,Qatar,EMRO,0,514524,0,690
11/5/2023,QA,Qatar,EMRO,0,514524,0,690
11/12/2023,QA,Qatar,EMRO,0,514524,0,690
11/19/2023,QA,Qatar,EMRO,0,514524,0,690
11/26/2023,QA,Qatar,EMRO,0,514524,0,690
12/3/2023,QA,Qatar,EMRO,0,514524,0,690
12/10/2023,QA,Qatar,EMRO,0,514524,0,690
12/17/2023,QA,Qatar,EMRO,0,514524,0,690
12/24/2023,QA,Qatar,EMRO,0,514524,0,690
1/5/2020,KR,Republic of Korea,WPRO,0,0,0,0
1/12/2020,KR,Republic of Korea,WPRO,0,0,0,0
1/19/2020,KR,Republic of Korea,WPRO,1,1,0,0
1/26/2020,KR,Republic of Korea,WPRO,2,3,0,0
2/2/2020,KR,Republic of Korea,WPRO,12,15,0,0
2/9/2020,KR,Republic of Korea,WPRO,12,27,0,0
2/16/2020,KR,Republic of Korea,WPRO,3,30,0,0
2/23/2020,KR,Republic of Korea,WPRO,526,556,3,3
3/1/2020,KR,Republic of Korea,WPRO,2970,3526,14,17
3/8/2020,KR,Republic of Korea,WPRO,3608,7134,33,50
3/15/2020,KR,Republic of Korea,WPRO,1028,8162,25,75
3/22/2020,KR,Republic of Korea,WPRO,735,8897,29,104
3/29/2020,KR,Republic of Korea,WPRO,686,9583,48,152
4/5/2020,KR,Republic of Korea,WPRO,654,10237,31,183
4/12/2020,KR,Republic of Korea,WPRO,275,10512,31,214
4/19/2020,KR,Republic of Korea,WPRO,149,10661,20,234
4/26/2020,KR,Republic of Korea,WPRO,67,10728,8,242
5/3/2020,KR,Republic of Korea,WPRO,65,10793,8,250
5/10/2020,KR,Republic of Korea,WPRO,81,10874,6,256
5/17/2020,KR,Republic of Korea,WPRO,176,11050,6,262
5/24/2020,KR,Republic of Korea,WPRO,140,11190,4,266
5/31/2020,KR,Republic of Korea,WPRO,278,11468,4,270
6/7/2020,KR,Republic of Korea,WPRO,308,11776,3,273
6/14/2020,KR,Republic of Korea,WPRO,308,12084,4,277
6/21/2020,KR,Republic of Korea,WPRO,337,12421,3,280
6/28/2020,KR,Republic of Korea,WPRO,294,12715,2,282
7/5/2020,KR,Republic of Korea,WPRO,374,13089,1,283
7/12/2020,KR,Republic of Korea,WPRO,328,13417,6,289
7/19/2020,KR,Republic of Korea,WPRO,328,13745,6,295
7/26/2020,KR,Republic of Korea,WPRO,405,14150,3,298
8/2/2020,KR,Republic of Korea,WPRO,216,14366,3,301
8/9/2020,KR,Republic of Korea,WPRO,232,14598,4,305
8/16/2020,KR,Republic of Korea,WPRO,720,15318,0,305
8/23/2020,KR,Republic of Korea,WPRO,2081,17399,4,309
8/30/2020,KR,Republic of Korea,WPRO,2300,19699,14,323
9/6/2020,KR,Republic of Korea,WPRO,1478,21177,11,334
9/13/2020,KR,Republic of Korea,WPRO,999,22176,24,358
9/20/2020,KR,Republic of Korea,WPRO,799,22975,25,383
9/27/2020,KR,Republic of Korea,WPRO,636,23611,18,401
10/4/2020,KR,Republic of Korea,WPRO,480,24091,20,421
10/11/2020,KR,Republic of Korea,WPRO,515,24606,11,432
10/18/2020,KR,Republic of Korea,WPRO,593,25199,12,444
10/25/2020,KR,Republic of Korea,WPRO,637,25836,13,457
11/1/2020,KR,Republic of Korea,WPRO,799,26635,9,466
11/8/2020,KR,Republic of Korea,WPRO,791,27426,12,478
11/15/2020,KR,Republic of Korea,WPRO,1118,28544,15,493
11/22/2020,KR,Republic of Korea,WPRO,2126,30670,12,505
11/29/2020,KR,Republic of Korea,WPRO,3091,33761,18,523
12/6/2020,KR,Republic of Korea,WPRO,3776,37537,22,545
12/13/2020,KR,Republic of Korea,WPRO,5221,42758,35,580
12/20/2020,KR,Republic of Korea,WPRO,6896,49654,94,674
12/27/2020,KR,Republic of Korea,WPRO,7201,56855,134,808
1/3/2021,KR,Republic of Korea,WPRO,7396,64251,154,962
1/10/2021,KR,Republic of Korea,WPRO,4844,69095,163,1125
1/17/2021,KR,Republic of Korea,WPRO,3623,72718,124,1249
1/24/2021,KR,Republic of Korea,WPRO,2796,75514,100,1349
1/31/2021,KR,Republic of Korea,WPRO,2989,78503,71,1420
2/7/2021,KR,Republic of Korea,WPRO,2673,81176,51,1471
2/14/2021,KR,Republic of Korea,WPRO,2685,83861,51,1522
2/21/2021,KR,Republic of Korea,WPRO,3456,87317,35,1557
2/28/2021,KR,Republic of Korea,WPRO,2703,90020,46,1603
3/7/2021,KR,Republic of Korea,WPRO,2790,92810,31,1634
3/14/2021,KR,Republic of Korea,WPRO,3197,96007,35,1669
3/21/2021,KR,Republic of Korea,WPRO,3058,99065,27,1696
3/28/2021,KR,Republic of Korea,WPRO,3062,102127,26,1722
4/4/2021,KR,Republic of Korea,WPRO,3620,105747,22,1744
4/11/2021,KR,Republic of Korea,WPRO,4394,110141,24,1768
4/18/2021,KR,Republic of Korea,WPRO,4505,114646,29,1797
4/25/2021,KR,Republic of Korea,WPRO,4732,119378,16,1813
5/2/2021,KR,Republic of Korea,WPRO,4342,123720,21,1834
5/9/2021,KR,Republic of Korea,WPRO,4044,127764,41,1875
5/16/2021,KR,Republic of Korea,WPRO,4516,132280,28,1903
5/23/2021,KR,Republic of Korea,WPRO,4178,136458,31,1934
5/30/2021,KR,Republic of Korea,WPRO,3880,140338,25,1959
6/6/2021,KR,Republic of Korea,WPRO,4297,144635,15,1974
6/13/2021,KR,Republic of Korea,WPRO,3638,148273,14,1988
6/20/2021,KR,Republic of Korea,WPRO,3233,151506,16,2004
6/27/2021,KR,Republic of Korea,WPRO,4066,155572,11,2015
7/4/2021,KR,Republic of Korea,WPRO,5223,160795,13,2028
7/11/2021,KR,Republic of Korea,WPRO,8351,169146,16,2044
7/18/2021,KR,Republic of Korea,WPRO,10057,179203,14,2058
7/25/2021,KR,Republic of Korea,WPRO,10963,190166,19,2077
8/1/2021,KR,Republic of Korea,WPRO,10835,201001,22,2099
8/8/2021,KR,Republic of Korea,WPRO,11446,212447,26,2125
8/15/2021,KR,Republic of Korea,WPRO,13034,225481,42,2167
8/22/2021,KR,Republic of Korea,WPRO,12297,237778,55,2222
8/29/2021,KR,Republic of Korea,WPRO,12271,250049,62,2284
9/5/2021,KR,Republic of Korea,WPRO,11728,261777,43,2327
9/12/2021,KR,Republic of Korea,WPRO,12636,274413,33,2360
9/19/2021,KR,Republic of Korea,WPRO,13121,287534,49,2409
9/26/2021,KR,Republic of Korea,WPRO,16019,303553,47,2456
10/3/2021,KR,Republic of Korea,WPRO,16224,319777,57,2513
10/10/2021,KR,Republic of Korea,WPRO,13039,332816,70,2583
10/17/2021,KR,Republic of Korea,WPRO,10629,343445,85,2668
10/24/2021,KR,Republic of Korea,WPRO,9644,353089,105,2773
10/31/2021,KR,Republic of Korea,WPRO,13296,366385,86,2859
11/7/2021,KR,Republic of Korea,WPRO,15307,381692,121,2980
11/14/2021,KR,Republic of Korea,WPRO,15774,397466,135,3115
11/21/2021,KR,Republic of Korea,WPRO,20785,418251,183,3298
11/28/2021,KR,Republic of Korea,WPRO,25947,444198,282,3580
12/5/2021,KR,Republic of Korea,WPRO,33158,477356,313,3893
12/12/2021,KR,Republic of Korea,WPRO,45729,523085,400,4293
12/19/2021,KR,Republic of Korea,WPRO,47328,570413,483,4776
12/26/2021,KR,Republic of Korea,WPRO,41254,611667,524,5300
1/2/2022,KR,Republic of Korea,WPRO,30535,642202,430,5730
1/9/2022,KR,Republic of Korea,WPRO,25184,667386,341,6071
1/16/2022,KR,Republic of Korea,WPRO,28644,696030,262,6333
1/23/2022,KR,Republic of Korea,WPRO,45378,741408,232,6565
1/30/2022,KR,Republic of Korea,WPRO,104291,845699,190,6755
2/6/2022,KR,Republic of Korea,WPRO,199263,1044962,131,6886
2/13/2022,KR,Republic of Korea,WPRO,360282,1405244,216,7102
2/20/2022,KR,Republic of Korea,WPRO,652917,2058161,348,7450
2/27/2022,KR,Republic of Korea,WPRO,1076295,3134456,608,8058
3/6/2022,KR,Republic of Korea,WPRO,1532514,4666970,1038,9096
3/13/2022,KR,Republic of Korea,WPRO,2199242,6866212,1499,10595
3/20/2022,KR,Republic of Korea,WPRO,2716348,9582560,2162,12757
3/27/2022,KR,Republic of Korea,WPRO,2420314,12002874,2429,15186
4/3/2022,KR,Republic of Korea,WPRO,1998392,14001266,2267,17453
4/10/2022,KR,Republic of Korea,WPRO,1423253,15424519,2226,19679
4/17/2022,KR,Republic of Korea,WPRO,928917,16353436,1545,21224
4/24/2022,KR,Republic of Korea,WPRO,576068,16929504,1019,22243
5/1/2022,KR,Republic of Korea,WPRO,366118,17295622,715,22958
5/8/2022,KR,Republic of Korea,WPRO,269340,17564962,442,23400
5/15/2022,KR,Republic of Korea,WPRO,230350,17795312,344,23744
5/22/2022,KR,Republic of Korea,WPRO,172329,17967641,243,23987
5/29/2022,KR,Republic of Korea,WPRO,118806,18086447,180,24167
6/5/2022,KR,Republic of Korea,WPRO,82261,18168708,132,24299
6/12/2022,KR,Republic of Korea,WPRO,60570,18229278,91,24390
6/19/2022,KR,Republic of Korea,WPRO,50785,18280063,73,24463
6/26/2022,KR,Republic of Korea,WPRO,49360,18329423,67,24530
7/3/2022,KR,Republic of Korea,WPRO,60188,18389611,46,24576
7/10/2022,KR,Republic of Korea,WPRO,122234,18511845,92,24668
7/17/2022,KR,Republic of Korea,WPRO,249912,18761757,97,24765
7/24/2022,KR,Republic of Korea,WPRO,449856,19211613,142,24907
7/31/2022,KR,Republic of Korea,WPRO,564437,19776050,177,25084
8/7/2022,KR,Republic of Korea,WPRO,713078,20489128,248,25332
8/14/2022,KR,Republic of Korea,WPRO,866830,21355958,378,25710
8/21/2022,KR,Republic of Korea,WPRO,884373,22240331,451,26161
8/28/2022,KR,Republic of Korea,WPRO,743487,22983818,528,26689
9/4/2022,KR,Republic of Korea,WPRO,585374,23569192,504,27193
9/11/2022,KR,Republic of Korea,WPRO,435695,24004887,340,27533
9/18/2022,KR,Republic of Korea,WPRO,389579,24394466,358,27891
9/25/2022,KR,Republic of Korea,WPRO,225662,24620128,381,28272
10/2/2022,KR,Republic of Korea,WPRO,199483,24819611,256,28528
10/9/2022,KR,Republic of Korea,WPRO,151178,24970789,180,28708
10/16/2022,KR,Republic of Korea,WPRO,149676,25120465,148,28856
10/23/2022,KR,Republic of Korea,WPRO,176869,25297334,161,29017
10/30/2022,KR,Republic of Korea,WPRO,241465,25538799,213,29230
11/6/2022,KR,Republic of Korea,WPRO,299440,25838239,190,29420
11/13/2022,KR,Republic of Korea,WPRO,355990,26194229,328,29748
11/20/2022,KR,Republic of Korea,WPRO,364536,26558765,363,30111
11/27/2022,KR,Republic of Korea,WPRO,378751,26937516,343,30454
12/4/2022,KR,Republic of Korea,WPRO,370574,27308090,339,30793
12/11/2022,KR,Republic of Korea,WPRO,420392,27728482,335,31128
12/18/2022,KR,Republic of Korea,WPRO,459811,28188293,362,31490
12/25/2022,KR,Republic of Korea,WPRO,470762,28659055,392,31882
1/1/2023,KR,Republic of Korea,WPRO,457745,29116800,419,32301
1/8/2023,KR,Republic of Korea,WPRO,403800,29520600,195,32496
1/15/2023,KR,Republic of Korea,WPRO,286291,29806891,0,32496
1/22/2023,KR,Republic of Korea,WPRO,192638,29999529,0,32496
1/29/2023,KR,Republic of Korea,WPRO,150072,30149601,0,32496
2/5/2023,KR,Republic of Korea,WPRO,107810,30257411,1118,33614
2/12/2023,KR,Republic of Korea,WPRO,92788,30350199,133,33747
2/19/2023,KR,Republic of Korea,WPRO,79372,30429571,118,33865
2/26/2023,KR,Republic of Korea,WPRO,69307,30498878,96,33961
3/5/2023,KR,Republic of Korea,WPRO,66037,30564915,73,34034
3/12/2023,KR,Republic of Korea,WPRO,69816,30634731,81,34115
3/19/2023,KR,Republic of Korea,WPRO,64299,30699030,56,34171
3/26/2023,KR,Republic of Korea,WPRO,70226,30769256,52,34223
4/2/2023,KR,Republic of Korea,WPRO,71121,30840377,58,34281
4/9/2023,KR,Republic of Korea,WPRO,73678,30914055,51,34332
4/16/2023,KR,Republic of Korea,WPRO,75087,30989142,44,34376
4/23/2023,KR,Republic of Korea,WPRO,89417,31078559,51,34427
4/30/2023,KR,Republic of Korea,WPRO,92327,31170886,60,34487
5/7/2023,KR,Republic of Korea,WPRO,106860,31277746,47,34534
5/14/2023,KR,Republic of Korea,WPRO,130356,31408102,76,34610
5/21/2023,KR,Republic of Korea,WPRO,133183,31541285,77,34687
5/28/2023,KR,Republic of Korea,WPRO,105688,31646973,67,34754
6/4/2023,KR,Republic of Korea,WPRO,100866,31747839,73,34827
6/11/2023,KR,Republic of Korea,WPRO,135758,31883597,66,34893
6/18/2023,KR,Republic of Korea,WPRO,21070,31904667,67,34960
6/25/2023,KR,Republic of Korea,WPRO,113819,32018486,57,35017
7/2/2023,KR,Republic of Korea,WPRO,113120,32131606,54,35071
7/9/2023,KR,Republic of Korea,WPRO,124548,32256154,0,35071
7/16/2023,KR,Republic of Korea,WPRO,150444,32406598,88,35159
7/23/2023,KR,Republic of Korea,WPRO,204911,32611509,57,35216
7/30/2023,KR,Republic of Korea,WPRO,271581,32883090,97,35313
8/6/2023,KR,Republic of Korea,WPRO,651129,33534219,98,35411
8/13/2023,KR,Republic of Korea,WPRO,81573,33615792,0,35411
8/20/2023,KR,Republic of Korea,WPRO,281745,33897537,146,35557
8/27/2023,KR,Republic of Korea,WPRO,282263,34179800,255,35812
9/3/2023,KR,Republic of Korea,WPRO,256742,34436542,0,35812
9/10/2023,KR,Republic of Korea,WPRO,135331,34571873,122,35934
9/17/2023,KR,Republic of Korea,WPRO,0,34571873,0,35934
9/24/2023,KR,Republic of Korea,WPRO,0,34571873,0,35934
10/1/2023,KR,Republic of Korea,WPRO,0,34571873,0,35934
10/8/2023,KR,Republic of Korea,WPRO,0,34571873,0,35934
10/15/2023,KR,Republic of Korea,WPRO,0,34571873,0,35934
10/22/2023,KR,Republic of Korea,WPRO,0,34571873,0,35934
10/29/2023,KR,Republic of Korea,WPRO,0,34571873,0,35934
11/5/2023,KR,Republic of Korea,WPRO,0,34571873,0,35934
11/12/2023,KR,Republic of Korea,WPRO,0,34571873,0,35934
11/19/2023,KR,Republic of Korea,WPRO,0,34571873,0,35934
11/26/2023,KR,Republic of Korea,WPRO,0,34571873,0,35934
12/3/2023,KR,Republic of Korea,WPRO,0,34571873,0,35934
12/10/2023,KR,Republic of Korea,WPRO,0,34571873,0,35934
12/17/2023,KR,Republic of Korea,WPRO,0,34571873,0,35934
12/24/2023,KR,Republic of Korea,WPRO,0,34571873,0,35934
1/5/2020,MD,Republic of Moldova,EURO,0,0,0,0
1/12/2020,MD,Republic of Moldova,EURO,0,0,0,0
1/19/2020,MD,Republic of Moldova,EURO,0,0,0,0
1/26/2020,MD,Republic of Moldova,EURO,0,0,0,0
2/2/2020,MD,Republic of Moldova,EURO,0,0,0,0
2/9/2020,MD,Republic of Moldova,EURO,0,0,0,0
2/16/2020,MD,Republic of Moldova,EURO,0,0,0,0
2/23/2020,MD,Republic of Moldova,EURO,0,0,0,0
3/1/2020,MD,Republic of Moldova,EURO,0,0,0,0
3/8/2020,MD,Republic of Moldova,EURO,1,1,0,0
3/15/2020,MD,Republic of Moldova,EURO,7,8,0,0
3/22/2020,MD,Republic of Moldova,EURO,72,80,1,1
3/29/2020,MD,Republic of Moldova,EURO,151,231,1,2
4/5/2020,MD,Republic of Moldova,EURO,521,752,10,12
4/12/2020,MD,Republic of Moldova,EURO,808,1560,18,30
4/19/2020,MD,Republic of Moldova,EURO,791,2351,30,60
4/26/2020,MD,Republic of Moldova,EURO,953,3304,34,94
5/3/2020,MD,Republic of Moldova,EURO,748,4052,30,124
5/10/2020,MD,Republic of Moldova,EURO,815,4867,41,165
5/17/2020,MD,Republic of Moldova,EURO,1067,5934,44,209
5/24/2020,MD,Republic of Moldova,EURO,1060,6994,41,250
5/31/2020,MD,Republic of Moldova,EURO,1104,8098,46,296
6/7/2020,MD,Republic of Moldova,EURO,1413,9511,41,337
6/14/2020,MD,Republic of Moldova,EURO,1948,11459,64,401
6/21/2020,MD,Republic of Moldova,EURO,2494,13953,65,466
6/28/2020,MD,Republic of Moldova,EURO,2127,16080,62,528
7/5/2020,MD,Republic of Moldova,EURO,1592,17672,58,586
7/12/2020,MD,Republic of Moldova,EURO,1536,19208,58,644
7/19/2020,MD,Republic of Moldova,EURO,1586,20794,40,684
7/26/2020,MD,Republic of Moldova,EURO,2034,22828,53,737
8/2/2020,MD,Republic of Moldova,EURO,2285,25113,57,794
8/9/2020,MD,Republic of Moldova,EURO,2330,27443,52,846
8/16/2020,MD,Republic of Moldova,EURO,2462,29905,54,900
8/23/2020,MD,Republic of Moldova,EURO,3167,33072,40,940
8/30/2020,MD,Republic of Moldova,EURO,3332,36404,55,995
9/6/2020,MD,Republic of Moldova,EURO,3069,39473,73,1068
9/13/2020,MD,Republic of Moldova,EURO,3241,42714,55,1123
9/20/2020,MD,Republic of Moldova,EURO,3622,46336,83,1206
9/27/2020,MD,Republic of Moldova,EURO,4198,50534,78,1284
10/4/2020,MD,Republic of Moldova,EURO,5354,55888,78,1362
10/11/2020,MD,Republic of Moldova,EURO,5874,61762,105,1467
10/18/2020,MD,Republic of Moldova,EURO,4890,66652,111,1578
10/25/2020,MD,Republic of Moldova,EURO,4437,71089,100,1678
11/1/2020,MD,Republic of Moldova,EURO,4951,76040,133,1811
11/8/2020,MD,Republic of Moldova,EURO,5635,81675,106,1917
11/15/2020,MD,Republic of Moldova,EURO,7097,88772,115,2032
11/22/2020,MD,Republic of Moldova,EURO,7917,96689,124,2156
11/29/2020,MD,Republic of Moldova,EURO,9163,105852,139,2295
12/6/2020,MD,Republic of Moldova,EURO,9705,115557,185,2480
12/13/2020,MD,Republic of Moldova,EURO,10166,125723,144,2624
12/20/2020,MD,Republic of Moldova,EURO,8855,134578,180,2804
12/27/2020,MD,Republic of Moldova,EURO,6418,140996,156,2960
1/3/2021,MD,Republic of Moldova,EURO,4698,145694,211,3171
1/10/2021,MD,Republic of Moldova,EURO,3399,149093,110,3281
1/17/2021,MD,Republic of Moldova,EURO,3547,152640,115,3396
1/24/2021,MD,Republic of Moldova,EURO,3297,155937,102,3498
1/31/2021,MD,Republic of Moldova,EURO,3576,159513,123,3621
2/7/2021,MD,Republic of Moldova,EURO,4730,164243,96,3717
2/14/2021,MD,Republic of Moldova,EURO,5562,169805,110,3827
2/21/2021,MD,Republic of Moldova,EURO,6440,176245,120,3947
2/28/2021,MD,Republic of Moldova,EURO,8611,184856,236,4183
3/7/2021,MD,Republic of Moldova,EURO,9749,194605,167,4350
3/14/2021,MD,Republic of Moldova,EURO,9105,203710,203,4553
3/21/2021,MD,Republic of Moldova,EURO,10493,214203,237,4790
3/28/2021,MD,Republic of Moldova,EURO,11457,225660,254,5044
4/4/2021,MD,Republic of Moldova,EURO,8734,234394,479,5523
4/11/2021,MD,Republic of Moldova,EURO,6492,240886,277,5800
4/18/2021,MD,Republic of Moldova,EURO,4608,245494,179,5979
4/25/2021,MD,Republic of Moldova,EURO,3404,248898,161,6140
5/2/2021,MD,Republic of Moldova,EURO,2262,251160,184,6324
5/9/2021,MD,Republic of Moldova,EURO,1444,252604,117,6441
5/16/2021,MD,Republic of Moldova,EURO,1132,253736,73,6514
5/23/2021,MD,Republic of Moldova,EURO,865,254601,56,6570
5/30/2021,MD,Republic of Moldova,EURO,504,255105,28,6598
6/6/2021,MD,Republic of Moldova,EURO,327,255432,77,6675
6/13/2021,MD,Republic of Moldova,EURO,326,255758,20,6695
6/20/2021,MD,Republic of Moldova,EURO,345,256103,16,6711
6/27/2021,MD,Republic of Moldova,EURO,424,256527,15,6726
7/4/2021,MD,Republic of Moldova,EURO,404,256931,17,6743
7/11/2021,MD,Republic of Moldova,EURO,488,257419,13,6756
7/18/2021,MD,Republic of Moldova,EURO,484,257903,16,6772
7/25/2021,MD,Republic of Moldova,EURO,678,258581,18,6790
8/1/2021,MD,Republic of Moldova,EURO,897,259478,20,6810
8/8/2021,MD,Republic of Moldova,EURO,1077,260555,24,6834
8/15/2021,MD,Republic of Moldova,EURO,1392,261947,25,6859
8/22/2021,MD,Republic of Moldova,EURO,2336,264283,52,6911
8/29/2021,MD,Republic of Moldova,EURO,2501,266784,34,6945
9/5/2021,MD,Republic of Moldova,EURO,3202,269986,50,6995
9/12/2021,MD,Republic of Moldova,EURO,4613,274599,81,7076
9/19/2021,MD,Republic of Moldova,EURO,6617,281216,79,7155
9/26/2021,MD,Republic of Moldova,EURO,7161,288377,93,7248
10/3/2021,MD,Republic of Moldova,EURO,8295,296672,156,7404
10/10/2021,MD,Republic of Moldova,EURO,9305,305977,173,7577
10/17/2021,MD,Republic of Moldova,EURO,9437,315414,204,7781
10/24/2021,MD,Republic of Moldova,EURO,11680,327094,253,8034
10/31/2021,MD,Republic of Moldova,EURO,10021,337115,296,8330
11/7/2021,MD,Republic of Moldova,EURO,8402,345517,305,8635
11/14/2021,MD,Republic of Moldova,EURO,7153,352670,390,9025
11/21/2021,MD,Republic of Moldova,EURO,5161,357831,353,9378
11/28/2021,MD,Republic of Moldova,EURO,4495,362326,255,9633
12/5/2021,MD,Republic of Moldova,EURO,3836,366162,154,9787
12/12/2021,MD,Republic of Moldova,EURO,3240,369402,146,9933
12/19/2021,MD,Republic of Moldova,EURO,2752,372154,128,10061
12/26/2021,MD,Republic of Moldova,EURO,2195,374349,123,10184
1/2/2022,MD,Republic of Moldova,EURO,2085,376434,100,10284
1/9/2022,MD,Republic of Moldova,EURO,3467,379901,72,10356
1/16/2022,MD,Republic of Moldova,EURO,8019,387920,81,10437
1/23/2022,MD,Republic of Moldova,EURO,19083,407003,76,10513
1/30/2022,MD,Republic of Moldova,EURO,31246,438249,122,10635
2/6/2022,MD,Republic of Moldova,EURO,29022,467271,133,10768
2/13/2022,MD,Republic of Moldova,EURO,17245,484516,172,10940
2/20/2022,MD,Republic of Moldova,EURO,10668,495184,163,11103
2/27/2022,MD,Republic of Moldova,EURO,6128,501312,110,11213
3/6/2022,MD,Republic of Moldova,EURO,4081,505393,79,11292
3/13/2022,MD,Republic of Moldova,EURO,2601,507994,54,11346
3/20/2022,MD,Republic of Moldova,EURO,2466,510460,43,11389
3/27/2022,MD,Republic of Moldova,EURO,2142,512602,28,11417
4/3/2022,MD,Republic of Moldova,EURO,1597,514199,29,11446
4/10/2022,MD,Republic of Moldova,EURO,1246,515445,16,11462
4/17/2022,MD,Republic of Moldova,EURO,986,516431,19,11481
4/24/2022,MD,Republic of Moldova,EURO,555,516986,8,11489
5/1/2022,MD,Republic of Moldova,EURO,220,517206,3,11492
5/8/2022,MD,Republic of Moldova,EURO,547,517753,11,11503
5/15/2022,MD,Republic of Moldova,EURO,413,518166,13,11516
5/22/2022,MD,Republic of Moldova,EURO,326,518492,5,11521
5/29/2022,MD,Republic of Moldova,EURO,475,518967,23,11544
6/5/2022,MD,Republic of Moldova,EURO,34,519001,0,11544
6/12/2022,MD,Republic of Moldova,EURO,227,519228,7,11551
6/19/2022,MD,Republic of Moldova,EURO,224,519452,3,11554
6/26/2022,MD,Republic of Moldova,EURO,251,519703,9,11563
7/3/2022,MD,Republic of Moldova,EURO,465,520168,4,11567
7/10/2022,MD,Republic of Moldova,EURO,1014,521182,3,11570
7/17/2022,MD,Republic of Moldova,EURO,1852,523034,14,11584
7/24/2022,MD,Republic of Moldova,EURO,3360,526394,8,11592
7/31/2022,MD,Republic of Moldova,EURO,5793,532187,16,11608
8/7/2022,MD,Republic of Moldova,EURO,9528,541715,22,11630
8/14/2022,MD,Republic of Moldova,EURO,10147,551862,32,11662
8/21/2022,MD,Republic of Moldova,EURO,9334,561196,31,11693
8/28/2022,MD,Republic of Moldova,EURO,7892,569088,32,11725
9/4/2022,MD,Republic of Moldova,EURO,5964,575052,30,11755
9/11/2022,MD,Republic of Moldova,EURO,8131,583183,53,11808
9/18/2022,MD,Republic of Moldova,EURO,3840,587023,13,11821
9/25/2022,MD,Republic of Moldova,EURO,2414,589437,23,11844
10/2/2022,MD,Republic of Moldova,EURO,1374,590811,14,11858
10/9/2022,MD,Republic of Moldova,EURO,1101,591912,12,11870
10/16/2022,MD,Republic of Moldova,EURO,623,592535,8,11878
10/23/2022,MD,Republic of Moldova,EURO,622,593157,9,11887
10/30/2022,MD,Republic of Moldova,EURO,566,593723,7,11894
11/6/2022,MD,Republic of Moldova,EURO,0,593723,0,11894
11/13/2022,MD,Republic of Moldova,EURO,347,594070,6,11900
11/20/2022,MD,Republic of Moldova,EURO,278,594348,6,11906
11/27/2022,MD,Republic of Moldova,EURO,313,594661,7,11913
12/4/2022,MD,Republic of Moldova,EURO,319,594980,5,11918
12/11/2022,MD,Republic of Moldova,EURO,329,595309,2,11920
12/18/2022,MD,Republic of Moldova,EURO,343,595652,2,11922
12/25/2022,MD,Republic of Moldova,EURO,448,596100,7,11929
1/1/2023,MD,Republic of Moldova,EURO,358,596458,4,11933
1/8/2023,MD,Republic of Moldova,EURO,364,596822,3,11936
1/15/2023,MD,Republic of Moldova,EURO,302,597124,4,11940
1/22/2023,MD,Republic of Moldova,EURO,857,597981,10,11950
1/29/2023,MD,Republic of Moldova,EURO,600,598581,3,11953
2/5/2023,MD,Republic of Moldova,EURO,905,599486,4,11957
2/12/2023,MD,Republic of Moldova,EURO,1338,600824,7,11964
2/19/2023,MD,Republic of Moldova,EURO,2834,603658,10,11974
2/26/2023,MD,Republic of Moldova,EURO,3702,607360,14,11988
3/5/2023,MD,Republic of Moldova,EURO,3690,611050,15,12003
3/12/2023,MD,Republic of Moldova,EURO,2836,613886,22,12025
3/19/2023,MD,Republic of Moldova,EURO,2373,616259,23,12048
3/26/2023,MD,Republic of Moldova,EURO,1491,617750,21,12069
4/2/2023,MD,Republic of Moldova,EURO,991,618741,17,12086
4/9/2023,MD,Republic of Moldova,EURO,684,619425,14,12100
4/16/2023,MD,Republic of Moldova,EURO,463,619888,6,12106
4/23/2023,MD,Republic of Moldova,EURO,280,620168,6,12112
4/30/2023,MD,Republic of Moldova,EURO,165,620333,1,12113
5/7/2023,MD,Republic of Moldova,EURO,110,620443,2,12115
5/14/2023,MD,Republic of Moldova,EURO,76,620519,3,12118
5/21/2023,MD,Republic of Moldova,EURO,55,620574,0,12118
5/28/2023,MD,Republic of Moldova,EURO,52,620626,0,12118
6/4/2023,MD,Republic of Moldova,EURO,30,620656,5,12123
6/11/2023,MD,Republic of Moldova,EURO,29,620685,1,12124
6/18/2023,MD,Republic of Moldova,EURO,32,620717,0,12124
6/25/2023,MD,Republic of Moldova,EURO,19,620736,0,12124
7/2/2023,MD,Republic of Moldova,EURO,22,620758,0,12124
7/9/2023,MD,Republic of Moldova,EURO,17,620775,1,12125
7/16/2023,MD,Republic of Moldova,EURO,31,620806,0,12125
7/23/2023,MD,Republic of Moldova,EURO,17,620823,0,12125
7/30/2023,MD,Republic of Moldova,EURO,25,620848,0,12125
8/6/2023,MD,Republic of Moldova,EURO,25,620873,0,12125
8/13/2023,MD,Republic of Moldova,EURO,54,620927,0,12125
8/20/2023,MD,Republic of Moldova,EURO,138,621065,0,12125
8/27/2023,MD,Republic of Moldova,EURO,173,621238,0,12125
9/3/2023,MD,Republic of Moldova,EURO,203,621441,0,12125
9/10/2023,MD,Republic of Moldova,EURO,424,621865,1,12126
9/17/2023,MD,Republic of Moldova,EURO,825,622690,0,12126
9/24/2023,MD,Republic of Moldova,EURO,994,623684,0,12126
10/1/2023,MD,Republic of Moldova,EURO,839,624523,2,12128
10/8/2023,MD,Republic of Moldova,EURO,630,625153,0,12128
10/15/2023,MD,Republic of Moldova,EURO,559,625712,7,12135
10/22/2023,MD,Republic of Moldova,EURO,568,626280,8,12143
10/29/2023,MD,Republic of Moldova,EURO,372,626652,7,12150
11/5/2023,MD,Republic of Moldova,EURO,0,626652,0,12150
11/12/2023,MD,Republic of Moldova,EURO,355,627007,2,12152
11/19/2023,MD,Republic of Moldova,EURO,451,627458,2,12154
11/26/2023,MD,Republic of Moldova,EURO,0,627458,0,12154
12/3/2023,MD,Republic of Moldova,EURO,0,627458,0,12154
12/10/2023,MD,Republic of Moldova,EURO,0,627458,0,12154
12/17/2023,MD,Republic of Moldova,EURO,1215,628673,5,12159
12/24/2023,MD,Republic of Moldova,EURO,558,629231,6,12165
1/5/2020,RE,R?union,,0,0,0,0
1/12/2020,RE,R?union,,0,0,0,0
1/19/2020,RE,R?union,,0,0,0,0
1/26/2020,RE,R?union,,0,0,0,0
2/2/2020,RE,R?union,,0,0,0,0
2/9/2020,RE,R?union,,0,0,0,0
2/16/2020,RE,R?union,,0,0,0,0
2/23/2020,RE,R?union,,0,0,0,0
3/1/2020,RE,R?union,,0,0,0,0
3/8/2020,RE,R?union,,0,0,0,0
3/15/2020,RE,R?union,,13,13,0,0
3/22/2020,RE,R?union,,34,47,0,0
3/29/2020,RE,R?union,,96,143,0,0
4/5/2020,RE,R?union,,191,334,0,0
4/12/2020,RE,R?union,,54,388,0,0
4/19/2020,RE,R?union,,19,407,0,0
4/26/2020,RE,R?union,,4,411,0,0
5/3/2020,RE,R?union,,9,420,0,0
5/10/2020,RE,R?union,,10,430,0,0
5/17/2020,RE,R?union,,13,443,0,0
5/24/2020,RE,R?union,,9,452,1,1
5/31/2020,RE,R?union,,19,471,0,1
6/7/2020,RE,R?union,,9,480,0,1
6/14/2020,RE,R?union,,9,489,0,1
6/21/2020,RE,R?union,,16,505,0,1
6/28/2020,RE,R?union,,15,520,1,2
7/5/2020,RE,R?union,,16,536,0,2
7/12/2020,RE,R?union,,41,577,1,3
7/19/2020,RE,R?union,,47,624,0,3
7/26/2020,RE,R?union,,33,657,0,3
8/2/2020,RE,R?union,,7,664,1,4
8/9/2020,RE,R?union,,17,681,1,5
8/16/2020,RE,R?union,,107,788,0,5
8/23/2020,RE,R?union,,329,1117,1,6
8/30/2020,RE,R?union,,440,1557,-3,3
9/6/2020,RE,R?union,,558,2115,3,6
9/13/2020,RE,R?union,,608,2723,4,10
9/20/2020,RE,R?union,,471,3194,0,10
9/27/2020,RE,R?union,,491,3685,1,11
10/4/2020,RE,R?union,,493,4178,5,16
10/11/2020,RE,R?union,,313,4491,0,16
10/18/2020,RE,R?union,,285,4776,1,17
10/25/2020,RE,R?union,,373,5149,3,20
11/1/2020,RE,R?union,,510,5659,2,22
11/8/2020,RE,R?union,,605,6264,5,27
11/15/2020,RE,R?union,,617,6881,2,29
11/22/2020,RE,R?union,,620,7501,6,35
11/29/2020,RE,R?union,,439,7940,5,40
12/6/2020,RE,R?union,,260,8200,1,41
12/13/2020,RE,R?union,,145,8345,0,41
12/20/2020,RE,R?union,,359,8704,1,42
12/27/2020,RE,R?union,,205,8909,0,42
1/3/2021,RE,R?union,,128,9037,0,42
1/10/2021,RE,R?union,,210,9247,0,42
1/17/2021,RE,R?union,,196,9443,3,45
1/24/2021,RE,R?union,,258,9701,0,45
1/31/2021,RE,R?union,,295,9996,1,46
2/7/2021,RE,R?union,,491,10487,1,47
2/14/2021,RE,R?union,,420,10907,0,47
2/21/2021,RE,R?union,,655,11562,1,48
2/28/2021,RE,R?union,,854,12416,4,52
3/7/2021,RE,R?union,,709,13125,7,59
3/14/2021,RE,R?union,,676,13801,12,71
3/21/2021,RE,R?union,,830,14631,16,87
3/28/2021,RE,R?union,,930,15561,15,102
4/4/2021,RE,R?union,,1025,16586,13,115
4/11/2021,RE,R?union,,922,17508,8,123
4/18/2021,RE,R?union,,917,18425,12,135
4/25/2021,RE,R?union,,918,19343,6,141
5/2/2021,RE,R?union,,1038,20381,7,148
5/9/2021,RE,R?union,,1070,21451,2,150
5/16/2021,RE,R?union,,1193,22644,19,169
5/23/2021,RE,R?union,,922,23566,7,176
5/30/2021,RE,R?union,,1335,24901,13,189
6/6/2021,RE,R?union,,1174,26075,14,203
6/13/2021,RE,R?union,,1160,27235,9,212
6/20/2021,RE,R?union,,1206,28441,8,220
6/27/2021,RE,R?union,,1061,29502,6,226
7/4/2021,RE,R?union,,1081,30583,11,237
7/11/2021,RE,R?union,,1262,31845,7,244
7/18/2021,RE,R?union,,1450,33295,12,256
7/25/2021,RE,R?union,,1320,34615,10,266
8/1/2021,RE,R?union,,2616,37231,9,275
8/8/2021,RE,R?union,,3014,40245,13,288
8/15/2021,RE,R?union,,3590,43835,10,298
8/22/2021,RE,R?union,,2919,46754,12,310
8/29/2021,RE,R?union,,1929,48683,22,332
9/5/2021,RE,R?union,,1663,50346,10,342
9/12/2021,RE,R?union,,1305,51651,12,354
9/19/2021,RE,R?union,,992,52643,4,358
9/26/2021,RE,R?union,,598,53241,5,363
10/3/2021,RE,R?union,,0,53241,3,366
10/10/2021,RE,R?union,,722,53963,3,369
10/17/2021,RE,R?union,,61,54024,1,370
10/24/2021,RE,R?union,,414,54438,2,372
10/31/2021,RE,R?union,,230,54668,2,374
11/7/2021,RE,R?union,,457,55125,2,376
11/14/2021,RE,R?union,,740,55865,0,376
11/21/2021,RE,R?union,,1308,57173,3,379
11/28/2021,RE,R?union,,1875,59048,2,381
12/5/2021,RE,R?union,,2140,61188,3,384
12/12/2021,RE,R?union,,2675,63863,7,391
12/19/2021,RE,R?union,,3374,67237,2,393
12/26/2021,RE,R?union,,4558,71795,8,401
1/2/2022,RE,R?union,,4807,76602,8,409
1/9/2022,RE,R?union,,9358,85960,10,419
1/16/2022,RE,R?union,,16256,102216,16,435
1/23/2022,RE,R?union,,31401,133617,27,462
1/30/2022,RE,R?union,,46914,180531,38,500
2/6/2022,RE,R?union,,45474,226005,31,531
2/13/2022,RE,R?union,,30782,256787,34,565
2/20/2022,RE,R?union,,21707,278494,38,603
2/27/2022,RE,R?union,,13632,292126,37,640
3/6/2022,RE,R?union,,10036,302162,26,666
3/13/2022,RE,R?union,,8019,310181,14,680
3/20/2022,RE,R?union,,8514,318695,9,689
3/27/2022,RE,R?union,,8494,327189,13,702
4/3/2022,RE,R?union,,9756,336945,7,709
4/10/2022,RE,R?union,,10996,347941,11,720
4/17/2022,RE,R?union,,12504,360445,11,731
4/24/2022,RE,R?union,,13850,374295,11,742
5/1/2022,RE,R?union,,12889,387184,7,749
5/8/2022,RE,R?union,,10931,398115,7,756
5/15/2022,RE,R?union,,7865,405980,6,762
5/22/2022,RE,R?union,,5383,411363,8,770
5/29/2022,RE,R?union,,3252,414615,7,777
6/5/2022,RE,R?union,,2046,416661,7,784
6/12/2022,RE,R?union,,1924,418585,12,796
6/19/2022,RE,R?union,,1383,419968,3,799
6/26/2022,RE,R?union,,1301,421269,8,807
7/3/2022,RE,R?union,,1500,422769,5,812
7/10/2022,RE,R?union,,2869,425638,7,819
7/17/2022,RE,R?union,,3599,429237,6,825
7/24/2022,RE,R?union,,4235,433472,6,831
7/31/2022,RE,R?union,,5687,439159,7,838
8/7/2022,RE,R?union,,5823,444982,7,845
8/14/2022,RE,R?union,,4590,449572,8,853
8/21/2022,RE,R?union,,5093,454665,2,855
8/28/2022,RE,R?union,,5711,460376,6,861
9/4/2022,RE,R?union,,7014,467390,13,874
9/11/2022,RE,R?union,,4661,472051,5,879
9/18/2022,RE,R?union,,2572,474623,5,884
9/25/2022,RE,R?union,,1325,475948,6,890
10/2/2022,RE,R?union,,623,476571,3,893
10/9/2022,RE,R?union,,356,476927,1,894
10/16/2022,RE,R?union,,336,477263,2,896
10/23/2022,RE,R?union,,340,477603,2,898
10/30/2022,RE,R?union,,356,477959,1,899
11/6/2022,RE,R?union,,387,478346,0,899
11/13/2022,RE,R?union,,509,478855,0,899
11/20/2022,RE,R?union,,575,479430,3,902
11/27/2022,RE,R?union,,893,480323,0,902
12/4/2022,RE,R?union,,1217,481540,1,903
12/11/2022,RE,R?union,,1366,482906,2,905
12/18/2022,RE,R?union,,1830,484736,0,905
12/25/2022,RE,R?union,,1923,486659,1,906
1/1/2023,RE,R?union,,1849,488508,1,907
1/8/2023,RE,R?union,,2104,490612,4,911
1/15/2023,RE,R?union,,1213,491825,4,915
1/22/2023,RE,R?union,,995,492820,1,916
1/29/2023,RE,R?union,,1082,493902,3,919
2/5/2023,RE,R?union,,693,494595,2,921
2/12/2023,RE,R?union,,0,494595,0,921
2/19/2023,RE,R?union,,0,494595,0,921
2/26/2023,RE,R?union,,0,494595,0,921
3/5/2023,RE,R?union,,0,494595,0,921
3/12/2023,RE,R?union,,0,494595,0,921
3/19/2023,RE,R?union,,0,494595,0,921
3/26/2023,RE,R?union,,0,494595,0,921
4/2/2023,RE,R?union,,0,494595,0,921
4/9/2023,RE,R?union,,0,494595,0,921
4/16/2023,RE,R?union,,0,494595,0,921
4/23/2023,RE,R?union,,0,494595,0,921
4/30/2023,RE,R?union,,0,494595,0,921
5/7/2023,RE,R?union,,0,494595,0,921
5/14/2023,RE,R?union,,0,494595,0,921
5/21/2023,RE,R?union,,0,494595,0,921
5/28/2023,RE,R?union,,0,494595,0,921
6/4/2023,RE,R?union,,0,494595,0,921
6/11/2023,RE,R?union,,0,494595,0,921
6/18/2023,RE,R?union,,0,494595,0,921
6/25/2023,RE,R?union,,0,494595,0,921
7/2/2023,RE,R?union,,0,494595,0,921
7/9/2023,RE,R?union,,0,494595,0,921
7/16/2023,RE,R?union,,0,494595,0,921
7/23/2023,RE,R?union,,0,494595,0,921
7/30/2023,RE,R?union,,0,494595,0,921
8/6/2023,RE,R?union,,0,494595,0,921
8/13/2023,RE,R?union,,0,494595,0,921
8/20/2023,RE,R?union,,0,494595,0,921
8/27/2023,RE,R?union,,0,494595,0,921
9/3/2023,RE,R?union,,0,494595,0,921
9/10/2023,RE,R?union,,0,494595,0,921
9/17/2023,RE,R?union,,0,494595,0,921
9/24/2023,RE,R?union,,0,494595,0,921
10/1/2023,RE,R?union,,0,494595,0,921
10/8/2023,RE,R?union,,0,494595,0,921
10/15/2023,RE,R?union,,0,494595,0,921
10/22/2023,RE,R?union,,0,494595,0,921
10/29/2023,RE,R?union,,0,494595,0,921
11/5/2023,RE,R?union,,0,494595,0,921
11/12/2023,RE,R?union,,0,494595,0,921
11/19/2023,RE,R?union,,0,494595,0,921
11/26/2023,RE,R?union,,0,494595,0,921
12/3/2023,RE,R?union,,0,494595,0,921
12/10/2023,RE,R?union,,0,494595,0,921
12/17/2023,RE,R?union,,0,494595,0,921
12/24/2023,RE,R?union,,0,494595,0,921
1/5/2020,RO,Romania,EURO,0,0,0,0
1/12/2020,RO,Romania,EURO,0,0,0,0
1/19/2020,RO,Romania,EURO,0,0,0,0
1/26/2020,RO,Romania,EURO,0,0,0,0
2/2/2020,RO,Romania,EURO,0,0,0,0
2/9/2020,RO,Romania,EURO,0,0,0,0
2/16/2020,RO,Romania,EURO,0,0,0,0
2/23/2020,RO,Romania,EURO,0,0,0,0
3/1/2020,RO,Romania,EURO,4,4,0,0
3/8/2020,RO,Romania,EURO,11,15,0,0
3/15/2020,RO,Romania,EURO,124,139,0,0
3/22/2020,RO,Romania,EURO,228,367,0,0
3/29/2020,RO,Romania,EURO,1085,1452,37,37
4/5/2020,RO,Romania,EURO,2161,3613,109,146
4/12/2020,RO,Romania,EURO,2377,5990,145,291
4/19/2020,RO,Romania,EURO,2428,8418,130,421
4/26/2020,RO,Romania,EURO,2217,10635,180,601
5/3/2020,RO,Romania,EURO,2097,12732,170,771
5/10/2020,RO,Romania,EURO,2399,15131,168,939
5/17/2020,RO,Romania,EURO,1573,16704,155,1094
5/24/2020,RO,Romania,EURO,1153,17857,82,1176
5/31/2020,RO,Romania,EURO,1276,19133,83,1259
6/7/2020,RO,Romania,EURO,1157,20290,59,1318
6/14/2020,RO,Romania,EURO,1389,21679,76,1394
6/21/2020,RO,Romania,EURO,2051,23730,106,1500
6/28/2020,RO,Romania,EURO,2292,26022,89,1589
7/5/2020,RO,Romania,EURO,2560,28582,142,1731
7/12/2020,RO,Romania,EURO,3497,32079,140,1871
7/19/2020,RO,Romania,EURO,4612,36691,138,2009
7/26/2020,RO,Romania,EURO,6987,43678,156,2165
8/2/2020,RO,Romania,EURO,8433,52111,214,2379
8/9/2020,RO,Romania,EURO,8512,60623,280,2659
8/16/2020,RO,Romania,EURO,8751,69374,295,2954
8/23/2020,RO,Romania,EURO,8170,77544,279,3233
8/30/2020,RO,Romania,EURO,8289,85833,306,3539
9/6/2020,RO,Romania,EURO,8031,93864,311,3850
9/13/2020,RO,Romania,EURO,8522,102386,277,4127
9/20/2020,RO,Romania,EURO,9164,111550,275,4402
9/27/2020,RO,Romania,EURO,9685,121235,285,4687
10/4/2020,RO,Romania,EURO,12830,134065,260,4947
10/11/2020,RO,Romania,EURO,18338,152403,411,5358
10/18/2020,RO,Romania,EURO,24065,176468,454,5812
10/25/2020,RO,Romania,EURO,29325,205793,506,6318
11/1/2020,RO,Romania,EURO,35546,241339,650,6968
11/8/2020,RO,Romania,EURO,55660,296999,825,7793
11/15/2020,RO,Romania,EURO,56186,353185,1020,8813
11/22/2020,RO,Romania,EURO,59623,412808,1103,9916
11/29/2020,RO,Romania,EURO,53174,465982,1129,11045
12/6/2020,RO,Romania,EURO,42363,508345,1141,12186
12/13/2020,RO,Romania,EURO,43555,551900,1078,13264
12/20/2020,RO,Romania,EURO,36044,587944,1032,14296
12/27/2020,RO,Romania,EURO,25816,613760,812,15108
1/3/2021,RO,Romania,EURO,23635,637395,811,15919
1/10/2021,RO,Romania,EURO,30807,668202,673,16592
1/17/2021,RO,Romania,EURO,23286,691488,572,17164
1/24/2021,RO,Romania,EURO,17706,709194,558,17722
1/31/2021,RO,Romania,EURO,17724,726918,542,18264
2/7/2021,RO,Romania,EURO,16425,743343,545,18809
2/14/2021,RO,Romania,EURO,16748,760091,516,19325
2/21/2021,RO,Romania,EURO,17185,777276,470,19795
2/28/2021,RO,Romania,EURO,21888,799164,492,20287
3/7/2021,RO,Romania,EURO,25831,824995,567,20854
3/14/2021,RO,Romania,EURO,30331,855326,585,21439
3/21/2021,RO,Romania,EURO,37522,892848,693,22132
3/28/2021,RO,Romania,EURO,39331,932179,865,22997
4/4/2021,RO,Romania,EURO,38045,970224,976,23973
4/11/2021,RO,Romania,EURO,32641,1002865,1033,25006
4/18/2021,RO,Romania,EURO,24174,1027039,1066,26072
4/25/2021,RO,Romania,EURO,17683,1044722,1195,27267
5/2/2021,RO,Romania,EURO,11850,1056572,927,28194
5/9/2021,RO,Romania,EURO,8682,1065254,709,28903
5/16/2021,RO,Romania,EURO,6080,1071334,582,29485
5/23/2021,RO,Romania,EURO,3902,1075236,400,29885
5/30/2021,RO,Romania,EURO,2190,1077426,362,30247
6/6/2021,RO,Romania,EURO,1316,1078742,478,30725
6/13/2021,RO,Romania,EURO,915,1079657,1079,31804
6/20/2021,RO,Romania,EURO,546,1080203,504,32308
6/27/2021,RO,Romania,EURO,381,1080584,869,33177
7/4/2021,RO,Romania,EURO,334,1080918,748,33925
7/11/2021,RO,Romania,EURO,292,1081210,291,34216
7/18/2021,RO,Romania,EURO,378,1081588,36,34252
7/25/2021,RO,Romania,EURO,595,1082183,15,34267
8/1/2021,RO,Romania,EURO,1006,1083189,14,34281
8/8/2021,RO,Romania,EURO,1522,1084711,32,34313
8/15/2021,RO,Romania,EURO,2189,1086900,29,34342
8/22/2021,RO,Romania,EURO,3508,1090408,61,34403
8/29/2021,RO,Romania,EURO,5477,1095885,106,34509
9/5/2021,RO,Romania,EURO,8881,1104766,169,34678
9/12/2021,RO,Romania,EURO,13783,1118549,283,34961
9/19/2021,RO,Romania,EURO,26344,1144893,495,35456
9/26/2021,RO,Romania,EURO,42880,1187773,774,36230
10/3/2021,RO,Romania,EURO,69372,1257145,1164,37394
10/10/2021,RO,Romania,EURO,89095,1346240,1815,39209
10/17/2021,RO,Romania,EURO,99474,1445714,2273,41482
10/24/2021,RO,Romania,EURO,104489,1550203,2808,44290
10/31/2021,RO,Romania,EURO,90404,1640607,3034,47324
11/7/2021,RO,Romania,EURO,60982,1701589,3158,50482
11/14/2021,RO,Romania,EURO,37694,1739283,2354,52836
11/21/2021,RO,Romania,EURO,21482,1760765,2002,54838
11/28/2021,RO,Romania,EURO,14807,1775572,1331,56169
12/5/2021,RO,Romania,EURO,9548,1785120,852,57021
12/12/2021,RO,Romania,EURO,7313,1792433,615,57636
12/19/2021,RO,Romania,EURO,5273,1797706,507,58143
12/26/2021,RO,Romania,EURO,4690,1802396,393,58536
1/2/2022,RO,Romania,EURO,7946,1810342,243,58779
1/9/2022,RO,Romania,EURO,29483,1839825,218,58997
1/16/2022,RO,Romania,EURO,56008,1895833,215,59212
1/23/2022,RO,Romania,EURO,107208,2003041,313,59525
1/30/2022,RO,Romania,EURO,173685,2176726,407,59932
2/6/2022,RO,Romania,EURO,208987,2385713,628,60560
2/13/2022,RO,Romania,EURO,164635,2550348,960,61520
2/20/2022,RO,Romania,EURO,105585,2655933,951,62471
2/27/2022,RO,Romania,EURO,68547,2724480,823,63294
3/6/2022,RO,Romania,EURO,40689,2765169,637,63931
3/13/2022,RO,Romania,EURO,25199,2790368,404,64335
3/20/2022,RO,Romania,EURO,23430,2813798,334,64669
3/27/2022,RO,Romania,EURO,25051,2838849,226,64895
4/3/2022,RO,Romania,EURO,19816,2858665,184,65079
4/10/2022,RO,Romania,EURO,13272,2871937,119,65198
4/17/2022,RO,Romania,EURO,9385,2881322,133,65331
4/24/2022,RO,Romania,EURO,6502,2887824,90,65421
5/1/2022,RO,Romania,EURO,6052,2893876,65,65486
5/8/2022,RO,Romania,EURO,4972,2898848,74,65560
5/15/2022,RO,Romania,EURO,3942,2902790,46,65606
5/22/2022,RO,Romania,EURO,3069,2905859,45,65651
5/29/2022,RO,Romania,EURO,2454,2908313,26,65677
6/5/2022,RO,Romania,EURO,2079,2910392,14,65691
6/12/2022,RO,Romania,EURO,2145,2912537,22,65713
6/19/2022,RO,Romania,EURO,341,2912878,1,65714
6/26/2022,RO,Romania,EURO,2609,2915487,12,65726
7/3/2022,RO,Romania,EURO,3974,2919461,13,65739
7/10/2022,RO,Romania,EURO,7726,2927187,16,65755
7/17/2022,RO,Romania,EURO,34582,2961769,57,65812
7/24/2022,RO,Romania,EURO,40893,3002662,41,65853
7/31/2022,RO,Romania,EURO,56906,3059568,130,65983
8/7/2022,RO,Romania,EURO,52906,3112474,188,66171
8/14/2022,RO,Romania,EURO,42247,3154721,165,66336
8/21/2022,RO,Romania,EURO,30209,3184930,147,66483
8/28/2022,RO,Romania,EURO,23973,3208903,148,66631
9/4/2022,RO,Romania,EURO,17304,3226207,135,66766
9/11/2022,RO,Romania,EURO,13185,3239392,83,66849
9/18/2022,RO,Romania,EURO,12971,3252363,63,66912
9/25/2022,RO,Romania,EURO,9251,3261614,60,66972
10/2/2022,RO,Romania,EURO,7884,3269498,55,67027
10/9/2022,RO,Romania,EURO,5778,3275276,49,67076
10/16/2022,RO,Romania,EURO,4347,3279623,43,67119
10/23/2022,RO,Romania,EURO,3524,3283147,42,67161
10/30/2022,RO,Romania,EURO,3038,3286185,25,67186
11/6/2022,RO,Romania,EURO,2819,3289004,25,67211
11/13/2022,RO,Romania,EURO,2585,3291589,25,67236
11/20/2022,RO,Romania,EURO,2476,3294065,17,67253
11/27/2022,RO,Romania,EURO,382,3294447,0,67253
12/4/2022,RO,Romania,EURO,2387,3296834,23,67276
12/11/2022,RO,Romania,EURO,1904,3298738,13,67289
12/18/2022,RO,Romania,EURO,2924,3301662,21,67310
12/25/2022,RO,Romania,EURO,3386,3305048,31,67341
1/1/2023,RO,Romania,EURO,3432,3308480,33,67374
1/8/2023,RO,Romania,EURO,3605,3312085,34,67408
1/15/2023,RO,Romania,EURO,4107,3316192,52,67460
1/22/2023,RO,Romania,EURO,6456,3322648,82,67542
1/29/2023,RO,Romania,EURO,2358,3325006,34,67576
2/5/2023,RO,Romania,EURO,2799,3327805,43,67619
2/12/2023,RO,Romania,EURO,3200,3331005,31,67650
2/19/2023,RO,Romania,EURO,4126,3335131,25,67675
2/26/2023,RO,Romania,EURO,5211,3340342,29,67704
3/5/2023,RO,Romania,EURO,5704,3346046,32,67736
3/12/2023,RO,Romania,EURO,6310,3352356,37,67773
3/19/2023,RO,Romania,EURO,7483,3359839,48,67821
3/26/2023,RO,Romania,EURO,8082,3367921,37,67858
4/2/2023,RO,Romania,EURO,6904,3374825,59,67917
4/9/2023,RO,Romania,EURO,6066,3380891,44,67961
4/16/2023,RO,Romania,EURO,4201,3385092,40,68001
4/23/2023,RO,Romania,EURO,5032,3390124,46,68047
4/30/2023,RO,Romania,EURO,3778,3393902,42,68089
5/7/2023,RO,Romania,EURO,3463,3397365,28,68117
5/14/2023,RO,Romania,EURO,2612,3399977,26,68143
5/21/2023,RO,Romania,EURO,2379,3402356,29,68172
5/28/2023,RO,Romania,EURO,1841,3404197,12,68184
6/4/2023,RO,Romania,EURO,1009,3405206,9,68193
6/11/2023,RO,Romania,EURO,963,3406169,24,68217
6/18/2023,RO,Romania,EURO,730,3406899,7,68224
6/25/2023,RO,Romania,EURO,586,3407485,9,68233
7/2/2023,RO,Romania,EURO,510,3407995,7,68240
7/9/2023,RO,Romania,EURO,460,3408455,3,68243
7/16/2023,RO,Romania,EURO,430,3408885,3,68246
7/23/2023,RO,Romania,EURO,517,3409402,3,68249
7/30/2023,RO,Romania,EURO,595,3409997,4,68253
8/6/2023,RO,Romania,EURO,906,3410903,6,68259
8/13/2023,RO,Romania,EURO,1054,3411957,3,68262
8/20/2023,RO,Romania,EURO,1894,3413851,4,68266
8/27/2023,RO,Romania,EURO,3326,3417177,4,68270
9/3/2023,RO,Romania,EURO,4772,3421949,12,68282
9/10/2023,RO,Romania,EURO,7171,3429120,14,68296
9/17/2023,RO,Romania,EURO,11226,3440346,18,68314
9/24/2023,RO,Romania,EURO,14861,3455207,27,68341
10/1/2023,RO,Romania,EURO,13165,3468372,31,68372
10/8/2023,RO,Romania,EURO,9719,3478091,37,68409
10/15/2023,RO,Romania,EURO,7701,3485792,46,68455
10/22/2023,RO,Romania,EURO,6404,3492196,32,68487
10/29/2023,RO,Romania,EURO,5030,3497226,38,68525
11/5/2023,RO,Romania,EURO,2381,3499607,43,68568
11/12/2023,RO,Romania,EURO,1586,3501193,22,68590
11/19/2023,RO,Romania,EURO,0,3501193,0,68590
11/26/2023,RO,Romania,EURO,0,3501193,0,68590
12/3/2023,RO,Romania,EURO,0,3501193,0,68590
12/10/2023,RO,Romania,EURO,2360,3503553,11,68601
12/17/2023,RO,Romania,EURO,1317,3504870,10,68611
12/24/2023,RO,Romania,EURO,1668,3506538,9,68620
1/5/2020,RU,Russian Federation,EURO,0,0,0,0
1/12/2020,RU,Russian Federation,EURO,0,0,0,0
1/19/2020,RU,Russian Federation,EURO,0,0,0,0
1/26/2020,RU,Russian Federation,EURO,0,0,0,0
2/2/2020,RU,Russian Federation,EURO,2,2,0,0
2/9/2020,RU,Russian Federation,EURO,0,2,0,0
2/16/2020,RU,Russian Federation,EURO,0,2,0,0
2/23/2020,RU,Russian Federation,EURO,0,2,0,0
3/1/2020,RU,Russian Federation,EURO,0,2,0,0
3/8/2020,RU,Russian Federation,EURO,5,7,0,0
3/15/2020,RU,Russian Federation,EURO,27,34,0,0
3/22/2020,RU,Russian Federation,EURO,272,306,0,0
3/29/2020,RU,Russian Federation,EURO,1228,1534,8,8
4/5/2020,RU,Russian Federation,EURO,3197,4731,35,43
4/12/2020,RU,Russian Federation,EURO,11039,15770,87,130
4/19/2020,RU,Russian Federation,EURO,27083,42853,231,361
4/26/2020,RU,Russian Federation,EURO,38096,80949,386,747
5/3/2020,RU,Russian Federation,EURO,53738,134687,533,1280
5/10/2020,RU,Russian Federation,EURO,75001,209688,635,1915
5/17/2020,RU,Russian Federation,EURO,72064,281752,716,2631
5/24/2020,RU,Russian Federation,EURO,62729,344481,910,3541
5/31/2020,RU,Russian Federation,EURO,61362,405843,1152,4693
6/7/2020,RU,Russian Federation,EURO,61830,467673,1166,5859
6/14/2020,RU,Russian Federation,EURO,61291,528964,1089,6948
6/21/2020,RU,Russian Federation,EURO,55716,584680,1163,8111
6/28/2020,RU,Russian Federation,EURO,49757,634437,962,9073
7/5/2020,RU,Russian Federation,EURO,46814,681251,1088,10161
7/12/2020,RU,Russian Federation,EURO,45911,727162,1174,11335
7/19/2020,RU,Russian Federation,EURO,44384,771546,1007,12342
7/26/2020,RU,Russian Federation,EURO,40939,812485,927,13269
8/2/2020,RU,Russian Federation,EURO,38385,850870,859,14128
8/9/2020,RU,Russian Federation,EURO,36666,887536,803,14931
8/16/2020,RU,Russian Federation,EURO,35317,922853,754,15685
8/23/2020,RU,Russian Federation,EURO,33896,956749,698,16383
8/30/2020,RU,Russian Federation,EURO,33577,990326,710,17093
9/6/2020,RU,Russian Federation,EURO,35179,1025505,727,17820
9/13/2020,RU,Russian Federation,EURO,37306,1062811,758,18578
9/20/2020,RU,Russian Federation,EURO,40588,1103399,840,19418
9/27/2020,RU,Russian Federation,EURO,48039,1151438,906,20324
10/4/2020,RU,Russian Federation,EURO,63563,1215001,1034,21358
10/11/2020,RU,Russian Federation,EURO,83717,1298718,1239,22597
10/18/2020,RU,Russian Federation,EURO,100616,1399334,1590,24187
10/25/2020,RU,Russian Federation,EURO,114543,1513877,1863,26050
11/1/2020,RU,Russian Federation,EURO,122904,1636781,2185,28235
11/8/2020,RU,Russian Federation,EURO,137553,1774334,2302,30537
11/15/2020,RU,Russian Federation,EURO,151491,1925825,2649,33186
11/22/2020,RU,Russian Federation,EURO,163504,2089329,2993,36179
11/29/2020,RU,Russian Federation,EURO,179987,2269316,3348,39527
12/6/2020,RU,Russian Federation,EURO,191454,2460770,3614,43141
12/13/2020,RU,Russian Federation,EURO,193158,2653928,3800,46941
12/20/2020,RU,Russian Federation,EURO,194449,2848377,3917,50858
12/27/2020,RU,Russian Federation,EURO,201871,3050248,3920,54778
1/3/2021,RU,Russian Federation,EURO,186539,3236787,3728,58506
1/10/2021,RU,Russian Federation,EURO,165167,3401954,3331,61837
1/17/2021,RU,Russian Federation,EURO,166255,3568209,3729,65566
1/24/2021,RU,Russian Federation,EURO,151191,3719400,3896,69462
1/31/2021,RU,Russian Federation,EURO,131039,3850439,3720,73182
2/7/2021,RU,Russian Federation,EURO,116842,3967281,3479,76661
2/14/2021,RU,Russian Federation,EURO,104602,4071883,3465,80126
2/21/2021,RU,Russian Federation,EURO,92843,4164726,3167,83293
2/28/2021,RU,Russian Federation,EURO,81353,4246079,2829,86122
3/7/2021,RU,Russian Federation,EURO,76697,4322776,2978,89100
3/14/2021,RU,Russian Federation,EURO,67832,4390608,2990,92090
3/21/2021,RU,Russian Federation,EURO,66261,4456869,2940,95030
3/28/2021,RU,Russian Federation,EURO,62963,4519832,2710,97740
4/4/2021,RU,Russian Federation,EURO,61062,4580894,2634,100374
4/11/2021,RU,Russian Federation,EURO,60496,4641390,2612,102986
4/18/2021,RU,Russian Federation,EURO,60711,4702101,2596,105582
4/25/2021,RU,Russian Federation,EURO,60468,4762569,2650,108232
5/2/2021,RU,Russian Federation,EURO,60686,4823255,2630,110862
5/9/2021,RU,Russian Federation,EURO,57007,4880262,2464,113326
5/16/2021,RU,Russian Federation,EURO,59983,4940245,2545,115871
5/23/2021,RU,Russian Federation,EURO,61260,5001505,2611,118482
5/30/2021,RU,Russian Federation,EURO,61937,5063442,2680,121162
6/6/2021,RU,Russian Federation,EURO,62995,5126437,2625,123787
6/13/2021,RU,Russian Federation,EURO,82250,5208687,2643,126430
6/20/2021,RU,Russian Federation,EURO,108139,5316826,2931,129361
6/27/2021,RU,Russian Federation,EURO,134465,5451291,3921,133282
7/4/2021,RU,Russian Federation,EURO,159650,5610941,4643,137925
7/11/2021,RU,Russian Federation,EURO,172392,5783333,5077,143002
7/18/2021,RU,Russian Federation,EURO,174800,5958133,5417,148419
7/25/2021,RU,Russian Federation,EURO,168408,6126541,5455,153874
8/1/2021,RU,Russian Federation,EURO,162136,6288677,5478,159352
8/8/2021,RU,Russian Federation,EURO,159073,6447750,5529,164881
8/15/2021,RU,Russian Federation,EURO,153086,6600836,5618,170499
8/22/2021,RU,Russian Federation,EURO,146251,6747087,5545,176044
8/29/2021,RU,Russian Federation,EURO,135740,6882827,5593,181637
9/5/2021,RU,Russian Federation,EURO,129772,7012599,5563,187200
9/12/2021,RU,Russian Federation,EURO,127471,7140070,5549,192749
9/19/2021,RU,Russian Federation,EURO,134858,7274928,5469,198218
9/26/2021,RU,Russian Federation,EURO,145985,7420913,5682,203900
10/3/2021,RU,Russian Federation,EURO,165623,7586536,6018,209918
10/10/2021,RU,Russian Federation,EURO,188829,7775365,6497,216415
10/17/2021,RU,Russian Federation,EURO,217322,7992687,6897,223312
10/24/2021,RU,Russian Federation,EURO,248956,8241643,7288,230600
10/31/2021,RU,Russian Federation,EURO,272147,8513790,7938,238538
11/7/2021,RU,Russian Federation,EURO,281305,8795095,8276,246814
11/14/2021,RU,Russian Federation,EURO,275579,9070674,8572,255386
11/21/2021,RU,Russian Federation,EURO,260484,9331158,8709,264095
11/28/2021,RU,Russian Federation,EURO,239215,9570373,8660,272755
12/5/2021,RU,Russian Federation,EURO,231240,9801613,8523,281278
12/12/2021,RU,Russian Federation,EURO,215283,10016896,8205,289483
12/19/2021,RU,Russian Federation,EURO,197894,10214790,7720,297203
12/26/2021,RU,Russian Federation,EURO,177230,10392020,7015,304218
1/2/2022,RU,Russian Federation,EURO,145946,10537966,6300,310518
1/9/2022,RU,Russian Federation,EURO,112883,10650849,5645,316163
1/16/2022,RU,Russian Federation,EURO,152685,10803534,5157,321320
1/23/2022,RU,Russian Federation,EURO,304657,11108191,4792,326112
1/30/2022,RU,Russian Federation,EURO,628816,11737007,4616,330728
2/6/2022,RU,Russian Federation,EURO,1073111,12810118,4686,335414
2/13/2022,RU,Russian Federation,EURO,1323391,14133509,4834,340248
2/20/2022,RU,Russian Federation,EURO,1236910,15370419,5252,345500
2/27/2022,RU,Russian Federation,EURO,920697,16291116,5427,350927
3/6/2022,RU,Russian Federation,EURO,650540,16941656,5354,356281
3/13/2022,RU,Russian Federation,EURO,393530,17335186,4530,360811
3/20/2022,RU,Russian Federation,EURO,247506,17582692,3681,364492
3/27/2022,RU,Russian Federation,EURO,180050,17762742,2859,367351
4/3/2022,RU,Russian Federation,EURO,134124,17896866,2357,369708
4/10/2022,RU,Russian Federation,EURO,99194,17996060,2008,371716
4/17/2022,RU,Russian Federation,EURO,78657,18074717,1784,373500
4/24/2022,RU,Russian Federation,EURO,62420,18137137,1402,374902
5/1/2022,RU,Russian Federation,EURO,52264,18189401,1129,376031
5/8/2022,RU,Russian Federation,EURO,38265,18227666,915,376946
5/15/2022,RU,Russian Federation,EURO,32627,18260293,724,377670
5/22/2022,RU,Russian Federation,EURO,33157,18293450,680,378350
5/29/2022,RU,Russian Federation,EURO,30586,18324036,605,378955
6/5/2022,RU,Russian Federation,EURO,27815,18351851,565,379520
6/12/2022,RU,Russian Federation,EURO,24736,18376587,500,380020
6/19/2022,RU,Russian Federation,EURO,21673,18398260,443,380463
6/26/2022,RU,Russian Federation,EURO,20621,18418881,429,380892
7/3/2022,RU,Russian Federation,EURO,20878,18439759,371,381263
7/10/2022,RU,Russian Federation,EURO,22452,18462211,320,381583
7/17/2022,RU,Russian Federation,EURO,28085,18490296,298,381881
7/24/2022,RU,Russian Federation,EURO,41959,18532255,274,382155
7/31/2022,RU,Russian Federation,EURO,69464,18601719,278,382433
8/7/2022,RU,Russian Federation,EURO,110980,18712699,308,382741
8/14/2022,RU,Russian Federation,EURO,169259,18881958,384,383125
8/21/2022,RU,Russian Federation,EURO,235385,19117343,435,383560
8/28/2022,RU,Russian Federation,EURO,288580,19405923,523,384083
9/4/2022,RU,Russian Federation,EURO,323500,19729423,628,384711
9/11/2022,RU,Russian Federation,EURO,337187,20066610,637,385348
9/18/2022,RU,Russian Federation,EURO,372485,20439095,697,386045
9/25/2022,RU,Russian Federation,EURO,353826,20792921,712,386757
10/2/2022,RU,Russian Federation,EURO,256106,21049027,711,387468
10/9/2022,RU,Russian Federation,EURO,154305,21203332,731,388199
10/16/2022,RU,Russian Federation,EURO,101222,21304554,702,388901
10/23/2022,RU,Russian Federation,EURO,68381,21372935,636,389537
10/30/2022,RU,Russian Federation,EURO,50790,21423725,567,390104
11/6/2022,RU,Russian Federation,EURO,40125,21463850,484,390588
11/13/2022,RU,Russian Federation,EURO,36102,21499952,436,391024
11/20/2022,RU,Russian Federation,EURO,36277,21536229,430,391454
11/27/2022,RU,Russian Federation,EURO,38535,21574764,386,391840
12/4/2022,RU,Russian Federation,EURO,42837,21617601,391,392231
12/11/2022,RU,Russian Federation,EURO,47551,21665152,380,392611
12/18/2022,RU,Russian Federation,EURO,50922,21716074,389,393000
12/25/2022,RU,Russian Federation,EURO,48218,21764292,383,393383
1/1/2023,RU,Russian Federation,EURO,39255,21803547,379,393762
1/8/2023,RU,Russian Federation,EURO,23435,21826982,318,394080
1/15/2023,RU,Russian Federation,EURO,29631,21856613,318,394398
1/22/2023,RU,Russian Federation,EURO,37544,21894157,296,394694
1/29/2023,RU,Russian Federation,EURO,44264,21938421,290,394984
2/5/2023,RU,Russian Federation,EURO,58323,21996744,295,395279
2/12/2023,RU,Russian Federation,EURO,75973,22072717,272,395551
2/19/2023,RU,Russian Federation,EURO,93918,22166635,248,395799
2/26/2023,RU,Russian Federation,EURO,86502,22253137,236,396035
3/5/2023,RU,Russian Federation,EURO,88991,22342128,263,396298
3/12/2023,RU,Russian Federation,EURO,80965,22423093,288,396586
3/19/2023,RU,Russian Federation,EURO,83106,22506199,248,396834
3/26/2023,RU,Russian Federation,EURO,80011,22586210,244,397078
4/2/2023,RU,Russian Federation,EURO,69916,22656126,234,397312
4/9/2023,RU,Russian Federation,EURO,58862,22714988,258,397570
4/16/2023,RU,Russian Federation,EURO,50349,22765337,258,397828
4/23/2023,RU,Russian Federation,EURO,44927,22810264,245,398073
4/30/2023,RU,Russian Federation,EURO,40945,22851209,232,398305
5/7/2023,RU,Russian Federation,EURO,27440,22878649,220,398525
5/14/2023,RU,Russian Federation,EURO,19727,22898376,185,398710
5/21/2023,RU,Russian Federation,EURO,2379,22900755,26,398736
5/28/2023,RU,Russian Federation,EURO,17118,22917873,183,398919
6/4/2023,RU,Russian Federation,EURO,11276,22929149,138,399057
6/11/2023,RU,Russian Federation,EURO,13309,22942458,169,399226
6/18/2023,RU,Russian Federation,EURO,4406,22946864,87,399313
6/25/2023,RU,Russian Federation,EURO,6545,22953409,123,399436
7/2/2023,RU,Russian Federation,EURO,5789,22959198,127,399563
7/9/2023,RU,Russian Federation,EURO,4490,22963688,86,399649
7/16/2023,RU,Russian Federation,EURO,4030,22967718,66,399715
7/23/2023,RU,Russian Federation,EURO,3389,22971107,57,399772
7/30/2023,RU,Russian Federation,EURO,3182,22974289,42,399814
8/6/2023,RU,Russian Federation,EURO,2985,22977274,40,399854
8/13/2023,RU,Russian Federation,EURO,2932,22980206,43,399897
8/20/2023,RU,Russian Federation,EURO,2944,22983150,41,399938
8/27/2023,RU,Russian Federation,EURO,3378,22986528,34,399972
9/3/2023,RU,Russian Federation,EURO,4020,22990548,11,399983
9/10/2023,RU,Russian Federation,EURO,5217,22995765,16,399999
9/17/2023,RU,Russian Federation,EURO,7688,23003453,10,400009
9/24/2023,RU,Russian Federation,EURO,11516,23014969,14,400023
10/1/2023,RU,Russian Federation,EURO,14435,23029404,24,400047
10/8/2023,RU,Russian Federation,EURO,16429,23045833,30,400077
10/15/2023,RU,Russian Federation,EURO,16127,23061960,25,400102
10/22/2023,RU,Russian Federation,EURO,16852,23078812,43,400145
10/29/2023,RU,Russian Federation,EURO,19922,23098734,50,400195
11/5/2023,RU,Russian Federation,EURO,25983,23124717,61,400256
11/12/2023,RU,Russian Federation,EURO,34191,23158908,63,400319
11/19/2023,RU,Russian Federation,EURO,41386,23200294,76,400395
11/26/2023,RU,Russian Federation,EURO,58150,23258444,93,400488
12/3/2023,RU,Russian Federation,EURO,0,23258444,0,400488
12/10/2023,RU,Russian Federation,EURO,0,23258444,0,400488
12/17/2023,RU,Russian Federation,EURO,221209,23479653,283,400771
12/24/2023,RU,Russian Federation,EURO,96903,23576556,164,400935
1/5/2020,RW,Rwanda,AFRO,0,0,0,0
1/12/2020,RW,Rwanda,AFRO,0,0,0,0
1/19/2020,RW,Rwanda,AFRO,0,0,0,0
1/26/2020,RW,Rwanda,AFRO,0,0,0,0
2/2/2020,RW,Rwanda,AFRO,0,0,0,0
2/9/2020,RW,Rwanda,AFRO,0,0,0,0
2/16/2020,RW,Rwanda,AFRO,0,0,0,0
2/23/2020,RW,Rwanda,AFRO,0,0,0,0
3/1/2020,RW,Rwanda,AFRO,0,0,0,0
3/8/2020,RW,Rwanda,AFRO,0,0,0,0
3/15/2020,RW,Rwanda,AFRO,1,1,0,0
3/22/2020,RW,Rwanda,AFRO,16,17,0,0
3/29/2020,RW,Rwanda,AFRO,41,58,0,0
4/5/2020,RW,Rwanda,AFRO,44,102,0,0
4/12/2020,RW,Rwanda,AFRO,18,120,0,0
4/19/2020,RW,Rwanda,AFRO,24,144,0,0
4/26/2020,RW,Rwanda,AFRO,39,183,0,0
5/3/2020,RW,Rwanda,AFRO,72,255,0,0
5/10/2020,RW,Rwanda,AFRO,26,281,0,0
5/17/2020,RW,Rwanda,AFRO,8,289,0,0
5/24/2020,RW,Rwanda,AFRO,36,325,0,0
5/31/2020,RW,Rwanda,AFRO,34,359,1,1
6/7/2020,RW,Rwanda,AFRO,72,431,1,2
6/14/2020,RW,Rwanda,AFRO,110,541,0,2
6/21/2020,RW,Rwanda,AFRO,161,702,0,2
6/28/2020,RW,Rwanda,AFRO,176,878,0,2
7/5/2020,RW,Rwanda,AFRO,214,1092,1,3
7/12/2020,RW,Rwanda,AFRO,207,1299,1,4
7/19/2020,RW,Rwanda,AFRO,240,1539,1,5
7/26/2020,RW,Rwanda,AFRO,213,1752,0,5
8/2/2020,RW,Rwanda,AFRO,290,2042,0,5
8/9/2020,RW,Rwanda,AFRO,93,2135,1,6
8/16/2020,RW,Rwanda,AFRO,217,2352,2,8
8/23/2020,RW,Rwanda,AFRO,537,2889,3,11
8/30/2020,RW,Rwanda,AFRO,954,3843,5,16
9/6/2020,RW,Rwanda,AFRO,506,4349,2,18
9/13/2020,RW,Rwanda,AFRO,216,4565,4,22
9/20/2020,RW,Rwanda,AFRO,124,4689,4,26
9/27/2020,RW,Rwanda,AFRO,122,4811,3,29
10/4/2020,RW,Rwanda,AFRO,40,4851,0,29
10/11/2020,RW,Rwanda,AFRO,41,4892,1,30
10/18/2020,RW,Rwanda,AFRO,79,4971,4,34
10/25/2020,RW,Rwanda,AFRO,89,5060,0,34
11/1/2020,RW,Rwanda,AFRO,77,5137,1,35
11/8/2020,RW,Rwanda,AFRO,76,5213,1,36
11/15/2020,RW,Rwanda,AFRO,181,5394,6,42
11/22/2020,RW,Rwanda,AFRO,226,5620,4,46
11/29/2020,RW,Rwanda,AFRO,271,5891,1,47
12/6/2020,RW,Rwanda,AFRO,193,6084,4,51
12/13/2020,RW,Rwanda,AFRO,444,6528,5,56
12/20/2020,RW,Rwanda,AFRO,704,7232,3,59
12/27/2020,RW,Rwanda,AFRO,585,7817,14,73
1/3/2021,RW,Rwanda,AFRO,750,8567,25,98
1/10/2021,RW,Rwanda,AFRO,894,9461,20,118
1/17/2021,RW,Rwanda,AFRO,1389,10850,22,140
1/24/2021,RW,Rwanda,AFRO,1797,12647,32,172
1/31/2021,RW,Rwanda,AFRO,2471,15118,21,193
2/7/2021,RW,Rwanda,AFRO,1219,16337,24,217
2/14/2021,RW,Rwanda,AFRO,930,17267,19,236
2/21/2021,RW,Rwanda,AFRO,721,17988,11,247
2/28/2021,RW,Rwanda,AFRO,802,18790,14,261
3/7/2021,RW,Rwanda,AFRO,636,19426,6,267
3/14/2021,RW,Rwanda,AFRO,717,20143,9,276
3/21/2021,RW,Rwanda,AFRO,618,20761,11,287
3/28/2021,RW,Rwanda,AFRO,609,21370,14,301
4/4/2021,RW,Rwanda,AFRO,873,22243,10,311
4/11/2021,RW,Rwanda,AFRO,1100,23343,3,314
4/18/2021,RW,Rwanda,AFRO,523,23866,8,322
4/25/2021,RW,Rwanda,AFRO,669,24535,6,328
5/2/2021,RW,Rwanda,AFRO,690,25225,7,335
5/9/2021,RW,Rwanda,AFRO,361,25586,3,338
5/16/2021,RW,Rwanda,AFRO,348,25934,4,342
5/23/2021,RW,Rwanda,AFRO,490,26424,6,348
5/30/2021,RW,Rwanda,AFRO,356,26780,1,349
6/6/2021,RW,Rwanda,AFRO,382,27162,10,359
6/13/2021,RW,Rwanda,AFRO,498,27660,7,366
6/20/2021,RW,Rwanda,AFRO,2388,30048,12,378
6/27/2021,RW,Rwanda,AFRO,4970,35018,26,404
7/4/2021,RW,Rwanda,AFRO,6678,41696,61,465
7/11/2021,RW,Rwanda,AFRO,5971,47667,86,551
7/18/2021,RW,Rwanda,AFRO,6882,54549,87,638
7/25/2021,RW,Rwanda,AFRO,10060,64609,89,727
8/1/2021,RW,Rwanda,AFRO,6089,70698,81,808
8/8/2021,RW,Rwanda,AFRO,4945,75643,73,881
8/15/2021,RW,Rwanda,AFRO,3651,79294,68,949
8/22/2021,RW,Rwanda,AFRO,3336,82630,61,1010
8/29/2021,RW,Rwanda,AFRO,3612,86242,64,1074
9/5/2021,RW,Rwanda,AFRO,3282,89524,43,1117
9/12/2021,RW,Rwanda,AFRO,2869,92393,47,1164
9/19/2021,RW,Rwanda,AFRO,2724,95117,42,1206
9/26/2021,RW,Rwanda,AFRO,1610,96727,42,1248
10/3/2021,RW,Rwanda,AFRO,1054,97781,33,1281
10/10/2021,RW,Rwanda,AFRO,818,98599,23,1304
10/17/2021,RW,Rwanda,AFRO,527,99126,9,1313
10/24/2021,RW,Rwanda,AFRO,226,99352,7,1320
10/31/2021,RW,Rwanda,AFRO,329,99681,8,1328
11/7/2021,RW,Rwanda,AFRO,250,99931,4,1332
11/14/2021,RW,Rwanda,AFRO,194,100125,6,1338
11/21/2021,RW,Rwanda,AFRO,82,100207,2,1340
11/28/2021,RW,Rwanda,AFRO,118,100325,2,1342
12/5/2021,RW,Rwanda,AFRO,79,100404,1,1343
12/12/2021,RW,Rwanda,AFRO,180,100584,1,1344
12/19/2021,RW,Rwanda,AFRO,829,101413,0,1344
12/26/2021,RW,Rwanda,AFRO,3099,104512,2,1346
1/2/2022,RW,Rwanda,AFRO,8142,112654,5,1351
1/9/2022,RW,Rwanda,AFRO,7720,120374,22,1373
1/16/2022,RW,Rwanda,AFRO,4428,124802,30,1403
1/23/2022,RW,Rwanda,AFRO,3100,127902,29,1432
1/30/2022,RW,Rwanda,AFRO,900,128802,6,1438
2/6/2022,RW,Rwanda,AFRO,323,129125,8,1446
2/13/2022,RW,Rwanda,AFRO,170,129295,4,1450
2/20/2022,RW,Rwanda,AFRO,74,129369,5,1455
2/27/2022,RW,Rwanda,AFRO,116,129485,2,1457
3/6/2022,RW,Rwanda,AFRO,66,129551,1,1458
3/13/2022,RW,Rwanda,AFRO,38,129589,1,1459
3/20/2022,RW,Rwanda,AFRO,48,129637,0,1459
3/27/2022,RW,Rwanda,AFRO,71,129708,0,1459
4/3/2022,RW,Rwanda,AFRO,21,129729,0,1459
4/10/2022,RW,Rwanda,AFRO,18,129747,0,1459
4/17/2022,RW,Rwanda,AFRO,20,129767,0,1459
4/24/2022,RW,Rwanda,AFRO,18,129785,0,1459
5/1/2022,RW,Rwanda,AFRO,45,129830,0,1459
5/8/2022,RW,Rwanda,AFRO,41,129871,0,1459
5/15/2022,RW,Rwanda,AFRO,48,129919,0,1459
5/22/2022,RW,Rwanda,AFRO,62,129981,0,1459
5/29/2022,RW,Rwanda,AFRO,64,130045,0,1459
6/5/2022,RW,Rwanda,AFRO,134,130179,0,1459
6/12/2022,RW,Rwanda,AFRO,178,130357,0,1459
6/19/2022,RW,Rwanda,AFRO,212,130569,0,1459
6/26/2022,RW,Rwanda,AFRO,256,130825,0,1459
7/3/2022,RW,Rwanda,AFRO,367,131192,0,1459
7/10/2022,RW,Rwanda,AFRO,476,131668,2,1461
7/17/2022,RW,Rwanda,AFRO,227,131895,4,1465
7/24/2022,RW,Rwanda,AFRO,49,131944,1,1466
7/31/2022,RW,Rwanda,AFRO,323,132267,0,1466
8/7/2022,RW,Rwanda,AFRO,58,132325,0,1466
8/14/2022,RW,Rwanda,AFRO,30,132355,0,1466
8/21/2022,RW,Rwanda,AFRO,22,132377,0,1466
8/28/2022,RW,Rwanda,AFRO,38,132415,0,1466
9/4/2022,RW,Rwanda,AFRO,34,132449,0,1466
9/11/2022,RW,Rwanda,AFRO,25,132474,0,1466
9/18/2022,RW,Rwanda,AFRO,11,132485,0,1466
9/25/2022,RW,Rwanda,AFRO,3,132488,0,1466
10/2/2022,RW,Rwanda,AFRO,16,132504,0,1466
10/9/2022,RW,Rwanda,AFRO,11,132515,1,1467
10/16/2022,RW,Rwanda,AFRO,2,132517,0,1467
10/23/2022,RW,Rwanda,AFRO,16,132533,0,1467
10/30/2022,RW,Rwanda,AFRO,23,132556,0,1467
11/6/2022,RW,Rwanda,AFRO,29,132585,0,1467
11/13/2022,RW,Rwanda,AFRO,26,132611,0,1467
11/20/2022,RW,Rwanda,AFRO,32,132643,0,1467
11/27/2022,RW,Rwanda,AFRO,38,132681,0,1467
12/4/2022,RW,Rwanda,AFRO,81,132762,0,1467
12/11/2022,RW,Rwanda,AFRO,49,132811,0,1467
12/18/2022,RW,Rwanda,AFRO,29,132840,0,1467
12/25/2022,RW,Rwanda,AFRO,80,132920,0,1467
1/1/2023,RW,Rwanda,AFRO,59,132979,0,1467
1/8/2023,RW,Rwanda,AFRO,54,133033,1,1468
1/15/2023,RW,Rwanda,AFRO,25,133058,0,1468
1/22/2023,RW,Rwanda,AFRO,20,133078,0,1468
1/29/2023,RW,Rwanda,AFRO,12,133090,0,1468
2/5/2023,RW,Rwanda,AFRO,13,133103,0,1468
2/12/2023,RW,Rwanda,AFRO,45,133148,0,1468
2/19/2023,RW,Rwanda,AFRO,22,133170,0,1468
2/26/2023,RW,Rwanda,AFRO,14,133184,0,1468
3/5/2023,RW,Rwanda,AFRO,10,133194,0,1468
3/12/2023,RW,Rwanda,AFRO,0,133194,0,1468
3/19/2023,RW,Rwanda,AFRO,0,133194,0,1468
3/26/2023,RW,Rwanda,AFRO,0,133194,0,1468
4/2/2023,RW,Rwanda,AFRO,0,133194,0,1468
4/9/2023,RW,Rwanda,AFRO,0,133194,0,1468
4/16/2023,RW,Rwanda,AFRO,0,133194,0,1468
4/23/2023,RW,Rwanda,AFRO,0,133194,0,1468
4/30/2023,RW,Rwanda,AFRO,0,133194,0,1468
5/7/2023,RW,Rwanda,AFRO,0,133194,0,1468
5/14/2023,RW,Rwanda,AFRO,0,133194,0,1468
5/21/2023,RW,Rwanda,AFRO,0,133194,0,1468
5/28/2023,RW,Rwanda,AFRO,0,133194,0,1468
6/4/2023,RW,Rwanda,AFRO,0,133194,0,1468
6/11/2023,RW,Rwanda,AFRO,0,133194,0,1468
6/18/2023,RW,Rwanda,AFRO,0,133194,0,1468
6/25/2023,RW,Rwanda,AFRO,0,133194,0,1468
7/2/2023,RW,Rwanda,AFRO,0,133194,0,1468
7/9/2023,RW,Rwanda,AFRO,0,133194,0,1468
7/16/2023,RW,Rwanda,AFRO,0,133194,0,1468
7/23/2023,RW,Rwanda,AFRO,0,133194,0,1468
7/30/2023,RW,Rwanda,AFRO,0,133194,0,1468
8/6/2023,RW,Rwanda,AFRO,0,133194,0,1468
8/13/2023,RW,Rwanda,AFRO,0,133194,0,1468
8/20/2023,RW,Rwanda,AFRO,0,133194,0,1468
8/27/2023,RW,Rwanda,AFRO,0,133194,0,1468
9/3/2023,RW,Rwanda,AFRO,0,133194,0,1468
9/10/2023,RW,Rwanda,AFRO,0,133194,0,1468
9/17/2023,RW,Rwanda,AFRO,0,133194,0,1468
9/24/2023,RW,Rwanda,AFRO,0,133194,0,1468
10/1/2023,RW,Rwanda,AFRO,0,133194,0,1468
10/8/2023,RW,Rwanda,AFRO,0,133194,0,1468
10/15/2023,RW,Rwanda,AFRO,0,133194,0,1468
10/22/2023,RW,Rwanda,AFRO,0,133194,0,1468
10/29/2023,RW,Rwanda,AFRO,0,133194,0,1468
11/5/2023,RW,Rwanda,AFRO,0,133194,0,1468
11/12/2023,RW,Rwanda,AFRO,0,133194,0,1468
11/19/2023,RW,Rwanda,AFRO,14,133208,0,1468
11/26/2023,RW,Rwanda,AFRO,0,133208,0,1468
12/3/2023,RW,Rwanda,AFRO,0,133208,0,1468
12/10/2023,RW,Rwanda,AFRO,0,133208,0,1468
12/17/2023,RW,Rwanda,AFRO,0,133208,0,1468
12/24/2023,RW,Rwanda,AFRO,0,133208,0,1468
1/5/2020,BL,Saint Barth?lemy,,0,0,0,0
1/12/2020,BL,Saint Barth?lemy,,0,0,0,0
1/19/2020,BL,Saint Barth?lemy,,0,0,0,0
1/26/2020,BL,Saint Barth?lemy,,0,0,0,0
2/2/2020,BL,Saint Barth?lemy,,0,0,0,0
2/9/2020,BL,Saint Barth?lemy,,0,0,0,0
2/16/2020,BL,Saint Barth?lemy,,0,0,0,0
2/23/2020,BL,Saint Barth?lemy,,0,0,0,0
3/1/2020,BL,Saint Barth?lemy,,0,0,0,0
3/8/2020,BL,Saint Barth?lemy,,1,1,0,0
3/15/2020,BL,Saint Barth?lemy,,0,1,0,0
3/22/2020,BL,Saint Barth?lemy,,2,3,0,0
3/29/2020,BL,Saint Barth?lemy,,2,5,0,0
4/5/2020,BL,Saint Barth?lemy,,1,6,0,0
4/12/2020,BL,Saint Barth?lemy,,0,6,0,0
4/19/2020,BL,Saint Barth?lemy,,0,6,0,0
4/26/2020,BL,Saint Barth?lemy,,0,6,0,0
5/3/2020,BL,Saint Barth?lemy,,0,6,0,0
5/10/2020,BL,Saint Barth?lemy,,0,6,0,0
5/17/2020,BL,Saint Barth?lemy,,0,6,0,0
5/24/2020,BL,Saint Barth?lemy,,0,6,0,0
5/31/2020,BL,Saint Barth?lemy,,0,6,0,0
6/7/2020,BL,Saint Barth?lemy,,0,6,0,0
6/14/2020,BL,Saint Barth?lemy,,0,6,0,0
6/21/2020,BL,Saint Barth?lemy,,0,6,0,0
6/28/2020,BL,Saint Barth?lemy,,0,6,0,0
7/5/2020,BL,Saint Barth?lemy,,0,6,0,0
7/12/2020,BL,Saint Barth?lemy,,0,6,0,0
7/19/2020,BL,Saint Barth?lemy,,0,6,0,0
7/26/2020,BL,Saint Barth?lemy,,1,7,0,0
8/2/2020,BL,Saint Barth?lemy,,1,8,0,0
8/9/2020,BL,Saint Barth?lemy,,1,9,0,0
8/16/2020,BL,Saint Barth?lemy,,4,13,0,0
8/23/2020,BL,Saint Barth?lemy,,3,16,0,0
8/30/2020,BL,Saint Barth?lemy,,2,18,0,0
9/6/2020,BL,Saint Barth?lemy,,0,18,0,0
9/13/2020,BL,Saint Barth?lemy,,3,21,0,0
9/20/2020,BL,Saint Barth?lemy,,2,23,0,0
9/27/2020,BL,Saint Barth?lemy,,25,48,0,0
10/4/2020,BL,Saint Barth?lemy,,14,62,0,0
10/11/2020,BL,Saint Barth?lemy,,3,65,0,0
10/18/2020,BL,Saint Barth?lemy,,7,72,0,0
10/25/2020,BL,Saint Barth?lemy,,11,83,0,0
11/1/2020,BL,Saint Barth?lemy,,6,89,0,0
11/8/2020,BL,Saint Barth?lemy,,1,90,0,0
11/15/2020,BL,Saint Barth?lemy,,19,109,0,0
11/22/2020,BL,Saint Barth?lemy,,18,127,0,0
11/29/2020,BL,Saint Barth?lemy,,0,127,0,0
12/6/2020,BL,Saint Barth?lemy,,25,152,0,0
12/13/2020,BL,Saint Barth?lemy,,12,164,0,0
12/20/2020,BL,Saint Barth?lemy,,18,182,0,0
12/27/2020,BL,Saint Barth?lemy,,7,189,0,0
1/3/2021,BL,Saint Barth?lemy,,1,190,0,0
1/10/2021,BL,Saint Barth?lemy,,1,191,0,0
1/17/2021,BL,Saint Barth?lemy,,33,224,0,0
1/24/2021,BL,Saint Barth?lemy,,152,376,0,0
1/31/2021,BL,Saint Barth?lemy,,3,379,0,0
2/7/2021,BL,Saint Barth?lemy,,0,379,0,0
2/14/2021,BL,Saint Barth?lemy,,96,475,0,0
2/21/2021,BL,Saint Barth?lemy,,0,475,0,0
2/28/2021,BL,Saint Barth?lemy,,137,612,0,0
3/7/2021,BL,Saint Barth?lemy,,59,671,0,0
3/14/2021,BL,Saint Barth?lemy,,54,725,1,1
3/21/2021,BL,Saint Barth?lemy,,51,776,0,1
3/28/2021,BL,Saint Barth?lemy,,81,857,0,1
4/4/2021,BL,Saint Barth?lemy,,53,910,0,1
4/11/2021,BL,Saint Barth?lemy,,18,928,0,1
4/18/2021,BL,Saint Barth?lemy,,26,954,0,1
4/25/2021,BL,Saint Barth?lemy,,22,976,0,1
5/2/2021,BL,Saint Barth?lemy,,12,988,0,1
5/9/2021,BL,Saint Barth?lemy,,6,994,0,1
5/16/2021,BL,Saint Barth?lemy,,16,1010,0,1
5/23/2021,BL,Saint Barth?lemy,,6,1016,0,1
5/30/2021,BL,Saint Barth?lemy,,7,1023,0,1
6/6/2021,BL,Saint Barth?lemy,,6,1029,0,1
6/13/2021,BL,Saint Barth?lemy,,3,1032,0,1
6/20/2021,BL,Saint Barth?lemy,,8,1040,0,1
6/27/2021,BL,Saint Barth?lemy,,3,1043,0,1
7/4/2021,BL,Saint Barth?lemy,,3,1046,0,1
7/11/2021,BL,Saint Barth?lemy,,6,1052,0,1
7/18/2021,BL,Saint Barth?lemy,,5,1057,0,1
7/25/2021,BL,Saint Barth?lemy,,8,1065,0,1
8/1/2021,BL,Saint Barth?lemy,,270,1335,0,1
8/8/2021,BL,Saint Barth?lemy,,64,1399,0,1
8/15/2021,BL,Saint Barth?lemy,,80,1479,0,1
8/22/2021,BL,Saint Barth?lemy,,74,1553,0,1
8/29/2021,BL,Saint Barth?lemy,,39,1592,0,1
9/5/2021,BL,Saint Barth?lemy,,15,1607,1,2
9/12/2021,BL,Saint Barth?lemy,,6,1613,0,2
9/19/2021,BL,Saint Barth?lemy,,11,1624,0,2
9/26/2021,BL,Saint Barth?lemy,,10,1634,0,2
10/3/2021,BL,Saint Barth?lemy,,15,1649,2,4
10/10/2021,BL,Saint Barth?lemy,,9,1658,0,4
10/17/2021,BL,Saint Barth?lemy,,1,1659,0,4
10/24/2021,BL,Saint Barth?lemy,,0,1659,0,4
10/31/2021,BL,Saint Barth?lemy,,1,1660,0,4
11/7/2021,BL,Saint Barth?lemy,,1,1661,0,4
11/14/2021,BL,Saint Barth?lemy,,0,1661,0,4
11/21/2021,BL,Saint Barth?lemy,,5,1666,0,4
11/28/2021,BL,Saint Barth?lemy,,6,1672,0,4
12/5/2021,BL,Saint Barth?lemy,,2,1674,0,4
12/12/2021,BL,Saint Barth?lemy,,9,1683,0,4
12/19/2021,BL,Saint Barth?lemy,,9,1692,0,4
12/26/2021,BL,Saint Barth?lemy,,34,1726,0,4
1/2/2022,BL,Saint Barth?lemy,,229,1955,0,4
1/9/2022,BL,Saint Barth?lemy,,495,2450,0,4
1/16/2022,BL,Saint Barth?lemy,,502,2952,0,4
1/23/2022,BL,Saint Barth?lemy,,266,3218,0,4
1/30/2022,BL,Saint Barth?lemy,,209,3427,0,4
2/6/2022,BL,Saint Barth?lemy,,115,3542,0,4
2/13/2022,BL,Saint Barth?lemy,,91,3633,0,4
2/20/2022,BL,Saint Barth?lemy,,51,3684,0,4
2/27/2022,BL,Saint Barth?lemy,,27,3711,0,4
3/6/2022,BL,Saint Barth?lemy,,15,3726,0,4
3/13/2022,BL,Saint Barth?lemy,,37,3763,0,4
3/20/2022,BL,Saint Barth?lemy,,42,3805,0,4
3/27/2022,BL,Saint Barth?lemy,,78,3883,0,4
4/3/2022,BL,Saint Barth?lemy,,186,4069,0,4
4/10/2022,BL,Saint Barth?lemy,,164,4233,0,4
4/17/2022,BL,Saint Barth?lemy,,135,4368,0,4
4/24/2022,BL,Saint Barth?lemy,,75,4443,0,4
5/1/2022,BL,Saint Barth?lemy,,44,4487,0,4
5/8/2022,BL,Saint Barth?lemy,,31,4518,0,4
5/15/2022,BL,Saint Barth?lemy,,32,4550,0,4
5/22/2022,BL,Saint Barth?lemy,,21,4571,0,4
5/29/2022,BL,Saint Barth?lemy,,23,4594,0,4
6/5/2022,BL,Saint Barth?lemy,,20,4614,0,4
6/12/2022,BL,Saint Barth?lemy,,32,4646,0,4
6/19/2022,BL,Saint Barth?lemy,,25,4671,0,4
6/26/2022,BL,Saint Barth?lemy,,26,4697,0,4
7/3/2022,BL,Saint Barth?lemy,,43,4740,1,5
7/10/2022,BL,Saint Barth?lemy,,105,4845,0,5
7/17/2022,BL,Saint Barth?lemy,,109,4954,0,5
7/24/2022,BL,Saint Barth?lemy,,101,5055,0,5
7/31/2022,BL,Saint Barth?lemy,,83,5138,0,5
8/7/2022,BL,Saint Barth?lemy,,39,5177,0,5
8/14/2022,BL,Saint Barth?lemy,,31,5208,0,5
8/21/2022,BL,Saint Barth?lemy,,23,5231,0,5
8/28/2022,BL,Saint Barth?lemy,,32,5263,0,5
9/4/2022,BL,Saint Barth?lemy,,0,5263,0,5
9/11/2022,BL,Saint Barth?lemy,,0,5263,0,5
9/18/2022,BL,Saint Barth?lemy,,0,5263,0,5
9/25/2022,BL,Saint Barth?lemy,,22,5285,0,5
10/2/2022,BL,Saint Barth?lemy,,0,5285,0,5
10/9/2022,BL,Saint Barth?lemy,,17,5302,0,5
10/16/2022,BL,Saint Barth?lemy,,11,5313,0,5
10/23/2022,BL,Saint Barth?lemy,,10,5323,0,5
10/30/2022,BL,Saint Barth?lemy,,0,5323,0,5
11/6/2022,BL,Saint Barth?lemy,,9,5332,0,5
11/13/2022,BL,Saint Barth?lemy,,4,5336,0,5
11/20/2022,BL,Saint Barth?lemy,,5,5341,0,5
11/27/2022,BL,Saint Barth?lemy,,7,5348,0,5
12/4/2022,BL,Saint Barth?lemy,,12,5360,0,5
12/11/2022,BL,Saint Barth?lemy,,22,5382,0,5
12/18/2022,BL,Saint Barth?lemy,,9,5391,0,5
12/25/2022,BL,Saint Barth?lemy,,11,5402,0,5
1/1/2023,BL,Saint Barth?lemy,,6,5408,0,5
1/8/2023,BL,Saint Barth?lemy,,10,5418,0,5
1/15/2023,BL,Saint Barth?lemy,,0,5418,0,5
1/22/2023,BL,Saint Barth?lemy,,2,5420,0,5
1/29/2023,BL,Saint Barth?lemy,,6,5426,0,5
2/5/2023,BL,Saint Barth?lemy,,5,5431,0,5
2/12/2023,BL,Saint Barth?lemy,,4,5435,0,5
2/19/2023,BL,Saint Barth?lemy,,4,5439,0,5
2/26/2023,BL,Saint Barth?lemy,,1,5440,0,5
3/5/2023,BL,Saint Barth?lemy,,1,5441,0,5
3/12/2023,BL,Saint Barth?lemy,,8,5449,0,5
3/19/2023,BL,Saint Barth?lemy,,18,5467,0,5
3/26/2023,BL,Saint Barth?lemy,,11,5478,0,5
4/2/2023,BL,Saint Barth?lemy,,0,5478,0,5
4/9/2023,BL,Saint Barth?lemy,,0,5478,0,5
4/16/2023,BL,Saint Barth?lemy,,6,5484,0,5
4/23/2023,BL,Saint Barth?lemy,,1,5485,0,5
4/30/2023,BL,Saint Barth?lemy,,1,5486,0,5
5/7/2023,BL,Saint Barth?lemy,,0,5486,0,5
5/14/2023,BL,Saint Barth?lemy,,0,5486,0,5
5/21/2023,BL,Saint Barth?lemy,,8,5494,0,5
5/28/2023,BL,Saint Barth?lemy,,0,5494,0,5
6/4/2023,BL,Saint Barth?lemy,,0,5494,0,5
6/11/2023,BL,Saint Barth?lemy,,0,5494,0,5
6/18/2023,BL,Saint Barth?lemy,,0,5494,0,5
6/25/2023,BL,Saint Barth?lemy,,13,5507,0,5
7/2/2023,BL,Saint Barth?lemy,,0,5507,0,5
7/9/2023,BL,Saint Barth?lemy,,0,5507,0,5
7/16/2023,BL,Saint Barth?lemy,,0,5507,0,5
7/23/2023,BL,Saint Barth?lemy,,0,5507,0,5
7/30/2023,BL,Saint Barth?lemy,,0,5507,0,5
8/6/2023,BL,Saint Barth?lemy,,0,5507,0,5
8/13/2023,BL,Saint Barth?lemy,,0,5507,0,5
8/20/2023,BL,Saint Barth?lemy,,0,5507,0,5
8/27/2023,BL,Saint Barth?lemy,,0,5507,0,5
9/3/2023,BL,Saint Barth?lemy,,0,5507,0,5
9/10/2023,BL,Saint Barth?lemy,,0,5507,0,5
9/17/2023,BL,Saint Barth?lemy,,0,5507,0,5
9/24/2023,BL,Saint Barth?lemy,,0,5507,0,5
10/1/2023,BL,Saint Barth?lemy,,0,5507,0,5
10/8/2023,BL,Saint Barth?lemy,,0,5507,0,5
10/15/2023,BL,Saint Barth?lemy,,0,5507,0,5
10/22/2023,BL,Saint Barth?lemy,,0,5507,0,5
10/29/2023,BL,Saint Barth?lemy,,0,5507,0,5
11/5/2023,BL,Saint Barth?lemy,,0,5507,0,5
11/12/2023,BL,Saint Barth?lemy,,0,5507,0,5
11/19/2023,BL,Saint Barth?lemy,,0,5507,0,5
11/26/2023,BL,Saint Barth?lemy,,0,5507,0,5
12/3/2023,BL,Saint Barth?lemy,,0,5507,0,5
12/10/2023,BL,Saint Barth?lemy,,0,5507,0,5
12/17/2023,BL,Saint Barth?lemy,,0,5507,0,5
12/24/2023,BL,Saint Barth?lemy,,0,5507,0,5
1/5/2020,SH,Saint Helena,,0,0,0,0
1/12/2020,SH,Saint Helena,,0,0,0,0
1/19/2020,SH,Saint Helena,,0,0,0,0
1/26/2020,SH,Saint Helena,,0,0,0,0
2/2/2020,SH,Saint Helena,,0,0,0,0
2/9/2020,SH,Saint Helena,,0,0,0,0
2/16/2020,SH,Saint Helena,,0,0,0,0
2/23/2020,SH,Saint Helena,,0,0,0,0
3/1/2020,SH,Saint Helena,,0,0,0,0
3/8/2020,SH,Saint Helena,,0,0,0,0
3/15/2020,SH,Saint Helena,,0,0,0,0
3/22/2020,SH,Saint Helena,,0,0,0,0
3/29/2020,SH,Saint Helena,,0,0,0,0
4/5/2020,SH,Saint Helena,,0,0,0,0
4/12/2020,SH,Saint Helena,,0,0,0,0
4/19/2020,SH,Saint Helena,,0,0,0,0
4/26/2020,SH,Saint Helena,,0,0,0,0
5/3/2020,SH,Saint Helena,,0,0,0,0
5/10/2020,SH,Saint Helena,,0,0,0,0
5/17/2020,SH,Saint Helena,,0,0,0,0
5/24/2020,SH,Saint Helena,,0,0,0,0
5/31/2020,SH,Saint Helena,,0,0,0,0
6/7/2020,SH,Saint Helena,,0,0,0,0
6/14/2020,SH,Saint Helena,,0,0,0,0
6/21/2020,SH,Saint Helena,,0,0,0,0
6/28/2020,SH,Saint Helena,,0,0,0,0
7/5/2020,SH,Saint Helena,,0,0,0,0
7/12/2020,SH,Saint Helena,,0,0,0,0
7/19/2020,SH,Saint Helena,,0,0,0,0
7/26/2020,SH,Saint Helena,,0,0,0,0
8/2/2020,SH,Saint Helena,,0,0,0,0
8/9/2020,SH,Saint Helena,,0,0,0,0
8/16/2020,SH,Saint Helena,,0,0,0,0
8/23/2020,SH,Saint Helena,,0,0,0,0
8/30/2020,SH,Saint Helena,,0,0,0,0
9/6/2020,SH,Saint Helena,,0,0,0,0
9/13/2020,SH,Saint Helena,,0,0,0,0
9/20/2020,SH,Saint Helena,,0,0,0,0
9/27/2020,SH,Saint Helena,,0,0,0,0
10/4/2020,SH,Saint Helena,,0,0,0,0
10/11/2020,SH,Saint Helena,,0,0,0,0
10/18/2020,SH,Saint Helena,,0,0,0,0
10/25/2020,SH,Saint Helena,,0,0,0,0
11/1/2020,SH,Saint Helena,,0,0,0,0
11/8/2020,SH,Saint Helena,,0,0,0,0
11/15/2020,SH,Saint Helena,,0,0,0,0
11/22/2020,SH,Saint Helena,,0,0,0,0
11/29/2020,SH,Saint Helena,,0,0,0,0
12/6/2020,SH,Saint Helena,,0,0,0,0
12/13/2020,SH,Saint Helena,,0,0,0,0
12/20/2020,SH,Saint Helena,,0,0,0,0
12/27/2020,SH,Saint Helena,,0,0,0,0
1/3/2021,SH,Saint Helena,,0,0,0,0
1/10/2021,SH,Saint Helena,,0,0,0,0
1/17/2021,SH,Saint Helena,,0,0,0,0
1/24/2021,SH,Saint Helena,,0,0,0,0
1/31/2021,SH,Saint Helena,,0,0,0,0
2/7/2021,SH,Saint Helena,,0,0,0,0
2/14/2021,SH,Saint Helena,,0,0,0,0
2/21/2021,SH,Saint Helena,,0,0,0,0
2/28/2021,SH,Saint Helena,,0,0,0,0
3/7/2021,SH,Saint Helena,,0,0,0,0
3/14/2021,SH,Saint Helena,,0,0,0,0
3/21/2021,SH,Saint Helena,,0,0,0,0
3/28/2021,SH,Saint Helena,,0,0,0,0
4/4/2021,SH,Saint Helena,,0,0,0,0
4/11/2021,SH,Saint Helena,,0,0,0,0
4/18/2021,SH,Saint Helena,,0,0,0,0
4/25/2021,SH,Saint Helena,,0,0,0,0
5/2/2021,SH,Saint Helena,,0,0,0,0
5/9/2021,SH,Saint Helena,,0,0,0,0
5/16/2021,SH,Saint Helena,,0,0,0,0
5/23/2021,SH,Saint Helena,,0,0,0,0
5/30/2021,SH,Saint Helena,,0,0,0,0
6/6/2021,SH,Saint Helena,,0,0,0,0
6/13/2021,SH,Saint Helena,,0,0,0,0
6/20/2021,SH,Saint Helena,,0,0,0,0
6/27/2021,SH,Saint Helena,,0,0,0,0
7/4/2021,SH,Saint Helena,,0,0,0,0
7/11/2021,SH,Saint Helena,,0,0,0,0
7/18/2021,SH,Saint Helena,,0,0,0,0
7/25/2021,SH,Saint Helena,,0,0,0,0
8/1/2021,SH,Saint Helena,,0,0,0,0
8/8/2021,SH,Saint Helena,,0,0,0,0
8/15/2021,SH,Saint Helena,,0,0,0,0
8/22/2021,SH,Saint Helena,,0,0,0,0
8/29/2021,SH,Saint Helena,,0,0,0,0
9/5/2021,SH,Saint Helena,,0,0,0,0
9/12/2021,SH,Saint Helena,,0,0,0,0
9/19/2021,SH,Saint Helena,,0,0,0,0
9/26/2021,SH,Saint Helena,,0,0,0,0
10/3/2021,SH,Saint Helena,,0,0,0,0
10/10/2021,SH,Saint Helena,,0,0,0,0
10/17/2021,SH,Saint Helena,,0,0,0,0
10/24/2021,SH,Saint Helena,,0,0,0,0
10/31/2021,SH,Saint Helena,,0,0,0,0
11/7/2021,SH,Saint Helena,,0,0,0,0
11/14/2021,SH,Saint Helena,,0,0,0,0
11/21/2021,SH,Saint Helena,,0,0,0,0
11/28/2021,SH,Saint Helena,,0,0,0,0
12/5/2021,SH,Saint Helena,,0,0,0,0
12/12/2021,SH,Saint Helena,,0,0,0,0
12/19/2021,SH,Saint Helena,,0,0,0,0
12/26/2021,SH,Saint Helena,,0,0,0,0
1/2/2022,SH,Saint Helena,,0,0,0,0
1/9/2022,SH,Saint Helena,,0,0,0,0
1/16/2022,SH,Saint Helena,,0,0,0,0
1/23/2022,SH,Saint Helena,,0,0,0,0
1/30/2022,SH,Saint Helena,,0,0,0,0
2/6/2022,SH,Saint Helena,,0,0,0,0
2/13/2022,SH,Saint Helena,,0,0,0,0
2/20/2022,SH,Saint Helena,,0,0,0,0
2/27/2022,SH,Saint Helena,,0,0,0,0
3/6/2022,SH,Saint Helena,,0,0,0,0
3/13/2022,SH,Saint Helena,,0,0,0,0
3/20/2022,SH,Saint Helena,,0,0,0,0
3/27/2022,SH,Saint Helena,,0,0,0,0
4/3/2022,SH,Saint Helena,,0,0,0,0
4/10/2022,SH,Saint Helena,,0,0,0,0
4/17/2022,SH,Saint Helena,,0,0,0,0
4/24/2022,SH,Saint Helena,,0,0,0,0
5/1/2022,SH,Saint Helena,,0,0,0,0
5/8/2022,SH,Saint Helena,,0,0,0,0
5/15/2022,SH,Saint Helena,,0,0,0,0
5/22/2022,SH,Saint Helena,,0,0,0,0
5/29/2022,SH,Saint Helena,,0,0,0,0
6/5/2022,SH,Saint Helena,,0,0,0,0
6/12/2022,SH,Saint Helena,,0,0,0,0
6/19/2022,SH,Saint Helena,,0,0,0,0
6/26/2022,SH,Saint Helena,,0,0,0,0
7/3/2022,SH,Saint Helena,,0,0,0,0
7/10/2022,SH,Saint Helena,,0,0,0,0
7/17/2022,SH,Saint Helena,,0,0,0,0
7/24/2022,SH,Saint Helena,,0,0,0,0
7/31/2022,SH,Saint Helena,,0,0,0,0
8/7/2022,SH,Saint Helena,,0,0,0,0
8/14/2022,SH,Saint Helena,,2,2,0,0
8/21/2022,SH,Saint Helena,,15,17,0,0
8/28/2022,SH,Saint Helena,,11,28,0,0
9/4/2022,SH,Saint Helena,,8,36,0,0
9/11/2022,SH,Saint Helena,,52,88,0,0
9/18/2022,SH,Saint Helena,,29,117,0,0
9/25/2022,SH,Saint Helena,,1298,1415,0,0
10/2/2022,SH,Saint Helena,,459,1874,0,0
10/9/2022,SH,Saint Helena,,99,1973,0,0
10/16/2022,SH,Saint Helena,,40,2013,0,0
10/23/2022,SH,Saint Helena,,19,2032,0,0
10/30/2022,SH,Saint Helena,,13,2045,0,0
11/6/2022,SH,Saint Helena,,0,2045,0,0
11/13/2022,SH,Saint Helena,,70,2115,0,0
11/20/2022,SH,Saint Helena,,47,2162,0,0
11/27/2022,SH,Saint Helena,,4,2166,0,0
12/4/2022,SH,Saint Helena,,0,2166,0,0
12/11/2022,SH,Saint Helena,,0,2166,0,0
12/18/2022,SH,Saint Helena,,0,2166,0,0
12/25/2022,SH,Saint Helena,,0,2166,0,0
1/1/2023,SH,Saint Helena,,0,2166,0,0
1/8/2023,SH,Saint Helena,,0,2166,0,0
1/15/2023,SH,Saint Helena,,0,2166,0,0
1/22/2023,SH,Saint Helena,,0,2166,0,0
1/29/2023,SH,Saint Helena,,0,2166,0,0
2/5/2023,SH,Saint Helena,,0,2166,0,0
2/12/2023,SH,Saint Helena,,0,2166,0,0
2/19/2023,SH,Saint Helena,,0,2166,0,0
2/26/2023,SH,Saint Helena,,0,2166,0,0
3/5/2023,SH,Saint Helena,,0,2166,0,0
3/12/2023,SH,Saint Helena,,0,2166,0,0
3/19/2023,SH,Saint Helena,,0,2166,0,0
3/26/2023,SH,Saint Helena,,0,2166,0,0
4/2/2023,SH,Saint Helena,,0,2166,0,0
4/9/2023,SH,Saint Helena,,0,2166,0,0
4/16/2023,SH,Saint Helena,,0,2166,0,0
4/23/2023,SH,Saint Helena,,0,2166,0,0
4/30/2023,SH,Saint Helena,,0,2166,0,0
5/7/2023,SH,Saint Helena,,0,2166,0,0
5/14/2023,SH,Saint Helena,,0,2166,0,0
5/21/2023,SH,Saint Helena,,0,2166,0,0
5/28/2023,SH,Saint Helena,,0,2166,0,0
6/4/2023,SH,Saint Helena,,0,2166,0,0
6/11/2023,SH,Saint Helena,,0,2166,0,0
6/18/2023,SH,Saint Helena,,0,2166,0,0
6/25/2023,SH,Saint Helena,,0,2166,0,0
7/2/2023,SH,Saint Helena,,0,2166,0,0
7/9/2023,SH,Saint Helena,,0,2166,0,0
7/16/2023,SH,Saint Helena,,0,2166,0,0
7/23/2023,SH,Saint Helena,,0,2166,0,0
7/30/2023,SH,Saint Helena,,0,2166,0,0
8/6/2023,SH,Saint Helena,,0,2166,0,0
8/13/2023,SH,Saint Helena,,0,2166,0,0
8/20/2023,SH,Saint Helena,,0,2166,0,0
8/27/2023,SH,Saint Helena,,0,2166,0,0
9/3/2023,SH,Saint Helena,,0,2166,0,0
9/10/2023,SH,Saint Helena,,0,2166,0,0
9/17/2023,SH,Saint Helena,,0,2166,0,0
9/24/2023,SH,Saint Helena,,0,2166,0,0
10/1/2023,SH,Saint Helena,,0,2166,0,0
10/8/2023,SH,Saint Helena,,0,2166,0,0
10/15/2023,SH,Saint Helena,,0,2166,0,0
10/22/2023,SH,Saint Helena,,0,2166,0,0
10/29/2023,SH,Saint Helena,,0,2166,0,0
11/5/2023,SH,Saint Helena,,0,2166,0,0
11/12/2023,SH,Saint Helena,,0,2166,0,0
11/19/2023,SH,Saint Helena,,0,2166,0,0
11/26/2023,SH,Saint Helena,,0,2166,0,0
12/3/2023,SH,Saint Helena,,0,2166,0,0
12/10/2023,SH,Saint Helena,,0,2166,0,0
12/17/2023,SH,Saint Helena,,0,2166,0,0
12/24/2023,SH,Saint Helena,,0,2166,0,0
1/5/2020,KN,Saint Kitts and Nevis,AMRO,0,0,0,0
1/12/2020,KN,Saint Kitts and Nevis,AMRO,0,0,0,0
1/19/2020,KN,Saint Kitts and Nevis,AMRO,0,0,0,0
1/26/2020,KN,Saint Kitts and Nevis,AMRO,0,0,0,0
2/2/2020,KN,Saint Kitts and Nevis,AMRO,0,0,0,0
2/9/2020,KN,Saint Kitts and Nevis,AMRO,0,0,0,0
2/16/2020,KN,Saint Kitts and Nevis,AMRO,0,0,0,0
2/23/2020,KN,Saint Kitts and Nevis,AMRO,0,0,0,0
3/1/2020,KN,Saint Kitts and Nevis,AMRO,0,0,0,0
3/8/2020,KN,Saint Kitts and Nevis,AMRO,0,0,0,0
3/15/2020,KN,Saint Kitts and Nevis,AMRO,0,0,0,0
3/22/2020,KN,Saint Kitts and Nevis,AMRO,0,0,0,0
3/29/2020,KN,Saint Kitts and Nevis,AMRO,2,2,0,0
4/5/2020,KN,Saint Kitts and Nevis,AMRO,7,9,0,0
4/12/2020,KN,Saint Kitts and Nevis,AMRO,3,12,0,0
4/19/2020,KN,Saint Kitts and Nevis,AMRO,2,14,0,0
4/26/2020,KN,Saint Kitts and Nevis,AMRO,1,15,0,0
5/3/2020,KN,Saint Kitts and Nevis,AMRO,0,15,0,0
5/10/2020,KN,Saint Kitts and Nevis,AMRO,0,15,0,0
5/17/2020,KN,Saint Kitts and Nevis,AMRO,0,15,0,0
5/24/2020,KN,Saint Kitts and Nevis,AMRO,0,15,0,0
5/31/2020,KN,Saint Kitts and Nevis,AMRO,0,15,0,0
6/7/2020,KN,Saint Kitts and Nevis,AMRO,0,15,0,0
6/14/2020,KN,Saint Kitts and Nevis,AMRO,0,15,0,0
6/21/2020,KN,Saint Kitts and Nevis,AMRO,0,15,0,0
6/28/2020,KN,Saint Kitts and Nevis,AMRO,0,15,0,0
7/5/2020,KN,Saint Kitts and Nevis,AMRO,0,15,0,0
7/12/2020,KN,Saint Kitts and Nevis,AMRO,2,17,0,0
7/19/2020,KN,Saint Kitts and Nevis,AMRO,0,17,0,0
7/26/2020,KN,Saint Kitts and Nevis,AMRO,0,17,0,0
8/2/2020,KN,Saint Kitts and Nevis,AMRO,0,17,0,0
8/9/2020,KN,Saint Kitts and Nevis,AMRO,0,17,0,0
8/16/2020,KN,Saint Kitts and Nevis,AMRO,0,17,0,0
8/23/2020,KN,Saint Kitts and Nevis,AMRO,0,17,0,0
8/30/2020,KN,Saint Kitts and Nevis,AMRO,0,17,0,0
9/6/2020,KN,Saint Kitts and Nevis,AMRO,0,17,0,0
9/13/2020,KN,Saint Kitts and Nevis,AMRO,0,17,0,0
9/20/2020,KN,Saint Kitts and Nevis,AMRO,0,17,0,0
9/27/2020,KN,Saint Kitts and Nevis,AMRO,2,19,0,0
10/4/2020,KN,Saint Kitts and Nevis,AMRO,0,19,0,0
10/11/2020,KN,Saint Kitts and Nevis,AMRO,0,19,0,0
10/18/2020,KN,Saint Kitts and Nevis,AMRO,0,19,0,0
10/25/2020,KN,Saint Kitts and Nevis,AMRO,0,19,0,0
11/1/2020,KN,Saint Kitts and Nevis,AMRO,0,19,0,0
11/8/2020,KN,Saint Kitts and Nevis,AMRO,0,19,0,0
11/15/2020,KN,Saint Kitts and Nevis,AMRO,0,19,0,0
11/22/2020,KN,Saint Kitts and Nevis,AMRO,0,19,0,0
11/29/2020,KN,Saint Kitts and Nevis,AMRO,3,22,0,0
12/6/2020,KN,Saint Kitts and Nevis,AMRO,0,22,0,0
12/13/2020,KN,Saint Kitts and Nevis,AMRO,5,27,0,0
12/20/2020,KN,Saint Kitts and Nevis,AMRO,3,30,0,0
12/27/2020,KN,Saint Kitts and Nevis,AMRO,0,30,0,0
1/3/2021,KN,Saint Kitts and Nevis,AMRO,3,33,0,0
1/10/2021,KN,Saint Kitts and Nevis,AMRO,1,34,0,0
1/17/2021,KN,Saint Kitts and Nevis,AMRO,0,34,0,0
1/24/2021,KN,Saint Kitts and Nevis,AMRO,1,35,0,0
1/31/2021,KN,Saint Kitts and Nevis,AMRO,2,37,0,0
2/7/2021,KN,Saint Kitts and Nevis,AMRO,3,40,0,0
2/14/2021,KN,Saint Kitts and Nevis,AMRO,0,40,0,0
2/21/2021,KN,Saint Kitts and Nevis,AMRO,1,41,0,0
2/28/2021,KN,Saint Kitts and Nevis,AMRO,0,41,0,0
3/7/2021,KN,Saint Kitts and Nevis,AMRO,0,41,0,0
3/14/2021,KN,Saint Kitts and Nevis,AMRO,2,43,0,0
3/21/2021,KN,Saint Kitts and Nevis,AMRO,1,44,0,0
3/28/2021,KN,Saint Kitts and Nevis,AMRO,0,44,0,0
4/4/2021,KN,Saint Kitts and Nevis,AMRO,0,44,0,0
4/11/2021,KN,Saint Kitts and Nevis,AMRO,0,44,0,0
4/18/2021,KN,Saint Kitts and Nevis,AMRO,0,44,0,0
4/25/2021,KN,Saint Kitts and Nevis,AMRO,0,44,0,0
5/2/2021,KN,Saint Kitts and Nevis,AMRO,1,45,0,0
5/9/2021,KN,Saint Kitts and Nevis,AMRO,0,45,0,0
5/16/2021,KN,Saint Kitts and Nevis,AMRO,0,45,0,0
5/23/2021,KN,Saint Kitts and Nevis,AMRO,1,46,0,0
5/30/2021,KN,Saint Kitts and Nevis,AMRO,22,68,0,0
6/6/2021,KN,Saint Kitts and Nevis,AMRO,10,78,0,0
6/13/2021,KN,Saint Kitts and Nevis,AMRO,77,155,0,0
6/20/2021,KN,Saint Kitts and Nevis,AMRO,149,304,1,1
6/27/2021,KN,Saint Kitts and Nevis,AMRO,124,428,2,3
7/4/2021,KN,Saint Kitts and Nevis,AMRO,48,476,0,3
7/11/2021,KN,Saint Kitts and Nevis,AMRO,49,525,0,3
7/18/2021,KN,Saint Kitts and Nevis,AMRO,23,548,0,3
7/25/2021,KN,Saint Kitts and Nevis,AMRO,15,563,0,3
8/1/2021,KN,Saint Kitts and Nevis,AMRO,30,593,0,3
8/8/2021,KN,Saint Kitts and Nevis,AMRO,18,611,0,3
8/15/2021,KN,Saint Kitts and Nevis,AMRO,31,642,0,3
8/22/2021,KN,Saint Kitts and Nevis,AMRO,150,792,0,3
8/29/2021,KN,Saint Kitts and Nevis,AMRO,232,1024,0,3
9/5/2021,KN,Saint Kitts and Nevis,AMRO,173,1197,2,5
9/12/2021,KN,Saint Kitts and Nevis,AMRO,242,1439,2,7
9/19/2021,KN,Saint Kitts and Nevis,AMRO,193,1632,2,9
9/26/2021,KN,Saint Kitts and Nevis,AMRO,203,1835,1,10
10/3/2021,KN,Saint Kitts and Nevis,AMRO,130,1965,3,13
10/10/2021,KN,Saint Kitts and Nevis,AMRO,396,2361,4,17
10/17/2021,KN,Saint Kitts and Nevis,AMRO,185,2546,4,21
10/24/2021,KN,Saint Kitts and Nevis,AMRO,77,2623,0,21
10/31/2021,KN,Saint Kitts and Nevis,AMRO,45,2668,2,23
11/7/2021,KN,Saint Kitts and Nevis,AMRO,40,2708,2,25
11/14/2021,KN,Saint Kitts and Nevis,AMRO,37,2745,2,27
11/21/2021,KN,Saint Kitts and Nevis,AMRO,19,2764,1,28
11/28/2021,KN,Saint Kitts and Nevis,AMRO,15,2779,0,28
12/5/2021,KN,Saint Kitts and Nevis,AMRO,10,2789,0,28
12/12/2021,KN,Saint Kitts and Nevis,AMRO,6,2795,0,28
12/19/2021,KN,Saint Kitts and Nevis,AMRO,6,2801,0,28
12/26/2021,KN,Saint Kitts and Nevis,AMRO,35,2836,0,28
1/2/2022,KN,Saint Kitts and Nevis,AMRO,207,3043,0,28
1/9/2022,KN,Saint Kitts and Nevis,AMRO,1013,4056,0,28
1/16/2022,KN,Saint Kitts and Nevis,AMRO,826,4882,0,28
1/23/2022,KN,Saint Kitts and Nevis,AMRO,348,5230,0,28
1/30/2022,KN,Saint Kitts and Nevis,AMRO,173,5403,5,33
2/6/2022,KN,Saint Kitts and Nevis,AMRO,66,5469,4,37
2/13/2022,KN,Saint Kitts and Nevis,AMRO,26,5495,2,39
2/20/2022,KN,Saint Kitts and Nevis,AMRO,16,5511,1,40
2/27/2022,KN,Saint Kitts and Nevis,AMRO,15,5526,2,42
3/6/2022,KN,Saint Kitts and Nevis,AMRO,7,5533,0,42
3/13/2022,KN,Saint Kitts and Nevis,AMRO,5,5538,0,42
3/20/2022,KN,Saint Kitts and Nevis,AMRO,6,5544,0,42
3/27/2022,KN,Saint Kitts and Nevis,AMRO,4,5548,0,42
4/3/2022,KN,Saint Kitts and Nevis,AMRO,1,5549,1,43
4/10/2022,KN,Saint Kitts and Nevis,AMRO,3,5552,0,43
4/17/2022,KN,Saint Kitts and Nevis,AMRO,5,5557,0,43
4/24/2022,KN,Saint Kitts and Nevis,AMRO,5,5562,0,43
5/1/2022,KN,Saint Kitts and Nevis,AMRO,1,5563,0,43
5/8/2022,KN,Saint Kitts and Nevis,AMRO,20,5583,0,43
5/15/2022,KN,Saint Kitts and Nevis,AMRO,22,5605,0,43
5/22/2022,KN,Saint Kitts and Nevis,AMRO,49,5654,0,43
5/29/2022,KN,Saint Kitts and Nevis,AMRO,53,5707,0,43
6/5/2022,KN,Saint Kitts and Nevis,AMRO,91,5798,0,43
6/12/2022,KN,Saint Kitts and Nevis,AMRO,39,5837,0,43
6/19/2022,KN,Saint Kitts and Nevis,AMRO,73,5910,0,43
6/26/2022,KN,Saint Kitts and Nevis,AMRO,37,5947,0,43
7/3/2022,KN,Saint Kitts and Nevis,AMRO,193,6140,0,43
7/10/2022,KN,Saint Kitts and Nevis,AMRO,153,6293,0,43
7/17/2022,KN,Saint Kitts and Nevis,AMRO,84,6377,2,45
7/24/2022,KN,Saint Kitts and Nevis,AMRO,45,6422,1,46
7/31/2022,KN,Saint Kitts and Nevis,AMRO,34,6456,0,46
8/7/2022,KN,Saint Kitts and Nevis,AMRO,21,6477,0,46
8/14/2022,KN,Saint Kitts and Nevis,AMRO,15,6492,0,46
8/21/2022,KN,Saint Kitts and Nevis,AMRO,6,6498,0,46
8/28/2022,KN,Saint Kitts and Nevis,AMRO,11,6509,0,46
9/4/2022,KN,Saint Kitts and Nevis,AMRO,10,6519,0,46
9/11/2022,KN,Saint Kitts and Nevis,AMRO,10,6529,0,46
9/18/2022,KN,Saint Kitts and Nevis,AMRO,12,6541,0,46
9/25/2022,KN,Saint Kitts and Nevis,AMRO,2,6543,0,46
10/2/2022,KN,Saint Kitts and Nevis,AMRO,2,6545,0,46
10/9/2022,KN,Saint Kitts and Nevis,AMRO,1,6546,0,46
10/16/2022,KN,Saint Kitts and Nevis,AMRO,1,6547,0,46
10/23/2022,KN,Saint Kitts and Nevis,AMRO,1,6548,0,46
10/30/2022,KN,Saint Kitts and Nevis,AMRO,0,6548,0,46
11/6/2022,KN,Saint Kitts and Nevis,AMRO,1,6549,0,46
11/13/2022,KN,Saint Kitts and Nevis,AMRO,3,6552,0,46
11/20/2022,KN,Saint Kitts and Nevis,AMRO,0,6552,0,46
11/27/2022,KN,Saint Kitts and Nevis,AMRO,4,6556,0,46
12/4/2022,KN,Saint Kitts and Nevis,AMRO,3,6559,0,46
12/11/2022,KN,Saint Kitts and Nevis,AMRO,0,6559,0,46
12/18/2022,KN,Saint Kitts and Nevis,AMRO,1,6560,0,46
12/25/2022,KN,Saint Kitts and Nevis,AMRO,2,6562,0,46
1/1/2023,KN,Saint Kitts and Nevis,AMRO,0,6562,0,46
1/8/2023,KN,Saint Kitts and Nevis,AMRO,9,6571,0,46
1/15/2023,KN,Saint Kitts and Nevis,AMRO,8,6579,0,46
1/22/2023,KN,Saint Kitts and Nevis,AMRO,6,6585,0,46
1/29/2023,KN,Saint Kitts and Nevis,AMRO,6,6591,0,46
2/5/2023,KN,Saint Kitts and Nevis,AMRO,1,6592,0,46
2/12/2023,KN,Saint Kitts and Nevis,AMRO,1,6593,0,46
2/19/2023,KN,Saint Kitts and Nevis,AMRO,3,6596,0,46
2/26/2023,KN,Saint Kitts and Nevis,AMRO,0,6596,0,46
3/5/2023,KN,Saint Kitts and Nevis,AMRO,1,6597,0,46
3/12/2023,KN,Saint Kitts and Nevis,AMRO,0,6597,0,46
3/19/2023,KN,Saint Kitts and Nevis,AMRO,0,6597,0,46
3/26/2023,KN,Saint Kitts and Nevis,AMRO,0,6597,0,46
4/2/2023,KN,Saint Kitts and Nevis,AMRO,1,6598,0,46
4/9/2023,KN,Saint Kitts and Nevis,AMRO,0,6598,0,46
4/16/2023,KN,Saint Kitts and Nevis,AMRO,0,6598,0,46
4/23/2023,KN,Saint Kitts and Nevis,AMRO,0,6598,0,46
4/30/2023,KN,Saint Kitts and Nevis,AMRO,0,6598,0,46
5/7/2023,KN,Saint Kitts and Nevis,AMRO,1,6599,0,46
5/14/2023,KN,Saint Kitts and Nevis,AMRO,1,6600,0,46
5/21/2023,KN,Saint Kitts and Nevis,AMRO,0,6600,0,46
5/28/2023,KN,Saint Kitts and Nevis,AMRO,2,6602,0,46
6/4/2023,KN,Saint Kitts and Nevis,AMRO,0,6602,0,46
6/11/2023,KN,Saint Kitts and Nevis,AMRO,0,6602,0,46
6/18/2023,KN,Saint Kitts and Nevis,AMRO,4,6606,0,46
6/25/2023,KN,Saint Kitts and Nevis,AMRO,0,6606,0,46
7/2/2023,KN,Saint Kitts and Nevis,AMRO,1,6607,0,46
7/9/2023,KN,Saint Kitts and Nevis,AMRO,0,6607,0,46
7/16/2023,KN,Saint Kitts and Nevis,AMRO,0,6607,0,46
7/23/2023,KN,Saint Kitts and Nevis,AMRO,0,6607,0,46
7/30/2023,KN,Saint Kitts and Nevis,AMRO,0,6607,0,46
8/6/2023,KN,Saint Kitts and Nevis,AMRO,0,6607,0,46
8/13/2023,KN,Saint Kitts and Nevis,AMRO,0,6607,0,46
8/20/2023,KN,Saint Kitts and Nevis,AMRO,0,6607,0,46
8/27/2023,KN,Saint Kitts and Nevis,AMRO,0,6607,0,46
9/3/2023,KN,Saint Kitts and Nevis,AMRO,0,6607,0,46
9/10/2023,KN,Saint Kitts and Nevis,AMRO,0,6607,0,46
9/17/2023,KN,Saint Kitts and Nevis,AMRO,0,6607,0,46
9/24/2023,KN,Saint Kitts and Nevis,AMRO,0,6607,0,46
10/1/2023,KN,Saint Kitts and Nevis,AMRO,0,6607,0,46
10/8/2023,KN,Saint Kitts and Nevis,AMRO,0,6607,0,46
10/15/2023,KN,Saint Kitts and Nevis,AMRO,0,6607,0,46
10/22/2023,KN,Saint Kitts and Nevis,AMRO,0,6607,0,46
10/29/2023,KN,Saint Kitts and Nevis,AMRO,0,6607,0,46
11/5/2023,KN,Saint Kitts and Nevis,AMRO,0,6607,0,46
11/12/2023,KN,Saint Kitts and Nevis,AMRO,0,6607,0,46
11/19/2023,KN,Saint Kitts and Nevis,AMRO,0,6607,0,46
11/26/2023,KN,Saint Kitts and Nevis,AMRO,0,6607,0,46
12/3/2023,KN,Saint Kitts and Nevis,AMRO,0,6607,0,46
12/10/2023,KN,Saint Kitts and Nevis,AMRO,0,6607,0,46
12/17/2023,KN,Saint Kitts and Nevis,AMRO,0,6607,0,46
12/24/2023,KN,Saint Kitts and Nevis,AMRO,0,6607,0,46
1/5/2020,LC,Saint Lucia,AMRO,0,0,0,0
1/12/2020,LC,Saint Lucia,AMRO,0,0,0,0
1/19/2020,LC,Saint Lucia,AMRO,0,0,0,0
1/26/2020,LC,Saint Lucia,AMRO,0,0,0,0
2/2/2020,LC,Saint Lucia,AMRO,0,0,0,0
2/9/2020,LC,Saint Lucia,AMRO,0,0,0,0
2/16/2020,LC,Saint Lucia,AMRO,0,0,0,0
2/23/2020,LC,Saint Lucia,AMRO,0,0,0,0
3/1/2020,LC,Saint Lucia,AMRO,0,0,0,0
3/8/2020,LC,Saint Lucia,AMRO,0,0,0,0
3/15/2020,LC,Saint Lucia,AMRO,1,1,0,0
3/22/2020,LC,Saint Lucia,AMRO,1,2,0,0
3/29/2020,LC,Saint Lucia,AMRO,1,3,0,0
4/5/2020,LC,Saint Lucia,AMRO,10,13,0,0
4/12/2020,LC,Saint Lucia,AMRO,2,15,0,0
4/19/2020,LC,Saint Lucia,AMRO,0,15,0,0
4/26/2020,LC,Saint Lucia,AMRO,0,15,0,0
5/3/2020,LC,Saint Lucia,AMRO,2,17,0,0
5/10/2020,LC,Saint Lucia,AMRO,1,18,0,0
5/17/2020,LC,Saint Lucia,AMRO,0,18,0,0
5/24/2020,LC,Saint Lucia,AMRO,0,18,0,0
5/31/2020,LC,Saint Lucia,AMRO,0,18,0,0
6/7/2020,LC,Saint Lucia,AMRO,1,19,0,0
6/14/2020,LC,Saint Lucia,AMRO,0,19,0,0
6/21/2020,LC,Saint Lucia,AMRO,0,19,0,0
6/28/2020,LC,Saint Lucia,AMRO,0,19,0,0
7/5/2020,LC,Saint Lucia,AMRO,3,22,0,0
7/12/2020,LC,Saint Lucia,AMRO,0,22,0,0
7/19/2020,LC,Saint Lucia,AMRO,1,23,0,0
7/26/2020,LC,Saint Lucia,AMRO,1,24,0,0
8/2/2020,LC,Saint Lucia,AMRO,1,25,0,0
8/9/2020,LC,Saint Lucia,AMRO,0,25,0,0
8/16/2020,LC,Saint Lucia,AMRO,0,25,0,0
8/23/2020,LC,Saint Lucia,AMRO,1,26,0,0
8/30/2020,LC,Saint Lucia,AMRO,0,26,0,0
9/6/2020,LC,Saint Lucia,AMRO,0,26,0,0
9/13/2020,LC,Saint Lucia,AMRO,1,27,0,0
9/20/2020,LC,Saint Lucia,AMRO,0,27,0,0
9/27/2020,LC,Saint Lucia,AMRO,0,27,0,0
10/4/2020,LC,Saint Lucia,AMRO,0,27,0,0
10/11/2020,LC,Saint Lucia,AMRO,2,29,0,0
10/18/2020,LC,Saint Lucia,AMRO,4,33,0,0
10/25/2020,LC,Saint Lucia,AMRO,19,52,0,0
11/1/2020,LC,Saint Lucia,AMRO,26,78,0,0
11/8/2020,LC,Saint Lucia,AMRO,32,110,0,0
11/15/2020,LC,Saint Lucia,AMRO,50,160,2,2
11/22/2020,LC,Saint Lucia,AMRO,43,203,0,2
11/29/2020,LC,Saint Lucia,AMRO,43,246,0,2
12/6/2020,LC,Saint Lucia,AMRO,19,265,0,2
12/13/2020,LC,Saint Lucia,AMRO,9,274,2,4
12/20/2020,LC,Saint Lucia,AMRO,6,280,1,5
12/27/2020,LC,Saint Lucia,AMRO,25,305,0,5
1/3/2021,LC,Saint Lucia,AMRO,48,353,0,5
1/10/2021,LC,Saint Lucia,AMRO,42,395,0,5
1/17/2021,LC,Saint Lucia,AMRO,181,576,1,6
1/24/2021,LC,Saint Lucia,AMRO,194,770,4,10
1/31/2021,LC,Saint Lucia,AMRO,425,1195,3,13
2/7/2021,LC,Saint Lucia,AMRO,618,1813,5,18
2/14/2021,LC,Saint Lucia,AMRO,674,2487,5,23
2/21/2021,LC,Saint Lucia,AMRO,373,2860,5,28
2/28/2021,LC,Saint Lucia,AMRO,496,3356,7,35
3/7/2021,LC,Saint Lucia,AMRO,487,3843,8,43
3/14/2021,LC,Saint Lucia,AMRO,146,3989,5,48
3/21/2021,LC,Saint Lucia,AMRO,124,4113,7,55
3/28/2021,LC,Saint Lucia,AMRO,78,4191,3,58
4/4/2021,LC,Saint Lucia,AMRO,98,4289,3,61
4/11/2021,LC,Saint Lucia,AMRO,40,4329,3,64
4/18/2021,LC,Saint Lucia,AMRO,69,4398,1,65
4/25/2021,LC,Saint Lucia,AMRO,65,4463,5,70
5/2/2021,LC,Saint Lucia,AMRO,89,4552,4,74
5/9/2021,LC,Saint Lucia,AMRO,102,4654,1,75
5/16/2021,LC,Saint Lucia,AMRO,134,4788,0,75
5/23/2021,LC,Saint Lucia,AMRO,147,4935,2,77
5/30/2021,LC,Saint Lucia,AMRO,100,5035,0,77
6/6/2021,LC,Saint Lucia,AMRO,73,5108,3,80
6/13/2021,LC,Saint Lucia,AMRO,60,5168,0,80
6/20/2021,LC,Saint Lucia,AMRO,38,5206,0,80
6/27/2021,LC,Saint Lucia,AMRO,56,5262,4,84
7/4/2021,LC,Saint Lucia,AMRO,40,5302,0,84
7/11/2021,LC,Saint Lucia,AMRO,78,5380,2,86
7/18/2021,LC,Saint Lucia,AMRO,82,5462,1,87
7/25/2021,LC,Saint Lucia,AMRO,54,5516,1,88
8/1/2021,LC,Saint Lucia,AMRO,65,5581,1,89
8/8/2021,LC,Saint Lucia,AMRO,132,5713,1,90
8/15/2021,LC,Saint Lucia,AMRO,481,6194,5,95
8/22/2021,LC,Saint Lucia,AMRO,761,6955,2,97
8/29/2021,LC,Saint Lucia,AMRO,914,7869,5,102
9/5/2021,LC,Saint Lucia,AMRO,1018,8887,14,116
9/12/2021,LC,Saint Lucia,AMRO,640,9527,16,132
9/19/2021,LC,Saint Lucia,AMRO,872,10399,18,150
9/26/2021,LC,Saint Lucia,AMRO,654,11053,33,183
10/3/2021,LC,Saint Lucia,AMRO,520,11573,24,207
10/10/2021,LC,Saint Lucia,AMRO,369,11942,15,222
10/17/2021,LC,Saint Lucia,AMRO,233,12175,11,233
10/24/2021,LC,Saint Lucia,AMRO,210,12385,6,239
10/31/2021,LC,Saint Lucia,AMRO,151,12536,15,254
11/7/2021,LC,Saint Lucia,AMRO,152,12688,6,260
11/14/2021,LC,Saint Lucia,AMRO,139,12827,9,269
11/21/2021,LC,Saint Lucia,AMRO,67,12894,9,278
11/28/2021,LC,Saint Lucia,AMRO,50,12944,2,280
12/5/2021,LC,Saint Lucia,AMRO,83,13027,2,282
12/12/2021,LC,Saint Lucia,AMRO,59,13086,1,283
12/19/2021,LC,Saint Lucia,AMRO,50,13136,8,291
12/26/2021,LC,Saint Lucia,AMRO,139,13275,4,295
1/2/2022,LC,Saint Lucia,AMRO,365,13640,6,301
1/9/2022,LC,Saint Lucia,AMRO,1014,14654,5,306
1/16/2022,LC,Saint Lucia,AMRO,2315,16969,8,314
1/23/2022,LC,Saint Lucia,AMRO,2216,19185,2,316
1/30/2022,LC,Saint Lucia,AMRO,1232,20417,10,326
2/6/2022,LC,Saint Lucia,AMRO,1096,21513,15,341
2/13/2022,LC,Saint Lucia,AMRO,419,21932,6,347
2/20/2022,LC,Saint Lucia,AMRO,536,22468,9,356
2/27/2022,LC,Saint Lucia,AMRO,181,22649,2,358
3/6/2022,LC,Saint Lucia,AMRO,84,22733,2,360
3/13/2022,LC,Saint Lucia,AMRO,100,22833,5,365
3/20/2022,LC,Saint Lucia,AMRO,45,22878,0,365
3/27/2022,LC,Saint Lucia,AMRO,41,22919,0,365
4/3/2022,LC,Saint Lucia,AMRO,40,22959,0,365
4/10/2022,LC,Saint Lucia,AMRO,51,23010,0,365
4/17/2022,LC,Saint Lucia,AMRO,101,23111,2,367
4/24/2022,LC,Saint Lucia,AMRO,114,23225,1,368
5/1/2022,LC,Saint Lucia,AMRO,169,23394,0,368
5/8/2022,LC,Saint Lucia,AMRO,241,23635,0,368
5/15/2022,LC,Saint Lucia,AMRO,529,24164,0,368
5/22/2022,LC,Saint Lucia,AMRO,709,24873,2,370
5/29/2022,LC,Saint Lucia,AMRO,665,25538,1,371
6/5/2022,LC,Saint Lucia,AMRO,554,26092,0,371
6/12/2022,LC,Saint Lucia,AMRO,361,26453,0,371
6/19/2022,LC,Saint Lucia,AMRO,269,26722,5,376
6/26/2022,LC,Saint Lucia,AMRO,189,26911,4,380
7/3/2022,LC,Saint Lucia,AMRO,183,27094,3,383
7/10/2022,LC,Saint Lucia,AMRO,160,27254,2,385
7/17/2022,LC,Saint Lucia,AMRO,210,27464,0,385
7/24/2022,LC,Saint Lucia,AMRO,190,27654,0,385
7/31/2022,LC,Saint Lucia,AMRO,312,27966,0,385
8/7/2022,LC,Saint Lucia,AMRO,195,28161,2,387
8/14/2022,LC,Saint Lucia,AMRO,180,28341,1,388
8/21/2022,LC,Saint Lucia,AMRO,201,28542,0,388
8/28/2022,LC,Saint Lucia,AMRO,188,28730,1,389
9/4/2022,LC,Saint Lucia,AMRO,164,28894,2,391
9/11/2022,LC,Saint Lucia,AMRO,0,28894,0,391
9/18/2022,LC,Saint Lucia,AMRO,65,28959,2,393
9/25/2022,LC,Saint Lucia,AMRO,0,28959,0,393
10/2/2022,LC,Saint Lucia,AMRO,449,29408,0,393
10/9/2022,LC,Saint Lucia,AMRO,142,29550,12,405
10/16/2022,LC,Saint Lucia,AMRO,0,29550,0,405
10/23/2022,LC,Saint Lucia,AMRO,86,29636,1,406
10/30/2022,LC,Saint Lucia,AMRO,3,29639,1,407
11/6/2022,LC,Saint Lucia,AMRO,15,29654,0,407
11/13/2022,LC,Saint Lucia,AMRO,22,29676,1,408
11/20/2022,LC,Saint Lucia,AMRO,16,29692,0,408
11/27/2022,LC,Saint Lucia,AMRO,19,29711,0,408
12/4/2022,LC,Saint Lucia,AMRO,12,29723,1,409
12/11/2022,LC,Saint Lucia,AMRO,13,29736,0,409
12/18/2022,LC,Saint Lucia,AMRO,5,29741,0,409
12/25/2022,LC,Saint Lucia,AMRO,7,29748,0,409
1/1/2023,LC,Saint Lucia,AMRO,11,29759,0,409
1/8/2023,LC,Saint Lucia,AMRO,2,29761,0,409
1/15/2023,LC,Saint Lucia,AMRO,0,29761,0,409
1/22/2023,LC,Saint Lucia,AMRO,42,29803,0,409
1/29/2023,LC,Saint Lucia,AMRO,0,29803,0,409
2/5/2023,LC,Saint Lucia,AMRO,79,29882,0,409
2/12/2023,LC,Saint Lucia,AMRO,53,29935,0,409
2/19/2023,LC,Saint Lucia,AMRO,46,29981,0,409
2/26/2023,LC,Saint Lucia,AMRO,23,30004,0,409
3/5/2023,LC,Saint Lucia,AMRO,0,30004,0,409
3/12/2023,LC,Saint Lucia,AMRO,22,30026,0,409
3/19/2023,LC,Saint Lucia,AMRO,2,30028,0,409
3/26/2023,LC,Saint Lucia,AMRO,0,30028,0,409
4/2/2023,LC,Saint Lucia,AMRO,0,30028,0,409
4/9/2023,LC,Saint Lucia,AMRO,0,30028,0,409
4/16/2023,LC,Saint Lucia,AMRO,24,30052,0,409
4/23/2023,LC,Saint Lucia,AMRO,0,30052,0,409
4/30/2023,LC,Saint Lucia,AMRO,0,30052,0,409
5/7/2023,LC,Saint Lucia,AMRO,0,30052,0,409
5/14/2023,LC,Saint Lucia,AMRO,0,30052,0,409
5/21/2023,LC,Saint Lucia,AMRO,0,30052,0,409
5/28/2023,LC,Saint Lucia,AMRO,6,30058,0,409
6/4/2023,LC,Saint Lucia,AMRO,15,30073,0,409
6/11/2023,LC,Saint Lucia,AMRO,4,30077,0,409
6/18/2023,LC,Saint Lucia,AMRO,2,30079,0,409
6/25/2023,LC,Saint Lucia,AMRO,3,30082,0,409
7/2/2023,LC,Saint Lucia,AMRO,10,30092,0,409
7/9/2023,LC,Saint Lucia,AMRO,2,30094,0,409
7/16/2023,LC,Saint Lucia,AMRO,2,30096,0,409
7/23/2023,LC,Saint Lucia,AMRO,7,30103,0,409
7/30/2023,LC,Saint Lucia,AMRO,22,30125,0,409
8/6/2023,LC,Saint Lucia,AMRO,12,30137,0,409
8/13/2023,LC,Saint Lucia,AMRO,13,30150,0,409
8/20/2023,LC,Saint Lucia,AMRO,14,30164,0,409
8/27/2023,LC,Saint Lucia,AMRO,16,30180,0,409
9/3/2023,LC,Saint Lucia,AMRO,4,30184,0,409
9/10/2023,LC,Saint Lucia,AMRO,9,30193,1,410
9/17/2023,LC,Saint Lucia,AMRO,6,30199,0,410
9/24/2023,LC,Saint Lucia,AMRO,3,30202,0,410
10/1/2023,LC,Saint Lucia,AMRO,0,30202,0,410
10/8/2023,LC,Saint Lucia,AMRO,2,30204,0,410
10/15/2023,LC,Saint Lucia,AMRO,2,30206,0,410
10/22/2023,LC,Saint Lucia,AMRO,1,30207,0,410
10/29/2023,LC,Saint Lucia,AMRO,0,30207,0,410
11/5/2023,LC,Saint Lucia,AMRO,1,30208,0,410
11/12/2023,LC,Saint Lucia,AMRO,0,30208,0,410
11/19/2023,LC,Saint Lucia,AMRO,1,30209,0,410
11/26/2023,LC,Saint Lucia,AMRO,0,30209,0,410
12/3/2023,LC,Saint Lucia,AMRO,0,30209,0,410
12/10/2023,LC,Saint Lucia,AMRO,0,30209,0,410
12/17/2023,LC,Saint Lucia,AMRO,0,30209,0,410
12/24/2023,LC,Saint Lucia,AMRO,0,30209,0,410
1/5/2020,MF,Saint Martin (French part),,0,0,0,0
1/12/2020,MF,Saint Martin (French part),,0,0,0,0
1/19/2020,MF,Saint Martin (French part),,0,0,0,0
1/26/2020,MF,Saint Martin (French part),,0,0,0,0
2/2/2020,MF,Saint Martin (French part),,0,0,0,0
2/9/2020,MF,Saint Martin (French part),,0,0,0,0
2/16/2020,MF,Saint Martin (French part),,0,0,0,0
2/23/2020,MF,Saint Martin (French part),,0,0,0,0
3/1/2020,MF,Saint Martin (French part),,0,0,0,0
3/8/2020,MF,Saint Martin (French part),,2,2,0,0
3/15/2020,MF,Saint Martin (French part),,0,2,0,0
3/22/2020,MF,Saint Martin (French part),,2,4,0,0
3/29/2020,MF,Saint Martin (French part),,8,12,0,0
4/5/2020,MF,Saint Martin (French part),,12,24,2,2
4/12/2020,MF,Saint Martin (French part),,9,33,0,2
4/19/2020,MF,Saint Martin (French part),,4,37,0,2
4/26/2020,MF,Saint Martin (French part),,1,38,1,3
5/3/2020,MF,Saint Martin (French part),,0,38,0,3
5/10/2020,MF,Saint Martin (French part),,0,38,0,3
5/17/2020,MF,Saint Martin (French part),,1,39,0,3
5/24/2020,MF,Saint Martin (French part),,0,39,0,3
5/31/2020,MF,Saint Martin (French part),,2,41,0,3
6/7/2020,MF,Saint Martin (French part),,0,41,0,3
6/14/2020,MF,Saint Martin (French part),,0,41,0,3
6/21/2020,MF,Saint Martin (French part),,1,42,0,3
6/28/2020,MF,Saint Martin (French part),,0,42,0,3
7/5/2020,MF,Saint Martin (French part),,2,44,0,3
7/12/2020,MF,Saint Martin (French part),,0,44,0,3
7/19/2020,MF,Saint Martin (French part),,2,46,0,3
7/26/2020,MF,Saint Martin (French part),,3,49,0,3
8/2/2020,MF,Saint Martin (French part),,4,53,0,3
8/9/2020,MF,Saint Martin (French part),,0,53,0,3
8/16/2020,MF,Saint Martin (French part),,56,109,2,5
8/23/2020,MF,Saint Martin (French part),,67,176,0,5
8/30/2020,MF,Saint Martin (French part),,37,213,0,5
9/6/2020,MF,Saint Martin (French part),,26,239,1,6
9/13/2020,MF,Saint Martin (French part),,17,256,0,6
9/20/2020,MF,Saint Martin (French part),,74,330,0,6
9/27/2020,MF,Saint Martin (French part),,53,383,2,8
10/4/2020,MF,Saint Martin (French part),,29,412,0,8
10/11/2020,MF,Saint Martin (French part),,54,466,0,8
10/18/2020,MF,Saint Martin (French part),,65,531,0,8
10/25/2020,MF,Saint Martin (French part),,11,542,0,8
11/1/2020,MF,Saint Martin (French part),,49,591,1,9
11/8/2020,MF,Saint Martin (French part),,13,604,3,12
11/15/2020,MF,Saint Martin (French part),,51,655,0,12
11/22/2020,MF,Saint Martin (French part),,35,690,0,12
11/29/2020,MF,Saint Martin (French part),,0,690,0,12
12/6/2020,MF,Saint Martin (French part),,54,744,0,12
12/13/2020,MF,Saint Martin (French part),,94,838,0,12
12/20/2020,MF,Saint Martin (French part),,110,948,0,12
12/27/2020,MF,Saint Martin (French part),,38,986,0,12
1/3/2021,MF,Saint Martin (French part),,9,995,0,12
1/10/2021,MF,Saint Martin (French part),,7,1002,0,12
1/17/2021,MF,Saint Martin (French part),,44,1046,0,12
1/24/2021,MF,Saint Martin (French part),,145,1191,0,12
1/31/2021,MF,Saint Martin (French part),,98,1289,0,12
2/7/2021,MF,Saint Martin (French part),,0,1289,0,12
2/14/2021,MF,Saint Martin (French part),,167,1456,0,12
2/21/2021,MF,Saint Martin (French part),,0,1456,0,12
2/28/2021,MF,Saint Martin (French part),,98,1554,0,12
3/7/2021,MF,Saint Martin (French part),,27,1581,0,12
3/14/2021,MF,Saint Martin (French part),,31,1612,0,12
3/21/2021,MF,Saint Martin (French part),,21,1633,0,12
3/28/2021,MF,Saint Martin (French part),,24,1657,0,12
4/4/2021,MF,Saint Martin (French part),,30,1687,1,13
4/11/2021,MF,Saint Martin (French part),,16,1703,0,13
4/18/2021,MF,Saint Martin (French part),,7,1710,0,13
4/25/2021,MF,Saint Martin (French part),,18,1728,0,13
5/2/2021,MF,Saint Martin (French part),,21,1749,1,14
5/9/2021,MF,Saint Martin (French part),,28,1777,0,14
5/16/2021,MF,Saint Martin (French part),,62,1839,0,14
5/23/2021,MF,Saint Martin (French part),,56,1895,1,15
5/30/2021,MF,Saint Martin (French part),,114,2009,0,15
6/6/2021,MF,Saint Martin (French part),,104,2113,7,22
6/13/2021,MF,Saint Martin (French part),,115,2228,3,25
6/20/2021,MF,Saint Martin (French part),,86,2314,1,26
6/27/2021,MF,Saint Martin (French part),,53,2367,1,27
7/4/2021,MF,Saint Martin (French part),,53,2420,2,29
7/11/2021,MF,Saint Martin (French part),,52,2472,1,30
7/18/2021,MF,Saint Martin (French part),,51,2523,0,30
7/25/2021,MF,Saint Martin (French part),,56,2579,0,30
8/1/2021,MF,Saint Martin (French part),,62,2641,0,30
8/8/2021,MF,Saint Martin (French part),,114,2755,3,33
8/15/2021,MF,Saint Martin (French part),,188,2943,0,33
8/22/2021,MF,Saint Martin (French part),,204,3147,0,33
8/29/2021,MF,Saint Martin (French part),,209,3356,0,33
9/5/2021,MF,Saint Martin (French part),,188,3544,0,33
9/12/2021,MF,Saint Martin (French part),,115,3659,0,33
9/19/2021,MF,Saint Martin (French part),,81,3740,2,35
9/26/2021,MF,Saint Martin (French part),,55,3795,0,35
10/3/2021,MF,Saint Martin (French part),,24,3819,1,36
10/10/2021,MF,Saint Martin (French part),,39,3858,1,37
10/17/2021,MF,Saint Martin (French part),,30,3888,0,37
10/24/2021,MF,Saint Martin (French part),,32,3920,0,37
10/31/2021,MF,Saint Martin (French part),,21,3941,0,37
11/7/2021,MF,Saint Martin (French part),,34,3975,1,38
11/14/2021,MF,Saint Martin (French part),,18,3993,0,38
11/21/2021,MF,Saint Martin (French part),,20,4013,0,38
11/28/2021,MF,Saint Martin (French part),,18,4031,0,38
12/5/2021,MF,Saint Martin (French part),,9,4040,0,38
12/12/2021,MF,Saint Martin (French part),,19,4059,0,38
12/19/2021,MF,Saint Martin (French part),,16,4075,0,38
12/26/2021,MF,Saint Martin (French part),,43,4118,1,39
1/2/2022,MF,Saint Martin (French part),,129,4247,1,40
1/9/2022,MF,Saint Martin (French part),,975,5222,0,40
1/16/2022,MF,Saint Martin (French part),,2295,7517,0,40
1/23/2022,MF,Saint Martin (French part),,1396,8913,1,41
1/30/2022,MF,Saint Martin (French part),,520,9433,1,42
2/6/2022,MF,Saint Martin (French part),,173,9606,1,43
2/13/2022,MF,Saint Martin (French part),,126,9732,1,44
2/20/2022,MF,Saint Martin (French part),,58,9790,0,44
2/27/2022,MF,Saint Martin (French part),,52,9842,0,44
3/6/2022,MF,Saint Martin (French part),,28,9870,0,44
3/13/2022,MF,Saint Martin (French part),,38,9908,0,44
3/20/2022,MF,Saint Martin (French part),,31,9939,0,44
3/27/2022,MF,Saint Martin (French part),,49,9988,0,44
4/3/2022,MF,Saint Martin (French part),,81,10069,0,44
4/10/2022,MF,Saint Martin (French part),,60,10129,0,44
4/17/2022,MF,Saint Martin (French part),,93,10222,0,44
4/24/2022,MF,Saint Martin (French part),,94,10316,0,44
5/1/2022,MF,Saint Martin (French part),,102,10418,0,44
5/8/2022,MF,Saint Martin (French part),,69,10487,0,44
5/15/2022,MF,Saint Martin (French part),,65,10552,0,44
5/22/2022,MF,Saint Martin (French part),,66,10618,0,44
5/29/2022,MF,Saint Martin (French part),,70,10688,0,44
6/5/2022,MF,Saint Martin (French part),,38,10726,0,44
6/12/2022,MF,Saint Martin (French part),,74,10800,0,44
6/19/2022,MF,Saint Martin (French part),,75,10875,1,45
6/26/2022,MF,Saint Martin (French part),,77,10952,0,45
7/3/2022,MF,Saint Martin (French part),,109,11061,1,46
7/10/2022,MF,Saint Martin (French part),,163,11224,0,46
7/17/2022,MF,Saint Martin (French part),,186,11410,0,46
7/24/2022,MF,Saint Martin (French part),,125,11535,0,46
7/31/2022,MF,Saint Martin (French part),,132,11667,0,46
8/7/2022,MF,Saint Martin (French part),,107,11774,0,46
8/14/2022,MF,Saint Martin (French part),,83,11857,0,46
8/21/2022,MF,Saint Martin (French part),,54,11911,0,46
8/28/2022,MF,Saint Martin (French part),,30,11941,0,46
9/4/2022,MF,Saint Martin (French part),,0,11941,0,46
9/11/2022,MF,Saint Martin (French part),,0,11941,0,46
9/18/2022,MF,Saint Martin (French part),,0,11941,0,46
9/25/2022,MF,Saint Martin (French part),,37,11978,0,46
10/2/2022,MF,Saint Martin (French part),,0,11978,0,46
10/9/2022,MF,Saint Martin (French part),,14,11992,0,46
10/16/2022,MF,Saint Martin (French part),,17,12009,0,46
10/23/2022,MF,Saint Martin (French part),,17,12026,0,46
10/30/2022,MF,Saint Martin (French part),,0,12026,0,46
11/6/2022,MF,Saint Martin (French part),,6,12032,0,46
11/13/2022,MF,Saint Martin (French part),,2,12034,0,46
11/20/2022,MF,Saint Martin (French part),,7,12041,0,46
11/27/2022,MF,Saint Martin (French part),,17,12058,0,46
12/4/2022,MF,Saint Martin (French part),,17,12075,0,46
12/11/2022,MF,Saint Martin (French part),,29,12104,0,46
12/18/2022,MF,Saint Martin (French part),,36,12140,0,46
12/25/2022,MF,Saint Martin (French part),,40,12180,0,46
1/1/2023,MF,Saint Martin (French part),,26,12206,0,46
1/8/2023,MF,Saint Martin (French part),,16,12222,0,46
1/15/2023,MF,Saint Martin (French part),,7,12229,0,46
1/22/2023,MF,Saint Martin (French part),,4,12233,0,46
1/29/2023,MF,Saint Martin (French part),,11,12244,0,46
2/5/2023,MF,Saint Martin (French part),,3,12247,0,46
2/12/2023,MF,Saint Martin (French part),,6,12253,0,46
2/19/2023,MF,Saint Martin (French part),,4,12257,0,46
2/26/2023,MF,Saint Martin (French part),,7,12264,0,46
3/5/2023,MF,Saint Martin (French part),,7,12271,0,46
3/12/2023,MF,Saint Martin (French part),,2,12273,0,46
3/19/2023,MF,Saint Martin (French part),,5,12278,0,46
3/26/2023,MF,Saint Martin (French part),,2,12280,0,46
4/2/2023,MF,Saint Martin (French part),,0,12280,0,46
4/9/2023,MF,Saint Martin (French part),,0,12280,0,46
4/16/2023,MF,Saint Martin (French part),,7,12287,0,46
4/23/2023,MF,Saint Martin (French part),,6,12293,0,46
4/30/2023,MF,Saint Martin (French part),,7,12300,0,46
5/7/2023,MF,Saint Martin (French part),,0,12300,0,46
5/14/2023,MF,Saint Martin (French part),,0,12300,0,46
5/21/2023,MF,Saint Martin (French part),,3,12303,0,46
5/28/2023,MF,Saint Martin (French part),,0,12303,0,46
6/4/2023,MF,Saint Martin (French part),,0,12303,0,46
6/11/2023,MF,Saint Martin (French part),,0,12303,0,46
6/18/2023,MF,Saint Martin (French part),,0,12303,0,46
6/25/2023,MF,Saint Martin (French part),,21,12324,0,46
7/2/2023,MF,Saint Martin (French part),,0,12324,0,46
7/9/2023,MF,Saint Martin (French part),,0,12324,0,46
7/16/2023,MF,Saint Martin (French part),,0,12324,0,46
7/23/2023,MF,Saint Martin (French part),,0,12324,0,46
7/30/2023,MF,Saint Martin (French part),,0,12324,0,46
8/6/2023,MF,Saint Martin (French part),,0,12324,0,46
8/13/2023,MF,Saint Martin (French part),,0,12324,0,46
8/20/2023,MF,Saint Martin (French part),,0,12324,0,46
8/27/2023,MF,Saint Martin (French part),,0,12324,0,46
9/3/2023,MF,Saint Martin (French part),,0,12324,0,46
9/10/2023,MF,Saint Martin (French part),,0,12324,0,46
9/17/2023,MF,Saint Martin (French part),,0,12324,0,46
9/24/2023,MF,Saint Martin (French part),,0,12324,0,46
10/1/2023,MF,Saint Martin (French part),,0,12324,0,46
10/8/2023,MF,Saint Martin (French part),,0,12324,0,46
10/15/2023,MF,Saint Martin (French part),,0,12324,0,46
10/22/2023,MF,Saint Martin (French part),,0,12324,0,46
10/29/2023,MF,Saint Martin (French part),,0,12324,0,46
11/5/2023,MF,Saint Martin (French part),,0,12324,0,46
11/12/2023,MF,Saint Martin (French part),,0,12324,0,46
11/19/2023,MF,Saint Martin (French part),,0,12324,0,46
11/26/2023,MF,Saint Martin (French part),,0,12324,0,46
12/3/2023,MF,Saint Martin (French part),,0,12324,0,46
12/10/2023,MF,Saint Martin (French part),,0,12324,0,46
12/17/2023,MF,Saint Martin (French part),,0,12324,0,46
12/24/2023,MF,Saint Martin (French part),,0,12324,0,46
1/5/2020,PM,Saint Pierre and Miquelon,,0,0,0,0
1/12/2020,PM,Saint Pierre and Miquelon,,0,0,0,0
1/19/2020,PM,Saint Pierre and Miquelon,,0,0,0,0
1/26/2020,PM,Saint Pierre and Miquelon,,0,0,0,0
2/2/2020,PM,Saint Pierre and Miquelon,,0,0,0,0
2/9/2020,PM,Saint Pierre and Miquelon,,0,0,0,0
2/16/2020,PM,Saint Pierre and Miquelon,,0,0,0,0
2/23/2020,PM,Saint Pierre and Miquelon,,0,0,0,0
3/1/2020,PM,Saint Pierre and Miquelon,,0,0,0,0
3/8/2020,PM,Saint Pierre and Miquelon,,0,0,0,0
3/15/2020,PM,Saint Pierre and Miquelon,,0,0,0,0
3/22/2020,PM,Saint Pierre and Miquelon,,0,0,0,0
3/29/2020,PM,Saint Pierre and Miquelon,,0,0,0,0
4/5/2020,PM,Saint Pierre and Miquelon,,0,0,0,0
4/12/2020,PM,Saint Pierre and Miquelon,,1,1,0,0
4/19/2020,PM,Saint Pierre and Miquelon,,0,1,0,0
4/26/2020,PM,Saint Pierre and Miquelon,,0,1,0,0
5/3/2020,PM,Saint Pierre and Miquelon,,0,1,0,0
5/10/2020,PM,Saint Pierre and Miquelon,,0,1,0,0
5/17/2020,PM,Saint Pierre and Miquelon,,0,1,0,0
5/24/2020,PM,Saint Pierre and Miquelon,,0,1,0,0
5/31/2020,PM,Saint Pierre and Miquelon,,0,1,0,0
6/7/2020,PM,Saint Pierre and Miquelon,,0,1,0,0
6/14/2020,PM,Saint Pierre and Miquelon,,0,1,0,0
6/21/2020,PM,Saint Pierre and Miquelon,,0,1,0,0
6/28/2020,PM,Saint Pierre and Miquelon,,0,1,0,0
7/5/2020,PM,Saint Pierre and Miquelon,,0,1,0,0
7/12/2020,PM,Saint Pierre and Miquelon,,1,2,0,0
7/19/2020,PM,Saint Pierre and Miquelon,,2,4,0,0
7/26/2020,PM,Saint Pierre and Miquelon,,0,4,0,0
8/2/2020,PM,Saint Pierre and Miquelon,,0,4,0,0
8/9/2020,PM,Saint Pierre and Miquelon,,1,5,0,0
8/16/2020,PM,Saint Pierre and Miquelon,,0,5,0,0
8/23/2020,PM,Saint Pierre and Miquelon,,0,5,0,0
8/30/2020,PM,Saint Pierre and Miquelon,,0,5,0,0
9/6/2020,PM,Saint Pierre and Miquelon,,2,7,0,0
9/13/2020,PM,Saint Pierre and Miquelon,,4,11,0,0
9/20/2020,PM,Saint Pierre and Miquelon,,0,11,0,0
9/27/2020,PM,Saint Pierre and Miquelon,,1,12,0,0
10/4/2020,PM,Saint Pierre and Miquelon,,0,12,0,0
10/11/2020,PM,Saint Pierre and Miquelon,,0,12,0,0
10/18/2020,PM,Saint Pierre and Miquelon,,0,12,0,0
10/25/2020,PM,Saint Pierre and Miquelon,,0,12,0,0
11/1/2020,PM,Saint Pierre and Miquelon,,0,12,0,0
11/8/2020,PM,Saint Pierre and Miquelon,,2,14,0,0
11/15/2020,PM,Saint Pierre and Miquelon,,0,14,0,0
11/22/2020,PM,Saint Pierre and Miquelon,,0,14,0,0
11/29/2020,PM,Saint Pierre and Miquelon,,0,14,0,0
12/6/2020,PM,Saint Pierre and Miquelon,,0,14,0,0
12/13/2020,PM,Saint Pierre and Miquelon,,0,14,0,0
12/20/2020,PM,Saint Pierre and Miquelon,,0,14,0,0
12/27/2020,PM,Saint Pierre and Miquelon,,2,16,0,0
1/3/2021,PM,Saint Pierre and Miquelon,,0,16,0,0
1/10/2021,PM,Saint Pierre and Miquelon,,0,16,0,0
1/17/2021,PM,Saint Pierre and Miquelon,,0,16,0,0
1/24/2021,PM,Saint Pierre and Miquelon,,4,20,0,0
1/31/2021,PM,Saint Pierre and Miquelon,,4,24,0,0
2/7/2021,PM,Saint Pierre and Miquelon,,0,24,0,0
2/14/2021,PM,Saint Pierre and Miquelon,,0,24,0,0
2/21/2021,PM,Saint Pierre and Miquelon,,0,24,0,0
2/28/2021,PM,Saint Pierre and Miquelon,,0,24,0,0
3/7/2021,PM,Saint Pierre and Miquelon,,0,24,0,0
3/14/2021,PM,Saint Pierre and Miquelon,,0,24,0,0
3/21/2021,PM,Saint Pierre and Miquelon,,0,24,0,0
3/28/2021,PM,Saint Pierre and Miquelon,,0,24,0,0
4/4/2021,PM,Saint Pierre and Miquelon,,0,24,0,0
4/11/2021,PM,Saint Pierre and Miquelon,,1,25,0,0
4/18/2021,PM,Saint Pierre and Miquelon,,0,25,0,0
4/25/2021,PM,Saint Pierre and Miquelon,,0,25,0,0
5/2/2021,PM,Saint Pierre and Miquelon,,0,25,0,0
5/9/2021,PM,Saint Pierre and Miquelon,,0,25,0,0
5/16/2021,PM,Saint Pierre and Miquelon,,0,25,0,0
5/23/2021,PM,Saint Pierre and Miquelon,,0,25,0,0
5/30/2021,PM,Saint Pierre and Miquelon,,0,25,0,0
6/6/2021,PM,Saint Pierre and Miquelon,,0,25,0,0
6/13/2021,PM,Saint Pierre and Miquelon,,1,26,0,0
6/20/2021,PM,Saint Pierre and Miquelon,,0,26,0,0
6/27/2021,PM,Saint Pierre and Miquelon,,0,26,0,0
7/4/2021,PM,Saint Pierre and Miquelon,,0,26,0,0
7/11/2021,PM,Saint Pierre and Miquelon,,0,26,0,0
7/18/2021,PM,Saint Pierre and Miquelon,,0,26,0,0
7/25/2021,PM,Saint Pierre and Miquelon,,2,28,0,0
8/1/2021,PM,Saint Pierre and Miquelon,,0,28,0,0
8/8/2021,PM,Saint Pierre and Miquelon,,2,30,0,0
8/15/2021,PM,Saint Pierre and Miquelon,,0,30,0,0
8/22/2021,PM,Saint Pierre and Miquelon,,0,30,0,0
8/29/2021,PM,Saint Pierre and Miquelon,,0,30,0,0
9/5/2021,PM,Saint Pierre and Miquelon,,1,31,0,0
9/12/2021,PM,Saint Pierre and Miquelon,,0,31,0,0
9/19/2021,PM,Saint Pierre and Miquelon,,0,31,0,0
9/26/2021,PM,Saint Pierre and Miquelon,,0,31,0,0
10/3/2021,PM,Saint Pierre and Miquelon,,0,31,0,0
10/10/2021,PM,Saint Pierre and Miquelon,,1,32,0,0
10/17/2021,PM,Saint Pierre and Miquelon,,0,32,0,0
10/24/2021,PM,Saint Pierre and Miquelon,,0,32,0,0
10/31/2021,PM,Saint Pierre and Miquelon,,0,32,0,0
11/7/2021,PM,Saint Pierre and Miquelon,,0,32,0,0
11/14/2021,PM,Saint Pierre and Miquelon,,1,33,0,0
11/21/2021,PM,Saint Pierre and Miquelon,,11,44,0,0
11/28/2021,PM,Saint Pierre and Miquelon,,31,75,0,0
12/5/2021,PM,Saint Pierre and Miquelon,,13,88,0,0
12/12/2021,PM,Saint Pierre and Miquelon,,7,95,0,0
12/19/2021,PM,Saint Pierre and Miquelon,,1,96,0,0
12/26/2021,PM,Saint Pierre and Miquelon,,2,98,0,0
1/2/2022,PM,Saint Pierre and Miquelon,,0,98,0,0
1/9/2022,PM,Saint Pierre and Miquelon,,15,113,0,0
1/16/2022,PM,Saint Pierre and Miquelon,,142,255,0,0
1/23/2022,PM,Saint Pierre and Miquelon,,183,438,0,0
1/30/2022,PM,Saint Pierre and Miquelon,,190,628,0,0
2/6/2022,PM,Saint Pierre and Miquelon,,200,828,1,1
2/13/2022,PM,Saint Pierre and Miquelon,,93,921,0,1
2/20/2022,PM,Saint Pierre and Miquelon,,44,965,0,1
2/27/2022,PM,Saint Pierre and Miquelon,,30,995,0,1
3/6/2022,PM,Saint Pierre and Miquelon,,8,1003,0,1
3/13/2022,PM,Saint Pierre and Miquelon,,52,1055,0,1
3/20/2022,PM,Saint Pierre and Miquelon,,298,1353,0,1
3/27/2022,PM,Saint Pierre and Miquelon,,577,1930,0,1
4/3/2022,PM,Saint Pierre and Miquelon,,306,2236,0,1
4/10/2022,PM,Saint Pierre and Miquelon,,182,2418,0,1
4/17/2022,PM,Saint Pierre and Miquelon,,119,2537,0,1
4/24/2022,PM,Saint Pierre and Miquelon,,104,2641,0,1
5/1/2022,PM,Saint Pierre and Miquelon,,60,2701,0,1
5/8/2022,PM,Saint Pierre and Miquelon,,26,2727,0,1
5/15/2022,PM,Saint Pierre and Miquelon,,12,2739,0,1
5/22/2022,PM,Saint Pierre and Miquelon,,9,2748,0,1
5/29/2022,PM,Saint Pierre and Miquelon,,2,2750,0,1
6/5/2022,PM,Saint Pierre and Miquelon,,12,2762,0,1
6/12/2022,PM,Saint Pierre and Miquelon,,3,2765,0,1
6/19/2022,PM,Saint Pierre and Miquelon,,0,2765,0,1
6/26/2022,PM,Saint Pierre and Miquelon,,2,2767,0,1
7/3/2022,PM,Saint Pierre and Miquelon,,12,2779,0,1
7/10/2022,PM,Saint Pierre and Miquelon,,78,2857,0,1
7/17/2022,PM,Saint Pierre and Miquelon,,113,2970,0,1
7/24/2022,PM,Saint Pierre and Miquelon,,56,3026,0,1
7/31/2022,PM,Saint Pierre and Miquelon,,57,3083,0,1
8/7/2022,PM,Saint Pierre and Miquelon,,29,3112,0,1
8/14/2022,PM,Saint Pierre and Miquelon,,19,3131,0,1
8/21/2022,PM,Saint Pierre and Miquelon,,6,3137,0,1
8/28/2022,PM,Saint Pierre and Miquelon,,9,3146,0,1
9/4/2022,PM,Saint Pierre and Miquelon,,12,3158,0,1
9/11/2022,PM,Saint Pierre and Miquelon,,8,3166,0,1
9/18/2022,PM,Saint Pierre and Miquelon,,14,3180,0,1
9/25/2022,PM,Saint Pierre and Miquelon,,8,3188,0,1
10/2/2022,PM,Saint Pierre and Miquelon,,11,3199,0,1
10/9/2022,PM,Saint Pierre and Miquelon,,2,3201,0,1
10/16/2022,PM,Saint Pierre and Miquelon,,6,3207,0,1
10/23/2022,PM,Saint Pierre and Miquelon,,5,3212,0,1
10/30/2022,PM,Saint Pierre and Miquelon,,2,3214,0,1
11/6/2022,PM,Saint Pierre and Miquelon,,1,3215,0,1
11/13/2022,PM,Saint Pierre and Miquelon,,3,3218,0,1
11/20/2022,PM,Saint Pierre and Miquelon,,17,3235,0,1
11/27/2022,PM,Saint Pierre and Miquelon,,35,3270,0,1
12/4/2022,PM,Saint Pierre and Miquelon,,24,3294,1,2
12/11/2022,PM,Saint Pierre and Miquelon,,26,3320,0,2
12/18/2022,PM,Saint Pierre and Miquelon,,16,3336,0,2
12/25/2022,PM,Saint Pierre and Miquelon,,12,3348,0,2
1/1/2023,PM,Saint Pierre and Miquelon,,19,3367,0,2
1/8/2023,PM,Saint Pierre and Miquelon,,28,3395,0,2
1/15/2023,PM,Saint Pierre and Miquelon,,5,3400,0,2
1/22/2023,PM,Saint Pierre and Miquelon,,5,3405,0,2
1/29/2023,PM,Saint Pierre and Miquelon,,5,3410,0,2
2/5/2023,PM,Saint Pierre and Miquelon,,2,3412,0,2
2/12/2023,PM,Saint Pierre and Miquelon,,1,3413,0,2
2/19/2023,PM,Saint Pierre and Miquelon,,2,3415,0,2
2/26/2023,PM,Saint Pierre and Miquelon,,2,3417,0,2
3/5/2023,PM,Saint Pierre and Miquelon,,1,3418,0,2
3/12/2023,PM,Saint Pierre and Miquelon,,5,3423,0,2
3/19/2023,PM,Saint Pierre and Miquelon,,1,3424,0,2
3/26/2023,PM,Saint Pierre and Miquelon,,2,3426,0,2
4/2/2023,PM,Saint Pierre and Miquelon,,0,3426,0,2
4/9/2023,PM,Saint Pierre and Miquelon,,0,3426,0,2
4/16/2023,PM,Saint Pierre and Miquelon,,0,3426,0,2
4/23/2023,PM,Saint Pierre and Miquelon,,0,3426,0,2
4/30/2023,PM,Saint Pierre and Miquelon,,0,3426,0,2
5/7/2023,PM,Saint Pierre and Miquelon,,0,3426,0,2
5/14/2023,PM,Saint Pierre and Miquelon,,0,3426,0,2
5/21/2023,PM,Saint Pierre and Miquelon,,0,3426,0,2
5/28/2023,PM,Saint Pierre and Miquelon,,0,3426,0,2
6/4/2023,PM,Saint Pierre and Miquelon,,0,3426,0,2
6/11/2023,PM,Saint Pierre and Miquelon,,0,3426,0,2
6/18/2023,PM,Saint Pierre and Miquelon,,0,3426,0,2
6/25/2023,PM,Saint Pierre and Miquelon,,0,3426,0,2
7/2/2023,PM,Saint Pierre and Miquelon,,0,3426,0,2
7/9/2023,PM,Saint Pierre and Miquelon,,0,3426,0,2
7/16/2023,PM,Saint Pierre and Miquelon,,0,3426,0,2
7/23/2023,PM,Saint Pierre and Miquelon,,0,3426,0,2
7/30/2023,PM,Saint Pierre and Miquelon,,0,3426,0,2
8/6/2023,PM,Saint Pierre and Miquelon,,0,3426,0,2
8/13/2023,PM,Saint Pierre and Miquelon,,0,3426,0,2
8/20/2023,PM,Saint Pierre and Miquelon,,0,3426,0,2
8/27/2023,PM,Saint Pierre and Miquelon,,0,3426,0,2
9/3/2023,PM,Saint Pierre and Miquelon,,0,3426,0,2
9/10/2023,PM,Saint Pierre and Miquelon,,0,3426,0,2
9/17/2023,PM,Saint Pierre and Miquelon,,0,3426,0,2
9/24/2023,PM,Saint Pierre and Miquelon,,0,3426,0,2
10/1/2023,PM,Saint Pierre and Miquelon,,0,3426,0,2
10/8/2023,PM,Saint Pierre and Miquelon,,0,3426,0,2
10/15/2023,PM,Saint Pierre and Miquelon,,0,3426,0,2
10/22/2023,PM,Saint Pierre and Miquelon,,0,3426,0,2
10/29/2023,PM,Saint Pierre and Miquelon,,0,3426,0,2
11/5/2023,PM,Saint Pierre and Miquelon,,0,3426,0,2
11/12/2023,PM,Saint Pierre and Miquelon,,0,3426,0,2
11/19/2023,PM,Saint Pierre and Miquelon,,0,3426,0,2
11/26/2023,PM,Saint Pierre and Miquelon,,0,3426,0,2
12/3/2023,PM,Saint Pierre and Miquelon,,0,3426,0,2
12/10/2023,PM,Saint Pierre and Miquelon,,0,3426,0,2
12/17/2023,PM,Saint Pierre and Miquelon,,0,3426,0,2
12/24/2023,PM,Saint Pierre and Miquelon,,0,3426,0,2
1/5/2020,VC,Saint Vincent and the Grenadines,AMRO,0,0,0,0
1/12/2020,VC,Saint Vincent and the Grenadines,AMRO,0,0,0,0
1/19/2020,VC,Saint Vincent and the Grenadines,AMRO,0,0,0,0
1/26/2020,VC,Saint Vincent and the Grenadines,AMRO,0,0,0,0
2/2/2020,VC,Saint Vincent and the Grenadines,AMRO,0,0,0,0
2/9/2020,VC,Saint Vincent and the Grenadines,AMRO,0,0,0,0
2/16/2020,VC,Saint Vincent and the Grenadines,AMRO,0,0,0,0
2/23/2020,VC,Saint Vincent and the Grenadines,AMRO,0,0,0,0
3/1/2020,VC,Saint Vincent and the Grenadines,AMRO,0,0,0,0
3/8/2020,VC,Saint Vincent and the Grenadines,AMRO,0,0,0,0
3/15/2020,VC,Saint Vincent and the Grenadines,AMRO,1,1,0,0
3/22/2020,VC,Saint Vincent and the Grenadines,AMRO,0,1,0,0
3/29/2020,VC,Saint Vincent and the Grenadines,AMRO,0,1,0,0
4/5/2020,VC,Saint Vincent and the Grenadines,AMRO,2,3,0,0
4/12/2020,VC,Saint Vincent and the Grenadines,AMRO,9,12,0,0
4/19/2020,VC,Saint Vincent and the Grenadines,AMRO,0,12,0,0
4/26/2020,VC,Saint Vincent and the Grenadines,AMRO,2,14,0,0
5/3/2020,VC,Saint Vincent and the Grenadines,AMRO,2,16,0,0
5/10/2020,VC,Saint Vincent and the Grenadines,AMRO,1,17,0,0
5/17/2020,VC,Saint Vincent and the Grenadines,AMRO,0,17,0,0
5/24/2020,VC,Saint Vincent and the Grenadines,AMRO,1,18,0,0
5/31/2020,VC,Saint Vincent and the Grenadines,AMRO,7,25,0,0
6/7/2020,VC,Saint Vincent and the Grenadines,AMRO,1,26,0,0
6/14/2020,VC,Saint Vincent and the Grenadines,AMRO,1,27,0,0
6/21/2020,VC,Saint Vincent and the Grenadines,AMRO,2,29,0,0
6/28/2020,VC,Saint Vincent and the Grenadines,AMRO,0,29,0,0
7/5/2020,VC,Saint Vincent and the Grenadines,AMRO,0,29,0,0
7/12/2020,VC,Saint Vincent and the Grenadines,AMRO,0,29,0,0
7/19/2020,VC,Saint Vincent and the Grenadines,AMRO,6,35,0,0
7/26/2020,VC,Saint Vincent and the Grenadines,AMRO,17,52,0,0
8/2/2020,VC,Saint Vincent and the Grenadines,AMRO,2,54,0,0
8/9/2020,VC,Saint Vincent and the Grenadines,AMRO,2,56,0,0
8/16/2020,VC,Saint Vincent and the Grenadines,AMRO,1,57,0,0
8/23/2020,VC,Saint Vincent and the Grenadines,AMRO,1,58,0,0
8/30/2020,VC,Saint Vincent and the Grenadines,AMRO,2,60,0,0
9/6/2020,VC,Saint Vincent and the Grenadines,AMRO,1,61,0,0
9/13/2020,VC,Saint Vincent and the Grenadines,AMRO,3,64,0,0
9/20/2020,VC,Saint Vincent and the Grenadines,AMRO,0,64,0,0
9/27/2020,VC,Saint Vincent and the Grenadines,AMRO,0,64,0,0
10/4/2020,VC,Saint Vincent and the Grenadines,AMRO,0,64,0,0
10/11/2020,VC,Saint Vincent and the Grenadines,AMRO,0,64,0,0
10/18/2020,VC,Saint Vincent and the Grenadines,AMRO,3,67,0,0
10/25/2020,VC,Saint Vincent and the Grenadines,AMRO,6,73,0,0
11/1/2020,VC,Saint Vincent and the Grenadines,AMRO,1,74,0,0
11/8/2020,VC,Saint Vincent and the Grenadines,AMRO,2,76,0,0
11/15/2020,VC,Saint Vincent and the Grenadines,AMRO,2,78,0,0
11/22/2020,VC,Saint Vincent and the Grenadines,AMRO,6,84,0,0
11/29/2020,VC,Saint Vincent and the Grenadines,AMRO,1,85,0,0
12/6/2020,VC,Saint Vincent and the Grenadines,AMRO,2,87,0,0
12/13/2020,VC,Saint Vincent and the Grenadines,AMRO,7,94,0,0
12/20/2020,VC,Saint Vincent and the Grenadines,AMRO,6,100,0,0
12/27/2020,VC,Saint Vincent and the Grenadines,AMRO,8,108,0,0
1/3/2021,VC,Saint Vincent and the Grenadines,AMRO,14,122,0,0
1/10/2021,VC,Saint Vincent and the Grenadines,AMRO,82,204,0,0
1/17/2021,VC,Saint Vincent and the Grenadines,AMRO,246,450,1,1
1/24/2021,VC,Saint Vincent and the Grenadines,AMRO,270,720,1,2
1/31/2021,VC,Saint Vincent and the Grenadines,AMRO,176,896,0,2
2/7/2021,VC,Saint Vincent and the Grenadines,AMRO,274,1170,1,3
2/14/2021,VC,Saint Vincent and the Grenadines,AMRO,248,1418,3,6
2/21/2021,VC,Saint Vincent and the Grenadines,AMRO,80,1498,0,6
2/28/2021,VC,Saint Vincent and the Grenadines,AMRO,58,1556,2,8
3/7/2021,VC,Saint Vincent and the Grenadines,AMRO,102,1658,0,8
3/14/2021,VC,Saint Vincent and the Grenadines,AMRO,22,1680,0,8
3/21/2021,VC,Saint Vincent and the Grenadines,AMRO,14,1694,1,9
3/28/2021,VC,Saint Vincent and the Grenadines,AMRO,27,1721,1,10
4/4/2021,VC,Saint Vincent and the Grenadines,AMRO,34,1755,0,10
4/11/2021,VC,Saint Vincent and the Grenadines,AMRO,35,1790,0,10
4/18/2021,VC,Saint Vincent and the Grenadines,AMRO,29,1819,0,10
4/25/2021,VC,Saint Vincent and the Grenadines,AMRO,11,1830,0,10
5/2/2021,VC,Saint Vincent and the Grenadines,AMRO,34,1864,1,11
5/9/2021,VC,Saint Vincent and the Grenadines,AMRO,48,1912,1,12
5/16/2021,VC,Saint Vincent and the Grenadines,AMRO,20,1932,0,12
5/23/2021,VC,Saint Vincent and the Grenadines,AMRO,41,1973,0,12
5/30/2021,VC,Saint Vincent and the Grenadines,AMRO,54,2027,0,12
6/6/2021,VC,Saint Vincent and the Grenadines,AMRO,41,2068,0,12
6/13/2021,VC,Saint Vincent and the Grenadines,AMRO,33,2101,0,12
6/20/2021,VC,Saint Vincent and the Grenadines,AMRO,91,2192,0,12
6/27/2021,VC,Saint Vincent and the Grenadines,AMRO,26,2218,0,12
7/4/2021,VC,Saint Vincent and the Grenadines,AMRO,11,2229,0,12
7/11/2021,VC,Saint Vincent and the Grenadines,AMRO,12,2241,0,12
7/18/2021,VC,Saint Vincent and the Grenadines,AMRO,19,2260,0,12
7/25/2021,VC,Saint Vincent and the Grenadines,AMRO,11,2271,0,12
8/1/2021,VC,Saint Vincent and the Grenadines,AMRO,25,2296,0,12
8/8/2021,VC,Saint Vincent and the Grenadines,AMRO,2,2298,0,12
8/15/2021,VC,Saint Vincent and the Grenadines,AMRO,10,2308,0,12
8/22/2021,VC,Saint Vincent and the Grenadines,AMRO,12,2320,0,12
8/29/2021,VC,Saint Vincent and the Grenadines,AMRO,17,2337,0,12
9/5/2021,VC,Saint Vincent and the Grenadines,AMRO,42,2379,0,12
9/12/2021,VC,Saint Vincent and the Grenadines,AMRO,134,2513,0,12
9/19/2021,VC,Saint Vincent and the Grenadines,AMRO,317,2830,2,14
9/26/2021,VC,Saint Vincent and the Grenadines,AMRO,529,3359,3,17
10/3/2021,VC,Saint Vincent and the Grenadines,AMRO,479,3838,11,28
10/10/2021,VC,Saint Vincent and the Grenadines,AMRO,612,4450,5,33
10/17/2021,VC,Saint Vincent and the Grenadines,AMRO,177,4627,14,47
10/24/2021,VC,Saint Vincent and the Grenadines,AMRO,228,4855,13,60
10/31/2021,VC,Saint Vincent and the Grenadines,AMRO,153,5008,6,66
11/7/2021,VC,Saint Vincent and the Grenadines,AMRO,110,5118,3,69
11/14/2021,VC,Saint Vincent and the Grenadines,AMRO,207,5325,2,71
11/21/2021,VC,Saint Vincent and the Grenadines,AMRO,88,5413,2,73
11/28/2021,VC,Saint Vincent and the Grenadines,AMRO,109,5522,1,74
12/5/2021,VC,Saint Vincent and the Grenadines,AMRO,120,5642,0,74
12/12/2021,VC,Saint Vincent and the Grenadines,AMRO,80,5722,3,77
12/19/2021,VC,Saint Vincent and the Grenadines,AMRO,36,5758,0,77
12/26/2021,VC,Saint Vincent and the Grenadines,AMRO,85,5843,4,81
1/2/2022,VC,Saint Vincent and the Grenadines,AMRO,148,5991,2,83
1/9/2022,VC,Saint Vincent and the Grenadines,AMRO,760,6751,1,84
1/16/2022,VC,Saint Vincent and the Grenadines,AMRO,547,7298,3,87
1/23/2022,VC,Saint Vincent and the Grenadines,AMRO,431,7729,4,91
1/30/2022,VC,Saint Vincent and the Grenadines,AMRO,174,7903,2,93
2/6/2022,VC,Saint Vincent and the Grenadines,AMRO,211,8114,2,95
2/13/2022,VC,Saint Vincent and the Grenadines,AMRO,116,8230,7,102
2/20/2022,VC,Saint Vincent and the Grenadines,AMRO,49,8279,2,104
2/27/2022,VC,Saint Vincent and the Grenadines,AMRO,30,8309,2,106
3/6/2022,VC,Saint Vincent and the Grenadines,AMRO,11,8320,0,106
3/13/2022,VC,Saint Vincent and the Grenadines,AMRO,3,8323,0,106
3/20/2022,VC,Saint Vincent and the Grenadines,AMRO,7,8330,0,106
3/27/2022,VC,Saint Vincent and the Grenadines,AMRO,3,8333,0,106
4/3/2022,VC,Saint Vincent and the Grenadines,AMRO,4,8337,0,106
4/10/2022,VC,Saint Vincent and the Grenadines,AMRO,6,8343,0,106
4/17/2022,VC,Saint Vincent and the Grenadines,AMRO,9,8352,0,106
4/24/2022,VC,Saint Vincent and the Grenadines,AMRO,45,8397,0,106
5/1/2022,VC,Saint Vincent and the Grenadines,AMRO,27,8424,0,106
5/8/2022,VC,Saint Vincent and the Grenadines,AMRO,32,8456,0,106
5/15/2022,VC,Saint Vincent and the Grenadines,AMRO,60,8516,0,106
5/22/2022,VC,Saint Vincent and the Grenadines,AMRO,102,8618,0,106
5/29/2022,VC,Saint Vincent and the Grenadines,AMRO,69,8687,0,106
6/5/2022,VC,Saint Vincent and the Grenadines,AMRO,120,8807,2,108
6/12/2022,VC,Saint Vincent and the Grenadines,AMRO,104,8911,0,108
6/19/2022,VC,Saint Vincent and the Grenadines,AMRO,74,8985,2,110
6/26/2022,VC,Saint Vincent and the Grenadines,AMRO,47,9032,1,111
7/3/2022,VC,Saint Vincent and the Grenadines,AMRO,30,9062,1,112
7/10/2022,VC,Saint Vincent and the Grenadines,AMRO,56,9118,2,114
7/17/2022,VC,Saint Vincent and the Grenadines,AMRO,114,9232,1,115
7/24/2022,VC,Saint Vincent and the Grenadines,AMRO,77,9309,0,115
7/31/2022,VC,Saint Vincent and the Grenadines,AMRO,54,9363,0,115
8/7/2022,VC,Saint Vincent and the Grenadines,AMRO,32,9395,0,115
8/14/2022,VC,Saint Vincent and the Grenadines,AMRO,10,9405,0,115
8/21/2022,VC,Saint Vincent and the Grenadines,AMRO,9,9414,0,115
8/28/2022,VC,Saint Vincent and the Grenadines,AMRO,8,9422,0,115
9/4/2022,VC,Saint Vincent and the Grenadines,AMRO,8,9430,0,115
9/11/2022,VC,Saint Vincent and the Grenadines,AMRO,16,9446,1,116
9/18/2022,VC,Saint Vincent and the Grenadines,AMRO,0,9446,0,116
9/25/2022,VC,Saint Vincent and the Grenadines,AMRO,2,9448,0,116
10/2/2022,VC,Saint Vincent and the Grenadines,AMRO,0,9448,0,116
10/9/2022,VC,Saint Vincent and the Grenadines,AMRO,0,9448,0,116
10/16/2022,VC,Saint Vincent and the Grenadines,AMRO,2,9450,0,116
10/23/2022,VC,Saint Vincent and the Grenadines,AMRO,2,9452,0,116
10/30/2022,VC,Saint Vincent and the Grenadines,AMRO,5,9457,0,116
11/6/2022,VC,Saint Vincent and the Grenadines,AMRO,2,9459,0,116
11/13/2022,VC,Saint Vincent and the Grenadines,AMRO,3,9462,0,116
11/20/2022,VC,Saint Vincent and the Grenadines,AMRO,0,9462,0,116
11/27/2022,VC,Saint Vincent and the Grenadines,AMRO,6,9468,0,116
12/4/2022,VC,Saint Vincent and the Grenadines,AMRO,6,9474,0,116
12/11/2022,VC,Saint Vincent and the Grenadines,AMRO,8,9482,0,116
12/18/2022,VC,Saint Vincent and the Grenadines,AMRO,18,9500,0,116
12/25/2022,VC,Saint Vincent and the Grenadines,AMRO,21,9521,2,118
1/1/2023,VC,Saint Vincent and the Grenadines,AMRO,17,9538,1,119
1/8/2023,VC,Saint Vincent and the Grenadines,AMRO,0,9538,0,119
1/15/2023,VC,Saint Vincent and the Grenadines,AMRO,25,9563,2,121
1/22/2023,VC,Saint Vincent and the Grenadines,AMRO,14,9577,2,123
1/29/2023,VC,Saint Vincent and the Grenadines,AMRO,4,9581,0,123
2/5/2023,VC,Saint Vincent and the Grenadines,AMRO,4,9585,0,123
2/12/2023,VC,Saint Vincent and the Grenadines,AMRO,2,9587,0,123
2/19/2023,VC,Saint Vincent and the Grenadines,AMRO,2,9589,0,123
2/26/2023,VC,Saint Vincent and the Grenadines,AMRO,0,9589,0,123
3/5/2023,VC,Saint Vincent and the Grenadines,AMRO,1,9590,1,124
3/12/2023,VC,Saint Vincent and the Grenadines,AMRO,3,9593,0,124
3/19/2023,VC,Saint Vincent and the Grenadines,AMRO,2,9595,0,124
3/26/2023,VC,Saint Vincent and the Grenadines,AMRO,1,9596,0,124
4/2/2023,VC,Saint Vincent and the Grenadines,AMRO,5,9601,0,124
4/9/2023,VC,Saint Vincent and the Grenadines,AMRO,0,9601,0,124
4/16/2023,VC,Saint Vincent and the Grenadines,AMRO,1,9602,0,124
4/23/2023,VC,Saint Vincent and the Grenadines,AMRO,9,9611,0,124
4/30/2023,VC,Saint Vincent and the Grenadines,AMRO,0,9611,0,124
5/7/2023,VC,Saint Vincent and the Grenadines,AMRO,8,9619,0,124
5/14/2023,VC,Saint Vincent and the Grenadines,AMRO,12,9631,0,124
5/21/2023,VC,Saint Vincent and the Grenadines,AMRO,0,9631,0,124
5/28/2023,VC,Saint Vincent and the Grenadines,AMRO,2,9633,0,124
6/4/2023,VC,Saint Vincent and the Grenadines,AMRO,1,9634,0,124
6/11/2023,VC,Saint Vincent and the Grenadines,AMRO,2,9636,0,124
6/18/2023,VC,Saint Vincent and the Grenadines,AMRO,1,9637,0,124
6/25/2023,VC,Saint Vincent and the Grenadines,AMRO,1,9638,0,124
7/2/2023,VC,Saint Vincent and the Grenadines,AMRO,2,9640,0,124
7/9/2023,VC,Saint Vincent and the Grenadines,AMRO,6,9646,0,124
7/16/2023,VC,Saint Vincent and the Grenadines,AMRO,4,9650,0,124
7/23/2023,VC,Saint Vincent and the Grenadines,AMRO,4,9654,0,124
7/30/2023,VC,Saint Vincent and the Grenadines,AMRO,2,9656,0,124
8/6/2023,VC,Saint Vincent and the Grenadines,AMRO,5,9661,0,124
8/13/2023,VC,Saint Vincent and the Grenadines,AMRO,2,9663,0,124
8/20/2023,VC,Saint Vincent and the Grenadines,AMRO,6,9669,0,124
8/27/2023,VC,Saint Vincent and the Grenadines,AMRO,1,9670,0,124
9/3/2023,VC,Saint Vincent and the Grenadines,AMRO,1,9671,0,124
9/10/2023,VC,Saint Vincent and the Grenadines,AMRO,2,9673,0,124
9/17/2023,VC,Saint Vincent and the Grenadines,AMRO,0,9673,0,124
9/24/2023,VC,Saint Vincent and the Grenadines,AMRO,1,9674,0,124
10/1/2023,VC,Saint Vincent and the Grenadines,AMRO,0,9674,0,124
10/8/2023,VC,Saint Vincent and the Grenadines,AMRO,0,9674,0,124
10/15/2023,VC,Saint Vincent and the Grenadines,AMRO,0,9674,0,124
10/22/2023,VC,Saint Vincent and the Grenadines,AMRO,0,9674,0,124
10/29/2023,VC,Saint Vincent and the Grenadines,AMRO,0,9674,0,124
11/5/2023,VC,Saint Vincent and the Grenadines,AMRO,0,9674,0,124
11/12/2023,VC,Saint Vincent and the Grenadines,AMRO,0,9674,0,124
11/19/2023,VC,Saint Vincent and the Grenadines,AMRO,0,9674,0,124
11/26/2023,VC,Saint Vincent and the Grenadines,AMRO,0,9674,0,124
12/3/2023,VC,Saint Vincent and the Grenadines,AMRO,0,9674,0,124
12/10/2023,VC,Saint Vincent and the Grenadines,AMRO,0,9674,0,124
12/17/2023,VC,Saint Vincent and the Grenadines,AMRO,0,9674,0,124
12/24/2023,VC,Saint Vincent and the Grenadines,AMRO,0,9674,0,124
1/5/2020,WS,Samoa,WPRO,0,0,0,0
1/12/2020,WS,Samoa,WPRO,0,0,0,0
1/19/2020,WS,Samoa,WPRO,0,0,0,0
1/26/2020,WS,Samoa,WPRO,0,0,0,0
2/2/2020,WS,Samoa,WPRO,0,0,0,0
2/9/2020,WS,Samoa,WPRO,0,0,0,0
2/16/2020,WS,Samoa,WPRO,0,0,0,0
2/23/2020,WS,Samoa,WPRO,0,0,0,0
3/1/2020,WS,Samoa,WPRO,0,0,0,0
3/8/2020,WS,Samoa,WPRO,0,0,0,0
3/15/2020,WS,Samoa,WPRO,0,0,0,0
3/22/2020,WS,Samoa,WPRO,0,0,0,0
3/29/2020,WS,Samoa,WPRO,0,0,0,0
4/5/2020,WS,Samoa,WPRO,0,0,0,0
4/12/2020,WS,Samoa,WPRO,0,0,0,0
4/19/2020,WS,Samoa,WPRO,0,0,0,0
4/26/2020,WS,Samoa,WPRO,0,0,0,0
5/3/2020,WS,Samoa,WPRO,0,0,0,0
5/10/2020,WS,Samoa,WPRO,0,0,0,0
5/17/2020,WS,Samoa,WPRO,0,0,0,0
5/24/2020,WS,Samoa,WPRO,0,0,0,0
5/31/2020,WS,Samoa,WPRO,0,0,0,0
6/7/2020,WS,Samoa,WPRO,0,0,0,0
6/14/2020,WS,Samoa,WPRO,0,0,0,0
6/21/2020,WS,Samoa,WPRO,0,0,0,0
6/28/2020,WS,Samoa,WPRO,0,0,0,0
7/5/2020,WS,Samoa,WPRO,0,0,0,0
7/12/2020,WS,Samoa,WPRO,0,0,0,0
7/19/2020,WS,Samoa,WPRO,0,0,0,0
7/26/2020,WS,Samoa,WPRO,0,0,0,0
8/2/2020,WS,Samoa,WPRO,0,0,0,0
8/9/2020,WS,Samoa,WPRO,0,0,0,0
8/16/2020,WS,Samoa,WPRO,0,0,0,0
8/23/2020,WS,Samoa,WPRO,0,0,0,0
8/30/2020,WS,Samoa,WPRO,0,0,0,0
9/6/2020,WS,Samoa,WPRO,0,0,0,0
9/13/2020,WS,Samoa,WPRO,0,0,0,0
9/20/2020,WS,Samoa,WPRO,0,0,0,0
9/27/2020,WS,Samoa,WPRO,0,0,0,0
10/4/2020,WS,Samoa,WPRO,0,0,0,0
10/11/2020,WS,Samoa,WPRO,0,0,0,0
10/18/2020,WS,Samoa,WPRO,0,0,0,0
10/25/2020,WS,Samoa,WPRO,0,0,0,0
11/1/2020,WS,Samoa,WPRO,0,0,0,0
11/8/2020,WS,Samoa,WPRO,0,0,0,0
11/15/2020,WS,Samoa,WPRO,0,0,0,0
11/22/2020,WS,Samoa,WPRO,0,0,0,0
11/29/2020,WS,Samoa,WPRO,0,0,0,0
12/6/2020,WS,Samoa,WPRO,1,1,0,0
12/13/2020,WS,Samoa,WPRO,0,1,0,0
12/20/2020,WS,Samoa,WPRO,0,1,0,0
12/27/2020,WS,Samoa,WPRO,0,1,0,0
1/3/2021,WS,Samoa,WPRO,0,1,0,0
1/10/2021,WS,Samoa,WPRO,0,1,0,0
1/17/2021,WS,Samoa,WPRO,0,1,0,0
1/24/2021,WS,Samoa,WPRO,0,1,0,0
1/31/2021,WS,Samoa,WPRO,0,1,0,0
2/7/2021,WS,Samoa,WPRO,0,1,0,0
2/14/2021,WS,Samoa,WPRO,0,1,0,0
2/21/2021,WS,Samoa,WPRO,0,1,0,0
2/28/2021,WS,Samoa,WPRO,0,1,0,0
3/7/2021,WS,Samoa,WPRO,0,1,0,0
3/14/2021,WS,Samoa,WPRO,0,1,0,0
3/21/2021,WS,Samoa,WPRO,0,1,0,0
3/28/2021,WS,Samoa,WPRO,0,1,0,0
4/4/2021,WS,Samoa,WPRO,0,1,0,0
4/11/2021,WS,Samoa,WPRO,0,1,0,0
4/18/2021,WS,Samoa,WPRO,0,1,0,0
4/25/2021,WS,Samoa,WPRO,0,1,0,0
5/2/2021,WS,Samoa,WPRO,0,1,0,0
5/9/2021,WS,Samoa,WPRO,0,1,0,0
5/16/2021,WS,Samoa,WPRO,0,1,0,0
5/23/2021,WS,Samoa,WPRO,0,1,0,0
5/30/2021,WS,Samoa,WPRO,0,1,0,0
6/6/2021,WS,Samoa,WPRO,0,1,0,0
6/13/2021,WS,Samoa,WPRO,0,1,0,0
6/20/2021,WS,Samoa,WPRO,0,1,0,0
6/27/2021,WS,Samoa,WPRO,0,1,0,0
7/4/2021,WS,Samoa,WPRO,0,1,0,0
7/11/2021,WS,Samoa,WPRO,0,1,0,0
7/18/2021,WS,Samoa,WPRO,0,1,0,0
7/25/2021,WS,Samoa,WPRO,0,1,0,0
8/1/2021,WS,Samoa,WPRO,0,1,0,0
8/8/2021,WS,Samoa,WPRO,0,1,0,0
8/15/2021,WS,Samoa,WPRO,0,1,0,0
8/22/2021,WS,Samoa,WPRO,0,1,0,0
8/29/2021,WS,Samoa,WPRO,0,1,0,0
9/5/2021,WS,Samoa,WPRO,0,1,0,0
9/12/2021,WS,Samoa,WPRO,0,1,0,0
9/19/2021,WS,Samoa,WPRO,0,1,0,0
9/26/2021,WS,Samoa,WPRO,0,1,0,0
10/3/2021,WS,Samoa,WPRO,0,1,0,0
10/10/2021,WS,Samoa,WPRO,0,1,0,0
10/17/2021,WS,Samoa,WPRO,0,1,0,0
10/24/2021,WS,Samoa,WPRO,0,1,0,0
10/31/2021,WS,Samoa,WPRO,0,1,0,0
11/7/2021,WS,Samoa,WPRO,0,1,0,0
11/14/2021,WS,Samoa,WPRO,0,1,0,0
11/21/2021,WS,Samoa,WPRO,0,1,0,0
11/28/2021,WS,Samoa,WPRO,0,1,0,0
12/5/2021,WS,Samoa,WPRO,0,1,0,0
12/12/2021,WS,Samoa,WPRO,0,1,0,0
12/19/2021,WS,Samoa,WPRO,1,2,0,0
12/26/2021,WS,Samoa,WPRO,0,2,0,0
1/2/2022,WS,Samoa,WPRO,0,2,0,0
1/9/2022,WS,Samoa,WPRO,0,2,0,0
1/16/2022,WS,Samoa,WPRO,0,2,0,0
1/23/2022,WS,Samoa,WPRO,15,17,0,0
1/30/2022,WS,Samoa,WPRO,15,32,0,0
2/6/2022,WS,Samoa,WPRO,1,33,0,0
2/13/2022,WS,Samoa,WPRO,0,33,0,0
2/20/2022,WS,Samoa,WPRO,0,33,0,0
2/27/2022,WS,Samoa,WPRO,0,33,0,0
3/6/2022,WS,Samoa,WPRO,0,33,0,0
3/13/2022,WS,Samoa,WPRO,15,48,0,0
3/20/2022,WS,Samoa,WPRO,181,229,0,0
3/27/2022,WS,Samoa,WPRO,1058,1287,0,0
4/3/2022,WS,Samoa,WPRO,1500,2787,2,2
4/10/2022,WS,Samoa,WPRO,1166,3953,5,7
4/17/2022,WS,Samoa,WPRO,427,4380,2,9
4/24/2022,WS,Samoa,WPRO,3092,7472,4,13
5/1/2022,WS,Samoa,WPRO,2408,9880,6,19
5/8/2022,WS,Samoa,WPRO,1067,10947,1,20
5/15/2022,WS,Samoa,WPRO,1012,11959,4,24
5/22/2022,WS,Samoa,WPRO,711,12670,1,25
5/29/2022,WS,Samoa,WPRO,998,13668,0,25
6/5/2022,WS,Samoa,WPRO,544,14212,2,27
6/12/2022,WS,Samoa,WPRO,498,14710,1,28
6/19/2022,WS,Samoa,WPRO,350,15060,0,28
6/26/2022,WS,Samoa,WPRO,71,15131,1,29
7/3/2022,WS,Samoa,WPRO,121,15252,0,29
7/10/2022,WS,Samoa,WPRO,88,15340,0,29
7/17/2022,WS,Samoa,WPRO,131,15471,0,29
7/24/2022,WS,Samoa,WPRO,135,15606,0,29
7/31/2022,WS,Samoa,WPRO,87,15693,0,29
8/7/2022,WS,Samoa,WPRO,0,15693,0,29
8/14/2022,WS,Samoa,WPRO,0,15693,0,29
8/21/2022,WS,Samoa,WPRO,298,15991,0,29
8/28/2022,WS,Samoa,WPRO,64,16055,0,29
9/4/2022,WS,Samoa,WPRO,122,16177,0,29
9/11/2022,WS,Samoa,WPRO,36,16213,0,29
9/18/2022,WS,Samoa,WPRO,9,16222,0,29
9/25/2022,WS,Samoa,WPRO,0,16222,0,29
10/2/2022,WS,Samoa,WPRO,8,16230,0,29
10/9/2022,WS,Samoa,WPRO,0,16230,0,29
10/16/2022,WS,Samoa,WPRO,0,16230,0,29
10/23/2022,WS,Samoa,WPRO,4,16234,0,29
10/30/2022,WS,Samoa,WPRO,0,16234,0,29
11/6/2022,WS,Samoa,WPRO,3,16237,0,29
11/13/2022,WS,Samoa,WPRO,0,16237,0,29
11/20/2022,WS,Samoa,WPRO,15,16252,0,29
11/27/2022,WS,Samoa,WPRO,3,16255,0,29
12/4/2022,WS,Samoa,WPRO,3,16258,0,29
12/11/2022,WS,Samoa,WPRO,5,16263,0,29
12/18/2022,WS,Samoa,WPRO,7,16270,0,29
12/25/2022,WS,Samoa,WPRO,0,16270,0,29
1/1/2023,WS,Samoa,WPRO,9,16279,0,29
1/8/2023,WS,Samoa,WPRO,0,16279,0,29
1/15/2023,WS,Samoa,WPRO,17,16296,0,29
1/22/2023,WS,Samoa,WPRO,14,16310,0,29
1/29/2023,WS,Samoa,WPRO,83,16393,0,29
2/5/2023,WS,Samoa,WPRO,4,16397,0,29
2/12/2023,WS,Samoa,WPRO,5,16402,0,29
2/19/2023,WS,Samoa,WPRO,13,16415,0,29
2/26/2023,WS,Samoa,WPRO,3,16418,0,29
3/5/2023,WS,Samoa,WPRO,9,16427,0,29
3/12/2023,WS,Samoa,WPRO,0,16427,2,31
3/19/2023,WS,Samoa,WPRO,246,16673,0,31
3/26/2023,WS,Samoa,WPRO,2,16675,0,31
4/2/2023,WS,Samoa,WPRO,0,16675,0,31
4/9/2023,WS,Samoa,WPRO,62,16737,0,31
4/16/2023,WS,Samoa,WPRO,0,16737,0,31
4/23/2023,WS,Samoa,WPRO,0,16737,0,31
4/30/2023,WS,Samoa,WPRO,20,16757,0,31
5/7/2023,WS,Samoa,WPRO,6,16763,0,31
5/14/2023,WS,Samoa,WPRO,0,16763,0,31
5/21/2023,WS,Samoa,WPRO,0,16763,0,31
5/28/2023,WS,Samoa,WPRO,0,16763,0,31
6/4/2023,WS,Samoa,WPRO,-20,16743,0,31
6/11/2023,WS,Samoa,WPRO,0,16743,0,31
6/18/2023,WS,Samoa,WPRO,21,16764,0,31
6/25/2023,WS,Samoa,WPRO,7,16771,0,31
7/2/2023,WS,Samoa,WPRO,0,16771,0,31
7/9/2023,WS,Samoa,WPRO,4,16775,0,31
7/16/2023,WS,Samoa,WPRO,0,16775,0,31
7/23/2023,WS,Samoa,WPRO,0,16775,0,31
7/30/2023,WS,Samoa,WPRO,0,16775,0,31
8/6/2023,WS,Samoa,WPRO,0,16775,0,31
8/13/2023,WS,Samoa,WPRO,3,16778,0,31
8/20/2023,WS,Samoa,WPRO,0,16778,0,31
8/27/2023,WS,Samoa,WPRO,0,16778,0,31
9/3/2023,WS,Samoa,WPRO,0,16778,0,31
9/10/2023,WS,Samoa,WPRO,0,16778,0,31
9/17/2023,WS,Samoa,WPRO,0,16778,0,31
9/24/2023,WS,Samoa,WPRO,0,16778,0,31
10/1/2023,WS,Samoa,WPRO,0,16778,0,31
10/8/2023,WS,Samoa,WPRO,0,16778,0,31
10/15/2023,WS,Samoa,WPRO,0,16778,0,31
10/22/2023,WS,Samoa,WPRO,0,16778,0,31
10/29/2023,WS,Samoa,WPRO,0,16778,0,31
11/5/2023,WS,Samoa,WPRO,0,16778,0,31
11/12/2023,WS,Samoa,WPRO,0,16778,0,31
11/19/2023,WS,Samoa,WPRO,2,16780,0,31
11/26/2023,WS,Samoa,WPRO,0,16780,0,31
12/3/2023,WS,Samoa,WPRO,0,16780,0,31
12/10/2023,WS,Samoa,WPRO,0,16780,0,31
12/17/2023,WS,Samoa,WPRO,0,16780,0,31
12/24/2023,WS,Samoa,WPRO,0,16780,0,31
1/5/2020,SM,San Marino,EURO,0,0,0,0
1/12/2020,SM,San Marino,EURO,0,0,0,0
1/19/2020,SM,San Marino,EURO,0,0,0,0
1/26/2020,SM,San Marino,EURO,0,0,0,0
2/2/2020,SM,San Marino,EURO,0,0,0,0
2/9/2020,SM,San Marino,EURO,0,0,0,0
2/16/2020,SM,San Marino,EURO,0,0,0,0
2/23/2020,SM,San Marino,EURO,0,0,0,0
3/1/2020,SM,San Marino,EURO,1,1,0,0
3/8/2020,SM,San Marino,EURO,27,28,1,1
3/15/2020,SM,San Marino,EURO,50,78,4,5
3/22/2020,SM,San Marino,EURO,98,176,15,20
3/29/2020,SM,San Marino,EURO,53,229,2,22
4/5/2020,SM,San Marino,EURO,32,261,10,32
4/12/2020,SM,San Marino,EURO,97,358,3,35
4/19/2020,SM,San Marino,EURO,99,457,4,39
4/26/2020,SM,San Marino,EURO,58,515,1,40
5/3/2020,SM,San Marino,EURO,67,582,1,41
5/10/2020,SM,San Marino,EURO,52,634,0,41
5/17/2020,SM,San Marino,EURO,20,654,0,41
5/24/2020,SM,San Marino,EURO,20,674,1,42
5/31/2020,SM,San Marino,EURO,15,689,0,42
6/7/2020,SM,San Marino,EURO,8,697,0,42
6/14/2020,SM,San Marino,EURO,0,697,0,42
6/21/2020,SM,San Marino,EURO,18,715,0,42
6/28/2020,SM,San Marino,EURO,0,715,0,42
7/5/2020,SM,San Marino,EURO,0,715,0,42
7/12/2020,SM,San Marino,EURO,3,718,0,42
7/19/2020,SM,San Marino,EURO,0,718,0,42
7/26/2020,SM,San Marino,EURO,0,718,0,42
8/2/2020,SM,San Marino,EURO,0,718,0,42
8/9/2020,SM,San Marino,EURO,1,719,0,42
8/16/2020,SM,San Marino,EURO,2,721,0,42
8/23/2020,SM,San Marino,EURO,7,728,0,42
8/30/2020,SM,San Marino,EURO,7,735,0,42
9/6/2020,SM,San Marino,EURO,2,737,0,42
9/13/2020,SM,San Marino,EURO,6,743,0,42
9/20/2020,SM,San Marino,EURO,1,744,0,42
9/27/2020,SM,San Marino,EURO,4,748,0,42
10/4/2020,SM,San Marino,EURO,4,752,0,42
10/11/2020,SM,San Marino,EURO,16,768,0,42
10/18/2020,SM,San Marino,EURO,18,786,0,42
10/25/2020,SM,San Marino,EURO,60,846,0,42
11/1/2020,SM,San Marino,EURO,119,965,0,42
11/8/2020,SM,San Marino,EURO,148,1113,0,42
11/15/2020,SM,San Marino,EURO,157,1270,0,42
11/22/2020,SM,San Marino,EURO,174,1444,1,43
11/29/2020,SM,San Marino,EURO,159,1603,2,45
12/6/2020,SM,San Marino,EURO,203,1806,3,48
12/13/2020,SM,San Marino,EURO,143,1949,3,51
12/20/2020,SM,San Marino,EURO,203,2152,4,55
12/27/2020,SM,San Marino,EURO,141,2293,2,57
1/3/2021,SM,San Marino,EURO,217,2510,5,62
1/10/2021,SM,San Marino,EURO,213,2723,3,65
1/17/2021,SM,San Marino,EURO,81,2804,0,65
1/24/2021,SM,San Marino,EURO,102,2906,0,65
1/31/2021,SM,San Marino,EURO,177,3083,2,67
2/7/2021,SM,San Marino,EURO,71,3154,2,69
2/14/2021,SM,San Marino,EURO,177,3331,3,72
2/21/2021,SM,San Marino,EURO,178,3509,0,72
2/28/2021,SM,San Marino,EURO,254,3763,2,74
3/7/2021,SM,San Marino,EURO,189,3952,2,76
3/14/2021,SM,San Marino,EURO,216,4168,1,77
3/21/2021,SM,San Marino,EURO,237,4405,2,79
3/28/2021,SM,San Marino,EURO,243,4648,5,84
4/4/2021,SM,San Marino,EURO,233,4881,1,85
4/11/2021,SM,San Marino,EURO,123,5004,1,86
4/18/2021,SM,San Marino,EURO,68,5072,2,88
4/25/2021,SM,San Marino,EURO,25,5097,2,90
5/2/2021,SM,San Marino,EURO,12,5109,0,90
5/9/2021,SM,San Marino,EURO,16,5125,0,90
5/16/2021,SM,San Marino,EURO,6,5131,0,90
5/23/2021,SM,San Marino,EURO,0,5131,0,90
5/30/2021,SM,San Marino,EURO,1,5132,0,90
6/6/2021,SM,San Marino,EURO,1,5133,0,90
6/13/2021,SM,San Marino,EURO,0,5133,0,90
6/20/2021,SM,San Marino,EURO,1,5134,0,90
6/27/2021,SM,San Marino,EURO,0,5134,0,90
7/4/2021,SM,San Marino,EURO,0,5134,0,90
7/11/2021,SM,San Marino,EURO,1,5135,0,90
7/18/2021,SM,San Marino,EURO,7,5142,0,90
7/25/2021,SM,San Marino,EURO,19,5161,0,90
8/1/2021,SM,San Marino,EURO,32,5193,0,90
8/8/2021,SM,San Marino,EURO,43,5236,0,90
8/15/2021,SM,San Marino,EURO,36,5272,0,90
8/22/2021,SM,San Marino,EURO,29,5301,0,90
8/29/2021,SM,San Marino,EURO,61,5362,0,90
9/5/2021,SM,San Marino,EURO,28,5390,0,90
9/12/2021,SM,San Marino,EURO,37,5427,0,90
9/19/2021,SM,San Marino,EURO,33,5460,0,90
9/26/2021,SM,San Marino,EURO,7,5467,1,91
10/3/2021,SM,San Marino,EURO,13,5480,0,91
10/10/2021,SM,San Marino,EURO,26,5506,0,91
10/17/2021,SM,San Marino,EURO,5,5511,0,91
10/24/2021,SM,San Marino,EURO,25,5536,1,92
10/31/2021,SM,San Marino,EURO,61,5597,0,92
11/7/2021,SM,San Marino,EURO,38,5635,0,92
11/14/2021,SM,San Marino,EURO,57,5692,0,92
11/21/2021,SM,San Marino,EURO,142,5834,1,93
11/28/2021,SM,San Marino,EURO,182,6016,0,93
12/5/2021,SM,San Marino,EURO,244,6260,1,94
12/12/2021,SM,San Marino,EURO,376,6636,0,94
12/19/2021,SM,San Marino,EURO,559,7195,2,96
12/26/2021,SM,San Marino,EURO,446,7641,2,98
1/2/2022,SM,San Marino,EURO,782,8423,2,100
1/9/2022,SM,San Marino,EURO,1189,9612,3,103
1/16/2022,SM,San Marino,EURO,1110,10722,0,103
1/23/2022,SM,San Marino,EURO,1147,11869,4,107
1/30/2022,SM,San Marino,EURO,1112,12981,2,109
2/6/2022,SM,San Marino,EURO,647,13628,0,109
2/13/2022,SM,San Marino,EURO,404,14032,1,110
2/20/2022,SM,San Marino,EURO,200,14232,2,112
2/27/2022,SM,San Marino,EURO,165,14397,0,112
3/6/2022,SM,San Marino,EURO,151,14548,0,112
3/13/2022,SM,San Marino,EURO,195,14743,0,112
3/20/2022,SM,San Marino,EURO,250,14993,0,112
3/27/2022,SM,San Marino,EURO,215,15208,1,113
4/3/2022,SM,San Marino,EURO,224,15432,0,113
4/10/2022,SM,San Marino,EURO,268,15700,1,114
4/17/2022,SM,San Marino,EURO,303,16003,0,114
4/24/2022,SM,San Marino,EURO,273,16276,0,114
5/1/2022,SM,San Marino,EURO,229,16505,1,115
5/8/2022,SM,San Marino,EURO,176,16681,0,115
5/15/2022,SM,San Marino,EURO,224,16905,0,115
5/22/2022,SM,San Marino,EURO,129,17034,0,115
5/29/2022,SM,San Marino,EURO,86,17120,0,115
6/5/2022,SM,San Marino,EURO,89,17209,0,115
6/12/2022,SM,San Marino,EURO,90,17299,0,115
6/19/2022,SM,San Marino,EURO,210,17509,0,115
6/26/2022,SM,San Marino,EURO,269,17778,0,115
7/3/2022,SM,San Marino,EURO,461,18239,0,115
7/10/2022,SM,San Marino,EURO,492,18731,1,116
7/17/2022,SM,San Marino,EURO,522,19253,1,117
7/24/2022,SM,San Marino,EURO,368,19621,1,118
7/31/2022,SM,San Marino,EURO,280,19901,0,118
8/7/2022,SM,San Marino,EURO,145,20046,0,118
8/14/2022,SM,San Marino,EURO,115,20161,0,118
8/21/2022,SM,San Marino,EURO,86,20247,0,118
8/28/2022,SM,San Marino,EURO,95,20342,0,118
9/4/2022,SM,San Marino,EURO,74,20416,0,118
9/11/2022,SM,San Marino,EURO,85,20501,0,118
9/18/2022,SM,San Marino,EURO,66,20567,0,118
9/25/2022,SM,San Marino,EURO,104,20671,0,118
10/2/2022,SM,San Marino,EURO,157,20828,0,118
10/9/2022,SM,San Marino,EURO,226,21054,0,118
10/16/2022,SM,San Marino,EURO,241,21295,0,118
10/23/2022,SM,San Marino,EURO,175,21470,1,119
10/30/2022,SM,San Marino,EURO,135,21605,0,119
11/6/2022,SM,San Marino,EURO,79,21684,0,119
11/13/2022,SM,San Marino,EURO,111,21795,0,119
11/20/2022,SM,San Marino,EURO,152,21947,0,119
11/27/2022,SM,San Marino,EURO,221,22168,0,119
12/4/2022,SM,San Marino,EURO,239,22407,0,119
12/11/2022,SM,San Marino,EURO,211,22618,1,120
12/18/2022,SM,San Marino,EURO,199,22817,0,120
12/25/2022,SM,San Marino,EURO,190,23007,1,121
1/1/2023,SM,San Marino,EURO,170,23177,0,121
1/8/2023,SM,San Marino,EURO,114,23291,0,121
1/15/2023,SM,San Marino,EURO,81,23372,1,122
1/22/2023,SM,San Marino,EURO,33,23405,0,122
1/29/2023,SM,San Marino,EURO,22,23427,0,122
2/5/2023,SM,San Marino,EURO,41,23468,0,122
2/12/2023,SM,San Marino,EURO,26,23494,0,122
2/19/2023,SM,San Marino,EURO,43,23537,0,122
2/26/2023,SM,San Marino,EURO,46,23583,0,122
3/5/2023,SM,San Marino,EURO,33,23616,0,122
3/12/2023,SM,San Marino,EURO,48,23664,0,122
3/19/2023,SM,San Marino,EURO,83,23747,1,123
3/26/2023,SM,San Marino,EURO,52,23799,0,123
4/2/2023,SM,San Marino,EURO,47,23846,0,123
4/9/2023,SM,San Marino,EURO,37,23883,0,123
4/16/2023,SM,San Marino,EURO,77,23960,0,123
4/23/2023,SM,San Marino,EURO,73,24033,1,124
4/30/2023,SM,San Marino,EURO,100,24133,1,125
5/7/2023,SM,San Marino,EURO,75,24208,0,125
5/14/2023,SM,San Marino,EURO,37,24245,0,125
5/21/2023,SM,San Marino,EURO,23,24268,0,125
5/28/2023,SM,San Marino,EURO,17,24285,0,125
6/4/2023,SM,San Marino,EURO,14,24299,0,125
6/11/2023,SM,San Marino,EURO,12,24311,0,125
6/18/2023,SM,San Marino,EURO,8,24319,0,125
6/25/2023,SM,San Marino,EURO,7,24326,0,125
7/2/2023,SM,San Marino,EURO,0,24326,0,125
7/9/2023,SM,San Marino,EURO,0,24326,0,125
7/16/2023,SM,San Marino,EURO,13,24339,0,125
7/23/2023,SM,San Marino,EURO,10,24349,0,125
7/30/2023,SM,San Marino,EURO,9,24358,0,125
8/6/2023,SM,San Marino,EURO,9,24367,0,125
8/13/2023,SM,San Marino,EURO,15,24382,0,125
8/20/2023,SM,San Marino,EURO,0,24382,0,125
8/27/2023,SM,San Marino,EURO,34,24416,1,126
9/3/2023,SM,San Marino,EURO,31,24447,0,126
9/10/2023,SM,San Marino,EURO,57,24504,0,126
9/17/2023,SM,San Marino,EURO,36,24540,0,126
9/24/2023,SM,San Marino,EURO,55,24595,0,126
10/1/2023,SM,San Marino,EURO,49,24644,0,126
10/8/2023,SM,San Marino,EURO,53,24697,0,126
10/15/2023,SM,San Marino,EURO,0,24697,0,126
10/22/2023,SM,San Marino,EURO,0,24697,0,126
10/29/2023,SM,San Marino,EURO,63,24760,0,126
11/5/2023,SM,San Marino,EURO,44,24804,0,126
11/12/2023,SM,San Marino,EURO,66,24870,0,126
11/19/2023,SM,San Marino,EURO,263,25133,0,126
11/26/2023,SM,San Marino,EURO,159,25292,0,126
12/3/2023,SM,San Marino,EURO,0,25292,0,126
12/10/2023,SM,San Marino,EURO,0,25292,0,126
12/17/2023,SM,San Marino,EURO,0,25292,0,126
12/24/2023,SM,San Marino,EURO,0,25292,0,126
1/5/2020,ST,Sao Tome and Principe,AFRO,0,0,0,0
1/12/2020,ST,Sao Tome and Principe,AFRO,0,0,0,0
1/19/2020,ST,Sao Tome and Principe,AFRO,0,0,0,0
1/26/2020,ST,Sao Tome and Principe,AFRO,0,0,0,0
2/2/2020,ST,Sao Tome and Principe,AFRO,0,0,0,0
2/9/2020,ST,Sao Tome and Principe,AFRO,0,0,0,0
2/16/2020,ST,Sao Tome and Principe,AFRO,0,0,0,0
2/23/2020,ST,Sao Tome and Principe,AFRO,0,0,0,0
3/1/2020,ST,Sao Tome and Principe,AFRO,0,0,0,0
3/8/2020,ST,Sao Tome and Principe,AFRO,0,0,0,0
3/15/2020,ST,Sao Tome and Principe,AFRO,0,0,0,0
3/22/2020,ST,Sao Tome and Principe,AFRO,0,0,0,0
3/29/2020,ST,Sao Tome and Principe,AFRO,0,0,0,0
4/5/2020,ST,Sao Tome and Principe,AFRO,0,0,0,0
4/12/2020,ST,Sao Tome and Principe,AFRO,4,4,0,0
4/19/2020,ST,Sao Tome and Principe,AFRO,0,4,0,0
4/26/2020,ST,Sao Tome and Principe,AFRO,4,8,0,0
5/3/2020,ST,Sao Tome and Principe,AFRO,15,23,4,4
5/10/2020,ST,Sao Tome and Principe,AFRO,189,212,1,5
5/17/2020,ST,Sao Tome and Principe,AFRO,28,240,5,10
5/24/2020,ST,Sao Tome and Principe,AFRO,51,291,2,12
5/31/2020,ST,Sao Tome and Principe,AFRO,188,479,1,13
6/7/2020,ST,Sao Tome and Principe,AFRO,34,513,0,13
6/14/2020,ST,Sao Tome and Principe,AFRO,146,659,0,13
6/21/2020,ST,Sao Tome and Principe,AFRO,39,698,0,13
6/28/2020,ST,Sao Tome and Principe,AFRO,15,713,0,13
7/5/2020,ST,Sao Tome and Principe,AFRO,6,719,0,13
7/12/2020,ST,Sao Tome and Principe,AFRO,8,727,1,14
7/19/2020,ST,Sao Tome and Principe,AFRO,16,743,0,14
7/26/2020,ST,Sao Tome and Principe,AFRO,119,862,0,14
8/2/2020,ST,Sao Tome and Principe,AFRO,12,874,1,15
8/9/2020,ST,Sao Tome and Principe,AFRO,4,878,0,15
8/16/2020,ST,Sao Tome and Principe,AFRO,7,885,0,15
8/23/2020,ST,Sao Tome and Principe,AFRO,7,892,0,15
8/30/2020,ST,Sao Tome and Principe,AFRO,3,895,0,15
9/6/2020,ST,Sao Tome and Principe,AFRO,3,898,0,15
9/13/2020,ST,Sao Tome and Principe,AFRO,8,906,0,15
9/20/2020,ST,Sao Tome and Principe,AFRO,2,908,0,15
9/27/2020,ST,Sao Tome and Principe,AFRO,3,911,0,15
10/4/2020,ST,Sao Tome and Principe,AFRO,2,913,0,15
10/11/2020,ST,Sao Tome and Principe,AFRO,9,922,0,15
10/18/2020,ST,Sao Tome and Principe,AFRO,10,932,0,15
10/25/2020,ST,Sao Tome and Principe,AFRO,8,940,0,15
11/1/2020,ST,Sao Tome and Principe,AFRO,5,945,1,16
11/8/2020,ST,Sao Tome and Principe,AFRO,17,962,0,16
11/15/2020,ST,Sao Tome and Principe,AFRO,2,964,0,16
11/22/2020,ST,Sao Tome and Principe,AFRO,15,979,1,17
11/29/2020,ST,Sao Tome and Principe,AFRO,6,985,0,17
12/6/2020,ST,Sao Tome and Principe,AFRO,14,999,0,17
12/13/2020,ST,Sao Tome and Principe,AFRO,10,1009,0,17
12/20/2020,ST,Sao Tome and Principe,AFRO,3,1012,0,17
12/27/2020,ST,Sao Tome and Principe,AFRO,2,1014,0,17
1/3/2021,ST,Sao Tome and Principe,AFRO,10,1024,0,17
1/10/2021,ST,Sao Tome and Principe,AFRO,42,1066,0,17
1/17/2021,ST,Sao Tome and Principe,AFRO,64,1130,0,17
1/24/2021,ST,Sao Tome and Principe,AFRO,52,1182,0,17
1/31/2021,ST,Sao Tome and Principe,AFRO,74,1256,0,17
2/7/2021,ST,Sao Tome and Principe,AFRO,83,1339,1,18
2/14/2021,ST,Sao Tome and Principe,AFRO,143,1482,1,19
2/21/2021,ST,Sao Tome and Principe,AFRO,96,1578,2,21
2/28/2021,ST,Sao Tome and Principe,AFRO,208,1786,7,28
3/7/2021,ST,Sao Tome and Principe,AFRO,152,1938,3,31
3/14/2021,ST,Sao Tome and Principe,AFRO,140,2078,1,32
3/21/2021,ST,Sao Tome and Principe,AFRO,64,2142,2,34
3/28/2021,ST,Sao Tome and Principe,AFRO,68,2210,0,34
4/4/2021,ST,Sao Tome and Principe,AFRO,30,2240,1,35
4/11/2021,ST,Sao Tome and Principe,AFRO,23,2263,0,35
4/18/2021,ST,Sao Tome and Principe,AFRO,12,2275,0,35
4/25/2021,ST,Sao Tome and Principe,AFRO,22,2297,0,35
5/2/2021,ST,Sao Tome and Principe,AFRO,13,2310,0,35
5/9/2021,ST,Sao Tome and Principe,AFRO,8,2318,0,35
5/16/2021,ST,Sao Tome and Principe,AFRO,9,2327,0,35
5/23/2021,ST,Sao Tome and Principe,AFRO,9,2336,2,37
5/30/2021,ST,Sao Tome and Principe,AFRO,9,2345,0,37
6/6/2021,ST,Sao Tome and Principe,AFRO,8,2353,0,37
6/13/2021,ST,Sao Tome and Principe,AFRO,4,2357,0,37
6/20/2021,ST,Sao Tome and Principe,AFRO,5,2362,0,37
6/27/2021,ST,Sao Tome and Principe,AFRO,3,2365,0,37
7/4/2021,ST,Sao Tome and Principe,AFRO,11,2376,0,37
7/11/2021,ST,Sao Tome and Principe,AFRO,16,2392,0,37
7/18/2021,ST,Sao Tome and Principe,AFRO,18,2410,0,37
7/25/2021,ST,Sao Tome and Principe,AFRO,14,2424,0,37
8/1/2021,ST,Sao Tome and Principe,AFRO,30,2454,0,37
8/8/2021,ST,Sao Tome and Principe,AFRO,16,2470,0,37
8/15/2021,ST,Sao Tome and Principe,AFRO,18,2488,0,37
8/22/2021,ST,Sao Tome and Principe,AFRO,36,2524,0,37
8/29/2021,ST,Sao Tome and Principe,AFRO,66,2590,0,37
9/5/2021,ST,Sao Tome and Principe,AFRO,93,2683,0,37
9/12/2021,ST,Sao Tome and Principe,AFRO,131,2814,2,39
9/19/2021,ST,Sao Tome and Principe,AFRO,226,3040,4,43
9/26/2021,ST,Sao Tome and Principe,AFRO,298,3338,6,49
10/3/2021,ST,Sao Tome and Principe,AFRO,193,3531,3,52
10/10/2021,ST,Sao Tome and Principe,AFRO,95,3626,4,56
10/17/2021,ST,Sao Tome and Principe,AFRO,49,3675,0,56
10/24/2021,ST,Sao Tome and Principe,AFRO,22,3697,0,56
10/31/2021,ST,Sao Tome and Principe,AFRO,15,3712,0,56
11/7/2021,ST,Sao Tome and Principe,AFRO,9,3721,0,56
11/14/2021,ST,Sao Tome and Principe,AFRO,9,3730,0,56
11/21/2021,ST,Sao Tome and Principe,AFRO,1,3731,0,56
11/28/2021,ST,Sao Tome and Principe,AFRO,0,3731,0,56
12/5/2021,ST,Sao Tome and Principe,AFRO,1,3732,0,56
12/12/2021,ST,Sao Tome and Principe,AFRO,1,3733,1,57
12/19/2021,ST,Sao Tome and Principe,AFRO,2,3735,0,57
12/26/2021,ST,Sao Tome and Principe,AFRO,9,3744,0,57
1/2/2022,ST,Sao Tome and Principe,AFRO,159,3903,0,57
1/9/2022,ST,Sao Tome and Principe,AFRO,832,4735,6,63
1/16/2022,ST,Sao Tome and Principe,AFRO,760,5495,2,65
1/23/2022,ST,Sao Tome and Principe,AFRO,321,5816,3,68
1/30/2022,ST,Sao Tome and Principe,AFRO,67,5883,1,69
2/6/2022,ST,Sao Tome and Principe,AFRO,28,5911,2,71
2/13/2022,ST,Sao Tome and Principe,AFRO,9,5920,0,71
2/20/2022,ST,Sao Tome and Principe,AFRO,5,5925,0,71
2/27/2022,ST,Sao Tome and Principe,AFRO,8,5933,1,72
3/6/2022,ST,Sao Tome and Principe,AFRO,1,5934,0,72
3/13/2022,ST,Sao Tome and Principe,AFRO,0,5934,0,72
3/20/2022,ST,Sao Tome and Principe,AFRO,6,5940,1,73
3/27/2022,ST,Sao Tome and Principe,AFRO,5,5945,0,73
4/3/2022,ST,Sao Tome and Principe,AFRO,0,5945,0,73
4/10/2022,ST,Sao Tome and Principe,AFRO,3,5948,0,73
4/17/2022,ST,Sao Tome and Principe,AFRO,0,5948,0,73
4/24/2022,ST,Sao Tome and Principe,AFRO,5,5953,0,73
5/1/2022,ST,Sao Tome and Principe,AFRO,4,5957,0,73
5/8/2022,ST,Sao Tome and Principe,AFRO,13,5970,0,73
5/15/2022,ST,Sao Tome and Principe,AFRO,0,5970,0,73
5/22/2022,ST,Sao Tome and Principe,AFRO,0,5970,0,73
5/29/2022,ST,Sao Tome and Principe,AFRO,12,5982,0,73
6/5/2022,ST,Sao Tome and Principe,AFRO,9,5991,0,73
6/12/2022,ST,Sao Tome and Principe,AFRO,12,6003,0,73
6/19/2022,ST,Sao Tome and Principe,AFRO,7,6010,0,73
6/26/2022,ST,Sao Tome and Principe,AFRO,13,6023,0,73
7/3/2022,ST,Sao Tome and Principe,AFRO,20,6043,0,73
7/10/2022,ST,Sao Tome and Principe,AFRO,21,6064,1,74
7/17/2022,ST,Sao Tome and Principe,AFRO,15,6079,0,74
7/24/2022,ST,Sao Tome and Principe,AFRO,8,6087,0,74
7/31/2022,ST,Sao Tome and Principe,AFRO,13,6100,0,74
8/7/2022,ST,Sao Tome and Principe,AFRO,15,6115,1,75
8/14/2022,ST,Sao Tome and Principe,AFRO,5,6120,1,76
8/21/2022,ST,Sao Tome and Principe,AFRO,3,6123,0,76
8/28/2022,ST,Sao Tome and Principe,AFRO,13,6136,0,76
9/4/2022,ST,Sao Tome and Principe,AFRO,17,6153,0,76
9/11/2022,ST,Sao Tome and Principe,AFRO,24,6177,0,76
9/18/2022,ST,Sao Tome and Principe,AFRO,16,6193,0,76
9/25/2022,ST,Sao Tome and Principe,AFRO,16,6209,1,77
10/2/2022,ST,Sao Tome and Principe,AFRO,21,6230,0,77
10/9/2022,ST,Sao Tome and Principe,AFRO,6,6236,0,77
10/16/2022,ST,Sao Tome and Principe,AFRO,16,6252,0,77
10/23/2022,ST,Sao Tome and Principe,AFRO,11,6263,0,77
10/30/2022,ST,Sao Tome and Principe,AFRO,3,6266,0,77
11/6/2022,ST,Sao Tome and Principe,AFRO,4,6270,0,77
11/13/2022,ST,Sao Tome and Principe,AFRO,5,6275,0,77
11/20/2022,ST,Sao Tome and Principe,AFRO,0,6275,0,77
11/27/2022,ST,Sao Tome and Principe,AFRO,3,6278,0,77
12/4/2022,ST,Sao Tome and Principe,AFRO,0,6278,0,77
12/11/2022,ST,Sao Tome and Principe,AFRO,1,6279,0,77
12/18/2022,ST,Sao Tome and Principe,AFRO,0,6279,0,77
12/25/2022,ST,Sao Tome and Principe,AFRO,0,6279,0,77
1/1/2023,ST,Sao Tome and Principe,AFRO,0,6279,0,77
1/8/2023,ST,Sao Tome and Principe,AFRO,0,6279,0,77
1/15/2023,ST,Sao Tome and Principe,AFRO,0,6279,0,77
1/22/2023,ST,Sao Tome and Principe,AFRO,0,6279,0,77
1/29/2023,ST,Sao Tome and Principe,AFRO,0,6279,0,77
2/5/2023,ST,Sao Tome and Principe,AFRO,1,6280,0,77
2/12/2023,ST,Sao Tome and Principe,AFRO,0,6280,0,77
2/19/2023,ST,Sao Tome and Principe,AFRO,0,6280,0,77
2/26/2023,ST,Sao Tome and Principe,AFRO,1,6281,0,77
3/5/2023,ST,Sao Tome and Principe,AFRO,0,6281,0,77
3/12/2023,ST,Sao Tome and Principe,AFRO,0,6281,0,77
3/19/2023,ST,Sao Tome and Principe,AFRO,15,6296,0,77
3/26/2023,ST,Sao Tome and Principe,AFRO,53,6349,0,77
4/2/2023,ST,Sao Tome and Principe,AFRO,88,6437,1,78
4/9/2023,ST,Sao Tome and Principe,AFRO,63,6500,1,79
4/16/2023,ST,Sao Tome and Principe,AFRO,42,6542,1,80
4/23/2023,ST,Sao Tome and Principe,AFRO,20,6562,0,80
4/30/2023,ST,Sao Tome and Principe,AFRO,6,6568,0,80
5/7/2023,ST,Sao Tome and Principe,AFRO,1,6569,0,80
5/14/2023,ST,Sao Tome and Principe,AFRO,6,6575,0,80
5/21/2023,ST,Sao Tome and Principe,AFRO,2,6577,0,80
5/28/2023,ST,Sao Tome and Principe,AFRO,4,6581,0,80
6/4/2023,ST,Sao Tome and Principe,AFRO,4,6585,0,80
6/11/2023,ST,Sao Tome and Principe,AFRO,2,6587,0,80
6/18/2023,ST,Sao Tome and Principe,AFRO,1,6588,0,80
6/25/2023,ST,Sao Tome and Principe,AFRO,0,6588,0,80
7/2/2023,ST,Sao Tome and Principe,AFRO,0,6588,0,80
7/9/2023,ST,Sao Tome and Principe,AFRO,0,6588,0,80
7/16/2023,ST,Sao Tome and Principe,AFRO,1,6589,0,80
7/23/2023,ST,Sao Tome and Principe,AFRO,0,6589,0,80
7/30/2023,ST,Sao Tome and Principe,AFRO,0,6589,0,80
8/6/2023,ST,Sao Tome and Principe,AFRO,0,6589,0,80
8/13/2023,ST,Sao Tome and Principe,AFRO,0,6589,0,80
8/20/2023,ST,Sao Tome and Principe,AFRO,0,6589,0,80
8/27/2023,ST,Sao Tome and Principe,AFRO,0,6589,0,80
9/3/2023,ST,Sao Tome and Principe,AFRO,7,6596,0,80
9/10/2023,ST,Sao Tome and Principe,AFRO,0,6596,0,80
9/17/2023,ST,Sao Tome and Principe,AFRO,1,6597,0,80
9/24/2023,ST,Sao Tome and Principe,AFRO,0,6597,0,80
10/1/2023,ST,Sao Tome and Principe,AFRO,0,6597,0,80
10/8/2023,ST,Sao Tome and Principe,AFRO,1,6598,0,80
10/15/2023,ST,Sao Tome and Principe,AFRO,1,6599,0,80
10/22/2023,ST,Sao Tome and Principe,AFRO,2,6601,0,80
10/29/2023,ST,Sao Tome and Principe,AFRO,0,6601,0,80
11/5/2023,ST,Sao Tome and Principe,AFRO,3,6604,0,80
11/12/2023,ST,Sao Tome and Principe,AFRO,3,6607,0,80
11/19/2023,ST,Sao Tome and Principe,AFRO,28,6635,0,80
11/26/2023,ST,Sao Tome and Principe,AFRO,51,6686,0,80
12/3/2023,ST,Sao Tome and Principe,AFRO,33,6719,0,80
12/10/2023,ST,Sao Tome and Principe,AFRO,10,6729,0,80
12/17/2023,ST,Sao Tome and Principe,AFRO,0,6729,0,80
12/24/2023,ST,Sao Tome and Principe,AFRO,0,6729,0,80
1/5/2020,SA,Saudi Arabia,EMRO,0,0,0,0
1/12/2020,SA,Saudi Arabia,EMRO,0,0,0,0
1/19/2020,SA,Saudi Arabia,EMRO,0,0,0,0
1/26/2020,SA,Saudi Arabia,EMRO,0,0,0,0
2/2/2020,SA,Saudi Arabia,EMRO,0,0,0,0
2/9/2020,SA,Saudi Arabia,EMRO,0,0,0,0
2/16/2020,SA,Saudi Arabia,EMRO,0,0,0,0
2/23/2020,SA,Saudi Arabia,EMRO,0,0,0,0
3/1/2020,SA,Saudi Arabia,EMRO,0,0,0,0
3/8/2020,SA,Saudi Arabia,EMRO,7,7,0,0
3/15/2020,SA,Saudi Arabia,EMRO,96,103,0,0
3/22/2020,SA,Saudi Arabia,EMRO,289,392,0,0
3/29/2020,SA,Saudi Arabia,EMRO,811,1203,4,4
4/5/2020,SA,Saudi Arabia,EMRO,976,2179,25,29
4/12/2020,SA,Saudi Arabia,EMRO,1854,4033,23,52
4/19/2020,SA,Saudi Arabia,EMRO,4241,8274,40,92
4/26/2020,SA,Saudi Arabia,EMRO,8025,16299,44,136
5/3/2020,SA,Saudi Arabia,EMRO,9160,25459,40,176
5/10/2020,SA,Saudi Arabia,EMRO,11677,37136,63,239
5/17/2020,SA,Saudi Arabia,EMRO,14880,52016,63,302
5/24/2020,SA,Saudi Arabia,EMRO,18145,70161,77,379
5/31/2020,SA,Saudi Arabia,EMRO,13223,83384,101,480
6/7/2020,SA,Saudi Arabia,EMRO,15485,98869,196,676
6/14/2020,SA,Saudi Arabia,EMRO,24439,123308,256,932
6/21/2020,SA,Saudi Arabia,EMRO,30925,154233,298,1230
6/28/2020,SA,Saudi Arabia,EMRO,24271,178504,281,1511
7/5/2020,SA,Saudi Arabia,EMRO,27425,205929,347,1858
7/12/2020,SA,Saudi Arabia,EMRO,23551,229480,323,2181
7/19/2020,SA,Saudi Arabia,EMRO,18936,248416,266,2447
7/26/2020,SA,Saudi Arabia,EMRO,16557,264973,256,2703
8/2/2020,SA,Saudi Arabia,EMRO,12505,277478,184,2887
8/9/2020,SA,Saudi Arabia,EMRO,9784,287262,243,3130
8/16/2020,SA,Saudi Arabia,EMRO,10053,297315,239,3369
8/23/2020,SA,Saudi Arabia,EMRO,9055,306370,250,3619
8/30/2020,SA,Saudi Arabia,EMRO,7541,313911,221,3840
9/6/2020,SA,Saudi Arabia,EMRO,6021,319932,209,4049
9/13/2020,SA,Saudi Arabia,EMRO,5118,325050,191,4240
9/20/2020,SA,Saudi Arabia,EMRO,4221,329271,218,4458
9/27/2020,SA,Saudi Arabia,EMRO,3519,332790,197,4655
10/4/2020,SA,Saudi Arabia,EMRO,3207,335997,195,4850
10/11/2020,SA,Saudi Arabia,EMRO,2947,338944,168,5018
10/18/2020,SA,Saudi Arabia,EMRO,2910,341854,147,5165
10/25/2020,SA,Saudi Arabia,EMRO,2698,344552,116,5281
11/1/2020,SA,Saudi Arabia,EMRO,2730,347282,121,5402
11/8/2020,SA,Saudi Arabia,EMRO,2947,350229,123,5525
11/15/2020,SA,Saudi Arabia,EMRO,2721,352950,116,5641
11/22/2020,SA,Saudi Arabia,EMRO,2084,355034,120,5761
11/29/2020,SA,Saudi Arabia,EMRO,1877,356911,109,5870
12/6/2020,SA,Saudi Arabia,EMRO,1615,358526,84,5954
12/13/2020,SA,Saudi Arabia,EMRO,1223,359749,82,6036
12/20/2020,SA,Saudi Arabia,EMRO,1099,360848,76,6112
12/27/2020,SA,Saudi Arabia,EMRO,1218,362066,64,6176
1/3/2021,SA,Saudi Arabia,EMRO,913,362979,63,6239
1/10/2021,SA,Saudi Arabia,EMRO,713,363692,47,6286
1/17/2021,SA,Saudi Arabia,EMRO,1061,364753,32,6318
1/24/2021,SA,Saudi Arabia,EMRO,1432,366185,32,6350
1/31/2021,SA,Saudi Arabia,EMRO,1628,367813,22,6372
2/7/2021,SA,Saudi Arabia,EMRO,2148,369961,25,6397
2/14/2021,SA,Saudi Arabia,EMRO,2449,372410,31,6428
2/21/2021,SA,Saudi Arabia,EMRO,2281,374691,29,6457
2/28/2021,SA,Saudi Arabia,EMRO,2370,377061,31,6488
3/7/2021,SA,Saudi Arabia,EMRO,2413,379474,36,6524
3/14/2021,SA,Saudi Arabia,EMRO,2585,382059,39,6563
3/21/2021,SA,Saudi Arabia,EMRO,2594,384653,39,6602
3/28/2021,SA,Saudi Arabia,EMRO,3141,387794,41,6643
4/4/2021,SA,Saudi Arabia,EMRO,4215,392009,47,6690
4/11/2021,SA,Saudi Arabia,EMRO,5627,397636,57,6747
4/18/2021,SA,Saudi Arabia,EMRO,6418,404054,63,6810
4/25/2021,SA,Saudi Arabia,EMRO,7209,411263,77,6887
5/2/2021,SA,Saudi Arabia,EMRO,7148,418411,81,6968
5/9/2021,SA,Saudi Arabia,EMRO,7031,425442,91,7059
5/16/2021,SA,Saudi Arabia,EMRO,6827,432269,88,7147
5/23/2021,SA,Saudi Arabia,EMRO,7578,439847,90,7237
5/30/2021,SA,Saudi Arabia,EMRO,8437,448284,97,7334
6/6/2021,SA,Saudi Arabia,EMRO,8278,456562,106,7440
6/13/2021,SA,Saudi Arabia,EMRO,8218,464780,113,7553
6/20/2021,SA,Saudi Arabia,EMRO,8332,473112,110,7663
6/27/2021,SA,Saudi Arabia,EMRO,8891,482003,97,7760
7/4/2021,SA,Saudi Arabia,EMRO,9609,491612,103,7863
7/11/2021,SA,Saudi Arabia,EMRO,8471,500083,100,7963
7/18/2021,SA,Saudi Arabia,EMRO,8438,508521,100,8063
7/25/2021,SA,Saudi Arabia,EMRO,8428,516949,92,8155
8/1/2021,SA,Saudi Arabia,EMRO,8781,525730,82,8237
8/8/2021,SA,Saudi Arabia,EMRO,7055,532785,83,8320
8/15/2021,SA,Saudi Arabia,EMRO,5198,537983,79,8399
8/22/2021,SA,Saudi Arabia,EMRO,3627,541610,70,8469
8/29/2021,SA,Saudi Arabia,EMRO,2186,543796,57,8526
9/5/2021,SA,Saudi Arabia,EMRO,1327,545123,46,8572
9/12/2021,SA,Saudi Arabia,EMRO,789,545912,45,8617
9/19/2021,SA,Saudi Arabia,EMRO,567,546479,39,8656
9/26/2021,SA,Saudi Arabia,EMRO,403,546882,38,8694
10/3/2021,SA,Saudi Arabia,EMRO,339,547221,28,8722
10/10/2021,SA,Saudi Arabia,EMRO,311,547532,21,8743
10/17/2021,SA,Saudi Arabia,EMRO,358,547890,17,8760
10/24/2021,SA,Saudi Arabia,EMRO,315,548205,16,8776
10/31/2021,SA,Saudi Arabia,EMRO,366,548571,17,8793
11/7/2021,SA,Saudi Arabia,EMRO,319,548890,10,8803
11/14/2021,SA,Saudi Arabia,EMRO,302,549192,8,8811
11/21/2021,SA,Saudi Arabia,EMRO,251,549443,12,8823
11/28/2021,SA,Saudi Arabia,EMRO,228,549671,9,8832
12/5/2021,SA,Saudi Arabia,EMRO,206,549877,10,8842
12/12/2021,SA,Saudi Arabia,EMRO,312,550189,10,8852
12/19/2021,SA,Saudi Arabia,EMRO,549,550738,9,8861
12/26/2021,SA,Saudi Arabia,EMRO,1668,552406,9,8870
1/2/2022,SA,Saudi Arabia,EMRO,4676,557082,8,8878
1/9/2022,SA,Saudi Arabia,EMRO,18211,575293,14,8892
1/16/2022,SA,Saudi Arabia,EMRO,34660,609953,13,8905
1/23/2022,SA,Saudi Arabia,EMRO,37866,647819,13,8918
1/30/2022,SA,Saudi Arabia,EMRO,31565,679384,15,8933
2/6/2022,SA,Saudi Arabia,EMRO,26253,705637,20,8953
2/13/2022,SA,Saudi Arabia,EMRO,20614,726251,18,8971
2/20/2022,SA,Saudi Arabia,EMRO,12080,738331,11,8982
2/27/2022,SA,Saudi Arabia,EMRO,5411,743742,12,8994
3/6/2022,SA,Saudi Arabia,EMRO,3377,747119,12,9006
3/13/2022,SA,Saudi Arabia,EMRO,1505,748624,11,9017
3/20/2022,SA,Saudi Arabia,EMRO,847,749471,10,9027
3/27/2022,SA,Saudi Arabia,EMRO,787,750258,11,9038
4/3/2022,SA,Saudi Arabia,EMRO,740,750998,9,9047
4/10/2022,SA,Saudi Arabia,EMRO,719,751717,8,9055
4/17/2022,SA,Saudi Arabia,EMRO,762,752479,13,9068
4/24/2022,SA,Saudi Arabia,EMRO,853,753332,8,9076
5/1/2022,SA,Saudi Arabia,EMRO,679,754011,12,9088
5/8/2022,SA,Saudi Arabia,EMRO,1065,755076,11,9099
5/15/2022,SA,Saudi Arabia,EMRO,3719,758795,15,9114
5/22/2022,SA,Saudi Arabia,EMRO,3780,762575,14,9128
5/29/2022,SA,Saudi Arabia,EMRO,3621,766196,15,9143
6/5/2022,SA,Saudi Arabia,EMRO,4454,770650,12,9155
6/12/2022,SA,Saudi Arabia,EMRO,6240,776890,15,9170
6/19/2022,SA,Saudi Arabia,EMRO,7017,783907,15,9185
6/26/2022,SA,Saudi Arabia,EMRO,7050,790957,13,9198
7/3/2022,SA,Saudi Arabia,EMRO,5311,796268,13,9211
7/10/2022,SA,Saudi Arabia,EMRO,3520,799788,9,9220
7/17/2022,SA,Saudi Arabia,EMRO,3370,803158,10,9230
7/24/2022,SA,Saudi Arabia,EMRO,4057,807215,8,9238
7/31/2022,SA,Saudi Arabia,EMRO,2234,809449,12,9250
8/7/2022,SA,Saudi Arabia,EMRO,1438,810887,10,9260
8/14/2022,SA,Saudi Arabia,EMRO,966,811853,9,9269
8/21/2022,SA,Saudi Arabia,EMRO,682,812535,7,9276
8/28/2022,SA,Saudi Arabia,EMRO,572,813107,13,9289
9/4/2022,SA,Saudi Arabia,EMRO,575,813682,13,9302
9/11/2022,SA,Saudi Arabia,EMRO,674,814356,13,9315
9/18/2022,SA,Saudi Arabia,EMRO,741,815097,15,9330
9/25/2022,SA,Saudi Arabia,EMRO,646,815743,11,9341
10/2/2022,SA,Saudi Arabia,EMRO,832,816575,12,9353
10/9/2022,SA,Saudi Arabia,EMRO,915,817490,12,9365
10/16/2022,SA,Saudi Arabia,EMRO,1208,818698,15,9380
10/23/2022,SA,Saudi Arabia,EMRO,1458,820156,12,9392
10/30/2022,SA,Saudi Arabia,EMRO,1781,821937,13,9405
11/6/2022,SA,Saudi Arabia,EMRO,1557,823494,12,9417
11/13/2022,SA,Saudi Arabia,EMRO,944,824438,15,9432
11/20/2022,SA,Saudi Arabia,EMRO,591,825029,14,9446
11/27/2022,SA,Saudi Arabia,EMRO,373,825402,11,9457
12/4/2022,SA,Saudi Arabia,EMRO,316,825718,14,9471
12/11/2022,SA,Saudi Arabia,EMRO,435,826153,11,9482
12/18/2022,SA,Saudi Arabia,EMRO,325,826478,12,9494
12/25/2022,SA,Saudi Arabia,EMRO,288,826766,14,9508
1/1/2023,SA,Saudi Arabia,EMRO,238,827004,10,9518
1/8/2023,SA,Saudi Arabia,EMRO,186,827190,11,9529
1/15/2023,SA,Saudi Arabia,EMRO,182,827372,13,9542
1/22/2023,SA,Saudi Arabia,EMRO,206,827578,13,9555
1/29/2023,SA,Saudi Arabia,EMRO,250,827828,13,9568
2/5/2023,SA,Saudi Arabia,EMRO,303,828131,11,9579
2/12/2023,SA,Saudi Arabia,EMRO,355,828486,12,9591
2/19/2023,SA,Saudi Arabia,EMRO,388,828874,9,9600
2/26/2023,SA,Saudi Arabia,EMRO,354,829228,13,9613
3/5/2023,SA,Saudi Arabia,EMRO,502,829730,4,9617
3/12/2023,SA,Saudi Arabia,EMRO,563,830293,4,9621
3/19/2023,SA,Saudi Arabia,EMRO,1018,831311,3,9624
3/26/2023,SA,Saudi Arabia,EMRO,1118,832429,3,9627
4/2/2023,SA,Saudi Arabia,EMRO,1638,834067,4,9631
4/9/2023,SA,Saudi Arabia,EMRO,2375,836442,4,9635
4/16/2023,SA,Saudi Arabia,EMRO,1933,838375,3,9638
4/23/2023,SA,Saudi Arabia,EMRO,844,839219,3,9641
4/30/2023,SA,Saudi Arabia,EMRO,1306,840525,3,9644
5/7/2023,SA,Saudi Arabia,EMRO,944,841469,2,9646
5/14/2023,SA,Saudi Arabia,EMRO,0,841469,0,9646
5/21/2023,SA,Saudi Arabia,EMRO,0,841469,0,9646
5/28/2023,SA,Saudi Arabia,EMRO,0,841469,0,9646
6/4/2023,SA,Saudi Arabia,EMRO,0,841469,0,9646
6/11/2023,SA,Saudi Arabia,EMRO,0,841469,0,9646
6/18/2023,SA,Saudi Arabia,EMRO,0,841469,0,9646
6/25/2023,SA,Saudi Arabia,EMRO,0,841469,0,9646
7/2/2023,SA,Saudi Arabia,EMRO,0,841469,0,9646
7/9/2023,SA,Saudi Arabia,EMRO,0,841469,0,9646
7/16/2023,SA,Saudi Arabia,EMRO,0,841469,0,9646
7/23/2023,SA,Saudi Arabia,EMRO,0,841469,0,9646
7/30/2023,SA,Saudi Arabia,EMRO,0,841469,0,9646
8/6/2023,SA,Saudi Arabia,EMRO,0,841469,0,9646
8/13/2023,SA,Saudi Arabia,EMRO,0,841469,0,9646
8/20/2023,SA,Saudi Arabia,EMRO,0,841469,0,9646
8/27/2023,SA,Saudi Arabia,EMRO,0,841469,0,9646
9/3/2023,SA,Saudi Arabia,EMRO,0,841469,0,9646
9/10/2023,SA,Saudi Arabia,EMRO,0,841469,0,9646
9/17/2023,SA,Saudi Arabia,EMRO,0,841469,0,9646
9/24/2023,SA,Saudi Arabia,EMRO,0,841469,0,9646
10/1/2023,SA,Saudi Arabia,EMRO,0,841469,0,9646
10/8/2023,SA,Saudi Arabia,EMRO,0,841469,0,9646
10/15/2023,SA,Saudi Arabia,EMRO,0,841469,0,9646
10/22/2023,SA,Saudi Arabia,EMRO,0,841469,0,9646
10/29/2023,SA,Saudi Arabia,EMRO,0,841469,0,9646
11/5/2023,SA,Saudi Arabia,EMRO,0,841469,0,9646
11/12/2023,SA,Saudi Arabia,EMRO,0,841469,0,9646
11/19/2023,SA,Saudi Arabia,EMRO,0,841469,0,9646
11/26/2023,SA,Saudi Arabia,EMRO,0,841469,0,9646
12/3/2023,SA,Saudi Arabia,EMRO,0,841469,0,9646
12/10/2023,SA,Saudi Arabia,EMRO,0,841469,0,9646
12/17/2023,SA,Saudi Arabia,EMRO,0,841469,0,9646
12/24/2023,SA,Saudi Arabia,EMRO,0,841469,0,9646
1/5/2020,SN,Senegal,AFRO,0,0,0,0
1/12/2020,SN,Senegal,AFRO,0,0,0,0
1/19/2020,SN,Senegal,AFRO,0,0,0,0
1/26/2020,SN,Senegal,AFRO,0,0,0,0
2/2/2020,SN,Senegal,AFRO,0,0,0,0
2/9/2020,SN,Senegal,AFRO,0,0,0,0
2/16/2020,SN,Senegal,AFRO,0,0,0,0
2/23/2020,SN,Senegal,AFRO,0,0,0,0
3/1/2020,SN,Senegal,AFRO,0,0,0,0
3/8/2020,SN,Senegal,AFRO,4,4,0,0
3/15/2020,SN,Senegal,AFRO,23,27,0,0
3/22/2020,SN,Senegal,AFRO,43,70,0,0
3/29/2020,SN,Senegal,AFRO,74,144,0,0
4/5/2020,SN,Senegal,AFRO,80,224,0,0
4/12/2020,SN,Senegal,AFRO,66,290,0,0
4/19/2020,SN,Senegal,AFRO,49,339,0,0
4/26/2020,SN,Senegal,AFRO,181,520,0,0
5/3/2020,SN,Senegal,AFRO,595,1115,0,0
5/10/2020,SN,Senegal,AFRO,519,1634,0,0
5/17/2020,SN,Senegal,AFRO,795,2429,0,0
5/24/2020,SN,Senegal,AFRO,547,2976,0,0
5/31/2020,SN,Senegal,AFRO,559,3535,0,0
6/7/2020,SN,Senegal,AFRO,714,4249,0,0
6/14/2020,SN,Senegal,AFRO,747,4996,0,0
6/21/2020,SN,Senegal,AFRO,787,5783,0,0
6/28/2020,SN,Senegal,AFRO,676,6459,0,0
7/5/2020,SN,Senegal,AFRO,813,7272,0,0
7/12/2020,SN,Senegal,AFRO,742,8014,148,148
7/19/2020,SN,Senegal,AFRO,655,8669,19,167
7/26/2020,SN,Senegal,AFRO,883,9552,24,191
8/2/2020,SN,Senegal,AFRO,732,10284,18,209
8/9/2020,SN,Senegal,AFRO,719,11003,23,232
8/16/2020,SN,Senegal,AFRO,1029,12032,21,253
8/23/2020,SN,Senegal,AFRO,818,12850,16,269
8/30/2020,SN,Senegal,AFRO,606,13456,15,284
9/6/2020,SN,Senegal,AFRO,492,13948,6,290
9/13/2020,SN,Senegal,AFRO,289,14237,7,297
9/20/2020,SN,Senegal,AFRO,451,14688,5,302
9/27/2020,SN,Senegal,AFRO,181,14869,6,308
10/4/2020,SN,Senegal,AFRO,199,15068,4,312
10/11/2020,SN,Senegal,AFRO,176,15244,2,314
10/18/2020,SN,Senegal,AFRO,148,15392,3,317
10/25/2020,SN,Senegal,AFRO,151,15543,4,321
11/1/2020,SN,Senegal,AFRO,73,15616,4,325
11/8/2020,SN,Senegal,AFRO,77,15693,1,326
11/15/2020,SN,Senegal,AFRO,86,15779,1,327
11/22/2020,SN,Senegal,AFRO,86,15865,3,330
11/29/2020,SN,Senegal,AFRO,162,16027,3,333
12/6/2020,SN,Senegal,AFRO,370,16397,4,337
12/13/2020,SN,Senegal,AFRO,664,17061,12,349
12/20/2020,SN,Senegal,AFRO,609,17670,12,361
12/27/2020,SN,Senegal,AFRO,853,18523,26,387
1/3/2021,SN,Senegal,AFRO,988,19511,29,416
1/10/2021,SN,Senegal,AFRO,1489,21000,43,459
1/17/2021,SN,Senegal,AFRO,1738,22738,50,509
1/24/2021,SN,Senegal,AFRO,1722,24460,60,569
1/31/2021,SN,Senegal,AFRO,1753,26213,52,621
2/7/2021,SN,Senegal,AFRO,2276,28489,54,675
2/14/2021,SN,Senegal,AFRO,2152,30641,66,741
2/21/2021,SN,Senegal,AFRO,1989,32630,54,795
2/28/2021,SN,Senegal,AFRO,1625,34255,71,866
3/7/2021,SN,Senegal,AFRO,1377,35632,53,919
3/14/2021,SN,Senegal,AFRO,1094,36726,44,963
3/21/2021,SN,Senegal,AFRO,967,37693,50,1013
3/28/2021,SN,Senegal,AFRO,763,38456,21,1034
4/4/2021,SN,Senegal,AFRO,497,38953,29,1063
4/11/2021,SN,Senegal,AFRO,411,39364,14,1077
4/18/2021,SN,Senegal,AFRO,367,39731,13,1090
4/25/2021,SN,Senegal,AFRO,351,40082,9,1099
5/2/2021,SN,Senegal,AFRO,306,40388,10,1109
5/9/2021,SN,Senegal,AFRO,277,40665,8,1117
5/16/2021,SN,Senegal,AFRO,163,40828,7,1124
5/23/2021,SN,Senegal,AFRO,234,41062,6,1130
5/30/2021,SN,Senegal,AFRO,269,41331,8,1138
6/6/2021,SN,Senegal,AFRO,300,41631,7,1145
6/13/2021,SN,Senegal,AFRO,321,41952,6,1151
6/20/2021,SN,Senegal,AFRO,381,42333,7,1158
6/27/2021,SN,Senegal,AFRO,518,42851,5,1163
7/4/2021,SN,Senegal,AFRO,776,43627,8,1171
7/11/2021,SN,Senegal,AFRO,2019,45646,19,1190
7/18/2021,SN,Senegal,AFRO,4728,50374,24,1214
7/25/2021,SN,Senegal,AFRO,6199,56573,55,1269
8/1/2021,SN,Senegal,AFRO,5717,62290,84,1353
8/8/2021,SN,Senegal,AFRO,4608,66898,114,1467
8/15/2021,SN,Senegal,AFRO,3515,70413,120,1587
8/22/2021,SN,Senegal,AFRO,1359,71772,72,1659
8/29/2021,SN,Senegal,AFRO,846,72618,83,1742
9/5/2021,SN,Senegal,AFRO,486,73104,52,1794
9/12/2021,SN,Senegal,AFRO,336,73440,34,1828
9/19/2021,SN,Senegal,AFRO,182,73622,17,1845
9/26/2021,SN,Senegal,AFRO,106,73728,10,1855
10/3/2021,SN,Senegal,AFRO,65,73793,4,1859
10/10/2021,SN,Senegal,AFRO,42,73835,9,1868
10/17/2021,SN,Senegal,AFRO,30,73865,3,1871
10/24/2021,SN,Senegal,AFRO,26,73891,6,1877
10/31/2021,SN,Senegal,AFRO,26,73917,1,1878
11/7/2021,SN,Senegal,AFRO,18,73935,2,1880
11/14/2021,SN,Senegal,AFRO,16,73951,1,1881
11/21/2021,SN,Senegal,AFRO,14,73965,2,1883
11/28/2021,SN,Senegal,AFRO,16,73981,2,1885
12/5/2021,SN,Senegal,AFRO,32,74013,1,1886
12/12/2021,SN,Senegal,AFRO,63,74076,0,1886
12/19/2021,SN,Senegal,AFRO,65,74141,0,1886
12/26/2021,SN,Senegal,AFRO,212,74353,4,1890
1/2/2022,SN,Senegal,AFRO,984,75337,0,1890
1/9/2022,SN,Senegal,AFRO,3287,78624,6,1896
1/16/2022,SN,Senegal,AFRO,3647,82271,12,1908
1/23/2022,SN,Senegal,AFRO,1847,84118,15,1923
1/30/2022,SN,Senegal,AFRO,738,84856,18,1941
2/6/2022,SN,Senegal,AFRO,322,85178,14,1955
2/13/2022,SN,Senegal,AFRO,192,85370,1,1956
2/20/2022,SN,Senegal,AFRO,175,85545,2,1958
2/27/2022,SN,Senegal,AFRO,121,85666,2,1960
3/6/2022,SN,Senegal,AFRO,81,85747,1,1961
3/13/2022,SN,Senegal,AFRO,45,85792,3,1964
3/20/2022,SN,Senegal,AFRO,29,85821,0,1964
3/27/2022,SN,Senegal,AFRO,39,85860,0,1964
4/3/2022,SN,Senegal,AFRO,51,85911,1,1965
4/10/2022,SN,Senegal,AFRO,38,85949,0,1965
4/17/2022,SN,Senegal,AFRO,18,85967,0,1965
4/24/2022,SN,Senegal,AFRO,17,85984,1,1966
5/1/2022,SN,Senegal,AFRO,13,85997,0,1966
5/8/2022,SN,Senegal,AFRO,15,86012,0,1966
5/15/2022,SN,Senegal,AFRO,23,86035,0,1966
5/22/2022,SN,Senegal,AFRO,32,86067,0,1966
5/29/2022,SN,Senegal,AFRO,34,86101,0,1966
6/5/2022,SN,Senegal,AFRO,32,86133,0,1966
6/12/2022,SN,Senegal,AFRO,17,86150,1,1967
6/19/2022,SN,Senegal,AFRO,51,86201,1,1968
6/26/2022,SN,Senegal,AFRO,74,86275,0,1968
7/3/2022,SN,Senegal,AFRO,73,86348,0,1968
7/10/2022,SN,Senegal,AFRO,133,86481,0,1968
7/17/2022,SN,Senegal,AFRO,263,86744,0,1968
7/24/2022,SN,Senegal,AFRO,293,87037,0,1968
7/31/2022,SN,Senegal,AFRO,305,87342,0,1968
8/7/2022,SN,Senegal,AFRO,208,87550,0,1968
8/14/2022,SN,Senegal,AFRO,202,87752,0,1968
8/21/2022,SN,Senegal,AFRO,192,87944,0,1968
8/28/2022,SN,Senegal,AFRO,108,88052,0,1968
9/4/2022,SN,Senegal,AFRO,80,88132,0,1968
9/11/2022,SN,Senegal,AFRO,67,88199,0,1968
9/18/2022,SN,Senegal,AFRO,80,88279,0,1968
9/25/2022,SN,Senegal,AFRO,70,88349,0,1968
10/2/2022,SN,Senegal,AFRO,70,88419,0,1968
10/9/2022,SN,Senegal,AFRO,100,88519,0,1968
10/16/2022,SN,Senegal,AFRO,92,88611,0,1968
10/23/2022,SN,Senegal,AFRO,91,88702,0,1968
10/30/2022,SN,Senegal,AFRO,77,88779,0,1968
11/6/2022,SN,Senegal,AFRO,40,88819,0,1968
11/13/2022,SN,Senegal,AFRO,19,88838,0,1968
11/20/2022,SN,Senegal,AFRO,15,88853,0,1968
11/27/2022,SN,Senegal,AFRO,16,88869,0,1968
12/4/2022,SN,Senegal,AFRO,13,88882,0,1968
12/11/2022,SN,Senegal,AFRO,6,88888,0,1968
12/18/2022,SN,Senegal,AFRO,7,88895,0,1968
12/25/2022,SN,Senegal,AFRO,5,88900,0,1968
1/1/2023,SN,Senegal,AFRO,0,88900,0,1968
1/8/2023,SN,Senegal,AFRO,0,88900,3,1971
1/15/2023,SN,Senegal,AFRO,2,88902,0,1971
1/22/2023,SN,Senegal,AFRO,0,88902,0,1971
1/29/2023,SN,Senegal,AFRO,3,88905,0,1971
2/5/2023,SN,Senegal,AFRO,1,88906,0,1971
2/12/2023,SN,Senegal,AFRO,1,88907,0,1971
2/19/2023,SN,Senegal,AFRO,3,88910,0,1971
2/26/2023,SN,Senegal,AFRO,7,88917,0,1971
3/5/2023,SN,Senegal,AFRO,9,88926,0,1971
3/12/2023,SN,Senegal,AFRO,7,88933,0,1971
3/19/2023,SN,Senegal,AFRO,12,88945,0,1971
3/26/2023,SN,Senegal,AFRO,6,88951,0,1971
4/2/2023,SN,Senegal,AFRO,22,88973,0,1971
4/9/2023,SN,Senegal,AFRO,5,88978,0,1971
4/16/2023,SN,Senegal,AFRO,11,88989,0,1971
4/23/2023,SN,Senegal,AFRO,4,88993,0,1971
4/30/2023,SN,Senegal,AFRO,4,88997,0,1971
5/7/2023,SN,Senegal,AFRO,0,88997,0,1971
5/14/2023,SN,Senegal,AFRO,1,88998,0,1971
5/21/2023,SN,Senegal,AFRO,1,88999,0,1971
5/28/2023,SN,Senegal,AFRO,0,88999,0,1971
6/4/2023,SN,Senegal,AFRO,0,88999,0,1971
6/11/2023,SN,Senegal,AFRO,0,88999,0,1971
6/18/2023,SN,Senegal,AFRO,0,88999,0,1971
6/25/2023,SN,Senegal,AFRO,4,89003,0,1971
7/2/2023,SN,Senegal,AFRO,2,89005,0,1971
7/9/2023,SN,Senegal,AFRO,2,89007,0,1971
7/16/2023,SN,Senegal,AFRO,0,89007,0,1971
7/23/2023,SN,Senegal,AFRO,1,89008,0,1971
7/30/2023,SN,Senegal,AFRO,3,89011,0,1971
8/6/2023,SN,Senegal,AFRO,3,89014,0,1971
8/13/2023,SN,Senegal,AFRO,0,89014,0,1971
8/20/2023,SN,Senegal,AFRO,6,89020,0,1971
8/27/2023,SN,Senegal,AFRO,0,89020,0,1971
9/3/2023,SN,Senegal,AFRO,1,89021,0,1971
9/10/2023,SN,Senegal,AFRO,1,89022,0,1971
9/17/2023,SN,Senegal,AFRO,0,89022,0,1971
9/24/2023,SN,Senegal,AFRO,0,89022,0,1971
10/1/2023,SN,Senegal,AFRO,0,89022,0,1971
10/8/2023,SN,Senegal,AFRO,2,89024,0,1971
10/15/2023,SN,Senegal,AFRO,2,89026,0,1971
10/22/2023,SN,Senegal,AFRO,1,89027,0,1971
10/29/2023,SN,Senegal,AFRO,0,89027,0,1971
11/5/2023,SN,Senegal,AFRO,0,89027,0,1971
11/12/2023,SN,Senegal,AFRO,0,89027,0,1971
11/19/2023,SN,Senegal,AFRO,2,89029,0,1971
11/26/2023,SN,Senegal,AFRO,1,89030,0,1971
12/3/2023,SN,Senegal,AFRO,3,89033,0,1971
12/10/2023,SN,Senegal,AFRO,0,89033,0,1971
12/17/2023,SN,Senegal,AFRO,0,89033,0,1971
12/24/2023,SN,Senegal,AFRO,0,89033,0,1971
1/5/2020,RS,Serbia,EURO,0,0,0,0
1/12/2020,RS,Serbia,EURO,0,0,0,0
1/19/2020,RS,Serbia,EURO,0,0,0,0
1/26/2020,RS,Serbia,EURO,0,0,0,0
2/2/2020,RS,Serbia,EURO,0,0,0,0
2/9/2020,RS,Serbia,EURO,0,0,0,0
2/16/2020,RS,Serbia,EURO,0,0,0,0
2/23/2020,RS,Serbia,EURO,0,0,0,0
3/1/2020,RS,Serbia,EURO,0,0,0,0
3/8/2020,RS,Serbia,EURO,1,1,0,0
3/15/2020,RS,Serbia,EURO,45,46,0,0
3/22/2020,RS,Serbia,EURO,125,171,1,1
3/29/2020,RS,Serbia,EURO,488,659,9,10
4/5/2020,RS,Serbia,EURO,965,1624,34,44
4/12/2020,RS,Serbia,EURO,1756,3380,30,74
4/19/2020,RS,Serbia,EURO,2614,5994,43,117
4/26/2020,RS,Serbia,EURO,1785,7779,34,151
5/3/2020,RS,Serbia,EURO,1583,9362,38,189
5/10/2020,RS,Serbia,EURO,670,10032,24,213
5/17/2020,RS,Serbia,EURO,464,10496,15,228
5/24/2020,RS,Serbia,EURO,596,11092,10,238
5/31/2020,RS,Serbia,EURO,289,11381,4,242
6/7/2020,RS,Serbia,EURO,360,11741,6,248
6/14/2020,RS,Serbia,EURO,510,12251,5,253
6/21/2020,RS,Serbia,EURO,552,12803,7,260
6/28/2020,RS,Serbia,EURO,989,13792,7,267
7/5/2020,RS,Serbia,EURO,2037,15829,39,306
7/12/2020,RS,Serbia,EURO,2244,18073,76,382
7/19/2020,RS,Serbia,EURO,2425,20498,79,461
7/26/2020,RS,Serbia,EURO,2765,23263,65,526
8/2/2020,RS,Serbia,EURO,2619,25882,56,582
8/9/2020,RS,Serbia,EURO,1981,27863,50,632
8/16/2020,RS,Serbia,EURO,1608,29471,38,670
8/23/2020,RS,Serbia,EURO,1077,30548,25,695
8/30/2020,RS,Serbia,EURO,734,31282,15,710
9/6/2020,RS,Serbia,EURO,567,31849,13,723
9/13/2020,RS,Serbia,EURO,451,32300,8,731
9/20/2020,RS,Serbia,EURO,540,32840,9,740
9/27/2020,RS,Serbia,EURO,472,33312,6,746
10/4/2020,RS,Serbia,EURO,530,33842,7,753
10/11/2020,RS,Serbia,EURO,843,34685,9,762
10/18/2020,RS,Serbia,EURO,1261,35946,12,774
10/25/2020,RS,Serbia,EURO,2926,38872,15,789
11/1/2020,RS,Serbia,EURO,8082,46954,31,820
11/8/2020,RS,Serbia,EURO,13681,60635,60,880
11/15/2020,RS,Serbia,EURO,20451,81086,109,989
11/22/2020,RS,Serbia,EURO,35039,116125,179,1168
11/29/2020,RS,Serbia,EURO,46910,163035,316,1484
12/6/2020,RS,Serbia,EURO,50808,213843,407,1891
12/13/2020,RS,Serbia,EURO,47594,261437,384,2275
12/20/2020,RS,Serbia,EURO,35091,296528,357,2632
12/27/2020,RS,Serbia,EURO,26839,323367,351,2983
1/3/2021,RS,Serbia,EURO,18537,341904,305,3288
1/10/2021,RS,Serbia,EURO,15990,357894,260,3548
1/17/2021,RS,Serbia,EURO,13322,371216,182,3730
1/24/2021,RS,Serbia,EURO,11069,382285,138,3868
1/31/2021,RS,Serbia,EURO,11612,393897,132,4000
2/7/2021,RS,Serbia,EURO,12455,406352,112,4112
2/14/2021,RS,Serbia,EURO,13141,419493,102,4214
2/21/2021,RS,Serbia,EURO,14629,434122,107,4321
2/28/2021,RS,Serbia,EURO,22328,456450,108,4429
3/7/2021,RS,Serbia,EURO,25947,482397,113,4542
3/14/2021,RS,Serbia,EURO,29654,512051,152,4694
3/21/2021,RS,Serbia,EURO,34845,546896,206,4900
3/28/2021,RS,Serbia,EURO,34721,581617,251,5151
4/4/2021,RS,Serbia,EURO,32748,614365,271,5422
4/11/2021,RS,Serbia,EURO,25111,639476,278,5700
4/18/2021,RS,Serbia,EURO,20823,660299,254,5954
4/25/2021,RS,Serbia,EURO,17673,677972,242,6196
5/2/2021,RS,Serbia,EURO,12959,690931,190,6386
5/9/2021,RS,Serbia,EURO,8643,699574,153,6539
5/16/2021,RS,Serbia,EURO,6316,705890,125,6664
5/23/2021,RS,Serbia,EURO,3783,709673,102,6766
5/30/2021,RS,Serbia,EURO,2373,712046,78,6844
6/6/2021,RS,Serbia,EURO,1516,713562,65,6909
6/13/2021,RS,Serbia,EURO,1191,714753,49,6958
6/20/2021,RS,Serbia,EURO,940,715693,39,6997
6/27/2021,RS,Serbia,EURO,545,716238,32,7029
7/4/2021,RS,Serbia,EURO,558,716796,26,7055
7/11/2021,RS,Serbia,EURO,684,717480,15,7070
7/18/2021,RS,Serbia,EURO,985,718465,10,7080
7/25/2021,RS,Serbia,EURO,1448,719913,23,7103
8/1/2021,RS,Serbia,EURO,2005,721918,11,7114
8/8/2021,RS,Serbia,EURO,3327,725245,21,7135
8/15/2021,RS,Serbia,EURO,5982,731227,28,7163
8/22/2021,RS,Serbia,EURO,9844,741071,43,7206
8/29/2021,RS,Serbia,EURO,14824,755895,51,7257
9/5/2021,RS,Serbia,EURO,21028,776923,101,7358
9/12/2021,RS,Serbia,EURO,34986,811909,162,7520
9/19/2021,RS,Serbia,EURO,48522,860431,213,7733
9/26/2021,RS,Serbia,EURO,45246,905677,275,8008
10/3/2021,RS,Serbia,EURO,49995,955672,323,8331
10/10/2021,RS,Serbia,EURO,44693,1000365,352,8683
10/17/2021,RS,Serbia,EURO,43393,1043758,369,9052
10/24/2021,RS,Serbia,EURO,48718,1092476,396,9448
10/31/2021,RS,Serbia,EURO,45344,1137820,442,9890
11/7/2021,RS,Serbia,EURO,41317,1179137,446,10336
11/14/2021,RS,Serbia,EURO,29249,1208386,445,10781
11/21/2021,RS,Serbia,EURO,22590,1230976,385,11166
11/28/2021,RS,Serbia,EURO,17743,1248719,371,11537
12/5/2021,RS,Serbia,EURO,13700,1262419,339,11876
12/12/2021,RS,Serbia,EURO,10684,1273103,272,12148
12/19/2021,RS,Serbia,EURO,8556,1281659,216,12364
12/26/2021,RS,Serbia,EURO,7834,1289493,204,12568
1/2/2022,RS,Serbia,EURO,11456,1300949,171,12739
1/9/2022,RS,Serbia,EURO,41697,1342646,151,12890
1/16/2022,RS,Serbia,EURO,82501,1425147,155,13045
1/23/2022,RS,Serbia,EURO,107594,1532741,194,13239
1/30/2022,RS,Serbia,EURO,116552,1649293,274,13513
2/6/2022,RS,Serbia,EURO,108448,1757741,415,13928
2/13/2022,RS,Serbia,EURO,77233,1834974,438,14366
2/20/2022,RS,Serbia,EURO,44263,1879237,421,14787
2/27/2022,RS,Serbia,EURO,26905,1906142,368,15155
3/6/2022,RS,Serbia,EURO,17835,1923977,250,15405
3/13/2022,RS,Serbia,EURO,15173,1939150,165,15570
3/20/2022,RS,Serbia,EURO,14747,1953897,106,15676
3/27/2022,RS,Serbia,EURO,13874,1967771,70,15746
4/3/2022,RS,Serbia,EURO,11958,1979729,72,15818
4/10/2022,RS,Serbia,EURO,8987,1988716,59,15877
4/17/2022,RS,Serbia,EURO,6635,1995351,46,15923
4/24/2022,RS,Serbia,EURO,5793,2001144,30,15953
5/1/2022,RS,Serbia,EURO,5209,2006353,38,15991
5/8/2022,RS,Serbia,EURO,3324,2009677,33,16024
5/15/2022,RS,Serbia,EURO,2920,2012597,22,16046
5/22/2022,RS,Serbia,EURO,2303,2014900,17,16063
5/29/2022,RS,Serbia,EURO,1893,2016793,15,16078
6/5/2022,RS,Serbia,EURO,1644,2018437,9,16087
6/12/2022,RS,Serbia,EURO,1736,2020173,12,16099
6/19/2022,RS,Serbia,EURO,2079,2022252,9,16108
6/26/2022,RS,Serbia,EURO,3325,2025577,12,16120
7/3/2022,RS,Serbia,EURO,5594,2031171,9,16129
7/10/2022,RS,Serbia,EURO,9056,2040227,18,16147
7/17/2022,RS,Serbia,EURO,14409,2054636,21,16168
7/24/2022,RS,Serbia,EURO,25753,2080389,38,16206
7/31/2022,RS,Serbia,EURO,38284,2118673,65,16271
8/7/2022,RS,Serbia,EURO,41580,2160253,76,16347
8/14/2022,RS,Serbia,EURO,42786,2203039,91,16438
8/21/2022,RS,Serbia,EURO,37513,2240552,87,16525
8/28/2022,RS,Serbia,EURO,28869,2269421,106,16631
9/4/2022,RS,Serbia,EURO,22749,2292170,87,16718
9/11/2022,RS,Serbia,EURO,21176,2313346,91,16809
9/18/2022,RS,Serbia,EURO,19163,2332509,65,16874
9/25/2022,RS,Serbia,EURO,14997,2347506,66,16940
10/2/2022,RS,Serbia,EURO,15882,2363388,72,17012
10/9/2022,RS,Serbia,EURO,13311,2376699,65,17077
10/16/2022,RS,Serbia,EURO,10983,2387682,51,17128
10/23/2022,RS,Serbia,EURO,8205,2395887,48,17176
10/30/2022,RS,Serbia,EURO,6867,2402754,52,17228
11/6/2022,RS,Serbia,EURO,5376,2408130,47,17275
11/13/2022,RS,Serbia,EURO,4620,2412750,33,17308
11/20/2022,RS,Serbia,EURO,4520,2417270,35,17343
11/27/2022,RS,Serbia,EURO,4004,2421274,22,17365
12/4/2022,RS,Serbia,EURO,3803,2425077,34,17399
12/11/2022,RS,Serbia,EURO,4443,2429520,34,17433
12/18/2022,RS,Serbia,EURO,4757,2434277,32,17465
12/25/2022,RS,Serbia,EURO,5453,2439730,30,17495
1/1/2023,RS,Serbia,EURO,6523,2446253,26,17521
1/8/2023,RS,Serbia,EURO,6240,2452493,39,17560
1/15/2023,RS,Serbia,EURO,6492,2458985,40,17600
1/22/2023,RS,Serbia,EURO,5524,2464509,49,17649
1/29/2023,RS,Serbia,EURO,4563,2469072,39,17688
2/5/2023,RS,Serbia,EURO,5123,2474195,30,17718
2/12/2023,RS,Serbia,EURO,5108,2479303,20,17738
2/19/2023,RS,Serbia,EURO,4966,2484269,28,17766
2/26/2023,RS,Serbia,EURO,6062,2490331,41,17807
3/5/2023,RS,Serbia,EURO,5477,2495808,40,17847
3/12/2023,RS,Serbia,EURO,5846,2501654,41,17888
3/19/2023,RS,Serbia,EURO,5909,2507563,37,17925
3/26/2023,RS,Serbia,EURO,6124,2513687,31,17956
4/2/2023,RS,Serbia,EURO,5265,2518952,14,17970
4/9/2023,RS,Serbia,EURO,4608,2523560,23,17993
4/16/2023,RS,Serbia,EURO,4080,2527640,9,18002
4/23/2023,RS,Serbia,EURO,3818,2531458,10,18012
4/30/2023,RS,Serbia,EURO,2892,2534350,6,18018
5/7/2023,RS,Serbia,EURO,2442,2536792,8,18026
5/14/2023,RS,Serbia,EURO,1752,2538544,10,18036
5/21/2023,RS,Serbia,EURO,1443,2539987,11,18047
5/28/2023,RS,Serbia,EURO,1261,2541248,4,18051
6/4/2023,RS,Serbia,EURO,966,2542214,2,18053
6/11/2023,RS,Serbia,EURO,617,2542831,4,18057
6/18/2023,RS,Serbia,EURO,354,2543185,0,18057
6/25/2023,RS,Serbia,EURO,535,2543720,0,18057
7/2/2023,RS,Serbia,EURO,281,2544001,0,18057
7/9/2023,RS,Serbia,EURO,227,2544228,0,18057
7/16/2023,RS,Serbia,EURO,163,2544391,0,18057
7/23/2023,RS,Serbia,EURO,147,2544538,0,18057
7/30/2023,RS,Serbia,EURO,203,2544741,0,18057
8/6/2023,RS,Serbia,EURO,211,2544952,0,18057
8/13/2023,RS,Serbia,EURO,0,2544952,0,18057
8/20/2023,RS,Serbia,EURO,234,2545186,0,18057
8/27/2023,RS,Serbia,EURO,420,2545606,0,18057
9/3/2023,RS,Serbia,EURO,590,2546196,0,18057
9/10/2023,RS,Serbia,EURO,686,2546882,0,18057
9/17/2023,RS,Serbia,EURO,964,2547846,0,18057
9/24/2023,RS,Serbia,EURO,1529,2549375,0,18057
10/1/2023,RS,Serbia,EURO,2803,2552178,0,18057
10/8/2023,RS,Serbia,EURO,3848,2556026,0,18057
10/15/2023,RS,Serbia,EURO,3998,2560024,0,18057
10/22/2023,RS,Serbia,EURO,3970,2563994,0,18057
10/29/2023,RS,Serbia,EURO,3968,2567962,0,18057
11/5/2023,RS,Serbia,EURO,4378,2572340,0,18057
11/12/2023,RS,Serbia,EURO,3862,2576202,0,18057
11/19/2023,RS,Serbia,EURO,3684,2579886,0,18057
11/26/2023,RS,Serbia,EURO,3584,2583470,0,18057
12/3/2023,RS,Serbia,EURO,0,2583470,0,18057
12/10/2023,RS,Serbia,EURO,0,2583470,0,18057
12/17/2023,RS,Serbia,EURO,0,2583470,0,18057
12/24/2023,RS,Serbia,EURO,0,2583470,0,18057
1/5/2020,SC,Seychelles,AFRO,0,0,0,0
1/12/2020,SC,Seychelles,AFRO,0,0,0,0
1/19/2020,SC,Seychelles,AFRO,0,0,0,0
1/26/2020,SC,Seychelles,AFRO,0,0,0,0
2/2/2020,SC,Seychelles,AFRO,0,0,0,0
2/9/2020,SC,Seychelles,AFRO,0,0,0,0
2/16/2020,SC,Seychelles,AFRO,0,0,0,0
2/23/2020,SC,Seychelles,AFRO,0,0,0,0
3/1/2020,SC,Seychelles,AFRO,0,0,0,0
3/8/2020,SC,Seychelles,AFRO,0,0,0,0
3/15/2020,SC,Seychelles,AFRO,2,2,0,0
3/22/2020,SC,Seychelles,AFRO,5,7,0,0
3/29/2020,SC,Seychelles,AFRO,1,8,0,0
4/5/2020,SC,Seychelles,AFRO,2,10,0,0
4/12/2020,SC,Seychelles,AFRO,1,11,0,0
4/19/2020,SC,Seychelles,AFRO,0,11,0,0
4/26/2020,SC,Seychelles,AFRO,0,11,0,0
5/3/2020,SC,Seychelles,AFRO,0,11,0,0
5/10/2020,SC,Seychelles,AFRO,0,11,0,0
5/17/2020,SC,Seychelles,AFRO,0,11,0,0
5/24/2020,SC,Seychelles,AFRO,0,11,0,0
5/31/2020,SC,Seychelles,AFRO,0,11,0,0
6/7/2020,SC,Seychelles,AFRO,0,11,0,0
6/14/2020,SC,Seychelles,AFRO,0,11,0,0
6/21/2020,SC,Seychelles,AFRO,0,11,0,0
6/28/2020,SC,Seychelles,AFRO,70,81,0,0
7/5/2020,SC,Seychelles,AFRO,0,81,0,0
7/12/2020,SC,Seychelles,AFRO,25,106,0,0
7/19/2020,SC,Seychelles,AFRO,8,114,0,0
7/26/2020,SC,Seychelles,AFRO,1,115,0,0
8/2/2020,SC,Seychelles,AFRO,11,126,0,0
8/9/2020,SC,Seychelles,AFRO,0,126,0,0
8/16/2020,SC,Seychelles,AFRO,9,135,0,0
8/23/2020,SC,Seychelles,AFRO,0,135,0,0
8/30/2020,SC,Seychelles,AFRO,0,135,0,0
9/6/2020,SC,Seychelles,AFRO,1,136,0,0
9/13/2020,SC,Seychelles,AFRO,3,139,0,0
9/20/2020,SC,Seychelles,AFRO,0,139,0,0
9/27/2020,SC,Seychelles,AFRO,2,141,0,0
10/4/2020,SC,Seychelles,AFRO,6,147,0,0
10/11/2020,SC,Seychelles,AFRO,1,148,0,0
10/18/2020,SC,Seychelles,AFRO,1,149,0,0
10/25/2020,SC,Seychelles,AFRO,5,154,0,0
11/1/2020,SC,Seychelles,AFRO,0,154,0,0
11/8/2020,SC,Seychelles,AFRO,4,158,0,0
11/15/2020,SC,Seychelles,AFRO,3,161,0,0
11/22/2020,SC,Seychelles,AFRO,4,165,0,0
11/29/2020,SC,Seychelles,AFRO,7,172,0,0
12/6/2020,SC,Seychelles,AFRO,10,182,0,0
12/13/2020,SC,Seychelles,AFRO,3,185,0,0
12/20/2020,SC,Seychelles,AFRO,17,202,0,0
12/27/2020,SC,Seychelles,AFRO,9,211,0,0
1/3/2021,SC,Seychelles,AFRO,73,284,0,0
1/10/2021,SC,Seychelles,AFRO,218,502,1,1
1/17/2021,SC,Seychelles,AFRO,186,688,0,1
1/24/2021,SC,Seychelles,AFRO,345,1033,2,3
1/31/2021,SC,Seychelles,AFRO,191,1224,0,3
2/7/2021,SC,Seychelles,AFRO,280,1504,3,6
2/14/2021,SC,Seychelles,AFRO,388,1892,2,8
2/21/2021,SC,Seychelles,AFRO,436,2328,2,10
2/28/2021,SC,Seychelles,AFRO,290,2618,1,11
3/7/2021,SC,Seychelles,AFRO,332,2950,4,15
3/14/2021,SC,Seychelles,AFRO,223,3173,1,16
3/21/2021,SC,Seychelles,AFRO,443,3616,2,18
3/28/2021,SC,Seychelles,AFRO,438,4054,0,18
4/4/2021,SC,Seychelles,AFRO,240,4294,4,22
4/11/2021,SC,Seychelles,AFRO,196,4490,2,24
4/18/2021,SC,Seychelles,AFRO,344,4834,1,25
4/25/2021,SC,Seychelles,AFRO,182,5016,0,25
5/2/2021,SC,Seychelles,AFRO,1053,6069,3,28
5/9/2021,SC,Seychelles,AFRO,2103,8172,0,28
5/16/2021,SC,Seychelles,AFRO,1371,9543,7,35
5/23/2021,SC,Seychelles,AFRO,1126,10669,3,38
5/30/2021,SC,Seychelles,AFRO,746,11415,2,40
6/6/2021,SC,Seychelles,AFRO,823,12238,2,42
6/13/2021,SC,Seychelles,AFRO,1176,13414,1,43
6/20/2021,SC,Seychelles,AFRO,1000,14414,9,52
6/27/2021,SC,Seychelles,AFRO,1013,15427,3,55
7/4/2021,SC,Seychelles,AFRO,722,16149,2,57
7/11/2021,SC,Seychelles,AFRO,750,16899,11,68
7/18/2021,SC,Seychelles,AFRO,536,17435,7,75
7/25/2021,SC,Seychelles,AFRO,621,18056,11,86
8/1/2021,SC,Seychelles,AFRO,306,18362,5,91
8/8/2021,SC,Seychelles,AFRO,383,18745,0,91
8/15/2021,SC,Seychelles,AFRO,404,19149,7,98
8/22/2021,SC,Seychelles,AFRO,437,19586,0,98
8/29/2021,SC,Seychelles,AFRO,406,19992,4,102
9/5/2021,SC,Seychelles,AFRO,348,20340,1,103
9/12/2021,SC,Seychelles,AFRO,425,20765,3,106
9/19/2021,SC,Seychelles,AFRO,370,21135,4,110
9/26/2021,SC,Seychelles,AFRO,269,21404,0,110
10/3/2021,SC,Seychelles,AFRO,172,21576,2,112
10/10/2021,SC,Seychelles,AFRO,221,21797,0,112
10/17/2021,SC,Seychelles,AFRO,163,21960,2,114
10/24/2021,SC,Seychelles,AFRO,188,22148,0,114
10/31/2021,SC,Seychelles,AFRO,130,22278,0,114
11/7/2021,SC,Seychelles,AFRO,161,22439,0,114
11/14/2021,SC,Seychelles,AFRO,234,22673,0,114
11/21/2021,SC,Seychelles,AFRO,301,22974,8,122
11/28/2021,SC,Seychelles,AFRO,375,23349,0,122
12/5/2021,SC,Seychelles,AFRO,302,23651,0,122
12/12/2021,SC,Seychelles,AFRO,217,23868,4,126
12/19/2021,SC,Seychelles,AFRO,231,24099,0,126
12/26/2021,SC,Seychelles,AFRO,282,24381,0,126
1/2/2022,SC,Seychelles,AFRO,782,25163,0,126
1/9/2022,SC,Seychelles,AFRO,3095,28258,0,126
1/16/2022,SC,Seychelles,AFRO,3936,32194,0,126
1/23/2022,SC,Seychelles,AFRO,2984,35178,10,136
1/30/2022,SC,Seychelles,AFRO,1845,37023,6,142
2/6/2022,SC,Seychelles,AFRO,1003,38026,5,147
2/13/2022,SC,Seychelles,AFRO,633,38659,3,150
2/20/2022,SC,Seychelles,AFRO,431,39090,1,151
2/27/2022,SC,Seychelles,AFRO,252,39342,12,163
3/6/2022,SC,Seychelles,AFRO,174,39516,0,163
3/13/2022,SC,Seychelles,AFRO,151,39667,0,163
3/20/2022,SC,Seychelles,AFRO,216,39883,0,163
3/27/2022,SC,Seychelles,AFRO,240,40123,0,163
4/3/2022,SC,Seychelles,AFRO,514,40637,0,163
4/10/2022,SC,Seychelles,AFRO,694,41331,0,163
4/17/2022,SC,Seychelles,AFRO,520,41851,0,163
4/24/2022,SC,Seychelles,AFRO,425,42276,0,163
5/1/2022,SC,Seychelles,AFRO,357,42633,3,166
5/8/2022,SC,Seychelles,AFRO,447,43080,0,166
5/15/2022,SC,Seychelles,AFRO,393,43473,1,167
5/22/2022,SC,Seychelles,AFRO,324,43797,0,167
5/29/2022,SC,Seychelles,AFRO,208,44005,0,167
6/5/2022,SC,Seychelles,AFRO,187,44192,0,167
6/12/2022,SC,Seychelles,AFRO,205,44397,0,167
6/19/2022,SC,Seychelles,AFRO,88,44485,0,167
6/26/2022,SC,Seychelles,AFRO,184,44669,0,167
7/3/2022,SC,Seychelles,AFRO,249,44918,0,167
7/10/2022,SC,Seychelles,AFRO,171,45089,0,167
7/17/2022,SC,Seychelles,AFRO,173,45262,1,168
7/24/2022,SC,Seychelles,AFRO,7,45269,0,168
7/31/2022,SC,Seychelles,AFRO,160,45429,0,168
8/7/2022,SC,Seychelles,AFRO,111,45540,0,168
8/14/2022,SC,Seychelles,AFRO,152,45692,0,168
8/21/2022,SC,Seychelles,AFRO,160,45852,0,168
8/28/2022,SC,Seychelles,AFRO,0,45852,0,168
9/4/2022,SC,Seychelles,AFRO,229,46081,1,169
9/11/2022,SC,Seychelles,AFRO,94,46175,0,169
9/18/2022,SC,Seychelles,AFRO,183,46358,0,169
9/25/2022,SC,Seychelles,AFRO,0,46358,0,169
10/2/2022,SC,Seychelles,AFRO,783,47141,0,169
10/9/2022,SC,Seychelles,AFRO,0,47141,0,169
10/16/2022,SC,Seychelles,AFRO,1042,48183,1,170
10/23/2022,SC,Seychelles,AFRO,852,49035,1,171
10/30/2022,SC,Seychelles,AFRO,345,49380,0,171
11/6/2022,SC,Seychelles,AFRO,266,49646,0,171
11/13/2022,SC,Seychelles,AFRO,216,49862,0,171
11/20/2022,SC,Seychelles,AFRO,206,50068,0,171
11/27/2022,SC,Seychelles,AFRO,0,50068,0,171
12/4/2022,SC,Seychelles,AFRO,287,50355,1,172
12/11/2022,SC,Seychelles,AFRO,0,50355,0,172
12/18/2022,SC,Seychelles,AFRO,0,50355,0,172
12/25/2022,SC,Seychelles,AFRO,0,50355,0,172
1/1/2023,SC,Seychelles,AFRO,310,50665,0,172
1/8/2023,SC,Seychelles,AFRO,0,50665,0,172
1/15/2023,SC,Seychelles,AFRO,0,50665,0,172
1/22/2023,SC,Seychelles,AFRO,0,50665,0,172
1/29/2023,SC,Seychelles,AFRO,0,50665,0,172
2/5/2023,SC,Seychelles,AFRO,0,50665,0,172
2/12/2023,SC,Seychelles,AFRO,0,50665,0,172
2/19/2023,SC,Seychelles,AFRO,0,50665,0,172
2/26/2023,SC,Seychelles,AFRO,0,50665,0,172
3/5/2023,SC,Seychelles,AFRO,272,50937,0,172
3/12/2023,SC,Seychelles,AFRO,0,50937,0,172
3/19/2023,SC,Seychelles,AFRO,0,50937,0,172
3/26/2023,SC,Seychelles,AFRO,0,50937,0,172
4/2/2023,SC,Seychelles,AFRO,0,50937,0,172
4/9/2023,SC,Seychelles,AFRO,0,50937,0,172
4/16/2023,SC,Seychelles,AFRO,0,50937,0,172
4/23/2023,SC,Seychelles,AFRO,0,50937,0,172
4/30/2023,SC,Seychelles,AFRO,0,50937,0,172
5/7/2023,SC,Seychelles,AFRO,0,50937,0,172
5/14/2023,SC,Seychelles,AFRO,0,50937,0,172
5/21/2023,SC,Seychelles,AFRO,0,50937,0,172
5/28/2023,SC,Seychelles,AFRO,0,50937,0,172
6/4/2023,SC,Seychelles,AFRO,0,50937,0,172
6/11/2023,SC,Seychelles,AFRO,0,50937,0,172
6/18/2023,SC,Seychelles,AFRO,0,50937,0,172
6/25/2023,SC,Seychelles,AFRO,0,50937,0,172
7/2/2023,SC,Seychelles,AFRO,0,50937,0,172
7/9/2023,SC,Seychelles,AFRO,0,50937,0,172
7/16/2023,SC,Seychelles,AFRO,0,50937,0,172
7/23/2023,SC,Seychelles,AFRO,0,50937,0,172
7/30/2023,SC,Seychelles,AFRO,0,50937,0,172
8/6/2023,SC,Seychelles,AFRO,0,50937,0,172
8/13/2023,SC,Seychelles,AFRO,0,50937,0,172
8/20/2023,SC,Seychelles,AFRO,0,50937,0,172
8/27/2023,SC,Seychelles,AFRO,0,50937,0,172
9/3/2023,SC,Seychelles,AFRO,0,50937,0,172
9/10/2023,SC,Seychelles,AFRO,0,50937,0,172
9/17/2023,SC,Seychelles,AFRO,0,50937,0,172
9/24/2023,SC,Seychelles,AFRO,0,50937,0,172
10/1/2023,SC,Seychelles,AFRO,0,50937,0,172
10/8/2023,SC,Seychelles,AFRO,17,50954,0,172
10/15/2023,SC,Seychelles,AFRO,11,50965,0,172
10/22/2023,SC,Seychelles,AFRO,0,50965,0,172
10/29/2023,SC,Seychelles,AFRO,12,50977,0,172
11/5/2023,SC,Seychelles,AFRO,24,51001,0,172
11/12/2023,SC,Seychelles,AFRO,44,51045,0,172
11/19/2023,SC,Seychelles,AFRO,41,51086,0,172
11/26/2023,SC,Seychelles,AFRO,53,51139,0,172
12/3/2023,SC,Seychelles,AFRO,81,51220,0,172
12/10/2023,SC,Seychelles,AFRO,0,51220,0,172
12/17/2023,SC,Seychelles,AFRO,0,51220,0,172
12/24/2023,SC,Seychelles,AFRO,0,51220,0,172
1/5/2020,SL,Sierra Leone,AFRO,0,0,0,0
1/12/2020,SL,Sierra Leone,AFRO,0,0,0,0
1/19/2020,SL,Sierra Leone,AFRO,0,0,0,0
1/26/2020,SL,Sierra Leone,AFRO,0,0,0,0
2/2/2020,SL,Sierra Leone,AFRO,0,0,0,0
2/9/2020,SL,Sierra Leone,AFRO,0,0,0,0
2/16/2020,SL,Sierra Leone,AFRO,0,0,0,0
2/23/2020,SL,Sierra Leone,AFRO,0,0,0,0
3/1/2020,SL,Sierra Leone,AFRO,0,0,0,0
3/8/2020,SL,Sierra Leone,AFRO,0,0,0,0
3/15/2020,SL,Sierra Leone,AFRO,0,0,0,0
3/22/2020,SL,Sierra Leone,AFRO,0,0,0,0
3/29/2020,SL,Sierra Leone,AFRO,0,0,0,0
4/5/2020,SL,Sierra Leone,AFRO,4,4,0,0
4/12/2020,SL,Sierra Leone,AFRO,6,10,0,0
4/19/2020,SL,Sierra Leone,AFRO,20,30,0,0
4/26/2020,SL,Sierra Leone,AFRO,56,86,4,4
5/3/2020,SL,Sierra Leone,AFRO,69,155,5,9
5/10/2020,SL,Sierra Leone,AFRO,136,291,10,19
5/17/2020,SL,Sierra Leone,AFRO,171,462,11,30
5/24/2020,SL,Sierra Leone,AFRO,159,621,10,40
5/31/2020,SL,Sierra Leone,AFRO,231,852,7,47
6/7/2020,SL,Sierra Leone,AFRO,94,946,2,49
6/14/2020,SL,Sierra Leone,AFRO,186,1132,3,52
6/21/2020,SL,Sierra Leone,AFRO,177,1309,2,54
6/28/2020,SL,Sierra Leone,AFRO,101,1410,6,60
7/5/2020,SL,Sierra Leone,AFRO,123,1533,3,63
7/12/2020,SL,Sierra Leone,AFRO,85,1618,1,64
7/19/2020,SL,Sierra Leone,AFRO,83,1701,1,65
7/26/2020,SL,Sierra Leone,AFRO,67,1768,0,65
8/2/2020,SL,Sierra Leone,AFRO,67,1835,3,68
8/9/2020,SL,Sierra Leone,AFRO,60,1895,1,69
8/16/2020,SL,Sierra Leone,AFRO,59,1954,1,70
8/23/2020,SL,Sierra Leone,AFRO,26,1980,0,70
8/30/2020,SL,Sierra Leone,AFRO,39,2019,1,71
9/6/2020,SL,Sierra Leone,AFRO,24,2043,1,72
9/13/2020,SL,Sierra Leone,AFRO,53,2096,1,73
9/20/2020,SL,Sierra Leone,AFRO,63,2159,0,73
9/27/2020,SL,Sierra Leone,AFRO,49,2208,0,73
10/4/2020,SL,Sierra Leone,AFRO,51,2259,0,73
10/11/2020,SL,Sierra Leone,AFRO,41,2300,0,73
10/18/2020,SL,Sierra Leone,AFRO,27,2327,1,74
10/25/2020,SL,Sierra Leone,AFRO,18,2345,1,75
11/1/2020,SL,Sierra Leone,AFRO,21,2366,0,75
11/8/2020,SL,Sierra Leone,AFRO,15,2381,0,75
11/15/2020,SL,Sierra Leone,AFRO,10,2391,0,75
11/22/2020,SL,Sierra Leone,AFRO,14,2405,0,75
11/29/2020,SL,Sierra Leone,AFRO,5,2410,0,75
12/6/2020,SL,Sierra Leone,AFRO,10,2420,0,75
12/13/2020,SL,Sierra Leone,AFRO,20,2440,1,76
12/20/2020,SL,Sierra Leone,AFRO,57,2497,0,76
12/27/2020,SL,Sierra Leone,AFRO,52,2549,0,76
1/3/2021,SL,Sierra Leone,AFRO,97,2646,0,76
1/10/2021,SL,Sierra Leone,AFRO,157,2803,1,77
1/17/2021,SL,Sierra Leone,AFRO,167,2970,0,77
1/24/2021,SL,Sierra Leone,AFRO,150,3120,0,77
1/31/2021,SL,Sierra Leone,AFRO,408,3528,2,79
2/7/2021,SL,Sierra Leone,AFRO,244,3772,0,79
2/14/2021,SL,Sierra Leone,AFRO,49,3821,0,79
2/21/2021,SL,Sierra Leone,AFRO,28,3849,0,79
2/28/2021,SL,Sierra Leone,AFRO,38,3887,0,79
3/7/2021,SL,Sierra Leone,AFRO,31,3918,0,79
3/14/2021,SL,Sierra Leone,AFRO,19,3937,0,79
3/21/2021,SL,Sierra Leone,AFRO,11,3948,0,79
3/28/2021,SL,Sierra Leone,AFRO,14,3962,0,79
4/4/2021,SL,Sierra Leone,AFRO,25,3987,0,79
4/11/2021,SL,Sierra Leone,AFRO,8,3995,0,79
4/18/2021,SL,Sierra Leone,AFRO,25,4020,0,79
4/25/2021,SL,Sierra Leone,AFRO,24,4044,0,79
5/2/2021,SL,Sierra Leone,AFRO,13,4057,0,79
5/9/2021,SL,Sierra Leone,AFRO,11,4068,0,79
5/16/2021,SL,Sierra Leone,AFRO,37,4105,0,79
5/23/2021,SL,Sierra Leone,AFRO,16,4121,0,79
5/30/2021,SL,Sierra Leone,AFRO,20,4141,0,79
6/6/2021,SL,Sierra Leone,AFRO,47,4188,0,79
6/13/2021,SL,Sierra Leone,AFRO,124,4312,3,82
6/20/2021,SL,Sierra Leone,AFRO,390,4702,0,82
6/27/2021,SL,Sierra Leone,AFRO,604,5306,11,93
7/4/2021,SL,Sierra Leone,AFRO,442,5748,11,104
7/11/2021,SL,Sierra Leone,AFRO,255,6003,6,110
7/18/2021,SL,Sierra Leone,AFRO,163,6166,5,115
7/25/2021,SL,Sierra Leone,AFRO,52,6218,3,118
8/1/2021,SL,Sierra Leone,AFRO,65,6283,2,120
8/8/2021,SL,Sierra Leone,AFRO,30,6313,0,120
8/15/2021,SL,Sierra Leone,AFRO,25,6338,1,121
8/22/2021,SL,Sierra Leone,AFRO,14,6352,0,121
8/29/2021,SL,Sierra Leone,AFRO,11,6363,0,121
9/5/2021,SL,Sierra Leone,AFRO,9,6372,0,121
9/12/2021,SL,Sierra Leone,AFRO,7,6379,0,121
9/19/2021,SL,Sierra Leone,AFRO,9,6388,0,121
9/26/2021,SL,Sierra Leone,AFRO,0,6388,0,121
10/3/2021,SL,Sierra Leone,AFRO,8,6396,0,121
10/10/2021,SL,Sierra Leone,AFRO,0,6396,0,121
10/17/2021,SL,Sierra Leone,AFRO,1,6397,0,121
10/24/2021,SL,Sierra Leone,AFRO,0,6397,0,121
10/31/2021,SL,Sierra Leone,AFRO,1,6398,0,121
11/7/2021,SL,Sierra Leone,AFRO,0,6398,0,121
11/14/2021,SL,Sierra Leone,AFRO,2,6400,0,121
11/21/2021,SL,Sierra Leone,AFRO,0,6400,0,121
11/28/2021,SL,Sierra Leone,AFRO,2,6402,0,121
12/5/2021,SL,Sierra Leone,AFRO,0,6402,0,121
12/12/2021,SL,Sierra Leone,AFRO,20,6422,0,121
12/19/2021,SL,Sierra Leone,AFRO,49,6471,0,121
12/26/2021,SL,Sierra Leone,AFRO,188,6659,2,123
1/2/2022,SL,Sierra Leone,AFRO,455,7114,0,123
1/9/2022,SL,Sierra Leone,AFRO,291,7405,0,123
1/16/2022,SL,Sierra Leone,AFRO,124,7529,2,125
1/23/2022,SL,Sierra Leone,AFRO,55,7584,0,125
1/30/2022,SL,Sierra Leone,AFRO,31,7615,0,125
2/6/2022,SL,Sierra Leone,AFRO,12,7627,0,125
2/13/2022,SL,Sierra Leone,AFRO,25,7652,0,125
2/20/2022,SL,Sierra Leone,AFRO,11,7663,0,125
2/27/2022,SL,Sierra Leone,AFRO,2,7665,0,125
3/6/2022,SL,Sierra Leone,AFRO,0,7665,0,125
3/13/2022,SL,Sierra Leone,AFRO,2,7667,0,125
3/20/2022,SL,Sierra Leone,AFRO,6,7673,0,125
3/27/2022,SL,Sierra Leone,AFRO,1,7674,0,125
4/3/2022,SL,Sierra Leone,AFRO,0,7674,0,125
4/10/2022,SL,Sierra Leone,AFRO,3,7677,0,125
4/17/2022,SL,Sierra Leone,AFRO,0,7677,0,125
4/24/2022,SL,Sierra Leone,AFRO,0,7677,0,125
5/1/2022,SL,Sierra Leone,AFRO,4,7681,0,125
5/8/2022,SL,Sierra Leone,AFRO,1,7682,0,125
5/15/2022,SL,Sierra Leone,AFRO,0,7682,0,125
5/22/2022,SL,Sierra Leone,AFRO,0,7682,0,125
5/29/2022,SL,Sierra Leone,AFRO,0,7682,0,125
6/5/2022,SL,Sierra Leone,AFRO,0,7682,1,126
6/12/2022,SL,Sierra Leone,AFRO,0,7682,-1,125
6/19/2022,SL,Sierra Leone,AFRO,6,7688,0,125
6/26/2022,SL,Sierra Leone,AFRO,5,7693,0,125
7/3/2022,SL,Sierra Leone,AFRO,9,7702,0,125
7/10/2022,SL,Sierra Leone,AFRO,16,7718,0,125
7/17/2022,SL,Sierra Leone,AFRO,4,7722,0,125
7/24/2022,SL,Sierra Leone,AFRO,6,7728,0,125
7/31/2022,SL,Sierra Leone,AFRO,5,7733,0,125
8/7/2022,SL,Sierra Leone,AFRO,3,7736,0,125
8/14/2022,SL,Sierra Leone,AFRO,4,7740,0,125
8/21/2022,SL,Sierra Leone,AFRO,4,7744,0,125
8/28/2022,SL,Sierra Leone,AFRO,2,7746,0,125
9/4/2022,SL,Sierra Leone,AFRO,1,7747,0,125
9/11/2022,SL,Sierra Leone,AFRO,2,7749,0,125
9/18/2022,SL,Sierra Leone,AFRO,0,7749,0,125
9/25/2022,SL,Sierra Leone,AFRO,1,7750,0,125
10/2/2022,SL,Sierra Leone,AFRO,1,7751,0,125
10/9/2022,SL,Sierra Leone,AFRO,0,7751,0,125
10/16/2022,SL,Sierra Leone,AFRO,1,7752,0,125
10/23/2022,SL,Sierra Leone,AFRO,0,7752,0,125
10/30/2022,SL,Sierra Leone,AFRO,2,7754,0,125
11/6/2022,SL,Sierra Leone,AFRO,3,7757,0,125
11/13/2022,SL,Sierra Leone,AFRO,1,7758,0,125
11/20/2022,SL,Sierra Leone,AFRO,1,7759,0,125
11/27/2022,SL,Sierra Leone,AFRO,0,7759,0,125
12/4/2022,SL,Sierra Leone,AFRO,1,7760,0,125
12/11/2022,SL,Sierra Leone,AFRO,0,7760,0,125
12/18/2022,SL,Sierra Leone,AFRO,0,7760,0,125
12/25/2022,SL,Sierra Leone,AFRO,0,7760,0,125
1/1/2023,SL,Sierra Leone,AFRO,0,7760,0,125
1/8/2023,SL,Sierra Leone,AFRO,0,7760,0,125
1/15/2023,SL,Sierra Leone,AFRO,0,7760,0,125
1/22/2023,SL,Sierra Leone,AFRO,0,7760,0,125
1/29/2023,SL,Sierra Leone,AFRO,0,7760,0,125
2/5/2023,SL,Sierra Leone,AFRO,0,7760,0,125
2/12/2023,SL,Sierra Leone,AFRO,0,7760,0,125
2/19/2023,SL,Sierra Leone,AFRO,0,7760,0,125
2/26/2023,SL,Sierra Leone,AFRO,0,7760,0,125
3/5/2023,SL,Sierra Leone,AFRO,0,7760,0,125
3/12/2023,SL,Sierra Leone,AFRO,0,7760,0,125
3/19/2023,SL,Sierra Leone,AFRO,2,7762,0,125
3/26/2023,SL,Sierra Leone,AFRO,0,7762,0,125
4/2/2023,SL,Sierra Leone,AFRO,0,7762,0,125
4/9/2023,SL,Sierra Leone,AFRO,0,7762,0,125
4/16/2023,SL,Sierra Leone,AFRO,0,7762,0,125
4/23/2023,SL,Sierra Leone,AFRO,0,7762,0,125
4/30/2023,SL,Sierra Leone,AFRO,0,7762,0,125
5/7/2023,SL,Sierra Leone,AFRO,0,7762,0,125
5/14/2023,SL,Sierra Leone,AFRO,0,7762,0,125
5/21/2023,SL,Sierra Leone,AFRO,0,7762,0,125
5/28/2023,SL,Sierra Leone,AFRO,0,7762,0,125
6/4/2023,SL,Sierra Leone,AFRO,0,7762,0,125
6/11/2023,SL,Sierra Leone,AFRO,0,7762,0,125
6/18/2023,SL,Sierra Leone,AFRO,0,7762,0,125
6/25/2023,SL,Sierra Leone,AFRO,0,7762,0,125
7/2/2023,SL,Sierra Leone,AFRO,0,7762,0,125
7/9/2023,SL,Sierra Leone,AFRO,0,7762,0,125
7/16/2023,SL,Sierra Leone,AFRO,0,7762,0,125
7/23/2023,SL,Sierra Leone,AFRO,0,7762,0,125
7/30/2023,SL,Sierra Leone,AFRO,0,7762,0,125
8/6/2023,SL,Sierra Leone,AFRO,0,7762,0,125
8/13/2023,SL,Sierra Leone,AFRO,0,7762,0,125
8/20/2023,SL,Sierra Leone,AFRO,4,7766,0,125
8/27/2023,SL,Sierra Leone,AFRO,0,7766,0,125
9/3/2023,SL,Sierra Leone,AFRO,0,7766,0,125
9/10/2023,SL,Sierra Leone,AFRO,0,7766,0,125
9/17/2023,SL,Sierra Leone,AFRO,0,7766,0,125
9/24/2023,SL,Sierra Leone,AFRO,0,7766,0,125
10/1/2023,SL,Sierra Leone,AFRO,0,7766,0,125
10/8/2023,SL,Sierra Leone,AFRO,0,7766,0,125
10/15/2023,SL,Sierra Leone,AFRO,0,7766,0,125
10/22/2023,SL,Sierra Leone,AFRO,0,7766,0,125
10/29/2023,SL,Sierra Leone,AFRO,0,7766,0,125
11/5/2023,SL,Sierra Leone,AFRO,0,7766,0,125
11/12/2023,SL,Sierra Leone,AFRO,0,7766,0,125
11/19/2023,SL,Sierra Leone,AFRO,0,7766,0,125
11/26/2023,SL,Sierra Leone,AFRO,0,7766,0,125
12/3/2023,SL,Sierra Leone,AFRO,0,7766,0,125
12/10/2023,SL,Sierra Leone,AFRO,0,7766,0,125
12/17/2023,SL,Sierra Leone,AFRO,0,7766,0,125
12/24/2023,SL,Sierra Leone,AFRO,0,7766,0,125
1/5/2020,SG,Singapore,WPRO,0,0,0,0
1/12/2020,SG,Singapore,WPRO,0,0,0,0
1/19/2020,SG,Singapore,WPRO,0,0,0,0
1/26/2020,SG,Singapore,WPRO,4,4,0,0
2/2/2020,SG,Singapore,WPRO,14,18,0,0
2/9/2020,SG,Singapore,WPRO,22,40,0,0
2/16/2020,SG,Singapore,WPRO,32,72,0,0
2/23/2020,SG,Singapore,WPRO,17,89,0,0
3/1/2020,SG,Singapore,WPRO,13,102,0,0
3/8/2020,SG,Singapore,WPRO,36,138,0,0
3/15/2020,SG,Singapore,WPRO,74,212,0,0
3/22/2020,SG,Singapore,WPRO,220,432,2,2
3/29/2020,SG,Singapore,WPRO,370,802,0,2
4/5/2020,SG,Singapore,WPRO,387,1189,3,5
4/12/2020,SG,Singapore,WPRO,1110,2299,3,8
4/19/2020,SG,Singapore,WPRO,3693,5992,3,11
4/26/2020,SG,Singapore,WPRO,6701,12693,1,12
5/3/2020,SG,Singapore,WPRO,4855,17548,5,17
5/10/2020,SG,Singapore,WPRO,4912,22460,3,20
5/17/2020,SG,Singapore,WPRO,4896,27356,2,22
5/24/2020,SG,Singapore,WPRO,3712,31068,1,23
5/31/2020,SG,Singapore,WPRO,3298,34366,0,23
6/7/2020,SG,Singapore,WPRO,3161,37527,2,25
6/14/2020,SG,Singapore,WPRO,2670,40197,1,26
6/21/2020,SG,Singapore,WPRO,1636,41833,0,26
6/28/2020,SG,Singapore,WPRO,1413,43246,0,26
7/5/2020,SG,Singapore,WPRO,1418,44664,0,26
7/12/2020,SG,Singapore,WPRO,1118,45782,0,26
7/19/2020,SG,Singapore,WPRO,1873,47655,1,27
7/26/2020,SG,Singapore,WPRO,2233,49888,0,27
8/2/2020,SG,Singapore,WPRO,2624,52512,0,27
8/9/2020,SG,Singapore,WPRO,2417,54929,0,27
8/16/2020,SG,Singapore,WPRO,732,55661,0,27
8/23/2020,SG,Singapore,WPRO,605,56266,0,27
8/30/2020,SG,Singapore,WPRO,451,56717,0,27
9/6/2020,SG,Singapore,WPRO,265,56982,0,27
9/13/2020,SG,Singapore,WPRO,375,57357,0,27
9/20/2020,SG,Singapore,WPRO,201,57558,0,27
9/27/2020,SG,Singapore,WPRO,127,57685,0,27
10/4/2020,SG,Singapore,WPRO,115,57800,0,27
10/11/2020,SG,Singapore,WPRO,66,57866,0,27
10/18/2020,SG,Singapore,WPRO,38,57904,1,28
10/25/2020,SG,Singapore,WPRO,61,57965,0,28
11/1/2020,SG,Singapore,WPRO,50,58015,0,28
11/8/2020,SG,Singapore,WPRO,39,58054,0,28
11/15/2020,SG,Singapore,WPRO,62,58116,0,28
11/22/2020,SG,Singapore,WPRO,32,58148,0,28
11/29/2020,SG,Singapore,WPRO,57,58205,1,29
12/6/2020,SG,Singapore,WPRO,50,58255,0,29
12/13/2020,SG,Singapore,WPRO,58,58313,0,29
12/20/2020,SG,Singapore,WPRO,90,58403,0,29
12/27/2020,SG,Singapore,WPRO,116,58519,0,29
1/3/2021,SG,Singapore,WPRO,178,58697,0,29
1/10/2021,SG,Singapore,WPRO,210,58907,0,29
1/17/2021,SG,Singapore,WPRO,206,59113,0,29
1/24/2021,SG,Singapore,WPRO,195,59308,0,29
1/31/2021,SG,Singapore,WPRO,228,59536,0,29
2/7/2021,SG,Singapore,WPRO,163,59699,0,29
2/14/2021,SG,Singapore,WPRO,101,59800,0,29
2/21/2021,SG,Singapore,WPRO,69,59869,0,29
2/28/2021,SG,Singapore,WPRO,67,59936,0,29
3/7/2021,SG,Singapore,WPRO,97,60033,0,29
3/14/2021,SG,Singapore,WPRO,72,60105,0,29
3/21/2021,SG,Singapore,WPRO,91,60196,0,29
3/28/2021,SG,Singapore,WPRO,104,60300,0,29
4/4/2021,SG,Singapore,WPRO,178,60478,0,29
4/11/2021,SG,Singapore,WPRO,175,60653,0,29
4/18/2021,SG,Singapore,WPRO,178,60831,0,29
4/25/2021,SG,Singapore,WPRO,175,61006,0,29
5/2/2021,SG,Singapore,WPRO,212,61218,2,31
5/9/2021,SG,Singapore,WPRO,141,61359,0,31
5/16/2021,SG,Singapore,WPRO,226,61585,0,31
5/23/2021,SG,Singapore,WPRO,239,61824,1,32
5/30/2021,SG,Singapore,WPRO,204,62028,1,33
6/6/2021,SG,Singapore,WPRO,168,62196,0,33
6/13/2021,SG,Singapore,WPRO,80,62276,1,34
6/20/2021,SG,Singapore,WPRO,138,62414,0,34
6/27/2021,SG,Singapore,WPRO,130,62544,2,36
7/4/2021,SG,Singapore,WPRO,73,62617,0,36
7/11/2021,SG,Singapore,WPRO,75,62692,0,36
7/18/2021,SG,Singapore,WPRO,381,63073,0,36
7/25/2021,SG,Singapore,WPRO,1106,64179,1,37
8/1/2021,SG,Singapore,WPRO,923,65102,0,37
8/8/2021,SG,Singapore,WPRO,662,65764,5,42
8/15/2021,SG,Singapore,WPRO,408,66172,2,44
8/22/2021,SG,Singapore,WPRO,306,66478,5,49
8/29/2021,SG,Singapore,WPRO,826,67304,6,55
9/5/2021,SG,Singapore,WPRO,1356,68660,0,55
9/12/2021,SG,Singapore,WPRO,3027,71687,3,58
9/19/2021,SG,Singapore,WPRO,6117,77804,2,60
9/26/2021,SG,Singapore,WPRO,10088,87892,18,78
10/3/2021,SG,Singapore,WPRO,15951,103843,35,113
10/10/2021,SG,Singapore,WPRO,23123,126966,49,162
10/17/2021,SG,Singapore,WPRO,21212,148178,71,233
10/24/2021,SG,Singapore,WPRO,24466,172644,82,315
10/31/2021,SG,Singapore,WPRO,25730,198374,92,407
11/7/2021,SG,Singapore,WPRO,19959,218333,90,497
11/14/2021,SG,Singapore,WPRO,18870,237203,89,586
11/21/2021,SG,Singapore,WPRO,14985,252188,76,662
11/28/2021,SG,Singapore,WPRO,10195,262383,39,701
12/5/2021,SG,Singapore,WPRO,6828,269211,58,759
12/12/2021,SG,Singapore,WPRO,4151,273362,35,794
12/19/2021,SG,Singapore,WPRO,2548,275910,19,813
12/26/2021,SG,Singapore,WPRO,1854,277764,9,822
1/2/2022,SG,Singapore,WPRO,2526,280290,7,829
1/9/2022,SG,Singapore,WPRO,5357,285647,9,838
1/16/2022,SG,Singapore,WPRO,6202,291849,5,843
1/23/2022,SG,Singapore,WPRO,21923,313772,5,848
1/30/2022,SG,Singapore,WPRO,34558,348330,6,854
2/6/2022,SG,Singapore,WPRO,49493,397823,17,871
2/13/2022,SG,Singapore,WPRO,71672,469495,26,897
2/20/2022,SG,Singapore,WPRO,113143,582638,48,945
2/27/2022,SG,Singapore,WPRO,128242,710880,62,1007
3/6/2022,SG,Singapore,WPRO,121941,832821,71,1078
3/13/2022,SG,Singapore,WPRO,106615,939436,67,1145
3/20/2022,SG,Singapore,WPRO,75581,1015017,53,1198
3/27/2022,SG,Singapore,WPRO,56988,1072005,48,1246
4/3/2022,SG,Singapore,WPRO,37739,1109744,28,1274
4/10/2022,SG,Singapore,WPRO,28257,1138001,20,1294
4/17/2022,SG,Singapore,WPRO,22299,1160300,22,1316
4/24/2022,SG,Singapore,WPRO,21868,1182168,9,1325
5/1/2022,SG,Singapore,WPRO,17472,1199640,11,1336
5/8/2022,SG,Singapore,WPRO,18282,1217922,16,1352
5/15/2022,SG,Singapore,WPRO,24962,1242884,11,1363
5/22/2022,SG,Singapore,WPRO,26751,1269635,12,1375
5/29/2022,SG,Singapore,WPRO,26285,1295920,8,1383
6/5/2022,SG,Singapore,WPRO,23064,1318984,10,1393
6/12/2022,SG,Singapore,WPRO,22272,1341256,5,1398
6/19/2022,SG,Singapore,WPRO,26505,1367761,7,1405
6/26/2022,SG,Singapore,WPRO,40597,1408358,4,1409
7/3/2022,SG,Singapore,WPRO,52749,1461107,10,1419
7/10/2022,SG,Singapore,WPRO,62774,1523881,13,1432
7/17/2022,SG,Singapore,WPRO,65218,1589099,25,1457
7/24/2022,SG,Singapore,WPRO,63882,1652981,26,1483
7/31/2022,SG,Singapore,WPRO,55969,1708950,37,1520
8/7/2022,SG,Singapore,WPRO,45827,1754777,21,1541
8/14/2022,SG,Singapore,WPRO,36269,1791046,19,1560
8/21/2022,SG,Singapore,WPRO,23871,1814917,24,1584
8/28/2022,SG,Singapore,WPRO,16415,1831332,7,1591
9/4/2022,SG,Singapore,WPRO,13453,1844785,5,1596
9/11/2022,SG,Singapore,WPRO,13712,1858497,6,1602
9/18/2022,SG,Singapore,WPRO,14793,1873290,6,1608
9/25/2022,SG,Singapore,WPRO,16254,1889544,7,1615
10/2/2022,SG,Singapore,WPRO,21873,1911417,7,1622
10/9/2022,SG,Singapore,WPRO,36985,1948402,10,1632
10/16/2022,SG,Singapore,WPRO,57482,2005884,14,1646
10/23/2022,SG,Singapore,WPRO,53825,2059709,17,1663
10/30/2022,SG,Singapore,WPRO,36811,2096520,17,1680
11/6/2022,SG,Singapore,WPRO,24915,2121435,10,1690
11/13/2022,SG,Singapore,WPRO,16441,2137876,7,1697
11/20/2022,SG,Singapore,WPRO,10918,2148794,3,1700
11/27/2022,SG,Singapore,WPRO,13800,2162594,2,1702
12/4/2022,SG,Singapore,WPRO,8795,2171389,4,1706
12/11/2022,SG,Singapore,WPRO,8366,2179755,1,1707
12/18/2022,SG,Singapore,WPRO,8654,2188409,3,1710
12/25/2022,SG,Singapore,WPRO,5481,2193890,1,1711
1/1/2023,SG,Singapore,WPRO,8324,2202214,0,1711
1/8/2023,SG,Singapore,WPRO,5456,2207670,1,1712
1/15/2023,SG,Singapore,WPRO,3876,2211546,0,1712
1/22/2023,SG,Singapore,WPRO,2518,2214064,0,1712
1/29/2023,SG,Singapore,WPRO,1825,2215889,0,1712
2/5/2023,SG,Singapore,WPRO,2992,2218881,10,1722
2/12/2023,SG,Singapore,WPRO,2881,2221762,0,1722
2/19/2023,SG,Singapore,WPRO,244,2222006,0,1722
2/26/2023,SG,Singapore,WPRO,3849,2225855,0,1722
3/5/2023,SG,Singapore,WPRO,4471,2230326,0,1722
3/12/2023,SG,Singapore,WPRO,4426,2234752,0,1722
3/19/2023,SG,Singapore,WPRO,10352,2245104,0,1722
3/26/2023,SG,Singapore,WPRO,10464,2255568,0,1722
4/2/2023,SG,Singapore,WPRO,14467,2270035,0,1722
4/9/2023,SG,Singapore,WPRO,28410,2298445,12,1734
4/16/2023,SG,Singapore,WPRO,16018,2314463,0,1734
4/23/2023,SG,Singapore,WPRO,26072,2340535,0,1734
4/30/2023,SG,Singapore,WPRO,27818,2368353,0,1734
5/7/2023,SG,Singapore,WPRO,23417,2391770,54,1788
5/14/2023,SG,Singapore,WPRO,22624,2414394,0,1788
5/21/2023,SG,Singapore,WPRO,24296,2438690,0,1788
5/28/2023,SG,Singapore,WPRO,20767,2459457,0,1788
6/4/2023,SG,Singapore,WPRO,14851,2474308,53,1841
6/11/2023,SG,Singapore,WPRO,8531,2482839,0,1841
6/18/2023,SG,Singapore,WPRO,10432,2493271,4,1845
6/25/2023,SG,Singapore,WPRO,6717,2499988,27,1872
7/2/2023,SG,Singapore,WPRO,11736,2511724,0,1872
7/9/2023,SG,Singapore,WPRO,4302,2516026,0,1872
7/16/2023,SG,Singapore,WPRO,8544,2524570,0,1872
7/23/2023,SG,Singapore,WPRO,5632,2530202,0,1872
7/30/2023,SG,Singapore,WPRO,4738,2534940,0,1872
8/6/2023,SG,Singapore,WPRO,4951,2539891,0,1872
8/13/2023,SG,Singapore,WPRO,3485,2543376,7,1879
8/20/2023,SG,Singapore,WPRO,4951,2548327,0,1879
8/27/2023,SG,Singapore,WPRO,7045,2555372,0,1879
9/3/2023,SG,Singapore,WPRO,6650,2562022,0,1879
9/10/2023,SG,Singapore,WPRO,4295,2566317,10,1889
9/17/2023,SG,Singapore,WPRO,7248,2573565,0,1889
9/24/2023,SG,Singapore,WPRO,6401,2579966,0,1889
10/1/2023,SG,Singapore,WPRO,14843,2594809,0,1889
10/8/2023,SG,Singapore,WPRO,15336,2610145,17,1906
10/15/2023,SG,Singapore,WPRO,16250,2626395,0,1906
10/22/2023,SG,Singapore,WPRO,14801,2641196,0,1906
10/29/2023,SG,Singapore,WPRO,17123,2658319,0,1906
11/5/2023,SG,Singapore,WPRO,16062,2674381,0,1906
11/12/2023,SG,Singapore,WPRO,16395,2690776,27,1933
11/19/2023,SG,Singapore,WPRO,15441,2706217,0,1933
11/26/2023,SG,Singapore,WPRO,10726,2716943,0,1933
12/3/2023,SG,Singapore,WPRO,22094,2739037,0,1933
12/10/2023,SG,Singapore,WPRO,32035,2771072,0,1933
12/17/2023,SG,Singapore,WPRO,56043,2827115,0,1933
12/24/2023,SG,Singapore,WPRO,0,2827115,0,1933
1/5/2020,SX,Sint Maarten (Dutch part),AMRO,0,0,0,0
1/12/2020,SX,Sint Maarten (Dutch part),AMRO,0,0,0,0
1/19/2020,SX,Sint Maarten (Dutch part),AMRO,0,0,0,0
1/26/2020,SX,Sint Maarten (Dutch part),AMRO,0,0,0,0
2/2/2020,SX,Sint Maarten (Dutch part),AMRO,0,0,0,0
2/9/2020,SX,Sint Maarten (Dutch part),AMRO,0,0,0,0
2/16/2020,SX,Sint Maarten (Dutch part),AMRO,0,0,0,0
2/23/2020,SX,Sint Maarten (Dutch part),AMRO,0,0,0,0
3/1/2020,SX,Sint Maarten (Dutch part),AMRO,0,0,0,0
3/8/2020,SX,Sint Maarten (Dutch part),AMRO,0,0,0,0
3/15/2020,SX,Sint Maarten (Dutch part),AMRO,0,0,0,0
3/22/2020,SX,Sint Maarten (Dutch part),AMRO,1,1,0,0
3/29/2020,SX,Sint Maarten (Dutch part),AMRO,2,3,0,0
4/5/2020,SX,Sint Maarten (Dutch part),AMRO,20,23,2,2
4/12/2020,SX,Sint Maarten (Dutch part),AMRO,27,50,7,9
4/19/2020,SX,Sint Maarten (Dutch part),AMRO,7,57,0,9
4/26/2020,SX,Sint Maarten (Dutch part),AMRO,16,73,3,12
5/3/2020,SX,Sint Maarten (Dutch part),AMRO,3,76,1,13
5/10/2020,SX,Sint Maarten (Dutch part),AMRO,1,77,2,15
5/17/2020,SX,Sint Maarten (Dutch part),AMRO,1,78,0,15
5/24/2020,SX,Sint Maarten (Dutch part),AMRO,0,78,0,15
5/31/2020,SX,Sint Maarten (Dutch part),AMRO,0,78,0,15
6/7/2020,SX,Sint Maarten (Dutch part),AMRO,-1,77,0,15
6/14/2020,SX,Sint Maarten (Dutch part),AMRO,0,77,0,15
6/21/2020,SX,Sint Maarten (Dutch part),AMRO,0,77,0,15
6/28/2020,SX,Sint Maarten (Dutch part),AMRO,0,77,0,15
7/5/2020,SX,Sint Maarten (Dutch part),AMRO,1,78,0,15
7/12/2020,SX,Sint Maarten (Dutch part),AMRO,0,78,0,15
7/19/2020,SX,Sint Maarten (Dutch part),AMRO,1,79,0,15
7/26/2020,SX,Sint Maarten (Dutch part),AMRO,15,94,0,15
8/2/2020,SX,Sint Maarten (Dutch part),AMRO,34,128,0,15
8/9/2020,SX,Sint Maarten (Dutch part),AMRO,48,176,1,16
8/16/2020,SX,Sint Maarten (Dutch part),AMRO,87,263,1,17
8/23/2020,SX,Sint Maarten (Dutch part),AMRO,90,353,0,17
8/30/2020,SX,Sint Maarten (Dutch part),AMRO,91,444,0,17
9/6/2020,SX,Sint Maarten (Dutch part),AMRO,60,504,2,19
9/13/2020,SX,Sint Maarten (Dutch part),AMRO,26,530,0,19
9/20/2020,SX,Sint Maarten (Dutch part),AMRO,35,565,0,19
9/27/2020,SX,Sint Maarten (Dutch part),AMRO,53,618,3,22
10/4/2020,SX,Sint Maarten (Dutch part),AMRO,50,668,0,22
10/11/2020,SX,Sint Maarten (Dutch part),AMRO,31,699,0,22
10/18/2020,SX,Sint Maarten (Dutch part),AMRO,38,737,0,22
10/25/2020,SX,Sint Maarten (Dutch part),AMRO,39,776,0,22
11/1/2020,SX,Sint Maarten (Dutch part),AMRO,29,805,0,22
11/8/2020,SX,Sint Maarten (Dutch part),AMRO,65,870,0,22
11/15/2020,SX,Sint Maarten (Dutch part),AMRO,44,914,1,23
11/22/2020,SX,Sint Maarten (Dutch part),AMRO,59,973,1,24
11/29/2020,SX,Sint Maarten (Dutch part),AMRO,68,1041,1,25
12/6/2020,SX,Sint Maarten (Dutch part),AMRO,64,1105,0,25
12/13/2020,SX,Sint Maarten (Dutch part),AMRO,96,1201,1,26
12/20/2020,SX,Sint Maarten (Dutch part),AMRO,93,1294,0,26
12/27/2020,SX,Sint Maarten (Dutch part),AMRO,76,1370,0,26
1/3/2021,SX,Sint Maarten (Dutch part),AMRO,64,1434,1,27
1/10/2021,SX,Sint Maarten (Dutch part),AMRO,97,1531,0,27
1/17/2021,SX,Sint Maarten (Dutch part),AMRO,98,1629,0,27
1/24/2021,SX,Sint Maarten (Dutch part),AMRO,79,1708,0,27
1/31/2021,SX,Sint Maarten (Dutch part),AMRO,114,1822,0,27
2/7/2021,SX,Sint Maarten (Dutch part),AMRO,89,1911,0,27
2/14/2021,SX,Sint Maarten (Dutch part),AMRO,74,1985,0,27
2/21/2021,SX,Sint Maarten (Dutch part),AMRO,42,2027,0,27
2/28/2021,SX,Sint Maarten (Dutch part),AMRO,24,2051,0,27
3/7/2021,SX,Sint Maarten (Dutch part),AMRO,15,2066,0,27
3/14/2021,SX,Sint Maarten (Dutch part),AMRO,12,2078,0,27
3/21/2021,SX,Sint Maarten (Dutch part),AMRO,15,2093,0,27
3/28/2021,SX,Sint Maarten (Dutch part),AMRO,25,2118,0,27
4/4/2021,SX,Sint Maarten (Dutch part),AMRO,33,2151,0,27
4/11/2021,SX,Sint Maarten (Dutch part),AMRO,23,2174,0,27
4/18/2021,SX,Sint Maarten (Dutch part),AMRO,28,2202,0,27
4/25/2021,SX,Sint Maarten (Dutch part),AMRO,10,2212,0,27
5/2/2021,SX,Sint Maarten (Dutch part),AMRO,18,2230,0,27
5/9/2021,SX,Sint Maarten (Dutch part),AMRO,20,2250,0,27
5/16/2021,SX,Sint Maarten (Dutch part),AMRO,22,2272,0,27
5/23/2021,SX,Sint Maarten (Dutch part),AMRO,74,2346,0,27
5/30/2021,SX,Sint Maarten (Dutch part),AMRO,58,2404,1,28
6/6/2021,SX,Sint Maarten (Dutch part),AMRO,44,2448,0,28
6/13/2021,SX,Sint Maarten (Dutch part),AMRO,63,2511,3,31
6/20/2021,SX,Sint Maarten (Dutch part),AMRO,50,2561,1,32
6/27/2021,SX,Sint Maarten (Dutch part),AMRO,33,2594,1,33
7/4/2021,SX,Sint Maarten (Dutch part),AMRO,24,2618,0,33
7/11/2021,SX,Sint Maarten (Dutch part),AMRO,15,2633,1,34
7/18/2021,SX,Sint Maarten (Dutch part),AMRO,26,2659,0,34
7/25/2021,SX,Sint Maarten (Dutch part),AMRO,39,2698,0,34
8/1/2021,SX,Sint Maarten (Dutch part),AMRO,62,2760,0,34
8/8/2021,SX,Sint Maarten (Dutch part),AMRO,131,2891,0,34
8/15/2021,SX,Sint Maarten (Dutch part),AMRO,237,3128,5,39
8/22/2021,SX,Sint Maarten (Dutch part),AMRO,238,3366,3,42
8/29/2021,SX,Sint Maarten (Dutch part),AMRO,214,3580,5,47
9/5/2021,SX,Sint Maarten (Dutch part),AMRO,195,3775,9,56
9/12/2021,SX,Sint Maarten (Dutch part),AMRO,172,3947,1,57
9/19/2021,SX,Sint Maarten (Dutch part),AMRO,106,4053,2,59
9/26/2021,SX,Sint Maarten (Dutch part),AMRO,125,4178,2,61
10/3/2021,SX,Sint Maarten (Dutch part),AMRO,113,4291,5,66
10/10/2021,SX,Sint Maarten (Dutch part),AMRO,95,4386,2,68
10/17/2021,SX,Sint Maarten (Dutch part),AMRO,52,4438,2,70
10/24/2021,SX,Sint Maarten (Dutch part),AMRO,30,4468,5,75
10/31/2021,SX,Sint Maarten (Dutch part),AMRO,20,4488,0,75
11/7/2021,SX,Sint Maarten (Dutch part),AMRO,13,4501,0,75
11/14/2021,SX,Sint Maarten (Dutch part),AMRO,25,4526,0,75
11/21/2021,SX,Sint Maarten (Dutch part),AMRO,28,4554,0,75
11/28/2021,SX,Sint Maarten (Dutch part),AMRO,19,4573,0,75
12/5/2021,SX,Sint Maarten (Dutch part),AMRO,20,4593,0,75
12/12/2021,SX,Sint Maarten (Dutch part),AMRO,31,4624,0,75
12/19/2021,SX,Sint Maarten (Dutch part),AMRO,40,4664,0,75
12/26/2021,SX,Sint Maarten (Dutch part),AMRO,84,4748,0,75
1/2/2022,SX,Sint Maarten (Dutch part),AMRO,449,5197,0,75
1/9/2022,SX,Sint Maarten (Dutch part),AMRO,916,6113,0,75
1/16/2022,SX,Sint Maarten (Dutch part),AMRO,2137,8250,0,75
1/23/2022,SX,Sint Maarten (Dutch part),AMRO,715,8965,2,77
1/30/2022,SX,Sint Maarten (Dutch part),AMRO,264,9229,2,79
2/6/2022,SX,Sint Maarten (Dutch part),AMRO,144,9373,0,79
2/13/2022,SX,Sint Maarten (Dutch part),AMRO,96,9469,4,83
2/20/2022,SX,Sint Maarten (Dutch part),AMRO,42,9511,1,84
2/27/2022,SX,Sint Maarten (Dutch part),AMRO,33,9544,1,85
3/6/2022,SX,Sint Maarten (Dutch part),AMRO,26,9570,0,85
3/13/2022,SX,Sint Maarten (Dutch part),AMRO,16,9586,0,85
3/20/2022,SX,Sint Maarten (Dutch part),AMRO,43,9629,0,85
3/27/2022,SX,Sint Maarten (Dutch part),AMRO,28,9657,1,86
4/3/2022,SX,Sint Maarten (Dutch part),AMRO,41,9698,0,86
4/10/2022,SX,Sint Maarten (Dutch part),AMRO,89,9787,0,86
4/17/2022,SX,Sint Maarten (Dutch part),AMRO,86,9873,0,86
4/24/2022,SX,Sint Maarten (Dutch part),AMRO,47,9920,0,86
5/1/2022,SX,Sint Maarten (Dutch part),AMRO,98,10018,0,86
5/8/2022,SX,Sint Maarten (Dutch part),AMRO,47,10065,0,86
5/15/2022,SX,Sint Maarten (Dutch part),AMRO,58,10123,0,86
5/22/2022,SX,Sint Maarten (Dutch part),AMRO,0,10123,0,86
5/29/2022,SX,Sint Maarten (Dutch part),AMRO,156,10279,0,86
6/5/2022,SX,Sint Maarten (Dutch part),AMRO,74,10353,0,86
6/12/2022,SX,Sint Maarten (Dutch part),AMRO,81,10434,0,86
6/19/2022,SX,Sint Maarten (Dutch part),AMRO,74,10508,0,86
6/26/2022,SX,Sint Maarten (Dutch part),AMRO,0,10508,0,86
7/3/2022,SX,Sint Maarten (Dutch part),AMRO,72,10580,0,86
7/10/2022,SX,Sint Maarten (Dutch part),AMRO,21,10601,1,87
7/17/2022,SX,Sint Maarten (Dutch part),AMRO,0,10601,0,87
7/24/2022,SX,Sint Maarten (Dutch part),AMRO,55,10656,0,87
7/31/2022,SX,Sint Maarten (Dutch part),AMRO,85,10741,0,87
8/7/2022,SX,Sint Maarten (Dutch part),AMRO,24,10765,0,87
8/14/2022,SX,Sint Maarten (Dutch part),AMRO,0,10765,0,87
8/21/2022,SX,Sint Maarten (Dutch part),AMRO,44,10809,0,87
8/28/2022,SX,Sint Maarten (Dutch part),AMRO,0,10809,0,87
9/4/2022,SX,Sint Maarten (Dutch part),AMRO,27,10836,0,87
9/11/2022,SX,Sint Maarten (Dutch part),AMRO,11,10847,0,87
9/18/2022,SX,Sint Maarten (Dutch part),AMRO,8,10855,0,87
9/25/2022,SX,Sint Maarten (Dutch part),AMRO,0,10855,0,87
10/2/2022,SX,Sint Maarten (Dutch part),AMRO,8,10863,0,87
10/9/2022,SX,Sint Maarten (Dutch part),AMRO,2,10865,0,87
10/16/2022,SX,Sint Maarten (Dutch part),AMRO,11,10876,0,87
10/23/2022,SX,Sint Maarten (Dutch part),AMRO,32,10908,0,87
10/30/2022,SX,Sint Maarten (Dutch part),AMRO,14,10922,1,88
11/6/2022,SX,Sint Maarten (Dutch part),AMRO,9,10931,1,89
11/13/2022,SX,Sint Maarten (Dutch part),AMRO,0,10931,0,89
11/20/2022,SX,Sint Maarten (Dutch part),AMRO,12,10943,0,89
11/27/2022,SX,Sint Maarten (Dutch part),AMRO,6,10949,0,89
12/4/2022,SX,Sint Maarten (Dutch part),AMRO,5,10954,0,89
12/11/2022,SX,Sint Maarten (Dutch part),AMRO,0,10954,0,89
12/18/2022,SX,Sint Maarten (Dutch part),AMRO,10,10964,0,89
12/25/2022,SX,Sint Maarten (Dutch part),AMRO,24,10988,0,89
1/1/2023,SX,Sint Maarten (Dutch part),AMRO,4,10992,0,89
1/8/2023,SX,Sint Maarten (Dutch part),AMRO,0,10992,0,89
1/15/2023,SX,Sint Maarten (Dutch part),AMRO,13,11005,0,89
1/22/2023,SX,Sint Maarten (Dutch part),AMRO,5,11010,0,89
1/29/2023,SX,Sint Maarten (Dutch part),AMRO,0,11010,0,89
2/5/2023,SX,Sint Maarten (Dutch part),AMRO,4,11014,1,90
2/12/2023,SX,Sint Maarten (Dutch part),AMRO,2,11016,0,90
2/19/2023,SX,Sint Maarten (Dutch part),AMRO,0,11016,0,90
2/26/2023,SX,Sint Maarten (Dutch part),AMRO,4,11020,0,90
3/5/2023,SX,Sint Maarten (Dutch part),AMRO,0,11020,0,90
3/12/2023,SX,Sint Maarten (Dutch part),AMRO,3,11023,2,92
3/19/2023,SX,Sint Maarten (Dutch part),AMRO,3,11026,0,92
3/26/2023,SX,Sint Maarten (Dutch part),AMRO,3,11029,0,92
4/2/2023,SX,Sint Maarten (Dutch part),AMRO,1,11030,0,92
4/9/2023,SX,Sint Maarten (Dutch part),AMRO,0,11030,0,92
4/16/2023,SX,Sint Maarten (Dutch part),AMRO,0,11030,0,92
4/23/2023,SX,Sint Maarten (Dutch part),AMRO,0,11030,0,92
4/30/2023,SX,Sint Maarten (Dutch part),AMRO,0,11030,0,92
5/7/2023,SX,Sint Maarten (Dutch part),AMRO,0,11030,0,92
5/14/2023,SX,Sint Maarten (Dutch part),AMRO,0,11030,0,92
5/21/2023,SX,Sint Maarten (Dutch part),AMRO,0,11030,0,92
5/28/2023,SX,Sint Maarten (Dutch part),AMRO,0,11030,0,92
6/4/2023,SX,Sint Maarten (Dutch part),AMRO,21,11051,0,92
6/11/2023,SX,Sint Maarten (Dutch part),AMRO,0,11051,0,92
6/18/2023,SX,Sint Maarten (Dutch part),AMRO,0,11051,0,92
6/25/2023,SX,Sint Maarten (Dutch part),AMRO,0,11051,0,92
7/2/2023,SX,Sint Maarten (Dutch part),AMRO,0,11051,0,92
7/9/2023,SX,Sint Maarten (Dutch part),AMRO,0,11051,0,92
7/16/2023,SX,Sint Maarten (Dutch part),AMRO,0,11051,0,92
7/23/2023,SX,Sint Maarten (Dutch part),AMRO,0,11051,0,92
7/30/2023,SX,Sint Maarten (Dutch part),AMRO,0,11051,0,92
8/6/2023,SX,Sint Maarten (Dutch part),AMRO,0,11051,0,92
8/13/2023,SX,Sint Maarten (Dutch part),AMRO,0,11051,0,92
8/20/2023,SX,Sint Maarten (Dutch part),AMRO,0,11051,0,92
8/27/2023,SX,Sint Maarten (Dutch part),AMRO,0,11051,0,92
9/3/2023,SX,Sint Maarten (Dutch part),AMRO,0,11051,0,92
9/10/2023,SX,Sint Maarten (Dutch part),AMRO,0,11051,0,92
9/17/2023,SX,Sint Maarten (Dutch part),AMRO,0,11051,0,92
9/24/2023,SX,Sint Maarten (Dutch part),AMRO,0,11051,0,92
10/1/2023,SX,Sint Maarten (Dutch part),AMRO,0,11051,0,92
10/8/2023,SX,Sint Maarten (Dutch part),AMRO,0,11051,0,92
10/15/2023,SX,Sint Maarten (Dutch part),AMRO,0,11051,0,92
10/22/2023,SX,Sint Maarten (Dutch part),AMRO,0,11051,0,92
10/29/2023,SX,Sint Maarten (Dutch part),AMRO,0,11051,0,92
11/5/2023,SX,Sint Maarten (Dutch part),AMRO,0,11051,0,92
11/12/2023,SX,Sint Maarten (Dutch part),AMRO,0,11051,0,92
11/19/2023,SX,Sint Maarten (Dutch part),AMRO,0,11051,0,92
11/26/2023,SX,Sint Maarten (Dutch part),AMRO,0,11051,0,92
12/3/2023,SX,Sint Maarten (Dutch part),AMRO,0,11051,0,92
12/10/2023,SX,Sint Maarten (Dutch part),AMRO,0,11051,0,92
12/17/2023,SX,Sint Maarten (Dutch part),AMRO,0,11051,0,92
12/24/2023,SX,Sint Maarten (Dutch part),AMRO,0,11051,0,92
1/5/2020,SK,Slovakia,EURO,0,0,0,0
1/12/2020,SK,Slovakia,EURO,0,0,0,0
1/19/2020,SK,Slovakia,EURO,0,0,0,0
1/26/2020,SK,Slovakia,EURO,0,0,0,0
2/2/2020,SK,Slovakia,EURO,0,0,0,0
2/9/2020,SK,Slovakia,EURO,0,0,0,0
2/16/2020,SK,Slovakia,EURO,0,0,0,0
2/23/2020,SK,Slovakia,EURO,0,0,0,0
3/1/2020,SK,Slovakia,EURO,0,0,0,0
3/8/2020,SK,Slovakia,EURO,3,3,0,0
3/15/2020,SK,Slovakia,EURO,41,44,0,0
3/22/2020,SK,Slovakia,EURO,134,178,0,0
3/29/2020,SK,Slovakia,EURO,136,314,0,0
4/5/2020,SK,Slovakia,EURO,171,485,1,1
4/12/2020,SK,Slovakia,EURO,257,742,1,2
4/19/2020,SK,Slovakia,EURO,419,1161,10,12
4/26/2020,SK,Slovakia,EURO,218,1379,6,18
5/3/2020,SK,Slovakia,EURO,29,1408,6,24
5/10/2020,SK,Slovakia,EURO,49,1457,2,26
5/17/2020,SK,Slovakia,EURO,37,1494,2,28
5/24/2020,SK,Slovakia,EURO,15,1509,0,28
5/31/2020,SK,Slovakia,EURO,12,1521,0,28
6/7/2020,SK,Slovakia,EURO,7,1528,0,28
6/14/2020,SK,Slovakia,EURO,20,1548,0,28
6/21/2020,SK,Slovakia,EURO,39,1587,0,28
6/28/2020,SK,Slovakia,EURO,77,1664,0,28
7/5/2020,SK,Slovakia,EURO,100,1764,0,28
7/12/2020,SK,Slovakia,EURO,137,1901,0,28
7/19/2020,SK,Slovakia,EURO,78,1979,0,28
7/26/2020,SK,Slovakia,EURO,200,2179,0,28
8/2/2020,SK,Slovakia,EURO,165,2344,1,29
8/9/2020,SK,Slovakia,EURO,252,2596,2,31
8/16/2020,SK,Slovakia,EURO,306,2902,0,31
8/23/2020,SK,Slovakia,EURO,454,3356,2,33
8/30/2020,SK,Slovakia,EURO,520,3876,0,33
9/6/2020,SK,Slovakia,EURO,738,4614,4,37
9/13/2020,SK,Slovakia,EURO,918,5532,1,38
9/20/2020,SK,Slovakia,EURO,1145,6677,1,39
9/27/2020,SK,Slovakia,EURO,2401,9078,5,44
10/4/2020,SK,Slovakia,EURO,4061,13139,11,55
10/11/2020,SK,Slovakia,EURO,6712,19851,6,61
10/18/2020,SK,Slovakia,EURO,9984,29835,27,88
10/25/2020,SK,Slovakia,EURO,14008,43843,71,159
11/1/2020,SK,Slovakia,EURO,16103,59946,60,219
11/8/2020,SK,Slovakia,EURO,15549,75495,132,351
11/15/2020,SK,Slovakia,EURO,11272,86767,159,510
11/22/2020,SK,Slovakia,EURO,9474,96241,161,671
11/29/2020,SK,Slovakia,EURO,9492,105733,145,816
12/6/2020,SK,Slovakia,EURO,10998,116731,180,996
12/13/2020,SK,Slovakia,EURO,16253,132984,179,1175
12/20/2020,SK,Slovakia,EURO,18352,151336,380,1555
12/27/2020,SK,Slovakia,EURO,16187,167523,218,1773
1/3/2021,SK,Slovakia,EURO,19940,187463,544,2317
1/10/2021,SK,Slovakia,EURO,20746,208209,601,2918
1/17/2021,SK,Slovakia,EURO,15116,223325,556,3474
1/24/2021,SK,Slovakia,EURO,13151,236476,594,4068
1/31/2021,SK,Slovakia,EURO,13437,249913,574,4642
2/7/2021,SK,Slovakia,EURO,13413,263326,557,5199
2/14/2021,SK,Slovakia,EURO,14356,277682,686,5885
2/21/2021,SK,Slovakia,EURO,14461,292143,620,6505
2/28/2021,SK,Slovakia,EURO,15940,308083,684,7189
3/7/2021,SK,Slovakia,EURO,15307,323390,647,7836
3/14/2021,SK,Slovakia,EURO,14113,337503,692,8528
3/21/2021,SK,Slovakia,EURO,11366,348869,516,9044
3/28/2021,SK,Slovakia,EURO,9041,357910,452,9496
4/4/2021,SK,Slovakia,EURO,7332,365242,529,10025
4/11/2021,SK,Slovakia,EURO,5820,371062,540,10565
4/18/2021,SK,Slovakia,EURO,4912,375974,541,11106
4/25/2021,SK,Slovakia,EURO,3937,379911,389,11495
5/2/2021,SK,Slovakia,EURO,3187,383098,271,11766
5/9/2021,SK,Slovakia,EURO,2377,385475,253,12019
5/16/2021,SK,Slovakia,EURO,2048,387523,205,12224
5/23/2021,SK,Slovakia,EURO,1312,388835,68,12292
5/30/2021,SK,Slovakia,EURO,855,389690,47,12339
6/6/2021,SK,Slovakia,EURO,746,390436,65,12404
6/13/2021,SK,Slovakia,EURO,590,391026,35,12439
6/20/2021,SK,Slovakia,EURO,299,391325,53,12492
6/27/2021,SK,Slovakia,EURO,226,391551,13,12505
7/4/2021,SK,Slovakia,EURO,166,391717,8,12513
7/11/2021,SK,Slovakia,EURO,201,391918,6,12519
7/18/2021,SK,Slovakia,EURO,182,392100,5,12524
7/25/2021,SK,Slovakia,EURO,248,392348,10,12534
8/1/2021,SK,Slovakia,EURO,356,392704,6,12540
8/8/2021,SK,Slovakia,EURO,336,393040,1,12541
8/15/2021,SK,Slovakia,EURO,489,393529,3,12544
8/22/2021,SK,Slovakia,EURO,553,394082,3,12547
8/29/2021,SK,Slovakia,EURO,660,394742,1,12548
9/5/2021,SK,Slovakia,EURO,1338,396080,1,12549
9/12/2021,SK,Slovakia,EURO,2610,398690,9,12558
9/19/2021,SK,Slovakia,EURO,4118,402808,11,12569
9/26/2021,SK,Slovakia,EURO,5680,408488,27,12596
10/3/2021,SK,Slovakia,EURO,7505,415993,72,12668
10/10/2021,SK,Slovakia,EURO,9576,425569,63,12731
10/17/2021,SK,Slovakia,EURO,11815,437384,115,12846
10/24/2021,SK,Slovakia,EURO,19054,456438,57,12903
10/31/2021,SK,Slovakia,EURO,27335,483773,131,13034
11/7/2021,SK,Slovakia,EURO,34862,518635,195,13229
11/14/2021,SK,Slovakia,EURO,41465,560100,308,13537
11/21/2021,SK,Slovakia,EURO,50040,610140,324,13861
11/28/2021,SK,Slovakia,EURO,57821,667961,413,14274
12/5/2021,SK,Slovakia,EURO,61514,729475,552,14826
12/12/2021,SK,Slovakia,EURO,45382,774857,528,15354
12/19/2021,SK,Slovakia,EURO,31258,806115,660,16014
12/26/2021,SK,Slovakia,EURO,19514,825629,384,16398
1/2/2022,SK,Slovakia,EURO,18980,844609,303,16701
1/9/2022,SK,Slovakia,EURO,18353,862962,261,16962
1/16/2022,SK,Slovakia,EURO,16694,879656,338,17300
1/23/2022,SK,Slovakia,EURO,38262,917918,343,17643
1/30/2022,SK,Slovakia,EURO,82427,1000345,174,17817
2/6/2022,SK,Slovakia,EURO,116710,1117055,141,17958
2/13/2022,SK,Slovakia,EURO,124066,1241121,137,18095
2/20/2022,SK,Slovakia,EURO,113227,1354348,145,18240
2/27/2022,SK,Slovakia,EURO,87846,1442194,213,18453
3/6/2022,SK,Slovakia,EURO,67300,1509494,234,18687
3/13/2022,SK,Slovakia,EURO,63617,1573111,231,18918
3/20/2022,SK,Slovakia,EURO,61558,1634669,192,19110
3/27/2022,SK,Slovakia,EURO,52756,1687425,160,19270
4/3/2022,SK,Slovakia,EURO,38062,1725487,147,19417
4/10/2022,SK,Slovakia,EURO,25054,1750541,156,19573
4/17/2022,SK,Slovakia,EURO,13454,1763995,168,19741
4/24/2022,SK,Slovakia,EURO,10813,1774808,98,19839
5/1/2022,SK,Slovakia,EURO,6884,1781692,78,19917
5/8/2022,SK,Slovakia,EURO,3441,1785133,61,19978
5/15/2022,SK,Slovakia,EURO,1960,1787093,63,20041
5/22/2022,SK,Slovakia,EURO,1359,1788452,39,20080
5/29/2022,SK,Slovakia,EURO,985,1789437,17,20097
6/5/2022,SK,Slovakia,EURO,791,1790228,7,20104
6/12/2022,SK,Slovakia,EURO,964,1791192,12,20116
6/19/2022,SK,Slovakia,EURO,1125,1792317,17,20133
6/26/2022,SK,Slovakia,EURO,1994,1794311,9,20142
7/3/2022,SK,Slovakia,EURO,3094,1797405,9,20151
7/10/2022,SK,Slovakia,EURO,3633,1801038,9,20160
7/17/2022,SK,Slovakia,EURO,5052,1806090,12,20172
7/24/2022,SK,Slovakia,EURO,5960,1812050,25,20197
7/31/2022,SK,Slovakia,EURO,5729,1817779,26,20223
8/7/2022,SK,Slovakia,EURO,5480,1823259,36,20259
8/14/2022,SK,Slovakia,EURO,4452,1827711,44,20303
8/21/2022,SK,Slovakia,EURO,3341,1831052,30,20333
8/28/2022,SK,Slovakia,EURO,2639,1833691,15,20348
9/4/2022,SK,Slovakia,EURO,1586,1835277,15,20363
9/11/2022,SK,Slovakia,EURO,1946,1837223,39,20402
9/18/2022,SK,Slovakia,EURO,1933,1839156,34,20436
9/25/2022,SK,Slovakia,EURO,2346,1841502,12,20448
10/2/2022,SK,Slovakia,EURO,2898,1844400,13,20461
10/9/2022,SK,Slovakia,EURO,2846,1847246,17,20478
10/16/2022,SK,Slovakia,EURO,2281,1849527,33,20511
10/23/2022,SK,Slovakia,EURO,1756,1851283,46,20557
10/30/2022,SK,Slovakia,EURO,1269,1852552,44,20601
11/6/2022,SK,Slovakia,EURO,997,1853549,34,20635
11/13/2022,SK,Slovakia,EURO,822,1854371,41,20676
11/20/2022,SK,Slovakia,EURO,628,1854999,35,20711
11/27/2022,SK,Slovakia,EURO,665,1855664,18,20729
12/4/2022,SK,Slovakia,EURO,713,1856377,12,20741
12/11/2022,SK,Slovakia,EURO,812,1857189,20,20761
12/18/2022,SK,Slovakia,EURO,779,1857968,22,20783
12/25/2022,SK,Slovakia,EURO,719,1858687,20,20803
1/1/2023,SK,Slovakia,EURO,549,1859236,20,20823
1/8/2023,SK,Slovakia,EURO,456,1859692,22,20845
1/15/2023,SK,Slovakia,EURO,417,1860109,30,20875
1/22/2023,SK,Slovakia,EURO,330,1860439,31,20906
1/29/2023,SK,Slovakia,EURO,311,1860750,32,20938
2/5/2023,SK,Slovakia,EURO,362,1861112,23,20961
2/12/2023,SK,Slovakia,EURO,473,1861585,19,20980
2/19/2023,SK,Slovakia,EURO,555,1862140,16,20996
2/26/2023,SK,Slovakia,EURO,620,1862760,21,21017
3/5/2023,SK,Slovakia,EURO,638,1863398,13,21030
3/12/2023,SK,Slovakia,EURO,722,1864120,12,21042
3/19/2023,SK,Slovakia,EURO,511,1864631,21,21063
3/26/2023,SK,Slovakia,EURO,424,1865055,20,21083
4/2/2023,SK,Slovakia,EURO,442,1865497,27,21110
4/9/2023,SK,Slovakia,EURO,312,1865809,11,21121
4/16/2023,SK,Slovakia,EURO,262,1866071,23,21144
4/23/2023,SK,Slovakia,EURO,237,1866308,20,21164
4/30/2023,SK,Slovakia,EURO,4,1866312,3,21167
5/7/2023,SK,Slovakia,EURO,158,1866470,0,21167
5/14/2023,SK,Slovakia,EURO,177,1866647,0,21167
5/21/2023,SK,Slovakia,EURO,98,1866745,0,21167
5/28/2023,SK,Slovakia,EURO,69,1866814,0,21167
6/4/2023,SK,Slovakia,EURO,43,1866857,0,21167
6/11/2023,SK,Slovakia,EURO,0,1866857,0,21167
6/18/2023,SK,Slovakia,EURO,0,1866857,0,21167
6/25/2023,SK,Slovakia,EURO,0,1866857,0,21167
7/2/2023,SK,Slovakia,EURO,0,1866857,0,21167
7/9/2023,SK,Slovakia,EURO,0,1866857,0,21167
7/16/2023,SK,Slovakia,EURO,0,1866857,0,21167
7/23/2023,SK,Slovakia,EURO,30,1866887,0,21167
7/30/2023,SK,Slovakia,EURO,11,1866898,0,21167
8/6/2023,SK,Slovakia,EURO,10,1866908,0,21167
8/13/2023,SK,Slovakia,EURO,182,1867090,0,21167
8/20/2023,SK,Slovakia,EURO,27,1867117,0,21167
8/27/2023,SK,Slovakia,EURO,31,1867148,0,21167
9/3/2023,SK,Slovakia,EURO,54,1867202,0,21167
9/10/2023,SK,Slovakia,EURO,39,1867241,0,21167
9/17/2023,SK,Slovakia,EURO,82,1867323,0,21167
9/24/2023,SK,Slovakia,EURO,98,1867421,0,21167
10/1/2023,SK,Slovakia,EURO,104,1867525,0,21167
10/8/2023,SK,Slovakia,EURO,122,1867647,0,21167
10/15/2023,SK,Slovakia,EURO,152,1867799,0,21167
10/22/2023,SK,Slovakia,EURO,134,1867933,0,21167
10/29/2023,SK,Slovakia,EURO,178,1868111,0,21167
11/5/2023,SK,Slovakia,EURO,190,1868301,0,21167
11/12/2023,SK,Slovakia,EURO,171,1868472,0,21167
11/19/2023,SK,Slovakia,EURO,176,1868648,0,21167
11/26/2023,SK,Slovakia,EURO,153,1868801,0,21167
12/3/2023,SK,Slovakia,EURO,0,1868801,0,21167
12/10/2023,SK,Slovakia,EURO,1341,1870142,2,21169
12/17/2023,SK,Slovakia,EURO,1067,1871209,1,21170
12/24/2023,SK,Slovakia,EURO,1182,1872391,5,21175
1/5/2020,SI,Slovenia,EURO,0,0,0,0
1/12/2020,SI,Slovenia,EURO,0,0,0,0
1/19/2020,SI,Slovenia,EURO,0,0,0,0
1/26/2020,SI,Slovenia,EURO,0,0,0,0
2/2/2020,SI,Slovenia,EURO,0,0,0,0
2/9/2020,SI,Slovenia,EURO,0,0,0,0
2/16/2020,SI,Slovenia,EURO,0,0,0,0
2/23/2020,SI,Slovenia,EURO,0,0,0,0
3/1/2020,SI,Slovenia,EURO,0,0,0,0
3/8/2020,SI,Slovenia,EURO,20,20,0,0
3/15/2020,SI,Slovenia,EURO,230,250,1,1
3/22/2020,SI,Slovenia,EURO,192,442,1,2
3/29/2020,SI,Slovenia,EURO,315,757,11,13
4/5/2020,SI,Slovenia,EURO,264,1021,20,33
4/12/2020,SI,Slovenia,EURO,192,1213,28,61
4/19/2020,SI,Slovenia,EURO,123,1336,22,83
4/26/2020,SI,Slovenia,EURO,67,1403,7,90
5/3/2020,SI,Slovenia,EURO,36,1439,15,105
5/10/2020,SI,Slovenia,EURO,21,1460,5,110
5/17/2020,SI,Slovenia,EURO,6,1466,1,111
5/24/2020,SI,Slovenia,EURO,3,1469,2,113
5/31/2020,SI,Slovenia,EURO,4,1473,0,113
6/7/2020,SI,Slovenia,EURO,12,1485,1,114
6/14/2020,SI,Slovenia,EURO,11,1496,0,114
6/21/2020,SI,Slovenia,EURO,25,1521,0,114
6/28/2020,SI,Slovenia,EURO,63,1584,0,114
7/5/2020,SI,Slovenia,EURO,132,1716,0,114
7/12/2020,SI,Slovenia,EURO,134,1850,0,114
7/19/2020,SI,Slovenia,EURO,104,1954,1,115
7/26/2020,SI,Slovenia,EURO,134,2088,4,119
8/2/2020,SI,Slovenia,EURO,94,2182,5,124
8/9/2020,SI,Slovenia,EURO,74,2256,6,130
8/16/2020,SI,Slovenia,EURO,174,2430,1,131
8/23/2020,SI,Slovenia,EURO,236,2666,2,133
8/30/2020,SI,Slovenia,EURO,218,2884,0,133
9/6/2020,SI,Slovenia,EURO,307,3191,1,134
9/13/2020,SI,Slovenia,EURO,559,3750,3,137
9/20/2020,SI,Slovenia,EURO,721,4471,8,145
9/27/2020,SI,Slovenia,EURO,919,5390,10,155
10/4/2020,SI,Slovenia,EURO,1186,6576,7,162
10/11/2020,SI,Slovenia,EURO,2258,8834,17,179
10/18/2020,SI,Slovenia,EURO,4852,13686,34,213
10/25/2020,SI,Slovenia,EURO,10427,24113,76,289
11/1/2020,SI,Slovenia,EURO,12106,36219,153,442
11/8/2020,SI,Slovenia,EURO,9437,45656,204,646
11/15/2020,SI,Slovenia,EURO,9927,55583,270,916
11/22/2020,SI,Slovenia,EURO,10215,65798,291,1207
11/29/2020,SI,Slovenia,EURO,10073,75871,362,1569
12/6/2020,SI,Slovenia,EURO,10459,86330,404,1973
12/13/2020,SI,Slovenia,EURO,10455,96785,353,2326
12/20/2020,SI,Slovenia,EURO,9517,106302,298,2624
12/27/2020,SI,Slovenia,EURO,9109,115411,257,2881
1/3/2021,SI,Slovenia,EURO,10550,125961,248,3129
1/10/2021,SI,Slovenia,EURO,13866,139827,201,3330
1/17/2021,SI,Slovenia,EURO,9749,149576,191,3521
1/24/2021,SI,Slovenia,EURO,8703,158279,187,3708
1/31/2021,SI,Slovenia,EURO,8642,166921,149,3857
2/7/2021,SI,Slovenia,EURO,7100,174021,119,3976
2/14/2021,SI,Slovenia,EURO,5716,179737,91,4067
2/21/2021,SI,Slovenia,EURO,5261,184998,41,4108
2/28/2021,SI,Slovenia,EURO,5427,190425,66,4174
3/7/2021,SI,Slovenia,EURO,5370,195795,38,4212
3/14/2021,SI,Slovenia,EURO,4876,200671,46,4258
3/21/2021,SI,Slovenia,EURO,5797,206468,49,4307
3/28/2021,SI,Slovenia,EURO,6659,213127,53,4360
4/4/2021,SI,Slovenia,EURO,7472,220599,61,4421
4/11/2021,SI,Slovenia,EURO,6378,226977,44,4465
4/18/2021,SI,Slovenia,EURO,5523,232500,46,4511
4/25/2021,SI,Slovenia,EURO,4851,237351,55,4566
5/2/2021,SI,Slovenia,EURO,4680,242031,52,4618
5/9/2021,SI,Slovenia,EURO,4280,246311,31,4649
5/16/2021,SI,Slovenia,EURO,3196,249507,29,4678
5/23/2021,SI,Slovenia,EURO,2351,251858,19,4697
5/30/2021,SI,Slovenia,EURO,1955,253813,19,4716
6/6/2021,SI,Slovenia,EURO,1711,255524,14,4730
6/13/2021,SI,Slovenia,EURO,1033,256557,20,4750
6/20/2021,SI,Slovenia,EURO,532,257089,9,4759
6/27/2021,SI,Slovenia,EURO,251,257340,6,4765
7/4/2021,SI,Slovenia,EURO,177,257517,1,4766
7/11/2021,SI,Slovenia,EURO,387,257904,8,4774
7/18/2021,SI,Slovenia,EURO,377,258281,0,4774
7/25/2021,SI,Slovenia,EURO,473,258754,1,4775
8/1/2021,SI,Slovenia,EURO,631,259385,1,4776
8/8/2021,SI,Slovenia,EURO,849,260234,1,4777
8/15/2021,SI,Slovenia,EURO,1333,261567,0,4777
8/22/2021,SI,Slovenia,EURO,2173,263740,9,4786
8/29/2021,SI,Slovenia,EURO,3001,266741,10,4796
9/5/2021,SI,Slovenia,EURO,3889,270630,8,4804
9/12/2021,SI,Slovenia,EURO,5927,276557,21,4825
9/19/2021,SI,Slovenia,EURO,7321,283878,36,4861
9/26/2021,SI,Slovenia,EURO,6190,290068,45,4906
10/3/2021,SI,Slovenia,EURO,6135,296203,54,4960
10/10/2021,SI,Slovenia,EURO,5560,301763,50,5010
10/17/2021,SI,Slovenia,EURO,6855,308618,35,5045
10/24/2021,SI,Slovenia,EURO,12129,320747,52,5097
10/31/2021,SI,Slovenia,EURO,16496,337243,75,5172
11/7/2021,SI,Slovenia,EURO,20173,357416,104,5276
11/14/2021,SI,Slovenia,EURO,22694,380110,128,5404
11/21/2021,SI,Slovenia,EURO,22116,402226,142,5546
11/28/2021,SI,Slovenia,EURO,16328,418554,148,5694
12/5/2021,SI,Slovenia,EURO,12407,430961,135,5829
12/12/2021,SI,Slovenia,EURO,9762,440723,114,5943
12/19/2021,SI,Slovenia,EURO,8517,449240,85,6028
12/26/2021,SI,Slovenia,EURO,7602,456842,61,6089
1/2/2022,SI,Slovenia,EURO,10794,467636,64,6153
1/9/2022,SI,Slovenia,EURO,25801,493437,57,6210
1/16/2022,SI,Slovenia,EURO,45033,538470,51,6261
1/23/2022,SI,Slovenia,EURO,73730,612200,84,6345
1/30/2022,SI,Slovenia,EURO,98826,711026,119,6464
2/6/2022,SI,Slovenia,EURO,89441,800467,173,6637
2/13/2022,SI,Slovenia,EURO,51552,852019,167,6804
2/20/2022,SI,Slovenia,EURO,28450,880469,185,6989
2/27/2022,SI,Slovenia,EURO,12487,892956,151,7140
3/6/2022,SI,Slovenia,EURO,11796,904752,101,7241
3/13/2022,SI,Slovenia,EURO,14385,919137,80,7321
3/20/2022,SI,Slovenia,EURO,19377,938514,64,7385
3/27/2022,SI,Slovenia,EURO,19975,958489,50,7435
4/3/2022,SI,Slovenia,EURO,17024,975513,60,7495
4/10/2022,SI,Slovenia,EURO,12973,988486,56,7551
4/17/2022,SI,Slovenia,EURO,9487,997973,51,7602
4/24/2022,SI,Slovenia,EURO,6980,1004953,55,7657
5/1/2022,SI,Slovenia,EURO,5976,1010929,40,7697
5/8/2022,SI,Slovenia,EURO,5157,1016086,42,7739
5/15/2022,SI,Slovenia,EURO,3804,1019890,31,7770
5/22/2022,SI,Slovenia,EURO,2754,1022644,18,7788
5/29/2022,SI,Slovenia,EURO,2024,1024668,11,7799
6/5/2022,SI,Slovenia,EURO,1735,1026403,13,7812
6/12/2022,SI,Slovenia,EURO,2006,1028409,9,7821
6/19/2022,SI,Slovenia,EURO,2853,1031262,7,7828
6/26/2022,SI,Slovenia,EURO,4205,1035467,4,7832
7/3/2022,SI,Slovenia,EURO,6062,1041529,11,7843
7/10/2022,SI,Slovenia,EURO,8766,1050295,20,7863
7/17/2022,SI,Slovenia,EURO,10756,1061051,24,7887
7/24/2022,SI,Slovenia,EURO,11499,1072550,53,7940
7/31/2022,SI,Slovenia,EURO,11465,1084015,47,7987
8/7/2022,SI,Slovenia,EURO,10282,1094297,50,8037
8/14/2022,SI,Slovenia,EURO,9878,1104175,51,8088
8/21/2022,SI,Slovenia,EURO,9473,1113648,34,8122
8/28/2022,SI,Slovenia,EURO,9414,1123062,41,8163
9/4/2022,SI,Slovenia,EURO,8906,1131968,28,8191
9/11/2022,SI,Slovenia,EURO,11450,1143418,23,8214
9/18/2022,SI,Slovenia,EURO,14454,1157872,33,8247
9/25/2022,SI,Slovenia,EURO,14000,1171872,21,8268
10/2/2022,SI,Slovenia,EURO,15885,1187757,37,8305
10/9/2022,SI,Slovenia,EURO,15708,1203465,49,8354
10/16/2022,SI,Slovenia,EURO,12986,1216451,49,8403
10/23/2022,SI,Slovenia,EURO,9803,1226254,49,8452
10/30/2022,SI,Slovenia,EURO,7447,1233701,34,8486
11/6/2022,SI,Slovenia,EURO,4567,1238268,33,8519
11/13/2022,SI,Slovenia,EURO,4362,1242630,22,8541
11/20/2022,SI,Slovenia,EURO,5422,1248052,22,8563
11/27/2022,SI,Slovenia,EURO,6877,1254929,27,8590
12/4/2022,SI,Slovenia,EURO,9278,1264207,34,8624
12/11/2022,SI,Slovenia,EURO,12161,1276368,41,8665
12/18/2022,SI,Slovenia,EURO,12766,1289134,61,8726
12/25/2022,SI,Slovenia,EURO,11669,1300803,75,8801
1/1/2023,SI,Slovenia,EURO,7698,1308501,70,8871
1/8/2023,SI,Slovenia,EURO,5940,1314441,71,8942
1/15/2023,SI,Slovenia,EURO,3281,1317722,52,8994
1/22/2023,SI,Slovenia,EURO,2025,1319747,50,9044
1/29/2023,SI,Slovenia,EURO,1621,1321368,32,9076
2/5/2023,SI,Slovenia,EURO,1384,1322752,11,9087
2/12/2023,SI,Slovenia,EURO,1238,1323990,18,9105
2/19/2023,SI,Slovenia,EURO,1653,1325643,18,9123
2/26/2023,SI,Slovenia,EURO,2046,1327689,25,9148
3/5/2023,SI,Slovenia,EURO,2355,1330044,13,9161
3/12/2023,SI,Slovenia,EURO,2843,1332887,16,9177
3/19/2023,SI,Slovenia,EURO,2888,1335775,23,9200
3/26/2023,SI,Slovenia,EURO,3044,1338819,27,9227
4/2/2023,SI,Slovenia,EURO,2432,1341251,17,9244
4/9/2023,SI,Slovenia,EURO,939,1342190,32,9276
4/16/2023,SI,Slovenia,EURO,559,1342749,20,9296
4/23/2023,SI,Slovenia,EURO,456,1343205,23,9319
4/30/2023,SI,Slovenia,EURO,309,1343514,20,9339
5/7/2023,SI,Slovenia,EURO,201,1343715,20,9359
5/14/2023,SI,Slovenia,EURO,182,1343897,18,9377
5/21/2023,SI,Slovenia,EURO,182,1344079,7,9384
5/28/2023,SI,Slovenia,EURO,191,1344270,9,9393
6/4/2023,SI,Slovenia,EURO,110,1344380,6,9399
6/11/2023,SI,Slovenia,EURO,85,1344465,7,9406
6/18/2023,SI,Slovenia,EURO,61,1344526,6,9412
6/25/2023,SI,Slovenia,EURO,36,1344562,10,9422
7/2/2023,SI,Slovenia,EURO,20,1344582,2,9424
7/9/2023,SI,Slovenia,EURO,27,1344609,2,9426
7/16/2023,SI,Slovenia,EURO,6,1344615,3,9429
7/23/2023,SI,Slovenia,EURO,24,1344639,1,9430
7/30/2023,SI,Slovenia,EURO,16,1344655,1,9431
8/6/2023,SI,Slovenia,EURO,24,1344679,2,9433
8/13/2023,SI,Slovenia,EURO,29,1344708,1,9434
8/20/2023,SI,Slovenia,EURO,61,1344769,3,9437
8/27/2023,SI,Slovenia,EURO,74,1344843,0,9437
9/3/2023,SI,Slovenia,EURO,92,1344935,3,9440
9/10/2023,SI,Slovenia,EURO,118,1345053,2,9442
9/17/2023,SI,Slovenia,EURO,152,1345205,7,9449
9/24/2023,SI,Slovenia,EURO,223,1345428,4,9453
10/1/2023,SI,Slovenia,EURO,348,1345776,7,9460
10/8/2023,SI,Slovenia,EURO,399,1346175,9,9469
10/15/2023,SI,Slovenia,EURO,487,1346662,14,9483
10/22/2023,SI,Slovenia,EURO,402,1347064,4,9487
10/29/2023,SI,Slovenia,EURO,0,1347064,0,9487
11/5/2023,SI,Slovenia,EURO,0,1347064,0,9487
11/12/2023,SI,Slovenia,EURO,0,1347064,0,9487
11/19/2023,SI,Slovenia,EURO,0,1347064,0,9487
11/26/2023,SI,Slovenia,EURO,0,1347064,0,9487
12/3/2023,SI,Slovenia,EURO,0,1347064,0,9487
12/10/2023,SI,Slovenia,EURO,1839,1348903,49,9536
12/17/2023,SI,Slovenia,EURO,1119,1350022,45,9581
12/24/2023,SI,Slovenia,EURO,1118,1351140,56,9637
1/5/2020,SB,Solomon Islands,WPRO,0,0,0,0
1/12/2020,SB,Solomon Islands,WPRO,0,0,0,0
1/19/2020,SB,Solomon Islands,WPRO,0,0,0,0
1/26/2020,SB,Solomon Islands,WPRO,0,0,0,0
2/2/2020,SB,Solomon Islands,WPRO,0,0,0,0
2/9/2020,SB,Solomon Islands,WPRO,0,0,0,0
2/16/2020,SB,Solomon Islands,WPRO,0,0,0,0
2/23/2020,SB,Solomon Islands,WPRO,0,0,0,0
3/1/2020,SB,Solomon Islands,WPRO,0,0,0,0
3/8/2020,SB,Solomon Islands,WPRO,0,0,0,0
3/15/2020,SB,Solomon Islands,WPRO,0,0,0,0
3/22/2020,SB,Solomon Islands,WPRO,0,0,0,0
3/29/2020,SB,Solomon Islands,WPRO,0,0,0,0
4/5/2020,SB,Solomon Islands,WPRO,0,0,0,0
4/12/2020,SB,Solomon Islands,WPRO,0,0,0,0
4/19/2020,SB,Solomon Islands,WPRO,0,0,0,0
4/26/2020,SB,Solomon Islands,WPRO,0,0,0,0
5/3/2020,SB,Solomon Islands,WPRO,0,0,0,0
5/10/2020,SB,Solomon Islands,WPRO,0,0,0,0
5/17/2020,SB,Solomon Islands,WPRO,0,0,0,0
5/24/2020,SB,Solomon Islands,WPRO,0,0,0,0
5/31/2020,SB,Solomon Islands,WPRO,0,0,0,0
6/7/2020,SB,Solomon Islands,WPRO,0,0,0,0
6/14/2020,SB,Solomon Islands,WPRO,0,0,0,0
6/21/2020,SB,Solomon Islands,WPRO,0,0,0,0
6/28/2020,SB,Solomon Islands,WPRO,0,0,0,0
7/5/2020,SB,Solomon Islands,WPRO,0,0,0,0
7/12/2020,SB,Solomon Islands,WPRO,0,0,0,0
7/19/2020,SB,Solomon Islands,WPRO,0,0,0,0
7/26/2020,SB,Solomon Islands,WPRO,0,0,0,0
8/2/2020,SB,Solomon Islands,WPRO,0,0,0,0
8/9/2020,SB,Solomon Islands,WPRO,0,0,0,0
8/16/2020,SB,Solomon Islands,WPRO,0,0,0,0
8/23/2020,SB,Solomon Islands,WPRO,0,0,0,0
8/30/2020,SB,Solomon Islands,WPRO,0,0,0,0
9/6/2020,SB,Solomon Islands,WPRO,0,0,0,0
9/13/2020,SB,Solomon Islands,WPRO,0,0,0,0
9/20/2020,SB,Solomon Islands,WPRO,0,0,0,0
9/27/2020,SB,Solomon Islands,WPRO,0,0,0,0
10/4/2020,SB,Solomon Islands,WPRO,1,1,0,0
10/11/2020,SB,Solomon Islands,WPRO,0,1,0,0
10/18/2020,SB,Solomon Islands,WPRO,2,3,0,0
10/25/2020,SB,Solomon Islands,WPRO,1,4,0,0
11/1/2020,SB,Solomon Islands,WPRO,4,8,0,0
11/8/2020,SB,Solomon Islands,WPRO,5,13,0,0
11/15/2020,SB,Solomon Islands,WPRO,3,16,0,0
11/22/2020,SB,Solomon Islands,WPRO,0,16,0,0
11/29/2020,SB,Solomon Islands,WPRO,1,17,0,0
12/6/2020,SB,Solomon Islands,WPRO,0,17,0,0
12/13/2020,SB,Solomon Islands,WPRO,0,17,0,0
12/20/2020,SB,Solomon Islands,WPRO,0,17,0,0
12/27/2020,SB,Solomon Islands,WPRO,0,17,0,0
1/3/2021,SB,Solomon Islands,WPRO,0,17,0,0
1/10/2021,SB,Solomon Islands,WPRO,0,17,0,0
1/17/2021,SB,Solomon Islands,WPRO,0,17,0,0
1/24/2021,SB,Solomon Islands,WPRO,0,17,0,0
1/31/2021,SB,Solomon Islands,WPRO,0,17,0,0
2/7/2021,SB,Solomon Islands,WPRO,0,17,0,0
2/14/2021,SB,Solomon Islands,WPRO,1,18,0,0
2/21/2021,SB,Solomon Islands,WPRO,0,18,0,0
2/28/2021,SB,Solomon Islands,WPRO,0,18,0,0
3/7/2021,SB,Solomon Islands,WPRO,0,18,0,0
3/14/2021,SB,Solomon Islands,WPRO,0,18,0,0
3/21/2021,SB,Solomon Islands,WPRO,0,18,0,0
3/28/2021,SB,Solomon Islands,WPRO,1,19,0,0
4/4/2021,SB,Solomon Islands,WPRO,0,19,0,0
4/11/2021,SB,Solomon Islands,WPRO,1,20,0,0
4/18/2021,SB,Solomon Islands,WPRO,0,20,0,0
4/25/2021,SB,Solomon Islands,WPRO,0,20,0,0
5/2/2021,SB,Solomon Islands,WPRO,0,20,0,0
5/9/2021,SB,Solomon Islands,WPRO,0,20,0,0
5/16/2021,SB,Solomon Islands,WPRO,0,20,0,0
5/23/2021,SB,Solomon Islands,WPRO,0,20,0,0
5/30/2021,SB,Solomon Islands,WPRO,0,20,0,0
6/6/2021,SB,Solomon Islands,WPRO,0,20,0,0
6/13/2021,SB,Solomon Islands,WPRO,0,20,0,0
6/20/2021,SB,Solomon Islands,WPRO,0,20,0,0
6/27/2021,SB,Solomon Islands,WPRO,0,20,0,0
7/4/2021,SB,Solomon Islands,WPRO,0,20,0,0
7/11/2021,SB,Solomon Islands,WPRO,0,20,0,0
7/18/2021,SB,Solomon Islands,WPRO,0,20,0,0
7/25/2021,SB,Solomon Islands,WPRO,0,20,0,0
8/1/2021,SB,Solomon Islands,WPRO,0,20,0,0
8/8/2021,SB,Solomon Islands,WPRO,0,20,0,0
8/15/2021,SB,Solomon Islands,WPRO,0,20,0,0
8/22/2021,SB,Solomon Islands,WPRO,0,20,0,0
8/29/2021,SB,Solomon Islands,WPRO,0,20,0,0
9/5/2021,SB,Solomon Islands,WPRO,0,20,0,0
9/12/2021,SB,Solomon Islands,WPRO,0,20,0,0
9/19/2021,SB,Solomon Islands,WPRO,0,20,0,0
9/26/2021,SB,Solomon Islands,WPRO,0,20,0,0
10/3/2021,SB,Solomon Islands,WPRO,0,20,0,0
10/10/2021,SB,Solomon Islands,WPRO,0,20,0,0
10/17/2021,SB,Solomon Islands,WPRO,0,20,0,0
10/24/2021,SB,Solomon Islands,WPRO,0,20,0,0
10/31/2021,SB,Solomon Islands,WPRO,0,20,0,0
11/7/2021,SB,Solomon Islands,WPRO,0,20,0,0
11/14/2021,SB,Solomon Islands,WPRO,0,20,0,0
11/21/2021,SB,Solomon Islands,WPRO,0,20,0,0
11/28/2021,SB,Solomon Islands,WPRO,0,20,0,0
12/5/2021,SB,Solomon Islands,WPRO,0,20,0,0
12/12/2021,SB,Solomon Islands,WPRO,0,20,0,0
12/19/2021,SB,Solomon Islands,WPRO,0,20,0,0
12/26/2021,SB,Solomon Islands,WPRO,2,22,0,0
1/2/2022,SB,Solomon Islands,WPRO,2,24,0,0
1/9/2022,SB,Solomon Islands,WPRO,1,25,0,0
1/16/2022,SB,Solomon Islands,WPRO,0,25,0,0
1/23/2022,SB,Solomon Islands,WPRO,264,289,0,0
1/30/2022,SB,Solomon Islands,WPRO,894,1183,9,9
2/6/2022,SB,Solomon Islands,WPRO,2012,3195,24,33
2/13/2022,SB,Solomon Islands,WPRO,1430,4625,25,58
2/20/2022,SB,Solomon Islands,WPRO,1188,5813,25,83
2/27/2022,SB,Solomon Islands,WPRO,1124,6937,13,96
3/6/2022,SB,Solomon Islands,WPRO,1089,8026,20,116
3/13/2022,SB,Solomon Islands,WPRO,1098,9124,4,120
3/20/2022,SB,Solomon Islands,WPRO,727,9851,7,127
3/27/2022,SB,Solomon Islands,WPRO,927,10778,6,133
4/3/2022,SB,Solomon Islands,WPRO,692,11470,0,133
4/10/2022,SB,Solomon Islands,WPRO,535,12005,4,137
4/17/2022,SB,Solomon Islands,WPRO,280,12285,2,139
4/24/2022,SB,Solomon Islands,WPRO,1897,14182,1,140
5/1/2022,SB,Solomon Islands,WPRO,1078,15260,1,141
5/8/2022,SB,Solomon Islands,WPRO,1181,16441,2,143
5/15/2022,SB,Solomon Islands,WPRO,1733,18174,3,146
5/22/2022,SB,Solomon Islands,WPRO,0,18174,0,146
5/29/2022,SB,Solomon Islands,WPRO,0,18174,0,146
6/5/2022,SB,Solomon Islands,WPRO,3063,21237,3,149
6/12/2022,SB,Solomon Islands,WPRO,307,21544,0,149
6/19/2022,SB,Solomon Islands,WPRO,0,21544,4,153
6/26/2022,SB,Solomon Islands,WPRO,0,21544,0,153
7/3/2022,SB,Solomon Islands,WPRO,0,21544,0,153
7/10/2022,SB,Solomon Islands,WPRO,0,21544,0,153
7/17/2022,SB,Solomon Islands,WPRO,0,21544,0,153
7/24/2022,SB,Solomon Islands,WPRO,0,21544,0,153
7/31/2022,SB,Solomon Islands,WPRO,0,21544,0,153
8/7/2022,SB,Solomon Islands,WPRO,0,21544,0,153
8/14/2022,SB,Solomon Islands,WPRO,0,21544,0,153
8/21/2022,SB,Solomon Islands,WPRO,0,21544,0,153
8/28/2022,SB,Solomon Islands,WPRO,0,21544,0,153
9/4/2022,SB,Solomon Islands,WPRO,0,21544,0,153
9/11/2022,SB,Solomon Islands,WPRO,0,21544,0,153
9/18/2022,SB,Solomon Islands,WPRO,0,21544,0,153
9/25/2022,SB,Solomon Islands,WPRO,0,21544,0,153
10/2/2022,SB,Solomon Islands,WPRO,0,21544,0,153
10/9/2022,SB,Solomon Islands,WPRO,0,21544,0,153
10/16/2022,SB,Solomon Islands,WPRO,0,21544,0,153
10/23/2022,SB,Solomon Islands,WPRO,0,21544,0,153
10/30/2022,SB,Solomon Islands,WPRO,0,21544,0,153
11/6/2022,SB,Solomon Islands,WPRO,19,21563,0,153
11/13/2022,SB,Solomon Islands,WPRO,0,21563,0,153
11/20/2022,SB,Solomon Islands,WPRO,48,21611,0,153
11/27/2022,SB,Solomon Islands,WPRO,0,21611,0,153
12/4/2022,SB,Solomon Islands,WPRO,0,21611,0,153
12/11/2022,SB,Solomon Islands,WPRO,0,21611,0,153
12/18/2022,SB,Solomon Islands,WPRO,0,21611,0,153
12/25/2022,SB,Solomon Islands,WPRO,0,21611,0,153
1/1/2023,SB,Solomon Islands,WPRO,0,21611,0,153
1/8/2023,SB,Solomon Islands,WPRO,0,21611,0,153
1/15/2023,SB,Solomon Islands,WPRO,0,21611,0,153
1/22/2023,SB,Solomon Islands,WPRO,0,21611,0,153
1/29/2023,SB,Solomon Islands,WPRO,0,21611,0,153
2/5/2023,SB,Solomon Islands,WPRO,0,21611,0,153
2/12/2023,SB,Solomon Islands,WPRO,0,21611,0,153
2/19/2023,SB,Solomon Islands,WPRO,0,21611,0,153
2/26/2023,SB,Solomon Islands,WPRO,0,21611,0,153
3/5/2023,SB,Solomon Islands,WPRO,0,21611,0,153
3/12/2023,SB,Solomon Islands,WPRO,0,21611,0,153
3/19/2023,SB,Solomon Islands,WPRO,0,21611,0,153
3/26/2023,SB,Solomon Islands,WPRO,0,21611,0,153
4/2/2023,SB,Solomon Islands,WPRO,0,21611,0,153
4/9/2023,SB,Solomon Islands,WPRO,0,21611,0,153
4/16/2023,SB,Solomon Islands,WPRO,0,21611,0,153
4/23/2023,SB,Solomon Islands,WPRO,0,21611,0,153
4/30/2023,SB,Solomon Islands,WPRO,0,21611,0,153
5/7/2023,SB,Solomon Islands,WPRO,0,21611,0,153
5/14/2023,SB,Solomon Islands,WPRO,0,21611,0,153
5/21/2023,SB,Solomon Islands,WPRO,0,21611,0,153
5/28/2023,SB,Solomon Islands,WPRO,0,21611,0,153
6/4/2023,SB,Solomon Islands,WPRO,0,21611,0,153
6/11/2023,SB,Solomon Islands,WPRO,0,21611,0,153
6/18/2023,SB,Solomon Islands,WPRO,0,21611,0,153
6/25/2023,SB,Solomon Islands,WPRO,0,21611,0,153
7/2/2023,SB,Solomon Islands,WPRO,0,21611,0,153
7/9/2023,SB,Solomon Islands,WPRO,0,21611,0,153
7/16/2023,SB,Solomon Islands,WPRO,0,21611,0,153
7/23/2023,SB,Solomon Islands,WPRO,0,21611,0,153
7/30/2023,SB,Solomon Islands,WPRO,0,21611,0,153
8/6/2023,SB,Solomon Islands,WPRO,0,21611,0,153
8/13/2023,SB,Solomon Islands,WPRO,0,21611,0,153
8/20/2023,SB,Solomon Islands,WPRO,0,21611,0,153
8/27/2023,SB,Solomon Islands,WPRO,0,21611,0,153
9/3/2023,SB,Solomon Islands,WPRO,0,21611,0,153
9/10/2023,SB,Solomon Islands,WPRO,0,21611,0,153
9/17/2023,SB,Solomon Islands,WPRO,0,21611,0,153
9/24/2023,SB,Solomon Islands,WPRO,0,21611,0,153
10/1/2023,SB,Solomon Islands,WPRO,0,21611,46,199
10/8/2023,SB,Solomon Islands,WPRO,4343,25954,0,199
10/15/2023,SB,Solomon Islands,WPRO,0,25954,0,199
10/22/2023,SB,Solomon Islands,WPRO,0,25954,0,199
10/29/2023,SB,Solomon Islands,WPRO,0,25954,0,199
11/5/2023,SB,Solomon Islands,WPRO,0,25954,0,199
11/12/2023,SB,Solomon Islands,WPRO,0,25954,0,199
11/19/2023,SB,Solomon Islands,WPRO,0,25954,0,199
11/26/2023,SB,Solomon Islands,WPRO,0,25954,0,199
12/3/2023,SB,Solomon Islands,WPRO,0,25954,0,199
12/10/2023,SB,Solomon Islands,WPRO,0,25954,0,199
12/17/2023,SB,Solomon Islands,WPRO,0,25954,0,199
12/24/2023,SB,Solomon Islands,WPRO,0,25954,0,199
1/5/2020,SO,Somalia,EMRO,0,0,0,0
1/12/2020,SO,Somalia,EMRO,0,0,0,0
1/19/2020,SO,Somalia,EMRO,0,0,0,0
1/26/2020,SO,Somalia,EMRO,0,0,0,0
2/2/2020,SO,Somalia,EMRO,0,0,0,0
2/9/2020,SO,Somalia,EMRO,0,0,0,0
2/16/2020,SO,Somalia,EMRO,0,0,0,0
2/23/2020,SO,Somalia,EMRO,0,0,0,0
3/1/2020,SO,Somalia,EMRO,0,0,0,0
3/8/2020,SO,Somalia,EMRO,0,0,0,0
3/15/2020,SO,Somalia,EMRO,0,0,0,0
3/22/2020,SO,Somalia,EMRO,1,1,0,0
3/29/2020,SO,Somalia,EMRO,2,3,0,0
4/5/2020,SO,Somalia,EMRO,4,7,0,0
4/12/2020,SO,Somalia,EMRO,14,21,1,1
4/19/2020,SO,Somalia,EMRO,114,135,6,7
4/26/2020,SO,Somalia,EMRO,255,390,11,18
5/3/2020,SO,Somalia,EMRO,281,671,13,31
5/10/2020,SO,Somalia,EMRO,326,997,17,48
5/17/2020,SO,Somalia,EMRO,360,1357,7,55
5/24/2020,SO,Somalia,EMRO,237,1594,6,61
5/31/2020,SO,Somalia,EMRO,322,1916,12,73
6/7/2020,SO,Somalia,EMRO,373,2289,9,82
6/14/2020,SO,Somalia,EMRO,290,2579,5,87
6/21/2020,SO,Somalia,EMRO,176,2755,1,88
6/28/2020,SO,Somalia,EMRO,123,2878,2,90
7/5/2020,SO,Somalia,EMRO,83,2961,2,92
7/12/2020,SO,Somalia,EMRO,90,3051,0,92
7/19/2020,SO,Somalia,EMRO,60,3111,1,93
7/26/2020,SO,Somalia,EMRO,67,3178,0,93
8/2/2020,SO,Somalia,EMRO,34,3212,0,93
8/9/2020,SO,Somalia,EMRO,15,3227,0,93
8/16/2020,SO,Somalia,EMRO,29,3256,0,93
8/23/2020,SO,Somalia,EMRO,13,3269,0,93
8/30/2020,SO,Somalia,EMRO,41,3310,4,97
9/6/2020,SO,Somalia,EMRO,52,3362,0,97
9/13/2020,SO,Somalia,EMRO,14,3376,1,98
9/20/2020,SO,Somalia,EMRO,25,3401,0,98
9/27/2020,SO,Somalia,EMRO,187,3588,1,99
10/4/2020,SO,Somalia,EMRO,5,3593,0,99
10/11/2020,SO,Somalia,EMRO,254,3847,0,99
10/18/2020,SO,Somalia,EMRO,17,3864,0,99
10/25/2020,SO,Somalia,EMRO,33,3897,3,102
11/1/2020,SO,Somalia,EMRO,44,3941,2,104
11/8/2020,SO,Somalia,EMRO,288,4229,3,107
11/15/2020,SO,Somalia,EMRO,72,4301,0,107
11/22/2020,SO,Somalia,EMRO,81,4382,1,108
11/29/2020,SO,Somalia,EMRO,69,4451,5,113
12/6/2020,SO,Somalia,EMRO,74,4525,8,121
12/13/2020,SO,Somalia,EMRO,54,4579,0,121
12/20/2020,SO,Somalia,EMRO,83,4662,3,124
12/27/2020,SO,Somalia,EMRO,28,4690,3,127
1/3/2021,SO,Somalia,EMRO,24,4714,3,130
1/10/2021,SO,Somalia,EMRO,12,4726,0,130
1/17/2021,SO,Somalia,EMRO,18,4744,0,130
1/24/2021,SO,Somalia,EMRO,10,4754,0,130
1/31/2021,SO,Somalia,EMRO,30,4784,0,130
2/7/2021,SO,Somalia,EMRO,70,4854,4,134
2/14/2021,SO,Somalia,EMRO,238,5092,14,148
2/21/2021,SO,Somalia,EMRO,797,5889,46,194
2/28/2021,SO,Somalia,EMRO,1102,6991,37,231
3/7/2021,SO,Somalia,EMRO,1050,8041,63,294
3/14/2021,SO,Somalia,EMRO,905,8946,55,349
3/21/2021,SO,Somalia,EMRO,1022,9968,70,419
3/28/2021,SO,Somalia,EMRO,870,10838,69,488
4/4/2021,SO,Somalia,EMRO,785,11623,58,546
4/11/2021,SO,Somalia,EMRO,648,12271,59,605
4/18/2021,SO,Somalia,EMRO,566,12837,51,656
4/25/2021,SO,Somalia,EMRO,622,13459,33,689
5/2/2021,SO,Somalia,EMRO,456,13915,24,713
5/9/2021,SO,Somalia,EMRO,500,14415,34,747
5/16/2021,SO,Somalia,EMRO,71,14486,6,753
5/23/2021,SO,Somalia,EMRO,137,14623,14,767
5/30/2021,SO,Somalia,EMRO,30,14653,1,768
6/6/2021,SO,Somalia,EMRO,76,14729,5,773
6/13/2021,SO,Somalia,EMRO,50,14779,1,774
6/20/2021,SO,Somalia,EMRO,73,14852,1,775
6/27/2021,SO,Somalia,EMRO,40,14892,0,775
7/4/2021,SO,Somalia,EMRO,54,14946,0,775
7/11/2021,SO,Somalia,EMRO,49,14995,0,775
7/18/2021,SO,Somalia,EMRO,90,15085,6,781
7/25/2021,SO,Somalia,EMRO,118,15203,8,789
8/1/2021,SO,Somalia,EMRO,200,15403,22,811
8/8/2021,SO,Somalia,EMRO,395,15798,36,847
8/15/2021,SO,Somalia,EMRO,467,16265,31,878
8/22/2021,SO,Somalia,EMRO,270,16535,19,897
8/29/2021,SO,Somalia,EMRO,675,17210,56,953
9/5/2021,SO,Somalia,EMRO,516,17726,44,997
9/12/2021,SO,Somalia,EMRO,647,18373,26,1023
9/19/2021,SO,Somalia,EMRO,631,19004,40,1063
9/26/2021,SO,Somalia,EMRO,719,19723,40,1103
10/3/2021,SO,Somalia,EMRO,257,19980,8,1111
10/10/2021,SO,Somalia,EMRO,920,20900,41,1152
10/17/2021,SO,Somalia,EMRO,369,21269,28,1180
10/24/2021,SO,Somalia,EMRO,729,21998,28,1208
10/31/2021,SO,Somalia,EMRO,0,21998,0,1208
11/7/2021,SO,Somalia,EMRO,695,22693,86,1294
11/14/2021,SO,Somalia,EMRO,144,22837,19,1313
11/21/2021,SO,Somalia,EMRO,132,22969,11,1324
11/28/2021,SO,Somalia,EMRO,47,23016,3,1327
12/5/2021,SO,Somalia,EMRO,35,23051,4,1331
12/12/2021,SO,Somalia,EMRO,23,23074,2,1333
12/19/2021,SO,Somalia,EMRO,95,23169,0,1333
12/26/2021,SO,Somalia,EMRO,363,23532,0,1333
1/2/2022,SO,Somalia,EMRO,729,24261,2,1335
1/9/2022,SO,Somalia,EMRO,0,24261,0,1335
1/16/2022,SO,Somalia,EMRO,0,24261,0,1335
1/23/2022,SO,Somalia,EMRO,61,24322,0,1335
1/30/2022,SO,Somalia,EMRO,1066,25388,0,1335
2/6/2022,SO,Somalia,EMRO,679,26067,0,1335
2/13/2022,SO,Somalia,EMRO,136,26203,5,1340
2/20/2022,SO,Somalia,EMRO,57,26260,5,1345
2/27/2022,SO,Somalia,EMRO,53,26313,3,1348
3/6/2022,SO,Somalia,EMRO,87,26400,11,1359
3/13/2022,SO,Somalia,EMRO,0,26400,0,1359
3/20/2022,SO,Somalia,EMRO,10,26410,2,1361
3/27/2022,SO,Somalia,EMRO,0,26410,0,1361
4/3/2022,SO,Somalia,EMRO,0,26410,0,1361
4/10/2022,SO,Somalia,EMRO,61,26471,0,1361
4/17/2022,SO,Somalia,EMRO,0,26471,0,1361
4/24/2022,SO,Somalia,EMRO,14,26485,0,1361
5/1/2022,SO,Somalia,EMRO,0,26485,0,1361
5/8/2022,SO,Somalia,EMRO,0,26485,0,1361
5/15/2022,SO,Somalia,EMRO,33,26518,0,1361
5/22/2022,SO,Somalia,EMRO,4,26522,0,1361
5/29/2022,SO,Somalia,EMRO,13,26535,0,1361
6/5/2022,SO,Somalia,EMRO,30,26565,0,1361
6/12/2022,SO,Somalia,EMRO,0,26565,0,1361
6/19/2022,SO,Somalia,EMRO,110,26675,0,1361
6/26/2022,SO,Somalia,EMRO,128,26803,0,1361
7/3/2022,SO,Somalia,EMRO,0,26803,0,1361
7/10/2022,SO,Somalia,EMRO,97,26900,0,1361
7/17/2022,SO,Somalia,EMRO,0,26900,0,1361
7/24/2022,SO,Somalia,EMRO,12,26912,0,1361
7/31/2022,SO,Somalia,EMRO,45,26957,0,1361
8/7/2022,SO,Somalia,EMRO,63,27020,0,1361
8/14/2022,SO,Somalia,EMRO,0,27020,0,1361
8/21/2022,SO,Somalia,EMRO,0,27020,0,1361
8/28/2022,SO,Somalia,EMRO,161,27181,0,1361
9/4/2022,SO,Somalia,EMRO,16,27197,0,1361
9/11/2022,SO,Somalia,EMRO,10,27207,0,1361
9/18/2022,SO,Somalia,EMRO,0,27207,0,1361
9/25/2022,SO,Somalia,EMRO,9,27216,0,1361
10/2/2022,SO,Somalia,EMRO,7,27223,0,1361
10/9/2022,SO,Somalia,EMRO,2,27225,0,1361
10/16/2022,SO,Somalia,EMRO,12,27237,0,1361
10/23/2022,SO,Somalia,EMRO,0,27237,0,1361
10/30/2022,SO,Somalia,EMRO,0,27237,0,1361
11/6/2022,SO,Somalia,EMRO,30,27267,0,1361
11/13/2022,SO,Somalia,EMRO,19,27286,0,1361
11/20/2022,SO,Somalia,EMRO,0,27286,0,1361
11/27/2022,SO,Somalia,EMRO,0,27286,0,1361
12/4/2022,SO,Somalia,EMRO,0,27286,0,1361
12/11/2022,SO,Somalia,EMRO,0,27286,0,1361
12/18/2022,SO,Somalia,EMRO,0,27286,0,1361
12/25/2022,SO,Somalia,EMRO,14,27300,0,1361
1/1/2023,SO,Somalia,EMRO,10,27310,0,1361
1/8/2023,SO,Somalia,EMRO,0,27310,0,1361
1/15/2023,SO,Somalia,EMRO,0,27310,0,1361
1/22/2023,SO,Somalia,EMRO,8,27318,0,1361
1/29/2023,SO,Somalia,EMRO,0,27318,0,1361
2/5/2023,SO,Somalia,EMRO,4,27322,0,1361
2/12/2023,SO,Somalia,EMRO,0,27322,0,1361
2/19/2023,SO,Somalia,EMRO,2,27324,0,1361
2/26/2023,SO,Somalia,EMRO,0,27324,0,1361
3/5/2023,SO,Somalia,EMRO,10,27334,0,1361
3/12/2023,SO,Somalia,EMRO,0,27334,0,1361
3/19/2023,SO,Somalia,EMRO,0,27334,0,1361
3/26/2023,SO,Somalia,EMRO,0,27334,0,1361
4/2/2023,SO,Somalia,EMRO,0,27334,0,1361
4/9/2023,SO,Somalia,EMRO,0,27334,0,1361
4/16/2023,SO,Somalia,EMRO,0,27334,0,1361
4/23/2023,SO,Somalia,EMRO,0,27334,0,1361
4/30/2023,SO,Somalia,EMRO,0,27334,0,1361
5/7/2023,SO,Somalia,EMRO,0,27334,0,1361
5/14/2023,SO,Somalia,EMRO,0,27334,0,1361
5/21/2023,SO,Somalia,EMRO,0,27334,0,1361
5/28/2023,SO,Somalia,EMRO,0,27334,0,1361
6/4/2023,SO,Somalia,EMRO,0,27334,0,1361
6/11/2023,SO,Somalia,EMRO,0,27334,0,1361
6/18/2023,SO,Somalia,EMRO,0,27334,0,1361
6/25/2023,SO,Somalia,EMRO,0,27334,0,1361
7/2/2023,SO,Somalia,EMRO,0,27334,0,1361
7/9/2023,SO,Somalia,EMRO,0,27334,0,1361
7/16/2023,SO,Somalia,EMRO,0,27334,0,1361
7/23/2023,SO,Somalia,EMRO,0,27334,0,1361
7/30/2023,SO,Somalia,EMRO,0,27334,0,1361
8/6/2023,SO,Somalia,EMRO,0,27334,0,1361
8/13/2023,SO,Somalia,EMRO,0,27334,0,1361
8/20/2023,SO,Somalia,EMRO,0,27334,0,1361
8/27/2023,SO,Somalia,EMRO,0,27334,0,1361
9/3/2023,SO,Somalia,EMRO,0,27334,0,1361
9/10/2023,SO,Somalia,EMRO,0,27334,0,1361
9/17/2023,SO,Somalia,EMRO,0,27334,0,1361
9/24/2023,SO,Somalia,EMRO,0,27334,0,1361
10/1/2023,SO,Somalia,EMRO,0,27334,0,1361
10/8/2023,SO,Somalia,EMRO,0,27334,0,1361
10/15/2023,SO,Somalia,EMRO,0,27334,0,1361
10/22/2023,SO,Somalia,EMRO,0,27334,0,1361
10/29/2023,SO,Somalia,EMRO,0,27334,0,1361
11/5/2023,SO,Somalia,EMRO,0,27334,0,1361
11/12/2023,SO,Somalia,EMRO,0,27334,0,1361
11/19/2023,SO,Somalia,EMRO,0,27334,0,1361
11/26/2023,SO,Somalia,EMRO,0,27334,0,1361
12/3/2023,SO,Somalia,EMRO,0,27334,0,1361
12/10/2023,SO,Somalia,EMRO,0,27334,0,1361
12/17/2023,SO,Somalia,EMRO,0,27334,0,1361
12/24/2023,SO,Somalia,EMRO,0,27334,0,1361
1/5/2020,ZA,South Africa,AFRO,0,0,0,0
1/12/2020,ZA,South Africa,AFRO,0,0,0,0
1/19/2020,ZA,South Africa,AFRO,0,0,0,0
1/26/2020,ZA,South Africa,AFRO,0,0,0,0
2/2/2020,ZA,South Africa,AFRO,0,0,0,0
2/9/2020,ZA,South Africa,AFRO,0,0,0,0
2/16/2020,ZA,South Africa,AFRO,0,0,0,0
2/23/2020,ZA,South Africa,AFRO,0,0,0,0
3/1/2020,ZA,South Africa,AFRO,0,0,0,0
3/8/2020,ZA,South Africa,AFRO,2,2,0,0
3/15/2020,ZA,South Africa,AFRO,36,38,0,0
3/22/2020,ZA,South Africa,AFRO,202,240,0,0
3/29/2020,ZA,South Africa,AFRO,947,1187,1,1
4/5/2020,ZA,South Africa,AFRO,398,1585,8,9
4/12/2020,ZA,South Africa,AFRO,443,2028,19,28
4/19/2020,ZA,South Africa,AFRO,1006,3034,24,52
4/26/2020,ZA,South Africa,AFRO,1327,4361,34,86
5/3/2020,ZA,South Africa,AFRO,1975,6336,37,123
5/10/2020,ZA,South Africa,AFRO,3084,9420,63,186
5/17/2020,ZA,South Africa,AFRO,4935,14355,75,261
5/24/2020,ZA,South Africa,AFRO,6988,21343,146,407
5/31/2020,ZA,South Africa,AFRO,9624,30967,236,643
6/7/2020,ZA,South Africa,AFRO,15006,45973,1012,1655
6/14/2020,ZA,South Africa,AFRO,19763,65736,792,2447
6/21/2020,ZA,South Africa,AFRO,26945,92681,1007,3454
6/28/2020,ZA,South Africa,AFRO,39119,131800,1184,4638
7/5/2020,ZA,South Africa,AFRO,56177,187977,874,5512
7/12/2020,ZA,South Africa,AFRO,76207,264184,945,6457
7/19/2020,ZA,South Africa,AFRO,86695,350879,977,7434
7/26/2020,ZA,South Africa,AFRO,83321,434200,1707,9141
8/2/2020,ZA,South Africa,AFRO,69090,503290,1498,10639
8/9/2020,ZA,South Africa,AFRO,49898,553188,2057,12696
8/16/2020,ZA,South Africa,AFRO,30465,583653,1467,14163
8/23/2020,ZA,South Africa,AFRO,23392,607045,1310,15473
8/30/2020,ZA,South Africa,AFRO,15506,622551,994,16467
9/6/2020,ZA,South Africa,AFRO,14333,636884,798,17265
9/13/2020,ZA,South Africa,AFRO,11330,648214,648,17913
9/20/2020,ZA,South Africa,AFRO,11442,659656,513,18426
9/27/2020,ZA,South Africa,AFRO,9842,669498,436,18862
10/4/2020,ZA,South Africa,AFRO,10218,679716,562,19424
10/11/2020,ZA,South Africa,AFRO,11180,690896,620,20044
10/18/2020,ZA,South Africa,AFRO,11235,702131,77,20121
10/25/2020,ZA,South Africa,AFRO,12115,714246,220,20341
11/1/2020,ZA,South Africa,AFRO,11206,725452,85,20426
11/8/2020,ZA,South Africa,AFRO,10454,735906,72,20498
11/15/2020,ZA,South Africa,AFRO,13276,749182,140,20638
11/22/2020,ZA,South Africa,AFRO,16227,765409,207,20845
11/29/2020,ZA,South Africa,AFRO,19730,785139,594,21439
12/6/2020,ZA,South Africa,AFRO,25310,810449,628,22067
12/13/2020,ZA,South Africa,AFRO,42516,852965,1039,23106
12/20/2020,ZA,South Africa,AFRO,59512,912477,1433,24539
12/27/2020,ZA,South Africa,AFRO,82434,994911,1982,26521
1/3/2021,ZA,South Africa,AFRO,93978,1088889,2654,29175
1/10/2021,ZA,South Africa,AFRO,125287,1214176,3649,32824
1/17/2021,ZA,South Africa,AFRO,111483,1325659,4027,36851
1/24/2021,ZA,South Africa,AFRO,79180,1404839,3723,40574
1/31/2021,ZA,South Africa,AFRO,44397,1449236,3377,43951
2/7/2021,ZA,South Africa,AFRO,24464,1473700,2229,46180
2/14/2021,ZA,South Africa,AFRO,16363,1490063,1641,47821
2/21/2021,ZA,South Africa,AFRO,12304,1502367,1119,48940
2/28/2021,ZA,South Africa,AFRO,9858,1512225,1001,49941
3/7/2021,ZA,South Africa,AFRO,7981,1520206,706,50647
3/14/2021,ZA,South Africa,AFRO,8208,1528414,614,51261
3/21/2021,ZA,South Africa,AFRO,8387,1536801,821,52082
3/28/2021,ZA,South Africa,AFRO,7665,1544466,566,52648
4/4/2021,ZA,South Africa,AFRO,7035,1551501,306,52954
4/11/2021,ZA,South Africa,AFRO,6026,1557527,302,53256
4/18/2021,ZA,South Africa,AFRO,8153,1565680,455,53711
4/25/2021,ZA,South Africa,AFRO,8690,1574370,414,54125
5/2/2021,ZA,South Africa,AFRO,8472,1582842,281,54406
5/9/2021,ZA,South Africa,AFRO,11975,1594817,318,54724
5/16/2021,ZA,South Africa,AFRO,16326,1611143,459,55183
5/23/2021,ZA,South Africa,AFRO,21428,1632571,589,55772
5/30/2021,ZA,South Africa,AFRO,26499,1659070,591,56363
6/6/2021,ZA,South Africa,AFRO,32421,1691491,566,56929
6/13/2021,ZA,South Africa,AFRO,47934,1739425,724,57653
6/20/2021,ZA,South Africa,AFRO,70739,1810164,937,58590
6/27/2021,ZA,South Africa,AFRO,103697,1913861,1188,59778
7/4/2021,ZA,South Africa,AFRO,132450,2046311,1729,61507
7/11/2021,ZA,South Africa,AFRO,132986,2179297,2631,64138
7/18/2021,ZA,South Africa,AFRO,104583,2283880,2538,66676
7/25/2021,ZA,South Africa,AFRO,84225,2368105,2812,69488
8/1/2021,ZA,South Africa,AFRO,79349,2447454,2525,72013
8/8/2021,ZA,South Africa,AFRO,76034,2523488,2610,74623
8/15/2021,ZA,South Africa,AFRO,71959,2595447,2246,76869
8/22/2021,ZA,South Africa,AFRO,84778,2680225,2382,79251
8/29/2021,ZA,South Africa,AFRO,76966,2757191,2210,81461
9/5/2021,ZA,South Africa,AFRO,56823,2814014,1882,83343
9/12/2021,ZA,South Africa,AFRO,40220,2854234,1408,84751
9/19/2021,ZA,South Africa,AFRO,26115,2880349,1365,86116
9/26/2021,ZA,South Africa,AFRO,15627,2895976,885,87001
10/3/2021,ZA,South Africa,AFRO,9637,2905613,752,87753
10/10/2021,ZA,South Africa,AFRO,5884,2911497,539,88292
10/17/2021,ZA,South Africa,AFRO,4682,2916179,295,88587
10/24/2021,ZA,South Africa,AFRO,3153,2919332,327,88914
10/31/2021,ZA,South Africa,AFRO,2554,2921886,249,89163
11/7/2021,ZA,South Africa,AFRO,1865,2923751,156,89319
11/14/2021,ZA,South Africa,AFRO,1926,2925677,157,89476
11/21/2021,ZA,South Africa,AFRO,3498,2929175,96,89572
11/28/2021,ZA,South Africa,AFRO,29373,2958548,219,89791
12/5/2021,ZA,South Africa,AFRO,62021,3020569,174,89965
12/12/2021,ZA,South Africa,AFRO,109053,3129622,151,90116
12/19/2021,ZA,South Africa,AFRO,162987,3292609,229,90345
12/26/2021,ZA,South Africa,AFRO,115328,3407937,428,90773
1/2/2022,ZA,South Africa,AFRO,60142,3468079,425,91198
1/9/2022,ZA,South Africa,AFRO,53433,3521512,1173,92371
1/16/2022,ZA,South Africa,AFRO,35121,3556633,907,93278
1/23/2022,ZA,South Africa,AFRO,22795,3579428,785,94063
1/30/2022,ZA,South Africa,AFRO,22202,3601630,842,94905
2/6/2022,ZA,South Africa,AFRO,20580,3622210,912,95817
2/13/2022,ZA,South Africa,AFRO,17952,3640162,1168,96985
2/20/2022,ZA,South Africa,AFRO,16929,3657091,1632,98617
2/27/2022,ZA,South Africa,AFRO,14900,3671991,574,99191
3/6/2022,ZA,South Africa,AFRO,11181,3683172,352,99543
3/13/2022,ZA,South Africa,AFRO,10360,3693532,169,99712
3/20/2022,ZA,South Africa,AFRO,9797,3703329,167,99879
3/27/2022,ZA,South Africa,AFRO,8934,3712263,86,99965
4/3/2022,ZA,South Africa,AFRO,9802,3722065,81,100046
4/10/2022,ZA,South Africa,AFRO,9182,3731247,50,100096
4/17/2022,ZA,South Africa,AFRO,9151,3740398,48,100144
4/24/2022,ZA,South Africa,AFRO,19291,3759689,154,100298
5/1/2022,ZA,South Africa,AFRO,32236,3791925,65,100363
5/8/2022,ZA,South Africa,AFRO,43977,3835902,153,100516
5/15/2022,ZA,South Africa,AFRO,51547,3887449,237,100753
5/22/2022,ZA,South Africa,AFRO,39203,3926652,178,100931
5/29/2022,ZA,South Africa,AFRO,25541,3952193,211,101142
6/5/2022,ZA,South Africa,AFRO,14885,3967078,171,101313
6/12/2022,ZA,South Africa,AFRO,10550,3977628,164,101477
6/19/2022,ZA,South Africa,AFRO,7978,3985606,121,101598
6/26/2022,ZA,South Africa,AFRO,6843,3992449,133,101731
7/3/2022,ZA,South Africa,AFRO,2842,3995291,81,101812
7/10/2022,ZA,South Africa,AFRO,1978,3997269,64,101876
7/17/2022,ZA,South Africa,AFRO,2482,3999751,42,101918
7/24/2022,ZA,South Africa,AFRO,2382,4002133,25,101943
7/31/2022,ZA,South Africa,AFRO,2991,4005124,39,101982
8/7/2022,ZA,South Africa,AFRO,1747,4006871,0,101982
8/14/2022,ZA,South Africa,AFRO,1293,4008164,0,101982
8/21/2022,ZA,South Africa,AFRO,1566,4009730,84,102066
8/28/2022,ZA,South Africa,AFRO,1480,4011210,18,102084
9/4/2022,ZA,South Africa,AFRO,1275,4012485,24,102108
9/11/2022,ZA,South Africa,AFRO,1792,4014277,21,102129
9/18/2022,ZA,South Africa,AFRO,1603,4015880,17,102146
9/25/2022,ZA,South Africa,AFRO,1283,4017163,23,102169
10/2/2022,ZA,South Africa,AFRO,1605,4018768,16,102185
10/9/2022,ZA,South Africa,AFRO,2020,4020788,9,102194
10/16/2022,ZA,South Africa,AFRO,2570,4023358,52,102246
10/23/2022,ZA,South Africa,AFRO,2017,4025375,11,102257
10/30/2022,ZA,South Africa,AFRO,2369,4027744,54,102311
11/6/2022,ZA,South Africa,AFRO,1993,4029737,52,102363
11/13/2022,ZA,South Africa,AFRO,3445,4033182,8,102371
11/20/2022,ZA,South Africa,AFRO,4039,4037221,24,102395
11/27/2022,ZA,South Africa,AFRO,3718,4040939,33,102428
12/4/2022,ZA,South Africa,AFRO,1973,4042912,36,102464
12/11/2022,ZA,South Africa,AFRO,0,4042912,86,102550
12/18/2022,ZA,South Africa,AFRO,2350,4045262,18,102568
12/25/2022,ZA,South Africa,AFRO,2970,4048232,0,102568
1/1/2023,ZA,South Africa,AFRO,348,4048580,0,102568
1/8/2023,ZA,South Africa,AFRO,1708,4050288,0,102568
1/15/2023,ZA,South Africa,AFRO,1499,4051787,0,102568
1/22/2023,ZA,South Africa,AFRO,2419,4054206,27,102595
1/29/2023,ZA,South Africa,AFRO,1450,4055656,0,102595
2/5/2023,ZA,South Africa,AFRO,1478,4057134,0,102595
2/12/2023,ZA,South Africa,AFRO,1781,4058915,0,102595
2/19/2023,ZA,South Africa,AFRO,1470,4060385,0,102595
2/26/2023,ZA,South Africa,AFRO,1193,4061578,0,102595
3/5/2023,ZA,South Africa,AFRO,4165,4065743,0,102595
3/12/2023,ZA,South Africa,AFRO,2481,4068224,0,102595
3/19/2023,ZA,South Africa,AFRO,2210,4070434,0,102595
3/26/2023,ZA,South Africa,AFRO,2099,4072533,0,102595
4/2/2023,ZA,South Africa,AFRO,0,4072533,0,102595
4/9/2023,ZA,South Africa,AFRO,0,4072533,0,102595
4/16/2023,ZA,South Africa,AFRO,0,4072533,0,102595
4/23/2023,ZA,South Africa,AFRO,0,4072533,0,102595
4/30/2023,ZA,South Africa,AFRO,0,4072533,0,102595
5/7/2023,ZA,South Africa,AFRO,0,4072533,0,102595
5/14/2023,ZA,South Africa,AFRO,0,4072533,0,102595
5/21/2023,ZA,South Africa,AFRO,0,4072533,0,102595
5/28/2023,ZA,South Africa,AFRO,0,4072533,0,102595
6/4/2023,ZA,South Africa,AFRO,0,4072533,0,102595
6/11/2023,ZA,South Africa,AFRO,0,4072533,0,102595
6/18/2023,ZA,South Africa,AFRO,0,4072533,0,102595
6/25/2023,ZA,South Africa,AFRO,0,4072533,0,102595
7/2/2023,ZA,South Africa,AFRO,0,4072533,0,102595
7/9/2023,ZA,South Africa,AFRO,0,4072533,0,102595
7/16/2023,ZA,South Africa,AFRO,0,4072533,0,102595
7/23/2023,ZA,South Africa,AFRO,0,4072533,0,102595
7/30/2023,ZA,South Africa,AFRO,0,4072533,0,102595
8/6/2023,ZA,South Africa,AFRO,0,4072533,0,102595
8/13/2023,ZA,South Africa,AFRO,0,4072533,0,102595
8/20/2023,ZA,South Africa,AFRO,0,4072533,0,102595
8/27/2023,ZA,South Africa,AFRO,0,4072533,0,102595
9/3/2023,ZA,South Africa,AFRO,0,4072533,0,102595
9/10/2023,ZA,South Africa,AFRO,0,4072533,0,102595
9/17/2023,ZA,South Africa,AFRO,0,4072533,0,102595
9/24/2023,ZA,South Africa,AFRO,0,4072533,0,102595
10/1/2023,ZA,South Africa,AFRO,0,4072533,0,102595
10/8/2023,ZA,South Africa,AFRO,8,4072541,0,102595
10/15/2023,ZA,South Africa,AFRO,20,4072561,0,102595
10/22/2023,ZA,South Africa,AFRO,15,4072576,0,102595
10/29/2023,ZA,South Africa,AFRO,5,4072581,0,102595
11/5/2023,ZA,South Africa,AFRO,10,4072591,0,102595
11/12/2023,ZA,South Africa,AFRO,12,4072603,0,102595
11/19/2023,ZA,South Africa,AFRO,14,4072617,0,102595
11/26/2023,ZA,South Africa,AFRO,12,4072629,0,102595
12/3/2023,ZA,South Africa,AFRO,7,4072636,0,102595
12/10/2023,ZA,South Africa,AFRO,0,4072636,0,102595
12/17/2023,ZA,South Africa,AFRO,0,4072636,0,102595
12/24/2023,ZA,South Africa,AFRO,0,4072636,0,102595
1/5/2020,SS,South Sudan,AFRO,0,0,0,0
1/12/2020,SS,South Sudan,AFRO,0,0,0,0
1/19/2020,SS,South Sudan,AFRO,0,0,0,0
1/26/2020,SS,South Sudan,AFRO,0,0,0,0
2/2/2020,SS,South Sudan,AFRO,0,0,0,0
2/9/2020,SS,South Sudan,AFRO,0,0,0,0
2/16/2020,SS,South Sudan,AFRO,0,0,0,0
2/23/2020,SS,South Sudan,AFRO,0,0,0,0
3/1/2020,SS,South Sudan,AFRO,0,0,0,0
3/8/2020,SS,South Sudan,AFRO,0,0,0,0
3/15/2020,SS,South Sudan,AFRO,0,0,0,0
3/22/2020,SS,South Sudan,AFRO,0,0,0,0
3/29/2020,SS,South Sudan,AFRO,0,0,0,0
4/5/2020,SS,South Sudan,AFRO,0,0,0,0
4/12/2020,SS,South Sudan,AFRO,4,4,0,0
4/19/2020,SS,South Sudan,AFRO,0,4,0,0
4/26/2020,SS,South Sudan,AFRO,2,6,0,0
5/3/2020,SS,South Sudan,AFRO,40,46,0,0
5/10/2020,SS,South Sudan,AFRO,74,120,0,0
5/17/2020,SS,South Sudan,AFRO,165,285,6,6
5/24/2020,SS,South Sudan,AFRO,370,655,4,10
5/31/2020,SS,South Sudan,AFRO,492,1147,4,14
6/7/2020,SS,South Sudan,AFRO,326,1473,8,22
6/14/2020,SS,South Sudan,AFRO,220,1693,7,29
6/21/2020,SS,South Sudan,AFRO,189,1882,7,36
6/28/2020,SS,South Sudan,AFRO,84,1966,2,38
7/5/2020,SS,South Sudan,AFRO,99,2065,4,42
7/12/2020,SS,South Sudan,AFRO,80,2145,1,43
7/19/2020,SS,South Sudan,AFRO,55,2200,2,45
7/26/2020,SS,South Sudan,AFRO,86,2286,2,47
8/2/2020,SS,South Sudan,AFRO,143,2429,1,48
8/9/2020,SS,South Sudan,AFRO,42,2471,1,49
8/16/2020,SS,South Sudan,AFRO,18,2489,0,49
8/23/2020,SS,South Sudan,AFRO,15,2504,0,49
8/30/2020,SS,South Sudan,AFRO,21,2525,0,49
9/6/2020,SS,South Sudan,AFRO,19,2544,1,50
9/13/2020,SS,South Sudan,AFRO,40,2584,1,51
9/20/2020,SS,South Sudan,AFRO,60,2644,0,51
9/27/2020,SS,South Sudan,AFRO,48,2692,0,51
10/4/2020,SS,South Sudan,AFRO,34,2726,1,52
10/11/2020,SS,South Sudan,AFRO,61,2787,5,57
10/18/2020,SS,South Sudan,AFRO,55,2842,0,57
10/25/2020,SS,South Sudan,AFRO,41,2883,1,58
11/1/2020,SS,South Sudan,AFRO,43,2926,3,61
11/8/2020,SS,South Sudan,AFRO,34,2960,0,61
11/15/2020,SS,South Sudan,AFRO,54,3014,0,61
11/22/2020,SS,South Sudan,AFRO,70,3084,1,62
11/29/2020,SS,South Sudan,AFRO,23,3107,0,62
12/6/2020,SS,South Sudan,AFRO,67,3174,1,63
12/13/2020,SS,South Sudan,AFRO,32,3206,0,63
12/20/2020,SS,South Sudan,AFRO,25,3231,0,63
12/27/2020,SS,South Sudan,AFRO,274,3505,0,63
1/3/2021,SS,South Sudan,AFRO,71,3576,1,64
1/10/2021,SS,South Sudan,AFRO,73,3649,0,64
1/17/2021,SS,South Sudan,AFRO,93,3742,0,64
1/24/2021,SS,South Sudan,AFRO,101,3843,1,65
1/31/2021,SS,South Sudan,AFRO,194,4037,0,65
2/7/2021,SS,South Sudan,AFRO,455,4492,2,67
2/14/2021,SS,South Sudan,AFRO,921,5413,7,74
2/21/2021,SS,South Sudan,AFRO,1171,6584,12,86
2/28/2021,SS,South Sudan,AFRO,1353,7937,7,93
3/7/2021,SS,South Sudan,AFRO,840,8777,9,102
3/14/2021,SS,South Sudan,AFRO,724,9501,2,104
3/21/2021,SS,South Sudan,AFRO,389,9890,2,106
3/28/2021,SS,South Sudan,AFRO,208,10098,2,108
4/4/2021,SS,South Sudan,AFRO,169,10267,5,113
4/11/2021,SS,South Sudan,AFRO,105,10372,1,114
4/18/2021,SS,South Sudan,AFRO,101,10473,0,114
4/25/2021,SS,South Sudan,AFRO,60,10533,0,114
5/2/2021,SS,South Sudan,AFRO,65,10598,1,115
5/9/2021,SS,South Sudan,AFRO,39,10637,0,115
5/16/2021,SS,South Sudan,AFRO,16,10653,0,115
5/23/2021,SS,South Sudan,AFRO,17,10670,0,115
5/30/2021,SS,South Sudan,AFRO,18,10688,0,115
6/6/2021,SS,South Sudan,AFRO,0,10688,0,115
6/13/2021,SS,South Sudan,AFRO,0,10688,0,115
6/20/2021,SS,South Sudan,AFRO,98,10786,0,115
6/27/2021,SS,South Sudan,AFRO,38,10824,1,116
7/4/2021,SS,South Sudan,AFRO,52,10876,1,117
7/11/2021,SS,South Sudan,AFRO,15,10891,0,117
7/18/2021,SS,South Sudan,AFRO,26,10917,0,117
7/25/2021,SS,South Sudan,AFRO,0,10917,0,117
8/1/2021,SS,South Sudan,AFRO,146,11063,2,119
8/8/2021,SS,South Sudan,AFRO,56,11119,1,120
8/15/2021,SS,South Sudan,AFRO,61,11180,0,120
8/22/2021,SS,South Sudan,AFRO,121,11301,0,120
8/29/2021,SS,South Sudan,AFRO,116,11417,0,120
9/5/2021,SS,South Sudan,AFRO,100,11517,0,120
9/12/2021,SS,South Sudan,AFRO,93,11610,0,120
9/19/2021,SS,South Sudan,AFRO,195,11805,1,121
9/26/2021,SS,South Sudan,AFRO,131,11936,7,128
10/3/2021,SS,South Sudan,AFRO,99,12035,2,130
10/10/2021,SS,South Sudan,AFRO,79,12114,0,130
10/17/2021,SS,South Sudan,AFRO,109,12223,0,130
10/24/2021,SS,South Sudan,AFRO,70,12293,3,133
10/31/2021,SS,South Sudan,AFRO,109,12402,0,133
11/7/2021,SS,South Sudan,AFRO,88,12490,0,133
11/14/2021,SS,South Sudan,AFRO,95,12585,0,133
11/21/2021,SS,South Sudan,AFRO,90,12675,0,133
11/28/2021,SS,South Sudan,AFRO,76,12751,0,133
12/5/2021,SS,South Sudan,AFRO,68,12819,0,133
12/12/2021,SS,South Sudan,AFRO,72,12891,0,133
12/19/2021,SS,South Sudan,AFRO,568,13459,0,133
12/26/2021,SS,South Sudan,AFRO,1351,14810,2,135
1/2/2022,SS,South Sudan,AFRO,828,15638,1,136
1/9/2022,SS,South Sudan,AFRO,572,16210,0,136
1/16/2022,SS,South Sudan,AFRO,312,16522,0,136
1/23/2022,SS,South Sudan,AFRO,171,16693,1,137
1/30/2022,SS,South Sudan,AFRO,95,16788,0,137
2/6/2022,SS,South Sudan,AFRO,61,16849,0,137
2/13/2022,SS,South Sudan,AFRO,47,16896,0,137
2/20/2022,SS,South Sudan,AFRO,34,16930,0,137
2/27/2022,SS,South Sudan,AFRO,36,16966,0,137
3/6/2022,SS,South Sudan,AFRO,45,17011,0,137
3/13/2022,SS,South Sudan,AFRO,50,17061,1,138
3/20/2022,SS,South Sudan,AFRO,68,17129,0,138
3/27/2022,SS,South Sudan,AFRO,84,17213,0,138
4/3/2022,SS,South Sudan,AFRO,73,17286,0,138
4/10/2022,SS,South Sudan,AFRO,64,17350,0,138
4/17/2022,SS,South Sudan,AFRO,52,17402,0,138
4/24/2022,SS,South Sudan,AFRO,36,17438,0,138
5/1/2022,SS,South Sudan,AFRO,41,17479,0,138
5/8/2022,SS,South Sudan,AFRO,29,17508,0,138
5/15/2022,SS,South Sudan,AFRO,39,17547,0,138
5/22/2022,SS,South Sudan,AFRO,27,17574,0,138
5/29/2022,SS,South Sudan,AFRO,16,17590,0,138
6/5/2022,SS,South Sudan,AFRO,40,17630,0,138
6/12/2022,SS,South Sudan,AFRO,18,17648,0,138
6/19/2022,SS,South Sudan,AFRO,36,17684,0,138
6/26/2022,SS,South Sudan,AFRO,25,17709,0,138
7/3/2022,SS,South Sudan,AFRO,27,17736,0,138
7/10/2022,SS,South Sudan,AFRO,18,17754,0,138
7/17/2022,SS,South Sudan,AFRO,12,17766,0,138
7/24/2022,SS,South Sudan,AFRO,13,17779,0,138
7/31/2022,SS,South Sudan,AFRO,1,17780,0,138
8/7/2022,SS,South Sudan,AFRO,0,17780,0,138
8/14/2022,SS,South Sudan,AFRO,0,17780,0,138
8/21/2022,SS,South Sudan,AFRO,0,17780,0,138
8/28/2022,SS,South Sudan,AFRO,0,17780,0,138
9/4/2022,SS,South Sudan,AFRO,0,17780,0,138
9/11/2022,SS,South Sudan,AFRO,0,17780,0,138
9/18/2022,SS,South Sudan,AFRO,280,18060,0,138
9/25/2022,SS,South Sudan,AFRO,55,18115,0,138
10/2/2022,SS,South Sudan,AFRO,0,18115,0,138
10/9/2022,SS,South Sudan,AFRO,132,18247,0,138
10/16/2022,SS,South Sudan,AFRO,14,18261,0,138
10/23/2022,SS,South Sudan,AFRO,31,18292,0,138
10/30/2022,SS,South Sudan,AFRO,21,18313,0,138
11/6/2022,SS,South Sudan,AFRO,16,18329,0,138
11/13/2022,SS,South Sudan,AFRO,12,18341,0,138
11/20/2022,SS,South Sudan,AFRO,7,18348,0,138
11/27/2022,SS,South Sudan,AFRO,2,18350,0,138
12/4/2022,SS,South Sudan,AFRO,2,18352,0,138
12/11/2022,SS,South Sudan,AFRO,16,18368,0,138
12/18/2022,SS,South Sudan,AFRO,0,18368,0,138
12/25/2022,SS,South Sudan,AFRO,0,18368,0,138
1/1/2023,SS,South Sudan,AFRO,0,18368,0,138
1/8/2023,SS,South Sudan,AFRO,0,18368,0,138
1/15/2023,SS,South Sudan,AFRO,0,18368,0,138
1/22/2023,SS,South Sudan,AFRO,0,18368,0,138
1/29/2023,SS,South Sudan,AFRO,0,18368,0,138
2/5/2023,SS,South Sudan,AFRO,0,18368,0,138
2/12/2023,SS,South Sudan,AFRO,0,18368,0,138
2/19/2023,SS,South Sudan,AFRO,0,18368,0,138
2/26/2023,SS,South Sudan,AFRO,0,18368,0,138
3/5/2023,SS,South Sudan,AFRO,0,18368,0,138
3/12/2023,SS,South Sudan,AFRO,0,18368,0,138
3/19/2023,SS,South Sudan,AFRO,0,18368,0,138
3/26/2023,SS,South Sudan,AFRO,0,18368,0,138
4/2/2023,SS,South Sudan,AFRO,0,18368,0,138
4/9/2023,SS,South Sudan,AFRO,0,18368,0,138
4/16/2023,SS,South Sudan,AFRO,0,18368,0,138
4/23/2023,SS,South Sudan,AFRO,0,18368,0,138
4/30/2023,SS,South Sudan,AFRO,0,18368,0,138
5/7/2023,SS,South Sudan,AFRO,0,18368,0,138
5/14/2023,SS,South Sudan,AFRO,0,18368,0,138
5/21/2023,SS,South Sudan,AFRO,0,18368,0,138
5/28/2023,SS,South Sudan,AFRO,0,18368,0,138
6/4/2023,SS,South Sudan,AFRO,0,18368,0,138
6/11/2023,SS,South Sudan,AFRO,0,18368,0,138
6/18/2023,SS,South Sudan,AFRO,0,18368,0,138
6/25/2023,SS,South Sudan,AFRO,0,18368,0,138
7/2/2023,SS,South Sudan,AFRO,0,18368,0,138
7/9/2023,SS,South Sudan,AFRO,0,18368,0,138
7/16/2023,SS,South Sudan,AFRO,0,18368,0,138
7/23/2023,SS,South Sudan,AFRO,0,18368,0,138
7/30/2023,SS,South Sudan,AFRO,0,18368,0,138
8/6/2023,SS,South Sudan,AFRO,0,18368,0,138
8/13/2023,SS,South Sudan,AFRO,0,18368,0,138
8/20/2023,SS,South Sudan,AFRO,0,18368,0,138
8/27/2023,SS,South Sudan,AFRO,0,18368,0,138
9/3/2023,SS,South Sudan,AFRO,0,18368,0,138
9/10/2023,SS,South Sudan,AFRO,0,18368,0,138
9/17/2023,SS,South Sudan,AFRO,0,18368,0,138
9/24/2023,SS,South Sudan,AFRO,0,18368,0,138
10/1/2023,SS,South Sudan,AFRO,0,18368,0,138
10/8/2023,SS,South Sudan,AFRO,31,18399,9,147
10/15/2023,SS,South Sudan,AFRO,137,18536,0,147
10/22/2023,SS,South Sudan,AFRO,59,18595,0,147
10/29/2023,SS,South Sudan,AFRO,101,18696,0,147
11/5/2023,SS,South Sudan,AFRO,26,18722,0,147
11/12/2023,SS,South Sudan,AFRO,36,18758,0,147
11/19/2023,SS,South Sudan,AFRO,5,18763,0,147
11/26/2023,SS,South Sudan,AFRO,2,18765,0,147
12/3/2023,SS,South Sudan,AFRO,54,18819,0,147
12/10/2023,SS,South Sudan,AFRO,0,18819,0,147
12/17/2023,SS,South Sudan,AFRO,0,18819,0,147
12/24/2023,SS,South Sudan,AFRO,0,18819,0,147
1/5/2020,ES,Spain,EURO,0,0,0,0
1/12/2020,ES,Spain,EURO,0,0,0,0
1/19/2020,ES,Spain,EURO,2,2,0,0
1/26/2020,ES,Spain,EURO,1,3,0,0
2/2/2020,ES,Spain,EURO,2,5,0,0
2/9/2020,ES,Spain,EURO,2,7,0,0
2/16/2020,ES,Spain,EURO,4,11,1,1
2/23/2020,ES,Spain,EURO,8,19,0,1
3/1/2020,ES,Spain,EURO,129,148,0,1
3/8/2020,ES,Spain,EURO,1423,1571,24,25
3/15/2020,ES,Spain,EURO,11603,13174,457,482
3/22/2020,ES,Spain,EURO,36346,49520,2432,2914
3/29/2020,ES,Spain,EURO,59344,108864,5663,8577
4/5/2020,ES,Spain,EURO,44403,153267,5841,14418
4/12/2020,ES,Spain,EURO,30585,183852,4766,19184
4/19/2020,ES,Spain,EURO,21250,205102,3576,22760
4/26/2020,ES,Spain,EURO,14574,219676,2386,25146
5/3/2020,ES,Spain,EURO,8099,227775,1551,26697
5/10/2020,ES,Spain,EURO,5624,233399,1069,27766
5/17/2020,ES,Spain,EURO,5398,238797,612,28378
5/24/2020,ES,Spain,EURO,4394,243191,452,28830
5/31/2020,ES,Spain,EURO,3818,247009,338,29168
6/7/2020,ES,Spain,EURO,3029,250038,240,29408
6/14/2020,ES,Spain,EURO,2360,252398,160,29568
6/21/2020,ES,Spain,EURO,2209,254607,113,29681
6/28/2020,ES,Spain,EURO,2353,256960,57,29738
7/5/2020,ES,Spain,EURO,2806,259766,48,29786
7/12/2020,ES,Spain,EURO,4866,264632,29,29815
7/19/2020,ES,Spain,EURO,10235,274867,21,29836
7/26/2020,ES,Spain,EURO,14507,289374,51,29887
8/2/2020,ES,Spain,EURO,20321,309695,90,29977
8/9/2020,ES,Spain,EURO,28301,337996,147,30124
8/16/2020,ES,Spain,EURO,40123,378119,204,30328
8/23/2020,ES,Spain,EURO,52062,430181,308,30636
8/30/2020,ES,Spain,EURO,61080,491261,394,31030
9/6/2020,ES,Spain,EURO,65500,556761,510,31540
9/13/2020,ES,Spain,EURO,74073,630834,680,32220
9/20/2020,ES,Spain,EURO,80808,711642,827,33047
9/27/2020,ES,Spain,EURO,72474,784116,880,33927
10/4/2020,ES,Spain,EURO,65133,849249,947,34874
10/11/2020,ES,Spain,EURO,77797,927046,944,35818
10/18/2020,ES,Spain,EURO,91151,1018197,1053,36871
10/25/2020,ES,Spain,EURO,135288,1153485,1387,38258
11/1/2020,ES,Spain,EURO,144877,1298362,1798,40056
11/8/2020,ES,Spain,EURO,133375,1431737,2304,42360
11/15/2020,ES,Spain,EURO,112091,1543828,2344,44704
11/22/2020,ES,Spain,EURO,81232,1625060,2183,46887
11/29/2020,ES,Spain,EURO,58537,1683597,1873,48760
12/6/2020,ES,Spain,EURO,50703,1734300,1526,50286
12/13/2020,ES,Spain,EURO,50685,1784985,1360,51646
12/20/2020,ES,Spain,EURO,68392,1853377,1146,52792
12/27/2020,ES,Spain,EURO,66172,1919549,1172,53964
1/3/2021,ES,Spain,EURO,98951,2018500,1287,55251
1/10/2021,ES,Spain,EURO,160591,2179091,1577,56828
1/17/2021,ES,Spain,EURO,234083,2413174,2325,59153
1/24/2021,ES,Spain,EURO,244667,2657841,3407,62560
1/31/2021,ES,Spain,EURO,202047,2859888,3819,66379
2/7/2021,ES,Spain,EURO,130543,2990431,3315,69694
2/14/2021,ES,Spain,EURO,75699,3066130,2459,72153
2/21/2021,ES,Spain,EURO,50400,3116530,1692,73845
2/28/2021,ES,Spain,EURO,38936,3155466,1315,75160
3/7/2021,ES,Spain,EURO,33692,3189158,927,76087
3/14/2021,ES,Spain,EURO,32524,3221682,717,76804
3/21/2021,ES,Spain,EURO,34096,3255778,592,77396
3/28/2021,ES,Spain,EURO,42834,3298612,533,77929
4/4/2021,ES,Spain,EURO,43342,3341954,538,78467
4/11/2021,ES,Spain,EURO,60150,3402104,563,79030
4/18/2021,ES,Spain,EURO,58926,3461030,570,79600
4/25/2021,ES,Spain,EURO,57972,3519002,528,80128
5/2/2021,ES,Spain,EURO,52880,3571882,453,80581
5/9/2021,ES,Spain,EURO,41911,3613793,458,81039
5/16/2021,ES,Spain,EURO,34703,3648496,363,81402
5/23/2021,ES,Spain,EURO,32321,3680817,253,81655
5/30/2021,ES,Spain,EURO,30781,3711598,191,81846
6/6/2021,ES,Spain,EURO,28289,3739887,209,82055
6/13/2021,ES,Spain,EURO,24345,3764232,145,82200
6/20/2021,ES,Spain,EURO,23600,3787832,130,82330
6/27/2021,ES,Spain,EURO,29773,3817605,113,82443
7/4/2021,ES,Spain,EURO,78950,3896555,89,82532
7/11/2021,ES,Spain,EURO,135337,4031892,89,82621
7/18/2021,ES,Spain,EURO,176564,4208456,162,82783
7/25/2021,ES,Spain,EURO,185713,4394169,397,83180
8/1/2021,ES,Spain,EURO,157658,4551827,556,83736
8/8/2021,ES,Spain,EURO,119244,4671071,710,84446
8/15/2021,ES,Spain,EURO,90657,4761728,803,85249
8/22/2021,ES,Spain,EURO,68431,4830159,713,85962
8/29/2021,ES,Spain,EURO,51814,4881973,641,86603
9/5/2021,ES,Spain,EURO,34174,4916147,562,87165
9/12/2021,ES,Spain,EURO,23147,4939294,442,87607
9/19/2021,ES,Spain,EURO,17787,4957081,373,87980
9/26/2021,ES,Spain,EURO,14420,4971501,253,88233
10/3/2021,ES,Spain,EURO,12085,4983586,192,88425
10/10/2021,ES,Spain,EURO,10316,4993902,151,88576
10/17/2021,ES,Spain,EURO,10582,5004484,129,88705
10/24/2021,ES,Spain,EURO,12402,5016886,123,88828
10/31/2021,ES,Spain,EURO,13400,5030286,106,88934
11/7/2021,ES,Spain,EURO,16049,5046335,96,89030
11/14/2021,ES,Spain,EURO,25438,5071773,161,89191
11/21/2021,ES,Spain,EURO,40613,5112386,155,89346
11/28/2021,ES,Spain,EURO,59198,5171584,194,89540
12/5/2021,ES,Spain,EURO,89893,5261477,295,89835
12/12/2021,ES,Spain,EURO,116016,5377493,355,90190
12/19/2021,ES,Spain,EURO,231599,5609092,501,90691
12/26/2021,ES,Spain,EURO,491046,6100138,584,91275
1/2/2022,ES,Spain,EURO,793378,6893516,731,92006
1/9/2022,ES,Spain,EURO,892500,7786016,1047,93053
1/16/2022,ES,Spain,EURO,956506,8742522,1387,94440
1/23/2022,ES,Spain,EURO,847389,9589911,1568,96008
1/30/2022,ES,Spain,EURO,625727,10215638,1769,97777
2/6/2022,ES,Spain,EURO,383768,10599406,1706,99483
2/13/2022,ES,Spain,EURO,244929,10844335,1400,100883
2/20/2022,ES,Spain,EURO,158925,11003260,943,101826
2/27/2022,ES,Spain,EURO,117945,11121205,662,102488
3/6/2022,ES,Spain,EURO,111287,11232492,528,103016
3/13/2022,ES,Spain,EURO,110619,11343111,444,103460
3/20/2022,ES,Spain,EURO,118670,11461781,373,103833
3/27/2022,ES,Spain,EURO,123403,11585184,311,104144
4/3/2022,ES,Spain,EURO,67059,11652243,313,104457
4/10/2022,ES,Spain,EURO,72198,11724441,336,104793
4/17/2022,ES,Spain,EURO,74154,11798595,385,105178
4/24/2022,ES,Spain,EURO,102380,11900975,419,105597
5/1/2022,ES,Spain,EURO,119043,12020018,417,106014
5/8/2022,ES,Spain,EURO,120608,12140626,494,106508
5/15/2022,ES,Spain,EURO,123129,12263755,552,107060
5/22/2022,ES,Spain,EURO,100265,12364020,532,107592
5/29/2022,ES,Spain,EURO,78838,12442858,454,108046
6/5/2022,ES,Spain,EURO,77617,12520475,442,108488
6/12/2022,ES,Spain,EURO,79575,12600050,427,108915
6/19/2022,ES,Spain,EURO,95721,12695771,497,109412
6/26/2022,ES,Spain,EURO,129495,12825266,525,109937
7/3/2022,ES,Spain,EURO,159628,12984894,643,110580
7/10/2022,ES,Spain,EURO,146154,13131048,853,111433
7/17/2022,ES,Spain,EURO,101461,13232509,1104,112537
7/24/2022,ES,Spain,EURO,68057,13300566,958,113495
7/31/2022,ES,Spain,EURO,45541,13346107,788,114283
8/7/2022,ES,Spain,EURO,32376,13378483,597,114880
8/14/2022,ES,Spain,EURO,23157,13401640,498,115378
8/21/2022,ES,Spain,EURO,17529,13419169,339,115717
8/28/2022,ES,Spain,EURO,17231,13436400,305,116022
9/4/2022,ES,Spain,EURO,15221,13451621,252,116274
9/11/2022,ES,Spain,EURO,13517,13465138,171,116445
9/18/2022,ES,Spain,EURO,15587,13480725,165,116610
9/25/2022,ES,Spain,EURO,16469,13497194,107,116717
10/2/2022,ES,Spain,EURO,17740,13514934,126,116843
10/9/2022,ES,Spain,EURO,22273,13537207,150,116993
10/16/2022,ES,Spain,EURO,21512,13558719,147,117140
10/23/2022,ES,Spain,EURO,22259,13580978,179,117319
10/30/2022,ES,Spain,EURO,20302,13601280,166,117485
11/6/2022,ES,Spain,EURO,18527,13619807,142,117627
11/13/2022,ES,Spain,EURO,20387,13640194,147,117774
11/20/2022,ES,Spain,EURO,21950,13662144,163,117937
11/27/2022,ES,Spain,EURO,19892,13682036,175,118112
12/4/2022,ES,Spain,EURO,19294,13701330,183,118295
12/11/2022,ES,Spain,EURO,16989,13718319,190,118485
12/18/2022,ES,Spain,EURO,19638,13737957,241,118726
12/25/2022,ES,Spain,EURO,17005,13754962,217,118943
1/1/2023,ES,Spain,EURO,14823,13769785,210,119153
1/8/2023,ES,Spain,EURO,12663,13782448,202,119355
1/15/2023,ES,Spain,EURO,11960,13794408,178,119533
1/22/2023,ES,Spain,EURO,7480,13801888,197,119730
1/29/2023,ES,Spain,EURO,5787,13807675,136,119866
2/5/2023,ES,Spain,EURO,5699,13813374,116,119982
2/12/2023,ES,Spain,EURO,6074,13819448,103,120085
2/19/2023,ES,Spain,EURO,6051,13825499,85,120170
2/26/2023,ES,Spain,EURO,6455,13831954,91,120261
3/5/2023,ES,Spain,EURO,6566,13838520,82,120343
3/12/2023,ES,Spain,EURO,8286,13846806,97,120440
3/19/2023,ES,Spain,EURO,7421,13854227,123,120563
3/26/2023,ES,Spain,EURO,7577,13861804,95,120658
4/2/2023,ES,Spain,EURO,7962,13869766,84,120742
4/9/2023,ES,Spain,EURO,6617,13876383,86,120828
4/16/2023,ES,Spain,EURO,10278,13886661,80,120908
4/23/2023,ES,Spain,EURO,10867,13897528,112,121020
4/30/2023,ES,Spain,EURO,11183,13908711,128,121148
5/7/2023,ES,Spain,EURO,10603,13919314,98,121246
5/14/2023,ES,Spain,EURO,11262,13930576,102,121348
5/21/2023,ES,Spain,EURO,11023,13941599,100,121448
5/28/2023,ES,Spain,EURO,11262,13952861,99,121547
6/4/2023,ES,Spain,EURO,8917,13961778,98,121645
6/11/2023,ES,Spain,EURO,6866,13968644,89,121734
6/18/2023,ES,Spain,EURO,5430,13974074,65,121799
6/25/2023,ES,Spain,EURO,4502,13978576,42,121841
7/2/2023,ES,Spain,EURO,1764,13980340,11,121852
7/9/2023,ES,Spain,EURO,0,13980340,0,121852
7/16/2023,ES,Spain,EURO,0,13980340,0,121852
7/23/2023,ES,Spain,EURO,0,13980340,0,121852
7/30/2023,ES,Spain,EURO,0,13980340,0,121852
8/6/2023,ES,Spain,EURO,0,13980340,0,121852
8/13/2023,ES,Spain,EURO,0,13980340,0,121852
8/20/2023,ES,Spain,EURO,0,13980340,0,121852
8/27/2023,ES,Spain,EURO,0,13980340,0,121852
9/3/2023,ES,Spain,EURO,0,13980340,0,121852
9/10/2023,ES,Spain,EURO,0,13980340,0,121852
9/17/2023,ES,Spain,EURO,0,13980340,0,121852
9/24/2023,ES,Spain,EURO,0,13980340,0,121852
10/1/2023,ES,Spain,EURO,0,13980340,0,121852
10/8/2023,ES,Spain,EURO,0,13980340,0,121852
10/15/2023,ES,Spain,EURO,0,13980340,0,121852
10/22/2023,ES,Spain,EURO,0,13980340,0,121852
10/29/2023,ES,Spain,EURO,0,13980340,0,121852
11/5/2023,ES,Spain,EURO,0,13980340,0,121852
11/12/2023,ES,Spain,EURO,0,13980340,0,121852
11/19/2023,ES,Spain,EURO,0,13980340,0,121852
11/26/2023,ES,Spain,EURO,0,13980340,0,121852
12/3/2023,ES,Spain,EURO,0,13980340,0,121852
12/10/2023,ES,Spain,EURO,0,13980340,0,121852
12/17/2023,ES,Spain,EURO,0,13980340,0,121852
12/24/2023,ES,Spain,EURO,0,13980340,0,121852
1/5/2020,LK,Sri Lanka,SEARO,0,0,0,0
1/12/2020,LK,Sri Lanka,SEARO,0,0,0,0
1/19/2020,LK,Sri Lanka,SEARO,0,0,0,0
1/26/2020,LK,Sri Lanka,SEARO,0,0,0,0
2/2/2020,LK,Sri Lanka,SEARO,5,5,0,0
2/9/2020,LK,Sri Lanka,SEARO,0,5,0,0
2/16/2020,LK,Sri Lanka,SEARO,0,5,0,0
2/23/2020,LK,Sri Lanka,SEARO,0,5,0,0
3/1/2020,LK,Sri Lanka,SEARO,0,5,0,0
3/8/2020,LK,Sri Lanka,SEARO,0,5,0,0
3/15/2020,LK,Sri Lanka,SEARO,6,11,0,0
3/22/2020,LK,Sri Lanka,SEARO,71,82,0,0
3/29/2020,LK,Sri Lanka,SEARO,33,115,1,1
4/5/2020,LK,Sri Lanka,SEARO,51,166,4,5
4/12/2020,LK,Sri Lanka,SEARO,33,199,2,7
4/19/2020,LK,Sri Lanka,SEARO,55,254,0,7
4/26/2020,LK,Sri Lanka,SEARO,206,460,0,7
5/3/2020,LK,Sri Lanka,SEARO,245,705,0,7
5/10/2020,LK,Sri Lanka,SEARO,142,847,2,9
5/17/2020,LK,Sri Lanka,SEARO,134,981,0,9
5/24/2020,LK,Sri Lanka,SEARO,160,1141,0,9
5/31/2020,LK,Sri Lanka,SEARO,492,1633,1,10
6/7/2020,LK,Sri Lanka,SEARO,202,1835,1,11
6/14/2020,LK,Sri Lanka,SEARO,54,1889,0,11
6/21/2020,LK,Sri Lanka,SEARO,61,1950,0,11
6/28/2020,LK,Sri Lanka,SEARO,87,2037,0,11
7/5/2020,LK,Sri Lanka,SEARO,39,2076,0,11
7/12/2020,LK,Sri Lanka,SEARO,541,2617,0,11
7/19/2020,LK,Sri Lanka,SEARO,107,2724,0,11
7/26/2020,LK,Sri Lanka,SEARO,58,2782,0,11
8/2/2020,LK,Sri Lanka,SEARO,41,2823,0,11
8/9/2020,LK,Sri Lanka,SEARO,21,2844,0,11
8/16/2020,LK,Sri Lanka,SEARO,46,2890,0,11
8/23/2020,LK,Sri Lanka,SEARO,57,2947,1,12
8/30/2020,LK,Sri Lanka,SEARO,65,3012,0,12
9/6/2020,LK,Sri Lanka,SEARO,111,3123,0,12
9/13/2020,LK,Sri Lanka,SEARO,111,3234,0,12
9/20/2020,LK,Sri Lanka,SEARO,53,3287,1,13
9/27/2020,LK,Sri Lanka,SEARO,73,3360,0,13
10/4/2020,LK,Sri Lanka,SEARO,42,3402,0,13
10/11/2020,LK,Sri Lanka,SEARO,1350,4752,0,13
10/18/2020,LK,Sri Lanka,SEARO,786,5538,0,13
10/25/2020,LK,Sri Lanka,SEARO,2334,7872,2,15
11/1/2020,LK,Sri Lanka,SEARO,3188,11060,6,21
11/8/2020,LK,Sri Lanka,SEARO,2869,13929,14,35
11/15/2020,LK,Sri Lanka,SEARO,3358,17287,23,58
11/22/2020,LK,Sri Lanka,SEARO,2884,20171,29,87
11/29/2020,LK,Sri Lanka,SEARO,3313,23484,29,116
12/6/2020,LK,Sri Lanka,SEARO,4393,27877,24,140
12/13/2020,LK,Sri Lanka,SEARO,4913,32790,12,152
12/20/2020,LK,Sri Lanka,SEARO,4471,37261,24,176
12/27/2020,LK,Sri Lanka,SEARO,3793,41054,15,191
1/3/2021,LK,Sri Lanka,SEARO,3720,44774,22,213
1/10/2021,LK,Sri Lanka,SEARO,3606,48380,19,232
1/17/2021,LK,Sri Lanka,SEARO,4682,53062,32,264
1/24/2021,LK,Sri Lanka,SEARO,5368,58430,19,283
1/31/2021,LK,Sri Lanka,SEARO,5727,64157,33,316
2/7/2021,LK,Sri Lanka,SEARO,5191,69348,40,356
2/14/2021,LK,Sri Lanka,SEARO,6306,75654,41,397
2/21/2021,LK,Sri Lanka,SEARO,4345,79999,48,445
2/28/2021,LK,Sri Lanka,SEARO,3243,83242,26,471
3/7/2021,LK,Sri Lanka,SEARO,2453,85695,31,502
3/14/2021,LK,Sri Lanka,SEARO,2212,87907,25,527
3/21/2021,LK,Sri Lanka,SEARO,2293,90200,19,546
3/28/2021,LK,Sri Lanka,SEARO,1888,92088,15,561
4/4/2021,LK,Sri Lanka,SEARO,1348,93436,20,581
4/11/2021,LK,Sri Lanka,SEARO,1695,95131,17,598
4/18/2021,LK,Sri Lanka,SEARO,1665,96796,20,618
4/25/2021,LK,Sri Lanka,SEARO,4583,101379,24,642
5/2/2021,LK,Sri Lanka,SEARO,10374,111753,45,687
5/9/2021,LK,Sri Lanka,SEARO,14153,125906,114,801
5/16/2021,LK,Sri Lanka,SEARO,16840,142746,161,962
5/23/2021,LK,Sri Lanka,SEARO,21455,164201,248,1210
5/30/2021,LK,Sri Lanka,SEARO,19251,183452,231,1441
6/6/2021,LK,Sri Lanka,SEARO,21881,205333,301,1742
6/13/2021,LK,Sri Lanka,SEARO,18305,223638,394,2136
6/20/2021,LK,Sri Lanka,SEARO,16051,239689,388,2524
6/27/2021,LK,Sri Lanka,SEARO,13929,253618,363,2887
7/4/2021,LK,Sri Lanka,SEARO,12012,265630,292,3179
7/11/2021,LK,Sri Lanka,SEARO,8908,274538,266,3445
7/18/2021,LK,Sri Lanka,SEARO,10394,284932,277,3722
7/25/2021,LK,Sri Lanka,SEARO,11584,296516,320,4042
8/1/2021,LK,Sri Lanka,SEARO,14833,311349,409,4451
8/8/2021,LK,Sri Lanka,SEARO,18645,329994,603,5054
8/15/2021,LK,Sri Lanka,SEARO,24974,354968,985,6039
8/22/2021,LK,Sri Lanka,SEARO,35032,390000,1327,7366
8/29/2021,LK,Sri Lanka,SEARO,41519,431519,1409,8775
9/5/2021,LK,Sri Lanka,SEARO,31248,462767,1365,10140
9/12/2021,LK,Sri Lanka,SEARO,23155,485922,1156,11296
9/19/2021,LK,Sri Lanka,SEARO,18569,504491,829,12125
9/26/2021,LK,Sri Lanka,SEARO,9118,513609,555,12680
10/3/2021,LK,Sri Lanka,SEARO,6823,520432,379,13059
10/10/2021,LK,Sri Lanka,SEARO,5951,526383,272,13331
10/17/2021,LK,Sri Lanka,SEARO,5265,531648,153,13484
10/24/2021,LK,Sri Lanka,SEARO,4436,536084,127,13611
10/31/2021,LK,Sri Lanka,SEARO,4989,541073,132,13743
11/7/2021,LK,Sri Lanka,SEARO,4183,545256,113,13856
11/14/2021,LK,Sri Lanka,SEARO,6286,551542,139,13995
11/21/2021,LK,Sri Lanka,SEARO,5084,556626,132,14127
11/28/2021,LK,Sri Lanka,SEARO,5894,562520,178,14305
12/5/2021,LK,Sri Lanka,SEARO,5162,567682,156,14461
12/12/2021,LK,Sri Lanka,SEARO,5220,572902,153,14614
12/19/2021,LK,Sri Lanka,SEARO,6783,579685,138,14752
12/26/2021,LK,Sri Lanka,SEARO,3964,583649,132,14884
1/2/2022,LK,Sri Lanka,SEARO,4286,587935,135,15019
1/9/2022,LK,Sri Lanka,SEARO,3732,591667,100,15119
1/16/2022,LK,Sri Lanka,SEARO,4680,596347,92,15211
1/23/2022,LK,Sri Lanka,SEARO,5539,601886,88,15299
1/30/2022,LK,Sri Lanka,SEARO,8217,610103,121,15420
2/6/2022,LK,Sri Lanka,SEARO,8417,618520,175,15595
2/13/2022,LK,Sri Lanka,SEARO,9596,628116,213,15808
2/20/2022,LK,Sri Lanka,SEARO,8721,636837,186,15994
2/27/2022,LK,Sri Lanka,SEARO,8200,645037,196,16190
3/6/2022,LK,Sri Lanka,SEARO,5103,650140,141,16331
3/13/2022,LK,Sri Lanka,SEARO,5901,656041,66,16397
3/20/2022,LK,Sri Lanka,SEARO,2156,658197,34,16431
3/27/2022,LK,Sri Lanka,SEARO,2693,660890,28,16459
4/3/2022,LK,Sri Lanka,SEARO,1101,661991,22,16481
4/10/2022,LK,Sri Lanka,SEARO,601,662592,8,16489
4/17/2022,LK,Sri Lanka,SEARO,272,662864,7,16496
4/24/2022,LK,Sri Lanka,SEARO,296,663160,6,16502
5/1/2022,LK,Sri Lanka,SEARO,213,663373,3,16505
5/8/2022,LK,Sri Lanka,SEARO,188,663561,4,16509
5/15/2022,LK,Sri Lanka,SEARO,110,663671,2,16511
5/22/2022,LK,Sri Lanka,SEARO,87,663758,1,16512
5/29/2022,LK,Sri Lanka,SEARO,58,663816,4,16516
6/5/2022,LK,Sri Lanka,SEARO,53,663869,2,16518
6/12/2022,LK,Sri Lanka,SEARO,81,663950,1,16519
6/19/2022,LK,Sri Lanka,SEARO,47,663997,1,16520
6/26/2022,LK,Sri Lanka,SEARO,83,664080,1,16521
7/3/2022,LK,Sri Lanka,SEARO,87,664167,1,16522
7/10/2022,LK,Sri Lanka,SEARO,106,664273,3,16525
7/17/2022,LK,Sri Lanka,SEARO,175,664448,3,16528
7/24/2022,LK,Sri Lanka,SEARO,452,664900,9,16537
7/31/2022,LK,Sri Lanka,SEARO,839,665739,19,16556
8/7/2022,LK,Sri Lanka,SEARO,1025,666764,30,16586
8/14/2022,LK,Sri Lanka,SEARO,1248,668012,35,16621
8/21/2022,LK,Sri Lanka,SEARO,1021,669033,33,16654
8/28/2022,LK,Sri Lanka,SEARO,716,669749,33,16687
9/4/2022,LK,Sri Lanka,SEARO,427,670176,24,16711
9/11/2022,LK,Sri Lanka,SEARO,268,670444,17,16728
9/18/2022,LK,Sri Lanka,SEARO,152,670596,19,16747
9/25/2022,LK,Sri Lanka,SEARO,113,670709,8,16755
10/2/2022,LK,Sri Lanka,SEARO,81,670790,7,16762
10/9/2022,LK,Sri Lanka,SEARO,79,670869,6,16768
10/16/2022,LK,Sri Lanka,SEARO,52,670921,1,16769
10/23/2022,LK,Sri Lanka,SEARO,73,670994,5,16774
10/30/2022,LK,Sri Lanka,SEARO,76,671070,5,16779
11/6/2022,LK,Sri Lanka,SEARO,258,671328,3,16782
11/13/2022,LK,Sri Lanka,SEARO,89,671417,2,16784
11/20/2022,LK,Sri Lanka,SEARO,88,671505,7,16791
11/27/2022,LK,Sri Lanka,SEARO,133,671638,9,16800
12/4/2022,LK,Sri Lanka,SEARO,65,671703,5,16805
12/11/2022,LK,Sri Lanka,SEARO,49,671752,3,16808
12/18/2022,LK,Sri Lanka,SEARO,56,671808,6,16814
12/25/2022,LK,Sri Lanka,SEARO,43,671851,1,16815
1/1/2023,LK,Sri Lanka,SEARO,40,671891,2,16817
1/8/2023,LK,Sri Lanka,SEARO,36,671927,1,16818
1/15/2023,LK,Sri Lanka,SEARO,36,671963,5,16823
1/22/2023,LK,Sri Lanka,SEARO,13,671976,2,16825
1/29/2023,LK,Sri Lanka,SEARO,11,671987,2,16827
2/5/2023,LK,Sri Lanka,SEARO,13,672000,1,16828
2/12/2023,LK,Sri Lanka,SEARO,7,672007,0,16828
2/19/2023,LK,Sri Lanka,SEARO,13,672020,1,16829
2/26/2023,LK,Sri Lanka,SEARO,6,672026,1,16830
3/5/2023,LK,Sri Lanka,SEARO,6,672032,0,16830
3/12/2023,LK,Sri Lanka,SEARO,8,672040,0,16830
3/19/2023,LK,Sri Lanka,SEARO,12,672052,1,16831
3/26/2023,LK,Sri Lanka,SEARO,11,672063,2,16833
4/2/2023,LK,Sri Lanka,SEARO,13,672076,1,16834
4/9/2023,LK,Sri Lanka,SEARO,13,672089,0,16834
4/16/2023,LK,Sri Lanka,SEARO,15,672104,1,16835
4/23/2023,LK,Sri Lanka,SEARO,28,672132,3,16838
4/30/2023,LK,Sri Lanka,SEARO,32,672164,4,16842
5/7/2023,LK,Sri Lanka,SEARO,51,672215,5,16847
5/14/2023,LK,Sri Lanka,SEARO,68,672283,8,16855
5/21/2023,LK,Sri Lanka,SEARO,83,672366,10,16865
5/28/2023,LK,Sri Lanka,SEARO,73,672439,5,16870
6/4/2023,LK,Sri Lanka,SEARO,46,672485,5,16875
6/11/2023,LK,Sri Lanka,SEARO,29,672514,1,16876
6/18/2023,LK,Sri Lanka,SEARO,13,672527,1,16877
6/25/2023,LK,Sri Lanka,SEARO,7,672534,0,16877
7/2/2023,LK,Sri Lanka,SEARO,8,672542,2,16879
7/9/2023,LK,Sri Lanka,SEARO,10,672552,1,16880
7/16/2023,LK,Sri Lanka,SEARO,8,672560,0,16880
7/23/2023,LK,Sri Lanka,SEARO,3,672563,0,16880
7/30/2023,LK,Sri Lanka,SEARO,5,672568,0,16880
8/6/2023,LK,Sri Lanka,SEARO,1,672569,2,16882
8/13/2023,LK,Sri Lanka,SEARO,4,672573,0,16882
8/20/2023,LK,Sri Lanka,SEARO,2,672575,0,16882
8/27/2023,LK,Sri Lanka,SEARO,2,672577,0,16882
9/3/2023,LK,Sri Lanka,SEARO,2,672579,0,16882
9/10/2023,LK,Sri Lanka,SEARO,0,672579,0,16882
9/17/2023,LK,Sri Lanka,SEARO,4,672583,0,16882
9/24/2023,LK,Sri Lanka,SEARO,4,672587,0,16882
10/1/2023,LK,Sri Lanka,SEARO,2,672589,0,16882
10/8/2023,LK,Sri Lanka,SEARO,1,672590,0,16882
10/15/2023,LK,Sri Lanka,SEARO,3,672593,0,16882
10/22/2023,LK,Sri Lanka,SEARO,4,672597,0,16882
10/29/2023,LK,Sri Lanka,SEARO,1,672598,1,16883
11/5/2023,LK,Sri Lanka,SEARO,8,672606,0,16883
11/12/2023,LK,Sri Lanka,SEARO,6,672612,2,16885
11/19/2023,LK,Sri Lanka,SEARO,6,672618,0,16885
11/26/2023,LK,Sri Lanka,SEARO,11,672629,1,16886
12/3/2023,LK,Sri Lanka,SEARO,10,672639,0,16886
12/10/2023,LK,Sri Lanka,SEARO,15,672654,0,16886
12/17/2023,LK,Sri Lanka,SEARO,7,672661,0,16886
12/24/2023,LK,Sri Lanka,SEARO,18,672679,2,16888
1/5/2020,SD,Sudan,EMRO,0,0,0,0
1/12/2020,SD,Sudan,EMRO,0,0,0,0
1/19/2020,SD,Sudan,EMRO,0,0,0,0
1/26/2020,SD,Sudan,EMRO,0,0,0,0
2/2/2020,SD,Sudan,EMRO,0,0,0,0
2/9/2020,SD,Sudan,EMRO,0,0,0,0
2/16/2020,SD,Sudan,EMRO,0,0,0,0
2/23/2020,SD,Sudan,EMRO,0,0,0,0
3/1/2020,SD,Sudan,EMRO,0,0,0,0
3/8/2020,SD,Sudan,EMRO,0,0,0,0
3/15/2020,SD,Sudan,EMRO,1,1,1,1
3/22/2020,SD,Sudan,EMRO,1,2,0,1
3/29/2020,SD,Sudan,EMRO,3,5,0,1
4/5/2020,SD,Sudan,EMRO,5,10,1,2
4/12/2020,SD,Sudan,EMRO,9,19,0,2
4/19/2020,SD,Sudan,EMRO,47,66,8,10
4/26/2020,SD,Sudan,EMRO,147,213,7,17
5/3/2020,SD,Sudan,EMRO,379,592,24,41
5/10/2020,SD,Sudan,EMRO,572,1164,27,68
5/17/2020,SD,Sudan,EMRO,1125,2289,33,101
5/24/2020,SD,Sudan,EMRO,1345,3634,45,146
5/31/2020,SD,Sudan,EMRO,1166,4800,116,262
6/7/2020,SD,Sudan,EMRO,1281,6081,97,359
6/14/2020,SD,Sudan,EMRO,926,7007,88,447
6/21/2020,SD,Sudan,EMRO,1573,8580,74,521
6/28/2020,SD,Sudan,EMRO,734,9314,55,576
7/5/2020,SD,Sudan,EMRO,453,9767,32,608
7/12/2020,SD,Sudan,EMRO,483,10250,42,650
7/19/2020,SD,Sudan,EMRO,512,10762,30,680
7/26/2020,SD,Sudan,EMRO,623,11385,37,717
8/2/2020,SD,Sudan,EMRO,353,11738,35,752
8/9/2020,SD,Sudan,EMRO,218,11956,29,781
8/16/2020,SD,Sudan,EMRO,454,12410,22,803
8/23/2020,SD,Sudan,EMRO,493,12903,15,818
8/30/2020,SD,Sudan,EMRO,286,13189,5,823
9/6/2020,SD,Sudan,EMRO,248,13437,10,833
9/13/2020,SD,Sudan,EMRO,95,13532,3,836
9/20/2020,SD,Sudan,EMRO,23,13555,0,836
9/27/2020,SD,Sudan,EMRO,55,13610,0,836
10/4/2020,SD,Sudan,EMRO,50,13660,0,836
10/11/2020,SD,Sudan,EMRO,25,13685,0,836
10/18/2020,SD,Sudan,EMRO,26,13711,0,836
10/25/2020,SD,Sudan,EMRO,33,13744,1,837
11/1/2020,SD,Sudan,EMRO,75,13819,0,837
11/8/2020,SD,Sudan,EMRO,336,14155,279,1116
11/15/2020,SD,Sudan,EMRO,573,14728,3,1119
11/22/2020,SD,Sudan,EMRO,1459,16187,80,1199
11/29/2020,SD,Sudan,EMRO,1623,17810,50,1249
12/6/2020,SD,Sudan,EMRO,1937,19747,54,1303
12/13/2020,SD,Sudan,EMRO,1844,21591,54,1357
12/20/2020,SD,Sudan,EMRO,1509,23100,104,1461
12/27/2020,SD,Sudan,EMRO,1594,24694,59,1520
1/3/2021,SD,Sudan,EMRO,1345,26039,77,1597
1/10/2021,SD,Sudan,EMRO,1455,27494,60,1657
1/17/2021,SD,Sudan,EMRO,739,28233,50,1707
1/24/2021,SD,Sudan,EMRO,637,28870,31,1738
1/31/2021,SD,Sudan,EMRO,579,29449,69,1807
2/7/2021,SD,Sudan,EMRO,316,29765,28,1835
2/14/2021,SD,Sudan,EMRO,241,30006,18,1853
2/21/2021,SD,Sudan,EMRO,199,30205,18,1871
2/28/2021,SD,Sudan,EMRO,212,30417,19,1890
3/7/2021,SD,Sudan,EMRO,220,30637,22,1912
3/14/2021,SD,Sudan,EMRO,309,30946,41,1953
3/21/2021,SD,Sudan,EMRO,336,31282,50,2003
3/28/2021,SD,Sudan,EMRO,430,31712,57,2060
4/4/2021,SD,Sudan,EMRO,619,32331,65,2125
4/11/2021,SD,Sudan,EMRO,526,32857,60,2185
4/18/2021,SD,Sudan,EMRO,558,33415,88,2273
4/25/2021,SD,Sudan,EMRO,382,33797,60,2333
5/2/2021,SD,Sudan,EMRO,664,34461,32,2365
5/9/2021,SD,Sudan,EMRO,428,34889,81,2446
5/16/2021,SD,Sudan,EMRO,0,34889,0,2446
5/23/2021,SD,Sudan,EMRO,304,35193,148,2594
5/30/2021,SD,Sudan,EMRO,302,35495,36,2630
6/6/2021,SD,Sudan,EMRO,509,36004,67,2697
6/13/2021,SD,Sudan,EMRO,300,36304,35,2732
6/20/2021,SD,Sudan,EMRO,126,36430,8,2740
6/27/2021,SD,Sudan,EMRO,190,36620,14,2754
7/4/2021,SD,Sudan,EMRO,179,36799,6,2760
7/11/2021,SD,Sudan,EMRO,160,36959,14,2774
7/18/2021,SD,Sudan,EMRO,218,37177,3,2777
7/25/2021,SD,Sudan,EMRO,122,37299,1,2778
8/1/2021,SD,Sudan,EMRO,141,37440,2,2780
8/8/2021,SD,Sudan,EMRO,75,37515,0,2780
8/15/2021,SD,Sudan,EMRO,41,37556,0,2780
8/22/2021,SD,Sudan,EMRO,84,37640,4,2784
8/29/2021,SD,Sudan,EMRO,68,37708,7,2791
9/5/2021,SD,Sudan,EMRO,165,37873,0,2791
9/12/2021,SD,Sudan,EMRO,78,37951,38,2829
9/19/2021,SD,Sudan,EMRO,90,38041,6,2835
9/26/2021,SD,Sudan,EMRO,160,38201,6,2841
10/3/2021,SD,Sudan,EMRO,144,38345,35,2876
10/10/2021,SD,Sudan,EMRO,482,38827,77,2953
10/17/2021,SD,Sudan,EMRO,1012,39839,26,2979
10/24/2021,SD,Sudan,EMRO,594,40433,16,2995
10/31/2021,SD,Sudan,EMRO,349,40782,48,3043
11/7/2021,SD,Sudan,EMRO,219,41001,20,3063
11/14/2021,SD,Sudan,EMRO,327,41328,24,3087
11/21/2021,SD,Sudan,EMRO,466,41794,16,3103
11/28/2021,SD,Sudan,EMRO,1032,42826,38,3141
12/5/2021,SD,Sudan,EMRO,1249,44075,59,3200
12/12/2021,SD,Sudan,EMRO,916,44991,52,3252
12/19/2021,SD,Sudan,EMRO,910,45901,43,3295
12/26/2021,SD,Sudan,EMRO,384,46285,3,3298
1/2/2022,SD,Sudan,EMRO,905,47190,42,3340
1/9/2022,SD,Sudan,EMRO,1416,48606,7,3347
1/16/2022,SD,Sudan,EMRO,3724,52330,43,3390
1/23/2022,SD,Sudan,EMRO,3499,55829,21,3411
1/30/2022,SD,Sudan,EMRO,1803,57632,30,3441
2/6/2022,SD,Sudan,EMRO,1660,59292,191,3632
2/13/2022,SD,Sudan,EMRO,608,59900,187,3819
2/20/2022,SD,Sudan,EMRO,1323,61223,73,3892
2/27/2022,SD,Sudan,EMRO,235,61458,16,3908
3/6/2022,SD,Sudan,EMRO,167,61625,957,4865
3/13/2022,SD,Sudan,EMRO,88,61713,7,4872
3/20/2022,SD,Sudan,EMRO,140,61853,26,4898
3/27/2022,SD,Sudan,EMRO,76,61929,7,4905
4/3/2022,SD,Sudan,EMRO,56,61985,2,4907
4/10/2022,SD,Sudan,EMRO,67,62052,21,4928
4/17/2022,SD,Sudan,EMRO,27,62079,1,4929
4/24/2022,SD,Sudan,EMRO,36,62115,2,4931
5/1/2022,SD,Sudan,EMRO,20,62135,2,4933
5/8/2022,SD,Sudan,EMRO,26,62161,3,4936
5/15/2022,SD,Sudan,EMRO,34,62195,0,4936
5/22/2022,SD,Sudan,EMRO,45,62240,5,4941
5/29/2022,SD,Sudan,EMRO,81,62321,0,4941
6/5/2022,SD,Sudan,EMRO,106,62427,9,4950
6/12/2022,SD,Sudan,EMRO,48,62475,0,4950
6/19/2022,SD,Sudan,EMRO,58,62533,0,4950
6/26/2022,SD,Sudan,EMRO,90,62623,1,4951
7/3/2022,SD,Sudan,EMRO,81,62704,1,4952
7/10/2022,SD,Sudan,EMRO,109,62813,3,4955
7/17/2022,SD,Sudan,EMRO,61,62874,0,4955
7/24/2022,SD,Sudan,EMRO,115,62989,2,4957
7/31/2022,SD,Sudan,EMRO,85,63074,1,4958
8/7/2022,SD,Sudan,EMRO,62,63136,3,4961
8/14/2022,SD,Sudan,EMRO,30,63166,0,4961
8/21/2022,SD,Sudan,EMRO,51,63217,0,4961
8/28/2022,SD,Sudan,EMRO,21,63238,0,4961
9/4/2022,SD,Sudan,EMRO,28,63266,0,4961
9/11/2022,SD,Sudan,EMRO,13,63279,0,4961
9/18/2022,SD,Sudan,EMRO,29,63308,1,4962
9/25/2022,SD,Sudan,EMRO,11,63319,0,4962
10/2/2022,SD,Sudan,EMRO,20,63339,0,4962
10/9/2022,SD,Sudan,EMRO,5,63344,0,4962
10/16/2022,SD,Sudan,EMRO,65,63409,1,4963
10/23/2022,SD,Sudan,EMRO,37,63446,3,4966
10/30/2022,SD,Sudan,EMRO,35,63481,6,4972
11/6/2022,SD,Sudan,EMRO,77,63558,6,4978
11/13/2022,SD,Sudan,EMRO,37,63595,3,4981
11/20/2022,SD,Sudan,EMRO,30,63625,5,4986
11/27/2022,SD,Sudan,EMRO,14,63639,5,4991
12/4/2022,SD,Sudan,EMRO,16,63655,0,4991
12/11/2022,SD,Sudan,EMRO,10,63665,1,4992
12/18/2022,SD,Sudan,EMRO,12,63677,0,4992
12/25/2022,SD,Sudan,EMRO,13,63690,2,4994
1/1/2023,SD,Sudan,EMRO,12,63702,1,4995
1/8/2023,SD,Sudan,EMRO,0,63702,0,4995
1/15/2023,SD,Sudan,EMRO,15,63717,3,4998
1/22/2023,SD,Sudan,EMRO,12,63729,3,5001
1/29/2023,SD,Sudan,EMRO,13,63742,0,5001
2/5/2023,SD,Sudan,EMRO,17,63759,7,5008
2/12/2023,SD,Sudan,EMRO,16,63775,3,5011
2/19/2023,SD,Sudan,EMRO,12,63787,0,5011
2/26/2023,SD,Sudan,EMRO,22,63809,2,5013
3/5/2023,SD,Sudan,EMRO,20,63829,4,5017
3/12/2023,SD,Sudan,EMRO,24,63853,6,5023
3/19/2023,SD,Sudan,EMRO,46,63899,3,5026
3/26/2023,SD,Sudan,EMRO,23,63922,8,5034
4/2/2023,SD,Sudan,EMRO,0,63922,0,5034
4/9/2023,SD,Sudan,EMRO,0,63922,0,5034
4/16/2023,SD,Sudan,EMRO,71,63993,12,5046
4/23/2023,SD,Sudan,EMRO,0,63993,0,5046
4/30/2023,SD,Sudan,EMRO,0,63993,0,5046
5/7/2023,SD,Sudan,EMRO,0,63993,0,5046
5/14/2023,SD,Sudan,EMRO,0,63993,0,5046
5/21/2023,SD,Sudan,EMRO,0,63993,0,5046
5/28/2023,SD,Sudan,EMRO,0,63993,0,5046
6/4/2023,SD,Sudan,EMRO,0,63993,0,5046
6/11/2023,SD,Sudan,EMRO,0,63993,0,5046
6/18/2023,SD,Sudan,EMRO,0,63993,0,5046
6/25/2023,SD,Sudan,EMRO,0,63993,0,5046
7/2/2023,SD,Sudan,EMRO,0,63993,0,5046
7/9/2023,SD,Sudan,EMRO,0,63993,0,5046
7/16/2023,SD,Sudan,EMRO,0,63993,0,5046
7/23/2023,SD,Sudan,EMRO,0,63993,0,5046
7/30/2023,SD,Sudan,EMRO,0,63993,0,5046
8/6/2023,SD,Sudan,EMRO,0,63993,0,5046
8/13/2023,SD,Sudan,EMRO,0,63993,0,5046
8/20/2023,SD,Sudan,EMRO,0,63993,0,5046
8/27/2023,SD,Sudan,EMRO,0,63993,0,5046
9/3/2023,SD,Sudan,EMRO,0,63993,0,5046
9/10/2023,SD,Sudan,EMRO,0,63993,0,5046
9/17/2023,SD,Sudan,EMRO,0,63993,0,5046
9/24/2023,SD,Sudan,EMRO,0,63993,0,5046
10/1/2023,SD,Sudan,EMRO,0,63993,0,5046
10/8/2023,SD,Sudan,EMRO,0,63993,0,5046
10/15/2023,SD,Sudan,EMRO,0,63993,0,5046
10/22/2023,SD,Sudan,EMRO,0,63993,0,5046
10/29/2023,SD,Sudan,EMRO,0,63993,0,5046
11/5/2023,SD,Sudan,EMRO,0,63993,0,5046
11/12/2023,SD,Sudan,EMRO,0,63993,0,5046
11/19/2023,SD,Sudan,EMRO,0,63993,0,5046
11/26/2023,SD,Sudan,EMRO,0,63993,0,5046
12/3/2023,SD,Sudan,EMRO,0,63993,0,5046
12/10/2023,SD,Sudan,EMRO,0,63993,0,5046
12/17/2023,SD,Sudan,EMRO,0,63993,0,5046
12/24/2023,SD,Sudan,EMRO,0,63993,0,5046
1/5/2020,SR,Suriname,AMRO,0,0,0,0
1/12/2020,SR,Suriname,AMRO,0,0,0,0
1/19/2020,SR,Suriname,AMRO,0,0,0,0
1/26/2020,SR,Suriname,AMRO,0,0,0,0
2/2/2020,SR,Suriname,AMRO,0,0,0,0
2/9/2020,SR,Suriname,AMRO,0,0,0,0
2/16/2020,SR,Suriname,AMRO,0,0,0,0
2/23/2020,SR,Suriname,AMRO,0,0,0,0
3/1/2020,SR,Suriname,AMRO,0,0,0,0
3/8/2020,SR,Suriname,AMRO,0,0,0,0
3/15/2020,SR,Suriname,AMRO,1,1,0,0
3/22/2020,SR,Suriname,AMRO,1,2,0,0
3/29/2020,SR,Suriname,AMRO,6,8,0,0
4/5/2020,SR,Suriname,AMRO,2,10,0,0
4/12/2020,SR,Suriname,AMRO,0,10,1,1
4/19/2020,SR,Suriname,AMRO,0,10,0,1
4/26/2020,SR,Suriname,AMRO,0,10,0,1
5/3/2020,SR,Suriname,AMRO,0,10,0,1
5/10/2020,SR,Suriname,AMRO,0,10,0,1
5/17/2020,SR,Suriname,AMRO,0,10,0,1
5/24/2020,SR,Suriname,AMRO,1,11,0,1
5/31/2020,SR,Suriname,AMRO,1,12,0,1
6/7/2020,SR,Suriname,AMRO,78,90,0,1
6/14/2020,SR,Suriname,AMRO,97,187,2,3
6/21/2020,SR,Suriname,AMRO,106,293,5,8
6/28/2020,SR,Suriname,AMRO,98,391,2,10
7/5/2020,SR,Suriname,AMRO,174,565,4,14
7/12/2020,SR,Suriname,AMRO,164,729,4,18
7/19/2020,SR,Suriname,AMRO,214,943,1,19
7/26/2020,SR,Suriname,AMRO,362,1305,4,23
8/2/2020,SR,Suriname,AMRO,401,1706,3,26
8/9/2020,SR,Suriname,AMRO,497,2203,3,29
8/16/2020,SR,Suriname,AMRO,635,2838,12,41
8/23/2020,SR,Suriname,AMRO,622,3460,15,56
8/30/2020,SR,Suriname,AMRO,388,3848,10,66
9/6/2020,SR,Suriname,AMRO,404,4252,9,75
9/13/2020,SR,Suriname,AMRO,277,4529,18,93
9/20/2020,SR,Suriname,AMRO,162,4691,3,96
9/27/2020,SR,Suriname,AMRO,126,4817,6,102
10/4/2020,SR,Suriname,AMRO,82,4899,3,105
10/11/2020,SR,Suriname,AMRO,119,5018,1,106
10/18/2020,SR,Suriname,AMRO,95,5113,3,109
10/25/2020,SR,Suriname,AMRO,42,5155,0,109
11/1/2020,SR,Suriname,AMRO,46,5201,2,111
11/8/2020,SR,Suriname,AMRO,26,5227,1,112
11/15/2020,SR,Suriname,AMRO,41,5268,2,114
11/22/2020,SR,Suriname,AMRO,21,5289,2,116
11/29/2020,SR,Suriname,AMRO,22,5311,1,117
12/6/2020,SR,Suriname,AMRO,11,5322,0,117
12/13/2020,SR,Suriname,AMRO,17,5339,0,117
12/20/2020,SR,Suriname,AMRO,120,5459,0,117
12/27/2020,SR,Suriname,AMRO,421,5880,2,119
1/3/2021,SR,Suriname,AMRO,397,6277,4,123
1/10/2021,SR,Suriname,AMRO,577,6854,8,131
1/17/2021,SR,Suriname,AMRO,555,7409,8,139
1/24/2021,SR,Suriname,AMRO,536,7945,9,148
1/31/2021,SR,Suriname,AMRO,419,8364,6,154
2/7/2021,SR,Suriname,AMRO,255,8619,4,158
2/14/2021,SR,Suriname,AMRO,159,8778,8,166
2/21/2021,SR,Suriname,AMRO,76,8854,2,168
2/28/2021,SR,Suriname,AMRO,59,8913,2,170
3/7/2021,SR,Suriname,AMRO,53,8966,5,175
3/14/2021,SR,Suriname,AMRO,46,9012,1,176
3/21/2021,SR,Suriname,AMRO,43,9055,0,176
3/28/2021,SR,Suriname,AMRO,33,9088,1,177
4/4/2021,SR,Suriname,AMRO,49,9137,0,177
4/11/2021,SR,Suriname,AMRO,128,9265,1,178
4/18/2021,SR,Suriname,AMRO,231,9496,9,187
4/25/2021,SR,Suriname,AMRO,436,9932,6,193
5/2/2021,SR,Suriname,AMRO,431,10363,11,204
5/9/2021,SR,Suriname,AMRO,570,10933,10,214
5/16/2021,SR,Suriname,AMRO,774,11707,9,223
5/23/2021,SR,Suriname,AMRO,1035,12742,20,243
5/30/2021,SR,Suriname,AMRO,1563,14305,39,282
6/6/2021,SR,Suriname,AMRO,1704,16009,50,332
6/13/2021,SR,Suriname,AMRO,1790,17799,58,390
6/20/2021,SR,Suriname,AMRO,1777,19576,53,443
6/27/2021,SR,Suriname,AMRO,1335,20911,51,494
7/4/2021,SR,Suriname,AMRO,1152,22063,45,539
7/11/2021,SR,Suriname,AMRO,1106,23169,29,568
7/18/2021,SR,Suriname,AMRO,886,24055,39,607
7/25/2021,SR,Suriname,AMRO,634,24689,20,627
8/1/2021,SR,Suriname,AMRO,598,25287,18,645
8/8/2021,SR,Suriname,AMRO,566,25853,14,659
8/15/2021,SR,Suriname,AMRO,580,26433,17,676
8/22/2021,SR,Suriname,AMRO,777,27210,20,696
8/29/2021,SR,Suriname,AMRO,1252,28462,13,709
9/5/2021,SR,Suriname,AMRO,1658,30120,24,733
9/12/2021,SR,Suriname,AMRO,2644,32764,23,756
9/19/2021,SR,Suriname,AMRO,3664,36428,40,796
9/26/2021,SR,Suriname,AMRO,3181,39609,45,841
10/3/2021,SR,Suriname,AMRO,2258,41867,52,893
10/10/2021,SR,Suriname,AMRO,2169,44036,60,953
10/17/2021,SR,Suriname,AMRO,2096,46132,54,1007
10/24/2021,SR,Suriname,AMRO,1743,47875,47,1054
10/31/2021,SR,Suriname,AMRO,1024,48899,28,1082
11/7/2021,SR,Suriname,AMRO,605,49504,30,1112
11/14/2021,SR,Suriname,AMRO,509,50013,21,1133
11/21/2021,SR,Suriname,AMRO,397,50410,13,1146
11/28/2021,SR,Suriname,AMRO,300,50710,16,1162
12/5/2021,SR,Suriname,AMRO,250,50960,8,1170
12/12/2021,SR,Suriname,AMRO,207,51167,6,1176
12/19/2021,SR,Suriname,AMRO,217,51384,4,1180
12/26/2021,SR,Suriname,AMRO,179,51563,6,1186
1/2/2022,SR,Suriname,AMRO,883,52446,3,1189
1/9/2022,SR,Suriname,AMRO,4346,56792,7,1196
1/16/2022,SR,Suriname,AMRO,5942,62734,12,1208
1/23/2022,SR,Suriname,AMRO,6541,69275,23,1231
1/30/2022,SR,Suriname,AMRO,3668,72943,26,1257
2/6/2022,SR,Suriname,AMRO,2309,75252,17,1274
2/13/2022,SR,Suriname,AMRO,1624,76876,24,1298
2/20/2022,SR,Suriname,AMRO,758,77634,11,1309
2/27/2022,SR,Suriname,AMRO,436,78070,6,1315
3/6/2022,SR,Suriname,AMRO,384,78454,2,1317
3/13/2022,SR,Suriname,AMRO,286,78740,3,1320
3/20/2022,SR,Suriname,AMRO,176,78916,3,1323
3/27/2022,SR,Suriname,AMRO,217,79133,1,1324
4/3/2022,SR,Suriname,AMRO,96,79229,1,1325
4/10/2022,SR,Suriname,AMRO,12,79241,0,1325
4/17/2022,SR,Suriname,AMRO,35,79276,0,1325
4/24/2022,SR,Suriname,AMRO,26,79302,2,1327
5/1/2022,SR,Suriname,AMRO,34,79336,1,1328
5/8/2022,SR,Suriname,AMRO,57,79393,0,1328
5/15/2022,SR,Suriname,AMRO,615,80008,9,1337
5/22/2022,SR,Suriname,AMRO,232,80240,2,1339
5/29/2022,SR,Suriname,AMRO,176,80416,2,1341
6/5/2022,SR,Suriname,AMRO,131,80547,9,1350
6/12/2022,SR,Suriname,AMRO,126,80673,2,1352
6/19/2022,SR,Suriname,AMRO,93,80766,3,1355
6/26/2022,SR,Suriname,AMRO,51,80817,4,1359
7/3/2022,SR,Suriname,AMRO,47,80864,10,1369
7/10/2022,SR,Suriname,AMRO,26,80890,7,1376
7/17/2022,SR,Suriname,AMRO,29,80919,1,1377
7/24/2022,SR,Suriname,AMRO,30,80949,2,1379
7/31/2022,SR,Suriname,AMRO,17,80966,1,1380
8/7/2022,SR,Suriname,AMRO,16,80982,0,1380
8/14/2022,SR,Suriname,AMRO,6,80988,0,1380
8/21/2022,SR,Suriname,AMRO,19,81007,2,1382
8/28/2022,SR,Suriname,AMRO,15,81022,1,1383
9/4/2022,SR,Suriname,AMRO,17,81039,0,1383
9/11/2022,SR,Suriname,AMRO,18,81057,1,1384
9/18/2022,SR,Suriname,AMRO,21,81078,0,1384
9/25/2022,SR,Suriname,AMRO,21,81099,1,1385
10/2/2022,SR,Suriname,AMRO,7,81106,0,1385
10/9/2022,SR,Suriname,AMRO,8,81114,0,1385
10/16/2022,SR,Suriname,AMRO,17,81131,0,1385
10/23/2022,SR,Suriname,AMRO,27,81158,1,1386
10/30/2022,SR,Suriname,AMRO,27,81185,4,1390
11/6/2022,SR,Suriname,AMRO,43,81228,2,1392
11/13/2022,SR,Suriname,AMRO,0,81228,0,1392
11/20/2022,SR,Suriname,AMRO,0,81228,0,1392
11/27/2022,SR,Suriname,AMRO,0,81228,0,1392
12/4/2022,SR,Suriname,AMRO,353,81581,1,1393
12/11/2022,SR,Suriname,AMRO,0,81581,0,1393
12/18/2022,SR,Suriname,AMRO,0,81581,0,1393
12/25/2022,SR,Suriname,AMRO,0,81581,0,1393
1/1/2023,SR,Suriname,AMRO,0,81581,0,1393
1/8/2023,SR,Suriname,AMRO,439,82020,5,1398
1/15/2023,SR,Suriname,AMRO,0,82020,0,1398
1/22/2023,SR,Suriname,AMRO,0,82020,0,1398
1/29/2023,SR,Suriname,AMRO,0,82020,0,1398
2/5/2023,SR,Suriname,AMRO,207,82227,2,1400
2/12/2023,SR,Suriname,AMRO,0,82227,0,1400
2/19/2023,SR,Suriname,AMRO,0,82227,0,1400
2/26/2023,SR,Suriname,AMRO,0,82227,0,1400
3/5/2023,SR,Suriname,AMRO,240,82467,4,1404
3/12/2023,SR,Suriname,AMRO,0,82467,0,1404
3/19/2023,SR,Suriname,AMRO,0,82467,0,1404
3/26/2023,SR,Suriname,AMRO,0,82467,0,1404
4/2/2023,SR,Suriname,AMRO,0,82467,0,1404
4/9/2023,SR,Suriname,AMRO,28,82495,0,1404
4/16/2023,SR,Suriname,AMRO,0,82495,0,1404
4/23/2023,SR,Suriname,AMRO,0,82495,0,1404
4/30/2023,SR,Suriname,AMRO,0,82495,0,1404
5/7/2023,SR,Suriname,AMRO,0,82495,0,1404
5/14/2023,SR,Suriname,AMRO,0,82495,0,1404
5/21/2023,SR,Suriname,AMRO,0,82495,0,1404
5/28/2023,SR,Suriname,AMRO,2,82497,0,1404
6/4/2023,SR,Suriname,AMRO,1,82498,0,1404
6/11/2023,SR,Suriname,AMRO,3,82501,0,1404
6/18/2023,SR,Suriname,AMRO,1,82502,0,1404
6/25/2023,SR,Suriname,AMRO,2,82504,0,1404
7/2/2023,SR,Suriname,AMRO,0,82504,0,1404
7/9/2023,SR,Suriname,AMRO,2,82506,0,1404
7/16/2023,SR,Suriname,AMRO,0,82506,0,1404
7/23/2023,SR,Suriname,AMRO,0,82506,0,1404
7/30/2023,SR,Suriname,AMRO,0,82506,0,1404
8/6/2023,SR,Suriname,AMRO,0,82506,0,1404
8/13/2023,SR,Suriname,AMRO,0,82506,0,1404
8/20/2023,SR,Suriname,AMRO,0,82506,0,1404
8/27/2023,SR,Suriname,AMRO,0,82506,0,1404
9/3/2023,SR,Suriname,AMRO,0,82506,0,1404
9/10/2023,SR,Suriname,AMRO,0,82506,0,1404
9/17/2023,SR,Suriname,AMRO,0,82506,0,1404
9/24/2023,SR,Suriname,AMRO,0,82506,0,1404
10/1/2023,SR,Suriname,AMRO,0,82506,0,1404
10/8/2023,SR,Suriname,AMRO,0,82506,0,1404
10/15/2023,SR,Suriname,AMRO,0,82506,0,1404
10/22/2023,SR,Suriname,AMRO,0,82506,0,1404
10/29/2023,SR,Suriname,AMRO,0,82506,0,1404
11/5/2023,SR,Suriname,AMRO,0,82506,0,1404
11/12/2023,SR,Suriname,AMRO,0,82506,0,1404
11/19/2023,SR,Suriname,AMRO,0,82506,0,1404
11/26/2023,SR,Suriname,AMRO,0,82506,0,1404
12/3/2023,SR,Suriname,AMRO,0,82506,0,1404
12/10/2023,SR,Suriname,AMRO,0,82506,0,1404
12/17/2023,SR,Suriname,AMRO,0,82506,0,1404
12/24/2023,SR,Suriname,AMRO,0,82506,0,1404
1/5/2020,SE,Sweden,EURO,0,0,0,0
1/12/2020,SE,Sweden,EURO,0,0,0,0
1/19/2020,SE,Sweden,EURO,0,0,0,0
1/26/2020,SE,Sweden,EURO,0,0,0,0
2/2/2020,SE,Sweden,EURO,0,0,0,0
2/9/2020,SE,Sweden,EURO,1,1,0,0
2/16/2020,SE,Sweden,EURO,0,1,0,0
2/23/2020,SE,Sweden,EURO,0,1,0,0
3/1/2020,SE,Sweden,EURO,13,14,0,0
3/8/2020,SE,Sweden,EURO,165,179,0,0
3/15/2020,SE,Sweden,EURO,815,994,3,3
3/22/2020,SE,Sweden,EURO,875,1869,35,38
3/29/2020,SE,Sweden,EURO,1795,3664,163,201
4/5/2020,SE,Sweden,EURO,3169,6833,404,605
4/12/2020,SE,Sweden,EURO,3616,10449,652,1257
4/19/2020,SE,Sweden,EURO,3828,14277,667,1924
4/26/2020,SE,Sweden,EURO,4291,18568,559,2483
5/3/2020,SE,Sweden,EURO,3871,22439,542,3025
5/10/2020,SE,Sweden,EURO,4135,26574,511,3536
5/17/2020,SE,Sweden,EURO,3889,30463,401,3937
5/24/2020,SE,Sweden,EURO,3708,34171,368,4305
5/31/2020,SE,Sweden,EURO,4225,38396,270,4575
6/7/2020,SE,Sweden,EURO,5824,44220,259,4834
6/14/2020,SE,Sweden,EURO,7167,51387,240,5074
6/21/2020,SE,Sweden,EURO,7170,58557,205,5279
6/28/2020,SE,Sweden,EURO,7361,65918,137,5416
7/5/2020,SE,Sweden,EURO,4379,70297,112,5528
7/12/2020,SE,Sweden,EURO,2388,72685,85,5613
7/19/2020,SE,Sweden,EURO,1618,74303,58,5671
7/26/2020,SE,Sweden,EURO,1384,75687,35,5706
8/2/2020,SE,Sweden,EURO,1560,77247,17,5723
8/9/2020,SE,Sweden,EURO,1979,79226,17,5740
8/16/2020,SE,Sweden,EURO,2062,81288,20,5760
8/23/2020,SE,Sweden,EURO,1693,82981,16,5776
8/30/2020,SE,Sweden,EURO,1209,84190,10,5786
9/6/2020,SE,Sweden,EURO,1313,85503,12,5798
9/13/2020,SE,Sweden,EURO,1553,87056,14,5812
9/20/2020,SE,Sweden,EURO,2053,89109,10,5822
9/27/2020,SE,Sweden,EURO,2885,91994,14,5836
10/4/2020,SE,Sweden,EURO,3653,95647,15,5851
10/11/2020,SE,Sweden,EURO,4273,99920,23,5874
10/18/2020,SE,Sweden,EURO,5460,105380,17,5891
10/25/2020,SE,Sweden,EURO,8962,114342,36,5927
11/1/2020,SE,Sweden,EURO,17691,132033,68,5995
11/8/2020,SE,Sweden,EURO,24605,156638,157,6152
11/15/2020,SE,Sweden,EURO,31835,188473,218,6370
11/22/2020,SE,Sweden,EURO,31103,219576,312,6682
11/29/2020,SE,Sweden,EURO,35229,254805,426,7108
12/6/2020,SE,Sweden,EURO,37787,292592,445,7553
12/13/2020,SE,Sweden,EURO,42377,334969,510,8063
12/20/2020,SE,Sweden,EURO,45482,380451,622,8685
12/27/2020,SE,Sweden,EURO,37678,418129,638,9323
1/3/2021,SE,Sweden,EURO,41777,459906,679,10002
1/10/2021,SE,Sweden,EURO,39883,499789,635,10637
1/17/2021,SE,Sweden,EURO,30002,529791,629,11266
1/24/2021,SE,Sweden,EURO,23325,553116,523,11789
1/31/2021,SE,Sweden,EURO,20638,573754,401,12190
2/7/2021,SE,Sweden,EURO,19755,593509,279,12469
2/14/2021,SE,Sweden,EURO,21083,614592,206,12675
2/21/2021,SE,Sweden,EURO,23225,637817,179,12854
2/28/2021,SE,Sweden,EURO,27037,664854,142,12996
3/7/2021,SE,Sweden,EURO,27531,692385,137,13133
3/14/2021,SE,Sweden,EURO,28966,721351,136,13269
3/21/2021,SE,Sweden,EURO,32493,753844,131,13400
3/28/2021,SE,Sweden,EURO,37479,791323,127,13527
4/4/2021,SE,Sweden,EURO,38914,830237,145,13672
4/11/2021,SE,Sweden,EURO,40200,870437,130,13802
4/18/2021,SE,Sweden,EURO,40911,911348,142,13944
4/25/2021,SE,Sweden,EURO,36788,948136,127,14071
5/2/2021,SE,Sweden,EURO,35344,983480,123,14194
5/9/2021,SE,Sweden,EURO,33738,1017218,103,14297
5/16/2021,SE,Sweden,EURO,26165,1043383,114,14411
5/23/2021,SE,Sweden,EURO,18960,1062343,72,14483
5/30/2021,SE,Sweden,EURO,6645,1068988,50,14533
6/6/2021,SE,Sweden,EURO,10821,1079809,44,14577
6/13/2021,SE,Sweden,EURO,4459,1084268,25,14602
6/20/2021,SE,Sweden,EURO,3006,1087274,14,14616
6/27/2021,SE,Sweden,EURO,1976,1089250,12,14628
7/4/2021,SE,Sweden,EURO,1877,1091127,8,14636
7/11/2021,SE,Sweden,EURO,1516,1092643,2,14638
7/18/2021,SE,Sweden,EURO,1877,1094520,3,14641
7/25/2021,SE,Sweden,EURO,2665,1097185,3,14644
8/1/2021,SE,Sweden,EURO,3462,1100647,4,14648
8/8/2021,SE,Sweden,EURO,4609,1105256,5,14653
8/15/2021,SE,Sweden,EURO,5812,1111068,8,14661
8/22/2021,SE,Sweden,EURO,6471,1117539,10,14671
8/29/2021,SE,Sweden,EURO,6686,1124225,17,14688
9/5/2021,SE,Sweden,EURO,7235,1131460,24,14712
9/12/2021,SE,Sweden,EURO,7984,1139444,47,14759
9/19/2021,SE,Sweden,EURO,6268,1145712,54,14813
9/26/2021,SE,Sweden,EURO,4304,1150016,44,14857
10/3/2021,SE,Sweden,EURO,4244,1154260,36,14893
10/10/2021,SE,Sweden,EURO,4132,1158392,53,14946
10/17/2021,SE,Sweden,EURO,4083,1162475,32,14978
10/24/2021,SE,Sweden,EURO,4884,1167359,27,15005
10/31/2021,SE,Sweden,EURO,5933,1173292,27,15032
11/7/2021,SE,Sweden,EURO,5088,1178380,34,15066
11/14/2021,SE,Sweden,EURO,5792,1184172,31,15097
11/21/2021,SE,Sweden,EURO,6931,1191103,30,15127
11/28/2021,SE,Sweden,EURO,11523,1202626,16,15143
12/5/2021,SE,Sweden,EURO,13760,1216386,25,15168
12/12/2021,SE,Sweden,EURO,18112,1234498,41,15209
12/19/2021,SE,Sweden,EURO,23958,1258456,46,15255
12/26/2021,SE,Sweden,EURO,28152,1286608,47,15302
1/2/2022,SE,Sweden,EURO,55443,1342051,63,15365
1/9/2022,SE,Sweden,EURO,114584,1456635,126,15491
1/16/2022,SE,Sweden,EURO,159272,1615907,153,15644
1/23/2022,SE,Sweden,EURO,247473,1863380,247,15891
1/30/2022,SE,Sweden,EURO,281038,2144418,296,16187
2/6/2022,SE,Sweden,EURO,190729,2335147,351,16538
2/13/2022,SE,Sweden,EURO,71262,2406409,331,16869
2/20/2022,SE,Sweden,EURO,22263,2428672,373,17242
2/27/2022,SE,Sweden,EURO,17695,2446367,322,17564
3/6/2022,SE,Sweden,EURO,13503,2459870,271,17835
3/13/2022,SE,Sweden,EURO,10035,2469905,207,18042
3/20/2022,SE,Sweden,EURO,8568,2478473,208,18250
3/27/2022,SE,Sweden,EURO,7138,2485611,164,18414
4/3/2022,SE,Sweden,EURO,5017,2490628,118,18532
4/10/2022,SE,Sweden,EURO,4089,2494717,121,18653
4/17/2022,SE,Sweden,EURO,3147,2497864,77,18730
4/24/2022,SE,Sweden,EURO,2568,2500432,75,18805
5/1/2022,SE,Sweden,EURO,2302,2502734,51,18856
5/8/2022,SE,Sweden,EURO,1972,2504706,50,18906
5/15/2022,SE,Sweden,EURO,1643,2506349,42,18948
5/22/2022,SE,Sweden,EURO,1830,2508179,46,18994
5/29/2022,SE,Sweden,EURO,1324,2509503,27,19021
6/5/2022,SE,Sweden,EURO,1256,2510759,26,19047
6/12/2022,SE,Sweden,EURO,1865,2512624,21,19068
6/19/2022,SE,Sweden,EURO,2103,2514727,29,19097
6/26/2022,SE,Sweden,EURO,3091,2517818,32,19129
7/3/2022,SE,Sweden,EURO,4074,2521892,38,19167
7/10/2022,SE,Sweden,EURO,4171,2526063,61,19228
7/17/2022,SE,Sweden,EURO,5417,2531480,59,19287
7/24/2022,SE,Sweden,EURO,5974,2537454,110,19397
7/31/2022,SE,Sweden,EURO,5709,2543163,96,19493
8/7/2022,SE,Sweden,EURO,6223,2549386,113,19606
8/14/2022,SE,Sweden,EURO,6644,2556030,115,19721
8/21/2022,SE,Sweden,EURO,6640,2562670,135,19856
8/28/2022,SE,Sweden,EURO,5067,2567737,93,19949
9/4/2022,SE,Sweden,EURO,4770,2572507,98,20047
9/11/2022,SE,Sweden,EURO,5077,2577584,82,20129
9/18/2022,SE,Sweden,EURO,5055,2582639,95,20224
9/25/2022,SE,Sweden,EURO,4963,2587602,96,20320
10/2/2022,SE,Sweden,EURO,13579,2601181,97,20417
10/9/2022,SE,Sweden,EURO,3965,2605146,98,20515
10/16/2022,SE,Sweden,EURO,3427,2608573,91,20606
10/23/2022,SE,Sweden,EURO,3297,2611870,91,20697
10/30/2022,SE,Sweden,EURO,3482,2615352,89,20786
11/6/2022,SE,Sweden,EURO,3412,2618764,69,20855
11/13/2022,SE,Sweden,EURO,3759,2622523,94,20949
11/20/2022,SE,Sweden,EURO,3632,2626155,87,21036
11/27/2022,SE,Sweden,EURO,4231,2630386,93,21129
12/4/2022,SE,Sweden,EURO,6562,2636948,108,21237
12/11/2022,SE,Sweden,EURO,9637,2646585,158,21395
12/18/2022,SE,Sweden,EURO,12616,2659201,247,21642
12/25/2022,SE,Sweden,EURO,12680,2671881,361,22003
1/1/2023,SE,Sweden,EURO,9197,2681078,370,22373
1/8/2023,SE,Sweden,EURO,5953,2687031,403,22776
1/15/2023,SE,Sweden,EURO,3815,2690846,302,23078
1/22/2023,SE,Sweden,EURO,2002,2692848,230,23308
1/29/2023,SE,Sweden,EURO,1411,2694259,145,23453
2/5/2023,SE,Sweden,EURO,1339,2695598,97,23550
2/12/2023,SE,Sweden,EURO,1066,2696664,70,23620
2/19/2023,SE,Sweden,EURO,823,2697487,50,23670
2/26/2023,SE,Sweden,EURO,642,2698129,38,23708
3/5/2023,SE,Sweden,EURO,710,2698839,51,23759
3/12/2023,SE,Sweden,EURO,858,2699697,29,23788
3/19/2023,SE,Sweden,EURO,878,2700575,33,23821
3/26/2023,SE,Sweden,EURO,64,2700639,4,23825
4/2/2023,SE,Sweden,EURO,1048,2701687,54,23879
4/9/2023,SE,Sweden,EURO,1016,2702703,47,23926
4/16/2023,SE,Sweden,EURO,1048,2703751,51,23977
4/23/2023,SE,Sweden,EURO,1197,2704948,55,24032
4/30/2023,SE,Sweden,EURO,1171,2706119,70,24102
5/7/2023,SE,Sweden,EURO,1050,2707169,79,24181
5/14/2023,SE,Sweden,EURO,948,2708117,74,24255
5/21/2023,SE,Sweden,EURO,922,2709039,66,24321
5/28/2023,SE,Sweden,EURO,776,2709815,62,24383
6/4/2023,SE,Sweden,EURO,613,2710428,48,24431
6/11/2023,SE,Sweden,EURO,518,2710946,37,24468
6/18/2023,SE,Sweden,EURO,480,2711426,44,24512
6/25/2023,SE,Sweden,EURO,437,2711863,29,24541
7/2/2023,SE,Sweden,EURO,290,2712153,24,24565
7/9/2023,SE,Sweden,EURO,266,2712419,23,24588
7/16/2023,SE,Sweden,EURO,211,2712630,28,24616
7/23/2023,SE,Sweden,EURO,156,2712786,12,24628
7/30/2023,SE,Sweden,EURO,173,2712959,21,24649
8/6/2023,SE,Sweden,EURO,225,2713184,14,24663
8/13/2023,SE,Sweden,EURO,233,2713417,7,24670
8/20/2023,SE,Sweden,EURO,257,2713674,12,24682
8/27/2023,SE,Sweden,EURO,408,2714082,22,24704
9/3/2023,SE,Sweden,EURO,496,2714578,19,24723
9/10/2023,SE,Sweden,EURO,569,2715147,20,24743
9/17/2023,SE,Sweden,EURO,664,2715811,28,24771
9/24/2023,SE,Sweden,EURO,656,2716467,41,24812
10/1/2023,SE,Sweden,EURO,676,2717143,25,24837
10/8/2023,SE,Sweden,EURO,595,2717738,38,24875
10/15/2023,SE,Sweden,EURO,698,2718436,34,24909
10/22/2023,SE,Sweden,EURO,964,2719400,51,24960
10/29/2023,SE,Sweden,EURO,1286,2720686,52,25012
11/5/2023,SE,Sweden,EURO,1992,2722678,87,25099
11/12/2023,SE,Sweden,EURO,2730,2725408,98,25197
11/19/2023,SE,Sweden,EURO,3523,2728931,135,25332
11/26/2023,SE,Sweden,EURO,0,2728931,0,25332
12/3/2023,SE,Sweden,EURO,0,2728931,0,25332
12/10/2023,SE,Sweden,EURO,5874,2734805,181,25513
12/17/2023,SE,Sweden,EURO,3292,2738097,215,25728
12/24/2023,SE,Sweden,EURO,2937,2741034,223,25951
1/5/2020,CH,Switzerland,EURO,0,0,0,0
1/12/2020,CH,Switzerland,EURO,0,0,0,0
1/19/2020,CH,Switzerland,EURO,0,0,0,0
1/26/2020,CH,Switzerland,EURO,0,0,0,0
2/2/2020,CH,Switzerland,EURO,0,0,0,0
2/9/2020,CH,Switzerland,EURO,0,0,0,0
2/16/2020,CH,Switzerland,EURO,0,0,0,0
2/23/2020,CH,Switzerland,EURO,0,0,0,0
3/1/2020,CH,Switzerland,EURO,45,45,0,0
3/8/2020,CH,Switzerland,EURO,320,365,2,2
3/15/2020,CH,Switzerland,EURO,2008,2373,18,20
3/22/2020,CH,Switzerland,EURO,6337,8710,89,109
3/29/2020,CH,Switzerland,EURO,7460,16170,226,335
4/5/2020,CH,Switzerland,EURO,6175,22345,379,714
4/12/2020,CH,Switzerland,EURO,3662,26007,358,1072
4/19/2020,CH,Switzerland,EURO,1970,27977,256,1328
4/26/2020,CH,Switzerland,EURO,1192,29169,203,1531
5/3/2020,CH,Switzerland,EURO,739,29908,95,1626
5/10/2020,CH,Switzerland,EURO,407,30315,55,1681
5/17/2020,CH,Switzerland,EURO,234,30549,20,1701
5/24/2020,CH,Switzerland,EURO,155,30704,19,1720
5/31/2020,CH,Switzerland,EURO,129,30833,4,1724
6/7/2020,CH,Switzerland,EURO,97,30930,1,1725
6/14/2020,CH,Switzerland,EURO,136,31066,4,1729
6/21/2020,CH,Switzerland,EURO,170,31236,1,1730
6/28/2020,CH,Switzerland,EURO,348,31584,2,1732
7/5/2020,CH,Switzerland,EURO,670,32254,2,1734
7/12/2020,CH,Switzerland,EURO,625,32879,3,1737
7/19/2020,CH,Switzerland,EURO,720,33599,4,1741
7/26/2020,CH,Switzerland,EURO,809,34408,5,1746
8/2/2020,CH,Switzerland,EURO,1132,35540,5,1751
8/9/2020,CH,Switzerland,EURO,1080,36620,5,1756
8/16/2020,CH,Switzerland,EURO,1537,38157,5,1761
8/23/2020,CH,Switzerland,EURO,1856,40013,3,1764
8/30/2020,CH,Switzerland,EURO,2084,42097,5,1769
9/6/2020,CH,Switzerland,EURO,2432,44529,11,1780
9/13/2020,CH,Switzerland,EURO,2792,47321,20,1800
9/20/2020,CH,Switzerland,EURO,2943,50264,16,1816
9/27/2020,CH,Switzerland,EURO,2301,52565,12,1828
10/4/2020,CH,Switzerland,EURO,3269,55834,11,1839
10/11/2020,CH,Switzerland,EURO,8254,64088,16,1855
10/18/2020,CH,Switzerland,EURO,18508,82596,45,1900
10/25/2020,CH,Switzerland,EURO,38252,120848,131,2031
11/1/2020,CH,Switzerland,EURO,55405,176253,288,2319
11/8/2020,CH,Switzerland,EURO,51842,228095,531,2850
11/15/2020,CH,Switzerland,EURO,40254,268349,635,3485
11/22/2020,CH,Switzerland,EURO,30555,298904,635,4120
11/29/2020,CH,Switzerland,EURO,26358,325262,621,4741
12/6/2020,CH,Switzerland,EURO,27029,352291,619,5360
12/13/2020,CH,Switzerland,EURO,29853,382144,592,5952
12/20/2020,CH,Switzerland,EURO,29390,411534,630,6582
12/27/2020,CH,Switzerland,EURO,23785,435319,600,7182
1/3/2021,CH,Switzerland,EURO,23289,458608,574,7756
1/10/2021,CH,Switzerland,EURO,22962,481570,428,8184
1/17/2021,CH,Switzerland,EURO,15599,497169,397,8581
1/24/2021,CH,Switzerland,EURO,13648,510817,320,8901
1/31/2021,CH,Switzerland,EURO,11504,522321,264,9165
2/7/2021,CH,Switzerland,EURO,10127,532448,173,9338
2/14/2021,CH,Switzerland,EURO,8052,540500,126,9464
2/21/2021,CH,Switzerland,EURO,6936,547436,97,9561
2/28/2021,CH,Switzerland,EURO,7191,554627,67,9628
3/7/2021,CH,Switzerland,EURO,7546,562173,62,9690
3/14/2021,CH,Switzerland,EURO,8662,570835,75,9765
3/21/2021,CH,Switzerland,EURO,10409,581244,64,9829
3/28/2021,CH,Switzerland,EURO,12324,593568,58,9887
4/4/2021,CH,Switzerland,EURO,12258,605826,70,9957
4/11/2021,CH,Switzerland,EURO,13977,619803,66,10023
4/18/2021,CH,Switzerland,EURO,14210,634013,46,10069
4/25/2021,CH,Switzerland,EURO,14377,648390,52,10121
5/2/2021,CH,Switzerland,EURO,12223,660613,70,10191
5/9/2021,CH,Switzerland,EURO,10350,670963,44,10235
5/16/2021,CH,Switzerland,EURO,7965,678928,26,10261
5/23/2021,CH,Switzerland,EURO,7527,686455,37,10298
5/30/2021,CH,Switzerland,EURO,5222,691677,24,10322
6/6/2021,CH,Switzerland,EURO,3686,695363,18,10340
6/13/2021,CH,Switzerland,EURO,2379,697742,20,10360
6/20/2021,CH,Switzerland,EURO,1281,699023,13,10373
6/27/2021,CH,Switzerland,EURO,763,699786,6,10379
7/4/2021,CH,Switzerland,EURO,946,700732,5,10384
7/11/2021,CH,Switzerland,EURO,1956,702688,2,10386
7/18/2021,CH,Switzerland,EURO,3633,706321,3,10389
7/25/2021,CH,Switzerland,EURO,4868,711189,4,10393
8/1/2021,CH,Switzerland,EURO,5197,716386,11,10404
8/8/2021,CH,Switzerland,EURO,7148,723534,3,10407
8/15/2021,CH,Switzerland,EURO,13498,737032,14,10421
8/22/2021,CH,Switzerland,EURO,17970,755002,24,10445
8/29/2021,CH,Switzerland,EURO,18132,773134,40,10485
9/5/2021,CH,Switzerland,EURO,18749,791883,49,10534
9/12/2021,CH,Switzerland,EURO,18440,810323,54,10588
9/19/2021,CH,Switzerland,EURO,13124,823447,46,10634
9/26/2021,CH,Switzerland,EURO,9423,832870,41,10675
10/3/2021,CH,Switzerland,EURO,7781,840651,39,10714
10/10/2021,CH,Switzerland,EURO,6363,847014,30,10744
10/17/2021,CH,Switzerland,EURO,6222,853236,32,10776
10/24/2021,CH,Switzerland,EURO,8649,861885,33,10809
10/31/2021,CH,Switzerland,EURO,11183,873068,44,10853
11/7/2021,CH,Switzerland,EURO,16769,889837,29,10882
11/14/2021,CH,Switzerland,EURO,24253,914090,63,10945
11/21/2021,CH,Switzerland,EURO,36490,950580,75,11020
11/28/2021,CH,Switzerland,EURO,50255,1000835,108,11128
12/5/2021,CH,Switzerland,EURO,62367,1063202,168,11296
12/12/2021,CH,Switzerland,EURO,64851,1128053,185,11481
12/19/2021,CH,Switzerland,EURO,60637,1188690,195,11676
12/26/2021,CH,Switzerland,EURO,64940,1253630,152,11828
1/2/2022,CH,Switzerland,EURO,106733,1360363,135,11963
1/9/2022,CH,Switzerland,EURO,180267,1540630,104,12067
1/16/2022,CH,Switzerland,EURO,183977,1724607,96,12163
1/23/2022,CH,Switzerland,EURO,233883,1958490,115,12278
1/30/2022,CH,Switzerland,EURO,248789,2207279,93,12371
2/6/2022,CH,Switzerland,EURO,205272,2412551,105,12476
2/13/2022,CH,Switzerland,EURO,154937,2567488,106,12582
2/20/2022,CH,Switzerland,EURO,112509,2679997,72,12654
2/27/2022,CH,Switzerland,EURO,103924,2783921,83,12737
3/6/2022,CH,Switzerland,EURO,146239,2930160,58,12795
3/13/2022,CH,Switzerland,EURO,188362,3118522,64,12859
3/20/2022,CH,Switzerland,EURO,186746,3305268,96,12955
3/27/2022,CH,Switzerland,EURO,126868,3432136,89,13044
4/3/2022,CH,Switzerland,EURO,70767,3502903,59,13103
4/10/2022,CH,Switzerland,EURO,41402,3544305,54,13157
4/17/2022,CH,Switzerland,EURO,31721,3576026,37,13194
4/24/2022,CH,Switzerland,EURO,22683,3598709,32,13226
5/1/2022,CH,Switzerland,EURO,17277,3615986,14,13240
5/8/2022,CH,Switzerland,EURO,13324,3629310,20,13260
5/15/2022,CH,Switzerland,EURO,11335,3640645,12,13272
5/22/2022,CH,Switzerland,EURO,8659,3649304,12,13284
5/29/2022,CH,Switzerland,EURO,6620,3655924,5,13289
6/5/2022,CH,Switzerland,EURO,9943,3665867,8,13297
6/12/2022,CH,Switzerland,EURO,14545,3680412,5,13302
6/19/2022,CH,Switzerland,EURO,23006,3703418,8,13310
6/26/2022,CH,Switzerland,EURO,30968,3734386,16,13326
7/3/2022,CH,Switzerland,EURO,43611,3777997,17,13343
7/10/2022,CH,Switzerland,EURO,55105,3833102,36,13379
7/17/2022,CH,Switzerland,EURO,51484,3884586,32,13411
7/24/2022,CH,Switzerland,EURO,40113,3924699,33,13444
7/31/2022,CH,Switzerland,EURO,27191,3951890,41,13485
8/7/2022,CH,Switzerland,EURO,20033,3971923,26,13511
8/14/2022,CH,Switzerland,EURO,19141,3991064,19,13530
8/21/2022,CH,Switzerland,EURO,16800,4007864,16,13546
8/28/2022,CH,Switzerland,EURO,15322,4023186,12,13558
9/4/2022,CH,Switzerland,EURO,14883,4038069,9,13567
9/11/2022,CH,Switzerland,EURO,13697,4051766,9,13576
9/18/2022,CH,Switzerland,EURO,13919,4065685,7,13583
9/25/2022,CH,Switzerland,EURO,15166,4080851,12,13595
10/2/2022,CH,Switzerland,EURO,23043,4103894,15,13610
10/9/2022,CH,Switzerland,EURO,33930,4137824,15,13625
10/16/2022,CH,Switzerland,EURO,37233,4175057,23,13648
10/23/2022,CH,Switzerland,EURO,31654,4206711,31,13679
10/30/2022,CH,Switzerland,EURO,24730,4231441,27,13706
11/6/2022,CH,Switzerland,EURO,21366,4252807,22,13728
11/13/2022,CH,Switzerland,EURO,20553,4273360,12,13740
11/20/2022,CH,Switzerland,EURO,21343,4294703,21,13761
11/27/2022,CH,Switzerland,EURO,19531,4314234,20,13781
12/4/2022,CH,Switzerland,EURO,18634,4332868,19,13800
12/11/2022,CH,Switzerland,EURO,16715,4349583,24,13824
12/18/2022,CH,Switzerland,EURO,13777,4363360,26,13850
12/25/2022,CH,Switzerland,EURO,11725,4375085,15,13865
1/1/2023,CH,Switzerland,EURO,5948,4381033,19,13884
1/8/2023,CH,Switzerland,EURO,2275,4383308,23,13907
1/15/2023,CH,Switzerland,EURO,1366,4384674,14,13921
1/22/2023,CH,Switzerland,EURO,117,4384791,2,13923
1/29/2023,CH,Switzerland,EURO,926,4385717,8,13931
2/5/2023,CH,Switzerland,EURO,847,4386564,7,13938
2/12/2023,CH,Switzerland,EURO,912,4387476,5,13943
2/19/2023,CH,Switzerland,EURO,971,4388447,4,13947
2/26/2023,CH,Switzerland,EURO,1218,4389665,6,13953
3/5/2023,CH,Switzerland,EURO,1361,4391026,3,13956
3/12/2023,CH,Switzerland,EURO,1491,4392517,6,13962
3/19/2023,CH,Switzerland,EURO,1797,4394314,6,13968
3/26/2023,CH,Switzerland,EURO,1785,4396099,10,13978
4/2/2023,CH,Switzerland,EURO,1585,4397684,9,13987
4/9/2023,CH,Switzerland,EURO,1435,4399119,8,13995
4/16/2023,CH,Switzerland,EURO,1180,4400299,3,13998
4/23/2023,CH,Switzerland,EURO,1114,4401413,6,14004
4/30/2023,CH,Switzerland,EURO,1062,4402475,6,14010
5/7/2023,CH,Switzerland,EURO,1016,4403491,5,14015
5/14/2023,CH,Switzerland,EURO,851,4404342,12,14027
5/21/2023,CH,Switzerland,EURO,584,4404926,4,14031
5/28/2023,CH,Switzerland,EURO,512,4405438,2,14033
6/4/2023,CH,Switzerland,EURO,511,4405949,2,14035
6/11/2023,CH,Switzerland,EURO,379,4406328,2,14037
6/18/2023,CH,Switzerland,EURO,282,4406610,1,14038
6/25/2023,CH,Switzerland,EURO,204,4406814,1,14039
7/2/2023,CH,Switzerland,EURO,181,4406995,0,14039
7/9/2023,CH,Switzerland,EURO,118,4407113,1,14040
7/16/2023,CH,Switzerland,EURO,134,4407247,0,14040
7/23/2023,CH,Switzerland,EURO,150,4407397,1,14041
7/30/2023,CH,Switzerland,EURO,175,4407572,1,14042
8/6/2023,CH,Switzerland,EURO,213,4407785,2,14044
8/13/2023,CH,Switzerland,EURO,261,4408046,3,14047
8/20/2023,CH,Switzerland,EURO,446,4408492,0,14047
8/27/2023,CH,Switzerland,EURO,625,4409117,2,14049
9/3/2023,CH,Switzerland,EURO,660,4409777,3,14052
9/10/2023,CH,Switzerland,EURO,724,4410501,1,14053
9/17/2023,CH,Switzerland,EURO,1133,4411634,4,14057
9/24/2023,CH,Switzerland,EURO,942,4412576,2,14059
10/1/2023,CH,Switzerland,EURO,888,4413464,4,14063
10/8/2023,CH,Switzerland,EURO,1007,4414471,4,14067
10/15/2023,CH,Switzerland,EURO,1214,4415685,5,14072
10/22/2023,CH,Switzerland,EURO,1457,4417142,6,14078
10/29/2023,CH,Switzerland,EURO,1612,4418754,4,14082
11/5/2023,CH,Switzerland,EURO,1812,4420566,2,14084
11/12/2023,CH,Switzerland,EURO,2170,4422736,2,14086
11/19/2023,CH,Switzerland,EURO,2860,4425596,0,14086
11/26/2023,CH,Switzerland,EURO,0,4425596,0,14086
12/3/2023,CH,Switzerland,EURO,0,4425596,0,14086
12/10/2023,CH,Switzerland,EURO,7006,4432602,20,14106
12/17/2023,CH,Switzerland,EURO,3757,4436359,19,14125
12/24/2023,CH,Switzerland,EURO,3633,4439992,17,14142
1/5/2020,SY,Syrian Arab Republic,EMRO,0,0,0,0
1/12/2020,SY,Syrian Arab Republic,EMRO,0,0,0,0
1/19/2020,SY,Syrian Arab Republic,EMRO,0,0,0,0
1/26/2020,SY,Syrian Arab Republic,EMRO,0,0,0,0
2/2/2020,SY,Syrian Arab Republic,EMRO,0,0,0,0
2/9/2020,SY,Syrian Arab Republic,EMRO,0,0,0,0
2/16/2020,SY,Syrian Arab Republic,EMRO,0,0,0,0
2/23/2020,SY,Syrian Arab Republic,EMRO,0,0,0,0
3/1/2020,SY,Syrian Arab Republic,EMRO,0,0,0,0
3/8/2020,SY,Syrian Arab Republic,EMRO,0,0,0,0
3/15/2020,SY,Syrian Arab Republic,EMRO,0,0,0,0
3/22/2020,SY,Syrian Arab Republic,EMRO,0,0,0,0
3/29/2020,SY,Syrian Arab Republic,EMRO,5,5,0,0
4/5/2020,SY,Syrian Arab Republic,EMRO,11,16,2,2
4/12/2020,SY,Syrian Arab Republic,EMRO,9,25,0,2
4/19/2020,SY,Syrian Arab Republic,EMRO,13,38,0,2
4/26/2020,SY,Syrian Arab Republic,EMRO,4,42,1,3
5/3/2020,SY,Syrian Arab Republic,EMRO,2,44,0,3
5/10/2020,SY,Syrian Arab Republic,EMRO,3,47,0,3
5/17/2020,SY,Syrian Arab Republic,EMRO,4,51,0,3
5/24/2020,SY,Syrian Arab Republic,EMRO,19,70,1,4
5/31/2020,SY,Syrian Arab Republic,EMRO,52,122,0,4
6/7/2020,SY,Syrian Arab Republic,EMRO,3,125,2,6
6/14/2020,SY,Syrian Arab Republic,EMRO,45,170,0,6
6/21/2020,SY,Syrian Arab Republic,EMRO,28,198,1,7
6/28/2020,SY,Syrian Arab Republic,EMRO,58,256,2,9
7/5/2020,SY,Syrian Arab Republic,EMRO,82,338,1,10
7/12/2020,SY,Syrian Arab Republic,EMRO,56,394,6,16
7/19/2020,SY,Syrian Arab Republic,EMRO,102,496,9,25
7/26/2020,SY,Syrian Arab Republic,EMRO,131,627,11,36
8/2/2020,SY,Syrian Arab Republic,EMRO,153,780,7,43
8/9/2020,SY,Syrian Arab Republic,EMRO,345,1125,7,50
8/16/2020,SY,Syrian Arab Republic,EMRO,468,1593,10,60
8/23/2020,SY,Syrian Arab Republic,EMRO,550,2143,25,85
8/30/2020,SY,Syrian Arab Republic,EMRO,485,2628,21,106
9/6/2020,SY,Syrian Arab Republic,EMRO,476,3104,24,130
9/13/2020,SY,Syrian Arab Republic,EMRO,402,3506,22,152
9/20/2020,SY,Syrian Arab Republic,EMRO,259,3765,18,170
9/27/2020,SY,Syrian Arab Republic,EMRO,273,4038,18,188
10/4/2020,SY,Syrian Arab Republic,EMRO,291,4329,16,204
10/11/2020,SY,Syrian Arab Republic,EMRO,344,4673,17,221
10/18/2020,SY,Syrian Arab Republic,EMRO,360,5033,24,245
10/25/2020,SY,Syrian Arab Republic,EMRO,326,5359,22,267
11/1/2020,SY,Syrian Arab Republic,EMRO,369,5728,21,288
11/8/2020,SY,Syrian Arab Republic,EMRO,419,6147,25,313
11/15/2020,SY,Syrian Arab Republic,EMRO,466,6613,28,341
11/22/2020,SY,Syrian Arab Republic,EMRO,541,7154,31,372
11/29/2020,SY,Syrian Arab Republic,EMRO,561,7715,37,409
12/6/2020,SY,Syrian Arab Republic,EMRO,605,8320,33,442
12/13/2020,SY,Syrian Arab Republic,EMRO,721,9041,64,506
12/20/2020,SY,Syrian Arab Republic,EMRO,1009,10050,95,601
12/27/2020,SY,Syrian Arab Republic,EMRO,882,10932,68,669
1/3/2021,SY,Syrian Arab Republic,EMRO,684,11616,54,723
1/10/2021,SY,Syrian Arab Republic,EMRO,658,12274,45,768
1/17/2021,SY,Syrian Arab Republic,EMRO,668,12942,56,824
1/24/2021,SY,Syrian Arab Republic,EMRO,615,13557,55,879
1/31/2021,SY,Syrian Arab Republic,EMRO,441,13998,37,916
2/7/2021,SY,Syrian Arab Republic,EMRO,410,14408,31,947
2/14/2021,SY,Syrian Arab Republic,EMRO,412,14820,28,975
2/21/2021,SY,Syrian Arab Republic,EMRO,323,15143,21,996
2/28/2021,SY,Syrian Arab Republic,EMRO,390,15533,27,1023
3/7/2021,SY,Syrian Arab Republic,EMRO,392,15925,35,1058
3/14/2021,SY,Syrian Arab Republic,EMRO,476,16401,36,1094
3/21/2021,SY,Syrian Arab Republic,EMRO,839,17240,59,1153
3/28/2021,SY,Syrian Arab Republic,EMRO,1116,18356,74,1227
4/4/2021,SY,Syrian Arab Republic,EMRO,928,19284,72,1299
4/11/2021,SY,Syrian Arab Republic,EMRO,834,20118,69,1368
4/18/2021,SY,Syrian Arab Republic,EMRO,886,21004,69,1437
4/25/2021,SY,Syrian Arab Republic,EMRO,995,21999,89,1526
5/2/2021,SY,Syrian Arab Republic,EMRO,819,22818,72,1598
5/9/2021,SY,Syrian Arab Republic,EMRO,501,23319,50,1648
5/16/2021,SY,Syrian Arab Republic,EMRO,374,23693,45,1693
5/23/2021,SY,Syrian Arab Republic,EMRO,359,24052,36,1729
5/30/2021,SY,Syrian Arab Republic,EMRO,388,24440,34,1763
6/6/2021,SY,Syrian Arab Republic,EMRO,199,24639,27,1790
6/13/2021,SY,Syrian Arab Republic,EMRO,150,24789,18,1808
6/20/2021,SY,Syrian Arab Republic,EMRO,287,25076,33,1841
6/27/2021,SY,Syrian Arab Republic,EMRO,289,25365,23,1864
7/4/2021,SY,Syrian Arab Republic,EMRO,254,25619,21,1885
7/11/2021,SY,Syrian Arab Republic,EMRO,157,25776,12,1897
7/18/2021,SY,Syrian Arab Republic,EMRO,51,25827,7,1904
7/25/2021,SY,Syrian Arab Republic,EMRO,38,25865,1,1905
8/1/2021,SY,Syrian Arab Republic,EMRO,98,25963,9,1914
8/8/2021,SY,Syrian Arab Republic,EMRO,118,26081,5,1919
8/15/2021,SY,Syrian Arab Republic,EMRO,211,26292,16,1935
8/22/2021,SY,Syrian Arab Republic,EMRO,507,26799,29,1964
8/29/2021,SY,Syrian Arab Republic,EMRO,740,27539,34,1998
9/5/2021,SY,Syrian Arab Republic,EMRO,884,28423,35,2033
9/12/2021,SY,Syrian Arab Republic,EMRO,935,29358,38,2071
9/19/2021,SY,Syrian Arab Republic,EMRO,1161,30519,49,2120
9/26/2021,SY,Syrian Arab Republic,EMRO,2061,32580,78,2198
10/3/2021,SY,Syrian Arab Republic,EMRO,2116,34696,67,2265
10/10/2021,SY,Syrian Arab Republic,EMRO,2017,36713,67,2332
10/17/2021,SY,Syrian Arab Republic,EMRO,1992,38705,59,2391
10/24/2021,SY,Syrian Arab Republic,EMRO,2517,41222,101,2492
10/31/2021,SY,Syrian Arab Republic,EMRO,1924,43146,68,2560
11/7/2021,SY,Syrian Arab Republic,EMRO,1753,44899,53,2613
11/14/2021,SY,Syrian Arab Republic,EMRO,1231,46130,48,2661
11/21/2021,SY,Syrian Arab Republic,EMRO,961,47091,38,2699
11/28/2021,SY,Syrian Arab Republic,EMRO,772,47863,34,2733
12/5/2021,SY,Syrian Arab Republic,EMRO,675,48538,39,2772
12/12/2021,SY,Syrian Arab Republic,EMRO,651,49189,37,2809
12/19/2021,SY,Syrian Arab Republic,EMRO,504,49693,32,2841
12/26/2021,SY,Syrian Arab Republic,EMRO,358,50051,30,2871
1/2/2022,SY,Syrian Arab Republic,EMRO,259,50310,30,2901
1/9/2022,SY,Syrian Arab Republic,EMRO,172,50482,23,2924
1/16/2022,SY,Syrian Arab Republic,EMRO,192,50674,20,2944
1/23/2022,SY,Syrian Arab Republic,EMRO,269,50943,21,2965
1/30/2022,SY,Syrian Arab Republic,EMRO,341,51284,19,2984
2/6/2022,SY,Syrian Arab Republic,EMRO,542,51826,20,3004
2/13/2022,SY,Syrian Arab Republic,EMRO,800,52626,22,3026
2/20/2022,SY,Syrian Arab Republic,EMRO,901,53527,21,3047
2/27/2022,SY,Syrian Arab Republic,EMRO,853,54380,21,3068
3/6/2022,SY,Syrian Arab Republic,EMRO,583,54963,24,3092
3/13/2022,SY,Syrian Arab Republic,EMRO,366,55329,22,3114
3/20/2022,SY,Syrian Arab Republic,EMRO,209,55538,11,3125
3/27/2022,SY,Syrian Arab Republic,EMRO,112,55650,8,3133
4/3/2022,SY,Syrian Arab Republic,EMRO,56,55706,11,3144
4/10/2022,SY,Syrian Arab Republic,EMRO,33,55739,2,3146
4/17/2022,SY,Syrian Arab Republic,EMRO,30,55769,3,3149
4/24/2022,SY,Syrian Arab Republic,EMRO,26,55795,1,3150
5/1/2022,SY,Syrian Arab Republic,EMRO,21,55816,0,3150
5/8/2022,SY,Syrian Arab Republic,EMRO,31,55847,0,3150
5/15/2022,SY,Syrian Arab Republic,EMRO,22,55869,0,3150
5/22/2022,SY,Syrian Arab Republic,EMRO,9,55878,0,3150
5/29/2022,SY,Syrian Arab Republic,EMRO,12,55890,0,3150
6/5/2022,SY,Syrian Arab Republic,EMRO,7,55897,0,3150
6/12/2022,SY,Syrian Arab Republic,EMRO,8,55905,0,3150
6/19/2022,SY,Syrian Arab Republic,EMRO,9,55914,0,3150
6/26/2022,SY,Syrian Arab Republic,EMRO,7,55921,0,3150
7/3/2022,SY,Syrian Arab Republic,EMRO,9,55930,0,3150
7/10/2022,SY,Syrian Arab Republic,EMRO,22,55952,0,3150
7/17/2022,SY,Syrian Arab Republic,EMRO,27,55979,0,3150
7/24/2022,SY,Syrian Arab Republic,EMRO,106,56085,0,3150
7/31/2022,SY,Syrian Arab Republic,EMRO,194,56279,0,3150
8/7/2022,SY,Syrian Arab Republic,EMRO,195,56474,3,3153
8/14/2022,SY,Syrian Arab Republic,EMRO,226,56700,4,3157
8/21/2022,SY,Syrian Arab Republic,EMRO,138,56838,3,3160
8/28/2022,SY,Syrian Arab Republic,EMRO,135,56973,3,3163
9/4/2022,SY,Syrian Arab Republic,EMRO,99,57072,0,3163
9/11/2022,SY,Syrian Arab Republic,EMRO,80,57152,0,3163
9/18/2022,SY,Syrian Arab Republic,EMRO,64,57216,0,3163
9/25/2022,SY,Syrian Arab Republic,EMRO,51,57267,0,3163
10/2/2022,SY,Syrian Arab Republic,EMRO,40,57307,0,3163
10/9/2022,SY,Syrian Arab Republic,EMRO,15,57322,0,3163
10/16/2022,SY,Syrian Arab Republic,EMRO,11,57333,0,3163
10/23/2022,SY,Syrian Arab Republic,EMRO,14,57347,0,3163
10/30/2022,SY,Syrian Arab Republic,EMRO,11,57358,0,3163
11/6/2022,SY,Syrian Arab Republic,EMRO,10,57368,0,3163
11/13/2022,SY,Syrian Arab Republic,EMRO,11,57379,0,3163
11/20/2022,SY,Syrian Arab Republic,EMRO,8,57387,0,3163
11/27/2022,SY,Syrian Arab Republic,EMRO,7,57394,0,3163
12/4/2022,SY,Syrian Arab Republic,EMRO,11,57405,0,3163
12/11/2022,SY,Syrian Arab Republic,EMRO,8,57413,0,3163
12/18/2022,SY,Syrian Arab Republic,EMRO,10,57423,0,3163
12/25/2022,SY,Syrian Arab Republic,EMRO,0,57423,0,3163
1/1/2023,SY,Syrian Arab Republic,EMRO,0,57423,0,3163
1/8/2023,SY,Syrian Arab Republic,EMRO,0,57423,0,3163
1/15/2023,SY,Syrian Arab Republic,EMRO,0,57423,0,3163
1/22/2023,SY,Syrian Arab Republic,EMRO,0,57423,0,3163
1/29/2023,SY,Syrian Arab Republic,EMRO,0,57423,0,3163
2/5/2023,SY,Syrian Arab Republic,EMRO,0,57423,0,3163
2/12/2023,SY,Syrian Arab Republic,EMRO,0,57423,0,3163
2/19/2023,SY,Syrian Arab Republic,EMRO,0,57423,0,3163
2/26/2023,SY,Syrian Arab Republic,EMRO,0,57423,0,3163
3/5/2023,SY,Syrian Arab Republic,EMRO,0,57423,0,3163
3/12/2023,SY,Syrian Arab Republic,EMRO,0,57423,0,3163
3/19/2023,SY,Syrian Arab Republic,EMRO,0,57423,0,3163
3/26/2023,SY,Syrian Arab Republic,EMRO,0,57423,0,3163
4/2/2023,SY,Syrian Arab Republic,EMRO,0,57423,0,3163
4/9/2023,SY,Syrian Arab Republic,EMRO,0,57423,0,3163
4/16/2023,SY,Syrian Arab Republic,EMRO,0,57423,0,3163
4/23/2023,SY,Syrian Arab Republic,EMRO,0,57423,0,3163
4/30/2023,SY,Syrian Arab Republic,EMRO,0,57423,0,3163
5/7/2023,SY,Syrian Arab Republic,EMRO,0,57423,0,3163
5/14/2023,SY,Syrian Arab Republic,EMRO,0,57423,0,3163
5/21/2023,SY,Syrian Arab Republic,EMRO,0,57423,0,3163
5/28/2023,SY,Syrian Arab Republic,EMRO,0,57423,0,3163
6/4/2023,SY,Syrian Arab Republic,EMRO,0,57423,0,3163
6/11/2023,SY,Syrian Arab Republic,EMRO,0,57423,0,3163
6/18/2023,SY,Syrian Arab Republic,EMRO,0,57423,0,3163
6/25/2023,SY,Syrian Arab Republic,EMRO,0,57423,0,3163
7/2/2023,SY,Syrian Arab Republic,EMRO,0,57423,0,3163
7/9/2023,SY,Syrian Arab Republic,EMRO,0,57423,0,3163
7/16/2023,SY,Syrian Arab Republic,EMRO,0,57423,0,3163
7/23/2023,SY,Syrian Arab Republic,EMRO,0,57423,0,3163
7/30/2023,SY,Syrian Arab Republic,EMRO,0,57423,0,3163
8/6/2023,SY,Syrian Arab Republic,EMRO,0,57423,0,3163
8/13/2023,SY,Syrian Arab Republic,EMRO,0,57423,0,3163
8/20/2023,SY,Syrian Arab Republic,EMRO,0,57423,0,3163
8/27/2023,SY,Syrian Arab Republic,EMRO,0,57423,0,3163
9/3/2023,SY,Syrian Arab Republic,EMRO,0,57423,0,3163
9/10/2023,SY,Syrian Arab Republic,EMRO,0,57423,0,3163
9/17/2023,SY,Syrian Arab Republic,EMRO,0,57423,0,3163
9/24/2023,SY,Syrian Arab Republic,EMRO,0,57423,0,3163
10/1/2023,SY,Syrian Arab Republic,EMRO,0,57423,0,3163
10/8/2023,SY,Syrian Arab Republic,EMRO,0,57423,0,3163
10/15/2023,SY,Syrian Arab Republic,EMRO,0,57423,0,3163
10/22/2023,SY,Syrian Arab Republic,EMRO,0,57423,0,3163
10/29/2023,SY,Syrian Arab Republic,EMRO,0,57423,0,3163
11/5/2023,SY,Syrian Arab Republic,EMRO,0,57423,0,3163
11/12/2023,SY,Syrian Arab Republic,EMRO,0,57423,0,3163
11/19/2023,SY,Syrian Arab Republic,EMRO,0,57423,0,3163
11/26/2023,SY,Syrian Arab Republic,EMRO,0,57423,0,3163
12/3/2023,SY,Syrian Arab Republic,EMRO,0,57423,0,3163
12/10/2023,SY,Syrian Arab Republic,EMRO,0,57423,0,3163
12/17/2023,SY,Syrian Arab Republic,EMRO,0,57423,0,3163
12/24/2023,SY,Syrian Arab Republic,EMRO,0,57423,0,3163
1/5/2020,TJ,Tajikistan,EURO,0,0,0,0
1/12/2020,TJ,Tajikistan,EURO,0,0,0,0
1/19/2020,TJ,Tajikistan,EURO,0,0,0,0
1/26/2020,TJ,Tajikistan,EURO,0,0,0,0
2/2/2020,TJ,Tajikistan,EURO,0,0,0,0
2/9/2020,TJ,Tajikistan,EURO,0,0,0,0
2/16/2020,TJ,Tajikistan,EURO,0,0,0,0
2/23/2020,TJ,Tajikistan,EURO,0,0,0,0
3/1/2020,TJ,Tajikistan,EURO,0,0,0,0
3/8/2020,TJ,Tajikistan,EURO,0,0,0,0
3/15/2020,TJ,Tajikistan,EURO,0,0,0,0
3/22/2020,TJ,Tajikistan,EURO,0,0,0,0
3/29/2020,TJ,Tajikistan,EURO,0,0,0,0
4/5/2020,TJ,Tajikistan,EURO,0,0,0,0
4/12/2020,TJ,Tajikistan,EURO,0,0,0,0
4/19/2020,TJ,Tajikistan,EURO,0,0,0,0
4/26/2020,TJ,Tajikistan,EURO,0,0,0,0
5/3/2020,TJ,Tajikistan,EURO,76,76,2,2
5/10/2020,TJ,Tajikistan,EURO,485,561,17,19
5/17/2020,TJ,Tajikistan,EURO,761,1322,20,39
5/24/2020,TJ,Tajikistan,EURO,1416,2738,5,44
5/31/2020,TJ,Tajikistan,EURO,1069,3807,3,47
6/7/2020,TJ,Tajikistan,EURO,646,4453,1,48
6/14/2020,TJ,Tajikistan,EURO,518,4971,2,50
6/21/2020,TJ,Tajikistan,EURO,428,5399,2,52
6/28/2020,TJ,Tajikistan,EURO,400,5799,0,52
7/5/2020,TJ,Tajikistan,EURO,360,6159,0,52
7/12/2020,TJ,Tajikistan,EURO,346,6505,3,55
7/19/2020,TJ,Tajikistan,EURO,329,6834,2,57
7/26/2020,TJ,Tajikistan,EURO,316,7150,2,59
8/2/2020,TJ,Tajikistan,EURO,301,7451,1,60
8/9/2020,TJ,Tajikistan,EURO,294,7745,2,62
8/16/2020,TJ,Tajikistan,EURO,284,8029,2,64
8/23/2020,TJ,Tajikistan,EURO,248,8277,2,66
8/30/2020,TJ,Tajikistan,EURO,239,8516,2,68
9/6/2020,TJ,Tajikistan,EURO,241,8757,2,70
9/13/2020,TJ,Tajikistan,EURO,257,9014,2,72
9/20/2020,TJ,Tajikistan,EURO,289,9303,1,73
9/27/2020,TJ,Tajikistan,EURO,302,9605,2,75
10/4/2020,TJ,Tajikistan,EURO,290,9895,2,77
10/11/2020,TJ,Tajikistan,EURO,285,10180,2,79
10/18/2020,TJ,Tajikistan,EURO,275,10455,1,80
10/25/2020,TJ,Tajikistan,EURO,281,10736,1,81
11/1/2020,TJ,Tajikistan,EURO,281,11017,1,82
11/8/2020,TJ,Tajikistan,EURO,277,11294,1,83
11/15/2020,TJ,Tajikistan,EURO,279,11573,2,85
11/22/2020,TJ,Tajikistan,EURO,281,11854,1,86
11/29/2020,TJ,Tajikistan,EURO,264,12118,0,86
12/6/2020,TJ,Tajikistan,EURO,271,12389,1,87
12/13/2020,TJ,Tajikistan,EURO,468,12857,0,87
12/20/2020,TJ,Tajikistan,EURO,382,13239,2,89
12/27/2020,TJ,Tajikistan,EURO,316,13555,1,90
1/3/2021,TJ,Tajikistan,EURO,119,13674,1,91
1/10/2021,TJ,Tajikistan,EURO,33,13707,0,91
1/17/2021,TJ,Tajikistan,EURO,7,13714,0,91
1/24/2021,TJ,Tajikistan,EURO,0,13714,0,91
1/31/2021,TJ,Tajikistan,EURO,0,13714,0,91
2/7/2021,TJ,Tajikistan,EURO,0,13714,0,91
2/14/2021,TJ,Tajikistan,EURO,0,13714,0,91
2/21/2021,TJ,Tajikistan,EURO,0,13714,0,91
2/28/2021,TJ,Tajikistan,EURO,0,13714,0,91
3/7/2021,TJ,Tajikistan,EURO,0,13714,0,91
3/14/2021,TJ,Tajikistan,EURO,0,13714,0,91
3/21/2021,TJ,Tajikistan,EURO,0,13714,0,91
3/28/2021,TJ,Tajikistan,EURO,0,13714,0,91
4/4/2021,TJ,Tajikistan,EURO,0,13714,0,91
4/11/2021,TJ,Tajikistan,EURO,0,13714,0,91
4/18/2021,TJ,Tajikistan,EURO,0,13714,0,91
4/25/2021,TJ,Tajikistan,EURO,0,13714,0,91
5/2/2021,TJ,Tajikistan,EURO,0,13714,0,91
5/9/2021,TJ,Tajikistan,EURO,0,13714,0,91
5/16/2021,TJ,Tajikistan,EURO,0,13714,0,91
5/23/2021,TJ,Tajikistan,EURO,0,13714,0,91
5/30/2021,TJ,Tajikistan,EURO,0,13714,0,91
6/6/2021,TJ,Tajikistan,EURO,0,13714,0,91
6/13/2021,TJ,Tajikistan,EURO,0,13714,0,91
6/20/2021,TJ,Tajikistan,EURO,0,13714,0,91
6/27/2021,TJ,Tajikistan,EURO,131,13845,0,91
7/4/2021,TJ,Tajikistan,EURO,158,14003,3,94
7/11/2021,TJ,Tajikistan,EURO,237,14240,10,104
7/18/2021,TJ,Tajikistan,EURO,287,14527,8,112
7/25/2021,TJ,Tajikistan,EURO,477,15004,6,118
8/1/2021,TJ,Tajikistan,EURO,546,15550,4,122
8/8/2021,TJ,Tajikistan,EURO,501,16051,1,123
8/15/2021,TJ,Tajikistan,EURO,470,16521,2,125
8/22/2021,TJ,Tajikistan,EURO,347,16868,0,125
8/29/2021,TJ,Tajikistan,EURO,310,17178,0,125
9/5/2021,TJ,Tajikistan,EURO,135,17313,0,125
9/12/2021,TJ,Tajikistan,EURO,129,17442,0,125
9/19/2021,TJ,Tajikistan,EURO,42,17484,0,125
9/26/2021,TJ,Tajikistan,EURO,0,17484,0,125
10/3/2021,TJ,Tajikistan,EURO,0,17484,0,125
10/10/2021,TJ,Tajikistan,EURO,0,17484,0,125
10/17/2021,TJ,Tajikistan,EURO,0,17484,0,125
10/24/2021,TJ,Tajikistan,EURO,2,17486,0,125
10/31/2021,TJ,Tajikistan,EURO,0,17486,0,125
11/7/2021,TJ,Tajikistan,EURO,0,17486,0,125
11/14/2021,TJ,Tajikistan,EURO,2,17488,0,125
11/21/2021,TJ,Tajikistan,EURO,1,17489,0,125
11/28/2021,TJ,Tajikistan,EURO,4,17493,0,125
12/5/2021,TJ,Tajikistan,EURO,0,17493,0,125
12/12/2021,TJ,Tajikistan,EURO,0,17493,0,125
12/19/2021,TJ,Tajikistan,EURO,0,17493,0,125
12/26/2021,TJ,Tajikistan,EURO,0,17493,0,125
1/2/2022,TJ,Tajikistan,EURO,0,17493,0,125
1/9/2022,TJ,Tajikistan,EURO,0,17493,0,125
1/16/2022,TJ,Tajikistan,EURO,0,17493,0,125
1/23/2022,TJ,Tajikistan,EURO,59,17552,0,125
1/30/2022,TJ,Tajikistan,EURO,143,17695,0,125
2/6/2022,TJ,Tajikistan,EURO,47,17742,0,125
2/13/2022,TJ,Tajikistan,EURO,31,17773,0,125
2/20/2022,TJ,Tajikistan,EURO,13,17786,0,125
2/27/2022,TJ,Tajikistan,EURO,0,17786,0,125
3/6/2022,TJ,Tajikistan,EURO,0,17786,0,125
3/13/2022,TJ,Tajikistan,EURO,0,17786,0,125
3/20/2022,TJ,Tajikistan,EURO,0,17786,0,125
3/27/2022,TJ,Tajikistan,EURO,0,17786,0,125
4/3/2022,TJ,Tajikistan,EURO,0,17786,0,125
4/10/2022,TJ,Tajikistan,EURO,0,17786,0,125
4/17/2022,TJ,Tajikistan,EURO,0,17786,0,125
4/24/2022,TJ,Tajikistan,EURO,0,17786,0,125
5/1/2022,TJ,Tajikistan,EURO,0,17786,0,125
5/8/2022,TJ,Tajikistan,EURO,0,17786,0,125
5/15/2022,TJ,Tajikistan,EURO,0,17786,0,125
5/22/2022,TJ,Tajikistan,EURO,0,17786,0,125
5/29/2022,TJ,Tajikistan,EURO,0,17786,0,125
6/5/2022,TJ,Tajikistan,EURO,0,17786,0,125
6/12/2022,TJ,Tajikistan,EURO,0,17786,0,125
6/19/2022,TJ,Tajikistan,EURO,0,17786,0,125
6/26/2022,TJ,Tajikistan,EURO,0,17786,0,125
7/3/2022,TJ,Tajikistan,EURO,0,17786,0,125
7/10/2022,TJ,Tajikistan,EURO,0,17786,0,125
7/17/2022,TJ,Tajikistan,EURO,0,17786,0,125
7/24/2022,TJ,Tajikistan,EURO,0,17786,0,125
7/31/2022,TJ,Tajikistan,EURO,0,17786,0,125
8/7/2022,TJ,Tajikistan,EURO,0,17786,0,125
8/14/2022,TJ,Tajikistan,EURO,0,17786,0,125
8/21/2022,TJ,Tajikistan,EURO,0,17786,0,125
8/28/2022,TJ,Tajikistan,EURO,0,17786,0,125
9/4/2022,TJ,Tajikistan,EURO,0,17786,0,125
9/11/2022,TJ,Tajikistan,EURO,0,17786,0,125
9/18/2022,TJ,Tajikistan,EURO,0,17786,0,125
9/25/2022,TJ,Tajikistan,EURO,0,17786,0,125
10/2/2022,TJ,Tajikistan,EURO,0,17786,0,125
10/9/2022,TJ,Tajikistan,EURO,0,17786,0,125
10/16/2022,TJ,Tajikistan,EURO,0,17786,0,125
10/23/2022,TJ,Tajikistan,EURO,0,17786,0,125
10/30/2022,TJ,Tajikistan,EURO,0,17786,0,125
11/6/2022,TJ,Tajikistan,EURO,0,17786,0,125
11/13/2022,TJ,Tajikistan,EURO,0,17786,0,125
11/20/2022,TJ,Tajikistan,EURO,0,17786,0,125
11/27/2022,TJ,Tajikistan,EURO,0,17786,0,125
12/4/2022,TJ,Tajikistan,EURO,0,17786,0,125
12/11/2022,TJ,Tajikistan,EURO,0,17786,0,125
12/18/2022,TJ,Tajikistan,EURO,0,17786,0,125
12/25/2022,TJ,Tajikistan,EURO,0,17786,0,125
1/1/2023,TJ,Tajikistan,EURO,0,17786,0,125
1/8/2023,TJ,Tajikistan,EURO,0,17786,0,125
1/15/2023,TJ,Tajikistan,EURO,0,17786,0,125
1/22/2023,TJ,Tajikistan,EURO,0,17786,0,125
1/29/2023,TJ,Tajikistan,EURO,0,17786,0,125
2/5/2023,TJ,Tajikistan,EURO,0,17786,0,125
2/12/2023,TJ,Tajikistan,EURO,0,17786,0,125
2/19/2023,TJ,Tajikistan,EURO,0,17786,0,125
2/26/2023,TJ,Tajikistan,EURO,0,17786,0,125
3/5/2023,TJ,Tajikistan,EURO,0,17786,0,125
3/12/2023,TJ,Tajikistan,EURO,0,17786,0,125
3/19/2023,TJ,Tajikistan,EURO,0,17786,0,125
3/26/2023,TJ,Tajikistan,EURO,0,17786,0,125
4/2/2023,TJ,Tajikistan,EURO,0,17786,0,125
4/9/2023,TJ,Tajikistan,EURO,0,17786,0,125
4/16/2023,TJ,Tajikistan,EURO,0,17786,0,125
4/23/2023,TJ,Tajikistan,EURO,0,17786,0,125
4/30/2023,TJ,Tajikistan,EURO,0,17786,0,125
5/7/2023,TJ,Tajikistan,EURO,0,17786,0,125
5/14/2023,TJ,Tajikistan,EURO,0,17786,0,125
5/21/2023,TJ,Tajikistan,EURO,0,17786,0,125
5/28/2023,TJ,Tajikistan,EURO,0,17786,0,125
6/4/2023,TJ,Tajikistan,EURO,0,17786,0,125
6/11/2023,TJ,Tajikistan,EURO,0,17786,0,125
6/18/2023,TJ,Tajikistan,EURO,0,17786,0,125
6/25/2023,TJ,Tajikistan,EURO,0,17786,0,125
7/2/2023,TJ,Tajikistan,EURO,0,17786,0,125
7/9/2023,TJ,Tajikistan,EURO,0,17786,0,125
7/16/2023,TJ,Tajikistan,EURO,0,17786,0,125
7/23/2023,TJ,Tajikistan,EURO,0,17786,0,125
7/30/2023,TJ,Tajikistan,EURO,0,17786,0,125
8/6/2023,TJ,Tajikistan,EURO,0,17786,0,125
8/13/2023,TJ,Tajikistan,EURO,0,17786,0,125
8/20/2023,TJ,Tajikistan,EURO,0,17786,0,125
8/27/2023,TJ,Tajikistan,EURO,0,17786,0,125
9/3/2023,TJ,Tajikistan,EURO,0,17786,0,125
9/10/2023,TJ,Tajikistan,EURO,0,17786,0,125
9/17/2023,TJ,Tajikistan,EURO,0,17786,0,125
9/24/2023,TJ,Tajikistan,EURO,0,17786,0,125
10/1/2023,TJ,Tajikistan,EURO,0,17786,0,125
10/8/2023,TJ,Tajikistan,EURO,0,17786,0,125
10/15/2023,TJ,Tajikistan,EURO,0,17786,0,125
10/22/2023,TJ,Tajikistan,EURO,0,17786,0,125
10/29/2023,TJ,Tajikistan,EURO,0,17786,0,125
11/5/2023,TJ,Tajikistan,EURO,0,17786,0,125
11/12/2023,TJ,Tajikistan,EURO,0,17786,0,125
11/19/2023,TJ,Tajikistan,EURO,0,17786,0,125
11/26/2023,TJ,Tajikistan,EURO,0,17786,0,125
12/3/2023,TJ,Tajikistan,EURO,0,17786,0,125
12/10/2023,TJ,Tajikistan,EURO,0,17786,0,125
12/17/2023,TJ,Tajikistan,EURO,0,17786,0,125
12/24/2023,TJ,Tajikistan,EURO,0,17786,0,125
1/5/2020,TH,Thailand,SEARO,0,0,0,0
1/12/2020,TH,Thailand,SEARO,0,0,0,0
1/19/2020,TH,Thailand,SEARO,6,6,0,0
1/26/2020,TH,Thailand,SEARO,-1,5,0,0
2/2/2020,TH,Thailand,SEARO,18,23,0,0
2/9/2020,TH,Thailand,SEARO,6,29,0,0
2/16/2020,TH,Thailand,SEARO,9,38,0,0
2/23/2020,TH,Thailand,SEARO,1,39,0,0
3/1/2020,TH,Thailand,SEARO,7,46,1,1
3/8/2020,TH,Thailand,SEARO,8,54,0,1
3/15/2020,TH,Thailand,SEARO,60,114,0,1
3/22/2020,TH,Thailand,SEARO,485,599,0,1
3/29/2020,TH,Thailand,SEARO,789,1388,6,7
4/5/2020,TH,Thailand,SEARO,781,2169,16,23
4/12/2020,TH,Thailand,SEARO,382,2551,15,38
4/19/2020,TH,Thailand,SEARO,214,2765,9,47
4/26/2020,TH,Thailand,SEARO,157,2922,4,51
5/3/2020,TH,Thailand,SEARO,47,2969,3,54
5/10/2020,TH,Thailand,SEARO,40,3009,2,56
5/17/2020,TH,Thailand,SEARO,19,3028,0,56
5/24/2020,TH,Thailand,SEARO,12,3040,0,56
5/31/2020,TH,Thailand,SEARO,41,3081,1,57
6/7/2020,TH,Thailand,SEARO,31,3112,1,58
6/14/2020,TH,Thailand,SEARO,23,3135,0,58
6/21/2020,TH,Thailand,SEARO,13,3148,0,58
6/28/2020,TH,Thailand,SEARO,14,3162,0,58
7/5/2020,TH,Thailand,SEARO,28,3190,0,58
7/12/2020,TH,Thailand,SEARO,27,3217,0,58
7/19/2020,TH,Thailand,SEARO,32,3249,0,58
7/26/2020,TH,Thailand,SEARO,42,3291,0,58
8/2/2020,TH,Thailand,SEARO,26,3317,0,58
8/9/2020,TH,Thailand,SEARO,34,3351,0,58
8/16/2020,TH,Thailand,SEARO,26,3377,0,58
8/23/2020,TH,Thailand,SEARO,18,3395,0,58
8/30/2020,TH,Thailand,SEARO,16,3411,0,58
9/6/2020,TH,Thailand,SEARO,33,3444,0,58
9/13/2020,TH,Thailand,SEARO,29,3473,0,58
9/20/2020,TH,Thailand,SEARO,33,3506,1,59
9/27/2020,TH,Thailand,SEARO,17,3523,0,59
10/4/2020,TH,Thailand,SEARO,62,3585,0,59
10/11/2020,TH,Thailand,SEARO,51,3636,0,59
10/18/2020,TH,Thailand,SEARO,50,3686,0,59
10/25/2020,TH,Thailand,SEARO,50,3736,0,59
11/1/2020,TH,Thailand,SEARO,48,3784,0,59
11/8/2020,TH,Thailand,SEARO,53,3837,1,60
11/15/2020,TH,Thailand,SEARO,37,3874,0,60
11/22/2020,TH,Thailand,SEARO,39,3913,-60,0
11/29/2020,TH,Thailand,SEARO,64,3977,60,60
12/6/2020,TH,Thailand,SEARO,109,4086,0,60
12/13/2020,TH,Thailand,SEARO,123,4209,0,60
12/20/2020,TH,Thailand,SEARO,698,4907,0,60
12/27/2020,TH,Thailand,SEARO,1234,6141,0,60
1/3/2021,TH,Thailand,SEARO,1553,7694,4,64
1/10/2021,TH,Thailand,SEARO,2604,10298,3,67
1/17/2021,TH,Thailand,SEARO,1756,12054,3,70
1/24/2021,TH,Thailand,SEARO,1446,13500,3,73
1/31/2021,TH,Thailand,SEARO,5282,18782,4,77
2/7/2021,TH,Thailand,SEARO,4589,23371,2,79
2/14/2021,TH,Thailand,SEARO,1200,24571,1,80
2/21/2021,TH,Thailand,SEARO,844,25415,3,83
2/28/2021,TH,Thailand,SEARO,536,25951,0,83
3/7/2021,TH,Thailand,SEARO,419,26370,2,85
3/14/2021,TH,Thailand,SEARO,557,26927,1,86
3/21/2021,TH,Thailand,SEARO,876,27803,4,90
3/28/2021,TH,Thailand,SEARO,931,28734,4,94
4/4/2021,TH,Thailand,SEARO,393,29127,1,95
4/11/2021,TH,Thailand,SEARO,3498,32625,2,97
4/18/2021,TH,Thailand,SEARO,9727,42352,4,101
4/25/2021,TH,Thailand,SEARO,13108,55460,39,140
5/2/2021,TH,Thailand,SEARO,13524,68984,105,245
5/9/2021,TH,Thailand,SEARO,14391,83375,154,399
5/16/2021,TH,Thailand,SEARO,18072,101447,190,589
5/23/2021,TH,Thailand,SEARO,28053,129500,187,776
5/30/2021,TH,Thailand,SEARO,24807,154307,236,1012
6/6/2021,TH,Thailand,SEARO,23160,177467,224,1236
6/13/2021,TH,Thailand,SEARO,18442,195909,213,1449
6/20/2021,TH,Thailand,SEARO,22222,218131,180,1629
6/27/2021,TH,Thailand,SEARO,26316,244447,283,1912
7/4/2021,TH,Thailand,SEARO,38620,283067,314,2226
7/11/2021,TH,Thailand,SEARO,53304,336371,485,2711
7/18/2021,TH,Thailand,SEARO,67015,403386,630,3341
7/25/2021,TH,Thailand,SEARO,93916,497302,718,4059
8/1/2021,TH,Thailand,SEARO,118012,615314,931,4990
8/8/2021,TH,Thailand,SEARO,141191,756505,1214,6204
8/15/2021,TH,Thailand,SEARO,150652,907157,1348,7552
8/22/2021,TH,Thailand,SEARO,142138,1049295,1768,9320
8/29/2021,TH,Thailand,SEARO,124796,1174091,1823,11143
9/5/2021,TH,Thailand,SEARO,106443,1280534,1712,12855
9/12/2021,TH,Thailand,SEARO,101639,1382173,1498,14353
9/19/2021,TH,Thailand,SEARO,94304,1476477,1010,15363
9/26/2021,TH,Thailand,SEARO,85161,1561638,905,16268
10/3/2021,TH,Thailand,SEARO,75794,1637432,746,17014
10/10/2021,TH,Thailand,SEARO,73452,1710884,677,17691
10/17/2021,TH,Thailand,SEARO,72817,1783701,582,18273
10/24/2021,TH,Thailand,SEARO,66781,1850482,482,18755
10/31/2021,TH,Thailand,SEARO,61542,1912024,450,19205
11/7/2021,TH,Thailand,SEARO,55975,1967999,459,19664
11/14/2021,TH,Thailand,SEARO,50411,2018410,372,20036
11/21/2021,TH,Thailand,SEARO,46171,2064581,351,20387
11/28/2021,TH,Thailand,SEARO,42232,2106813,320,20707
12/5/2021,TH,Thailand,SEARO,34428,2141241,237,20944
12/12/2021,TH,Thailand,SEARO,27405,2168646,227,21171
12/19/2021,TH,Thailand,SEARO,22882,2191528,206,21377
12/26/2021,TH,Thailand,SEARO,18442,2209970,203,21580
1/2/2022,TH,Thailand,SEARO,19588,2229558,140,21720
1/9/2022,TH,Thailand,SEARO,39992,2269550,105,21825
1/16/2022,TH,Thailand,SEARO,54935,2324485,100,21925
1/23/2022,TH,Thailand,SEARO,53015,2377500,107,22032
1/30/2022,TH,Thailand,SEARO,55034,2432534,125,22157
2/6/2022,TH,Thailand,SEARO,64467,2497001,134,22291
2/13/2022,TH,Thailand,SEARO,96326,2593327,145,22436
2/20/2022,TH,Thailand,SEARO,118988,2712315,188,22624
2/27/2022,TH,Thailand,SEARO,157301,2869616,267,22891
3/6/2022,TH,Thailand,SEARO,157079,3026695,344,23235
3/13/2022,TH,Thailand,SEARO,158130,3184825,474,23709
3/20/2022,TH,Thailand,SEARO,169144,3353969,537,24246
3/27/2022,TH,Thailand,SEARO,175116,3529085,553,24799
4/3/2022,TH,Thailand,SEARO,182510,3711595,616,25415
4/10/2022,TH,Thailand,SEARO,171890,3883485,668,26083
4/17/2022,TH,Thailand,SEARO,146474,4029959,799,26882
4/24/2022,TH,Thailand,SEARO,135915,4165874,893,27775
5/1/2022,TH,Thailand,SEARO,96610,4262484,842,28617
5/8/2022,TH,Thailand,SEARO,62366,4324850,471,29088
5/15/2022,TH,Thailand,SEARO,48996,4373846,384,29472
5/22/2022,TH,Thailand,SEARO,37648,4411494,274,29746
5/29/2022,TH,Thailand,SEARO,31154,4442648,226,29972
6/5/2022,TH,Thailand,SEARO,24145,4466793,199,30171
6/12/2022,TH,Thailand,SEARO,18070,4484863,163,30334
6/19/2022,TH,Thailand,SEARO,14181,4499044,133,30467
6/26/2022,TH,Thailand,SEARO,15111,4514155,125,30592
7/3/2022,TH,Thailand,SEARO,15950,4530105,108,30700
7/10/2022,TH,Thailand,SEARO,14938,4545043,135,30835
7/17/2022,TH,Thailand,SEARO,13986,4559029,161,30996
7/24/2022,TH,Thailand,SEARO,16824,4575853,161,31157
7/31/2022,TH,Thailand,SEARO,14323,4590176,228,31385
8/7/2022,TH,Thailand,SEARO,15433,4605609,211,31596
8/14/2022,TH,Thailand,SEARO,14816,4620425,232,31828
8/21/2022,TH,Thailand,SEARO,13755,4634180,199,32027
8/28/2022,TH,Thailand,SEARO,12232,4646412,195,32222
9/4/2022,TH,Thailand,SEARO,12130,4658542,178,32400
9/11/2022,TH,Thailand,SEARO,9004,4667546,139,32539
9/18/2022,TH,Thailand,SEARO,5841,4673387,90,32629
9/25/2022,TH,Thailand,SEARO,4965,4678352,89,32718
10/2/2022,TH,Thailand,SEARO,3780,4682132,53,32771
10/9/2022,TH,Thailand,SEARO,2915,4685047,58,32829
10/16/2022,TH,Thailand,SEARO,2234,4687281,53,32882
10/23/2022,TH,Thailand,SEARO,2616,4689897,40,32922
10/30/2022,TH,Thailand,SEARO,2551,4692448,33,32955
11/6/2022,TH,Thailand,SEARO,2759,4695207,40,32995
11/13/2022,TH,Thailand,SEARO,3166,4698373,42,33037
11/20/2022,TH,Thailand,SEARO,3957,4702330,69,33106
11/27/2022,TH,Thailand,SEARO,4914,4707244,74,33180
12/4/2022,TH,Thailand,SEARO,4284,4711528,105,33285
12/11/2022,TH,Thailand,SEARO,3961,4715489,107,33392
12/18/2022,TH,Thailand,SEARO,3419,4718908,113,33505
12/25/2022,TH,Thailand,SEARO,2900,4721808,89,33594
1/1/2023,TH,Thailand,SEARO,2111,4723919,75,33669
1/8/2023,TH,Thailand,SEARO,997,4724916,58,33727
1/15/2023,TH,Thailand,SEARO,969,4725885,65,33792
1/22/2023,TH,Thailand,SEARO,627,4726512,44,33836
1/29/2023,TH,Thailand,SEARO,472,4726984,29,33865
2/5/2023,TH,Thailand,SEARO,252,4727236,17,33882
2/12/2023,TH,Thailand,SEARO,392,4727628,12,33894
2/19/2023,TH,Thailand,SEARO,203,4727831,8,33902
2/26/2023,TH,Thailand,SEARO,204,4728035,9,33911
3/5/2023,TH,Thailand,SEARO,147,4728182,7,33918
3/12/2023,TH,Thailand,SEARO,122,4728304,6,33924
3/19/2023,TH,Thailand,SEARO,178,4728482,5,33929
3/26/2023,TH,Thailand,SEARO,150,4728632,6,33935
4/2/2023,TH,Thailand,SEARO,167,4728799,3,33938
4/9/2023,TH,Thailand,SEARO,168,4728967,2,33940
4/16/2023,TH,Thailand,SEARO,435,4729402,2,33942
4/23/2023,TH,Thailand,SEARO,1088,4730490,5,33947
4/30/2023,TH,Thailand,SEARO,1811,4732301,10,33957
5/7/2023,TH,Thailand,SEARO,1699,4734000,10,33967
5/14/2023,TH,Thailand,SEARO,2356,4736356,22,33989
5/21/2023,TH,Thailand,SEARO,2632,4738988,64,34053
5/28/2023,TH,Thailand,SEARO,2970,4741958,42,34095
6/4/2023,TH,Thailand,SEARO,3085,4745043,68,34163
6/11/2023,TH,Thailand,SEARO,2709,4747752,69,34232
6/18/2023,TH,Thailand,SEARO,2158,4749910,60,34292
6/25/2023,TH,Thailand,SEARO,1653,4751563,36,34328
7/2/2023,TH,Thailand,SEARO,859,4752422,43,34371
7/9/2023,TH,Thailand,SEARO,1193,4753615,25,34396
7/16/2023,TH,Thailand,SEARO,613,4754228,14,34410
7/23/2023,TH,Thailand,SEARO,556,4754784,8,34418
7/30/2023,TH,Thailand,SEARO,391,4755175,7,34425
8/6/2023,TH,Thailand,SEARO,268,4755443,12,34437
8/13/2023,TH,Thailand,SEARO,318,4755761,7,34444
8/20/2023,TH,Thailand,SEARO,389,4756150,9,34453
8/27/2023,TH,Thailand,SEARO,256,4756406,6,34459
9/3/2023,TH,Thailand,SEARO,187,4756593,6,34465
9/10/2023,TH,Thailand,SEARO,244,4756837,3,34468
9/17/2023,TH,Thailand,SEARO,212,4757049,3,34471
9/24/2023,TH,Thailand,SEARO,234,4757283,2,34473
10/1/2023,TH,Thailand,SEARO,190,4757473,1,34474
10/8/2023,TH,Thailand,SEARO,131,4757604,5,34479
10/15/2023,TH,Thailand,SEARO,124,4757728,3,34482
10/22/2023,TH,Thailand,SEARO,191,4757919,3,34485
10/29/2023,TH,Thailand,SEARO,206,4758125,2,34487
11/5/2023,TH,Thailand,SEARO,304,4758429,1,34488
11/12/2023,TH,Thailand,SEARO,287,4758716,1,34489
11/19/2023,TH,Thailand,SEARO,390,4759106,1,34490
11/26/2023,TH,Thailand,SEARO,480,4759586,2,34492
12/3/2023,TH,Thailand,SEARO,536,4760122,3,34495
12/10/2023,TH,Thailand,SEARO,590,4760712,5,34500
12/17/2023,TH,Thailand,SEARO,514,4761226,6,34506
12/24/2023,TH,Thailand,SEARO,555,4761781,8,34514
1/5/2020,GB,United Kingdom of Great Britain and Northern Ireland,EURO,0,0,0,0
1/12/2020,GB,United Kingdom of Great Britain and Northern Ireland,EURO,0,0,0,0
1/19/2020,GB,United Kingdom of Great Britain and Northern Ireland,EURO,0,0,0,0
1/26/2020,GB,United Kingdom of Great Britain and Northern Ireland,EURO,0,0,0,0
2/2/2020,GB,United Kingdom of Great Britain and Northern Ireland,EURO,1,1,1,1
2/9/2020,GB,United Kingdom of Great Britain and Northern Ireland,EURO,20,21,1,2
2/16/2020,GB,United Kingdom of Great Britain and Northern Ireland,EURO,11,32,0,2
2/23/2020,GB,United Kingdom of Great Britain and Northern Ireland,EURO,3,35,0,2
3/1/2020,GB,United Kingdom of Great Britain and Northern Ireland,EURO,33,68,1,3
3/8/2020,GB,United Kingdom of Great Britain and Northern Ireland,EURO,311,379,6,9
3/15/2020,GB,United Kingdom of Great Britain and Northern Ireland,EURO,1901,2280,46,55
3/22/2020,GB,United Kingdom of Great Britain and Northern Ireland,EURO,5455,7735,429,484
3/29/2020,GB,United Kingdom of Great Britain and Northern Ireland,EURO,16046,23781,2005,2489
4/5/2020,GB,United Kingdom of Great Britain and Northern Ireland,EURO,28818,52599,5622,8111
4/12/2020,GB,United Kingdom of Great Britain and Northern Ireland,EURO,32630,85229,8974,17085
4/19/2020,GB,United Kingdom of Great Britain and Northern Ireland,EURO,30969,116198,9082,26167
4/26/2020,GB,United Kingdom of Great Britain and Northern Ireland,EURO,33506,149704,7693,33860
5/3/2020,GB,United Kingdom of Great Britain and Northern Ireland,EURO,31851,181555,5860,39720
5/10/2020,GB,United Kingdom of Great Britain and Northern Ireland,EURO,24027,205582,4508,44228
5/17/2020,GB,United Kingdom of Great Britain and Northern Ireland,EURO,20019,225601,3240,47468
5/24/2020,GB,United Kingdom of Great Britain and Northern Ireland,EURO,16906,242507,2569,50037
5/31/2020,GB,United Kingdom of Great Britain and Northern Ireland,EURO,11713,254220,1966,52003
6/7/2020,GB,United Kingdom of Great Britain and Northern Ireland,EURO,8884,263104,1416,53419
6/14/2020,GB,United Kingdom of Great Britain and Northern Ireland,EURO,7052,270156,1034,54453
6/21/2020,GB,United Kingdom of Great Britain and Northern Ireland,EURO,6892,277048,746,55199
6/28/2020,GB,United Kingdom of Great Britain and Northern Ireland,EURO,5270,282318,635,55834
7/5/2020,GB,United Kingdom of Great Britain and Northern Ireland,EURO,4275,286593,456,56290
7/12/2020,GB,United Kingdom of Great Britain and Northern Ireland,EURO,4283,290876,353,56643
7/19/2020,GB,United Kingdom of Great Britain and Northern Ireland,EURO,4340,295216,253,56896
7/26/2020,GB,United Kingdom of Great Britain and Northern Ireland,EURO,4969,300185,206,57102
8/2/2020,GB,United Kingdom of Great Britain and Northern Ireland,EURO,5524,305709,175,57277
8/9/2020,GB,United Kingdom of Great Britain and Northern Ireland,EURO,6418,312127,145,57422
8/16/2020,GB,United Kingdom of Great Britain and Northern Ireland,EURO,7797,319924,151,57573
8/23/2020,GB,United Kingdom of Great Britain and Northern Ireland,EURO,7728,327652,113,57686
8/30/2020,GB,United Kingdom of Great Britain and Northern Ireland,EURO,8854,336506,100,57786
9/6/2020,GB,United Kingdom of Great Britain and Northern Ireland,EURO,15523,352029,87,57873
9/13/2020,GB,United Kingdom of Great Britain and Northern Ireland,EURO,22634,374663,116,57989
9/20/2020,GB,United Kingdom of Great Britain and Northern Ireland,EURO,25850,400513,189,58178
9/27/2020,GB,United Kingdom of Great Britain and Northern Ireland,EURO,44393,444906,266,58444
10/4/2020,GB,United Kingdom of Great Britain and Northern Ireland,EURO,74110,519016,412,58856
10/11/2020,GB,United Kingdom of Great Britain and Northern Ireland,EURO,110514,629530,588,59444
10/18/2020,GB,United Kingdom of Great Britain and Northern Ireland,EURO,120078,749608,910,60354
10/25/2020,GB,United Kingdom of Great Britain and Northern Ireland,EURO,151561,901169,1455,61809
11/1/2020,GB,United Kingdom of Great Britain and Northern Ireland,EURO,153892,1055061,1994,63803
11/8/2020,GB,United Kingdom of Great Britain and Northern Ireland,EURO,162260,1217321,2558,66361
11/15/2020,GB,United Kingdom of Great Britain and Northern Ireland,EURO,175280,1392601,3039,69400
11/22/2020,GB,United Kingdom of Great Britain and Northern Ireland,EURO,141113,1533714,3296,72696
11/29/2020,GB,United Kingdom of Great Britain and Northern Ireland,EURO,106260,1639974,3432,76128
12/6/2020,GB,United Kingdom of Great Britain and Northern Ireland,EURO,105190,1745164,3287,79415
12/13/2020,GB,United Kingdom of Great Britain and Northern Ireland,EURO,138488,1883652,3216,82631
12/20/2020,GB,United Kingdom of Great Britain and Northern Ireland,EURO,217712,2101364,3617,86248
12/27/2020,GB,United Kingdom of Great Britain and Northern Ireland,EURO,243069,2344433,4227,90475
1/3/2021,GB,United Kingdom of Great Britain and Northern Ireland,EURO,377718,2722151,5231,95706
1/10/2021,GB,United Kingdom of Great Britain and Northern Ireland,EURO,422675,3144826,6625,102331
1/17/2021,GB,United Kingdom of Great Britain and Northern Ireland,EURO,317881,3462707,8794,111125
1/24/2021,GB,United Kingdom of Great Britain and Northern Ireland,EURO,246142,3708849,9723,120848
1/31/2021,GB,United Kingdom of Great Britain and Northern Ireland,EURO,171875,3880724,8572,129420
2/7/2021,GB,United Kingdom of Great Britain and Northern Ireland,EURO,130901,4011625,6655,136075
2/14/2021,GB,United Kingdom of Great Britain and Northern Ireland,EURO,94014,4105639,5060,141135
2/21/2021,GB,United Kingdom of Great Britain and Northern Ireland,EURO,80167,4185806,3864,144999
2/28/2021,GB,United Kingdom of Great Britain and Northern Ireland,EURO,61484,4247290,2644,147643
3/7/2021,GB,United Kingdom of Great Britain and Northern Ireland,EURO,41508,4288798,1801,149444
3/14/2021,GB,United Kingdom of Great Britain and Northern Ireland,EURO,40316,4329114,1256,150700
3/21/2021,GB,United Kingdom of Great Britain and Northern Ireland,EURO,38162,4367276,857,151557
3/28/2021,GB,United Kingdom of Great Britain and Northern Ireland,EURO,37987,4405263,654,152211
4/4/2021,GB,United Kingdom of Great Britain and Northern Ireland,EURO,27123,4432386,428,152639
4/11/2021,GB,United Kingdom of Great Britain and Northern Ireland,EURO,20330,4452716,330,152969
4/18/2021,GB,United Kingdom of Great Britain and Northern Ireland,EURO,17336,4470052,279,153248
4/25/2021,GB,United Kingdom of Great Britain and Northern Ireland,EURO,16722,4486774,228,153476
5/2/2021,GB,United Kingdom of Great Britain and Northern Ireland,EURO,15041,4501815,151,153627
5/9/2021,GB,United Kingdom of Great Britain and Northern Ireland,EURO,14468,4516283,124,153751
5/16/2021,GB,United Kingdom of Great Britain and Northern Ireland,EURO,15509,4531792,104,153855
5/23/2021,GB,United Kingdom of Great Britain and Northern Ireland,EURO,16918,4548710,82,153937
5/30/2021,GB,United Kingdom of Great Britain and Northern Ireland,EURO,22380,4571090,83,154020
6/6/2021,GB,United Kingdom of Great Britain and Northern Ireland,EURO,33779,4604869,84,154104
6/13/2021,GB,United Kingdom of Great Britain and Northern Ireland,EURO,49979,4654848,87,154191
6/20/2021,GB,United Kingdom of Great Britain and Northern Ireland,EURO,67059,4721907,100,154291
6/27/2021,GB,United Kingdom of Great Britain and Northern Ireland,EURO,107478,4829385,133,154424
7/4/2021,GB,United Kingdom of Great Britain and Northern Ireland,EURO,175476,5004861,168,154592
7/11/2021,GB,United Kingdom of Great Britain and Northern Ireland,EURO,225580,5230441,253,154845
7/18/2021,GB,United Kingdom of Great Britain and Northern Ireland,EURO,323274,5553715,328,155173
7/25/2021,GB,United Kingdom of Great Britain and Northern Ireland,EURO,257101,5810816,515,155688
8/1/2021,GB,United Kingdom of Great Britain and Northern Ireland,EURO,188020,5998836,573,156261
8/8/2021,GB,United Kingdom of Great Britain and Northern Ireland,EURO,193901,6192737,651,156912
8/15/2021,GB,United Kingdom of Great Britain and Northern Ireland,EURO,203157,6395894,650,157562
8/22/2021,GB,United Kingdom of Great Britain and Northern Ireland,EURO,232682,6628576,738,158300
8/29/2021,GB,United Kingdom of Great Britain and Northern Ireland,EURO,244811,6873387,852,159152
9/5/2021,GB,United Kingdom of Great Britain and Northern Ireland,EURO,258216,7131603,921,160073
9/12/2021,GB,United Kingdom of Great Britain and Northern Ireland,EURO,246171,7377774,1103,161176
9/19/2021,GB,United Kingdom of Great Britain and Northern Ireland,EURO,203289,7581063,1088,162264
9/26/2021,GB,United Kingdom of Great Britain and Northern Ireland,EURO,242060,7823123,1018,163282
10/3/2021,GB,United Kingdom of Great Britain and Northern Ireland,EURO,235286,8058409,895,164177
10/10/2021,GB,United Kingdom of Great Britain and Northern Ireland,EURO,254728,8313137,840,165017
10/17/2021,GB,United Kingdom of Great Britain and Northern Ireland,EURO,305103,8618240,947,165964
10/24/2021,GB,United Kingdom of Great Britain and Northern Ireland,EURO,329421,8947661,1040,167004
10/31/2021,GB,United Kingdom of Great Britain and Northern Ireland,EURO,285143,9232804,1227,168231
11/7/2021,GB,United Kingdom of Great Britain and Northern Ireland,EURO,251477,9484281,1234,169465
11/14/2021,GB,United Kingdom of Great Britain and Northern Ireland,EURO,266098,9750379,1119,170584
11/21/2021,GB,United Kingdom of Great Britain and Northern Ireland,EURO,295358,10045737,1023,171607
11/28/2021,GB,United Kingdom of Great Britain and Northern Ireland,EURO,301042,10346779,940,172547
12/5/2021,GB,United Kingdom of Great Britain and Northern Ireland,EURO,335799,10682578,941,173488
12/12/2021,GB,United Kingdom of Great Britain and Northern Ireland,EURO,364101,11046679,940,174428
12/19/2021,GB,United Kingdom of Great Britain and Northern Ireland,EURO,606364,11653043,876,175304
12/26/2021,GB,United Kingdom of Great Britain and Northern Ireland,EURO,921736,12574779,855,176159
1/2/2022,GB,United Kingdom of Great Britain and Northern Ireland,EURO,1292071,13866850,985,177144
1/9/2022,GB,United Kingdom of Great Britain and Northern Ireland,EURO,1320332,15187182,1360,178504
1/16/2022,GB,United Kingdom of Great Britain and Northern Ireland,EURO,723565,15910747,1648,180152
1/23/2022,GB,United Kingdom of Great Britain and Northern Ireland,EURO,730232,16640979,1650,181802
1/30/2022,GB,United Kingdom of Great Britain and Northern Ireland,EURO,713559,17354538,1482,183284
2/6/2022,GB,United Kingdom of Great Britain and Northern Ireland,EURO,588540,17943078,1324,184608
2/13/2022,GB,United Kingdom of Great Britain and Northern Ireland,EURO,420192,18363270,1037,185645
2/20/2022,GB,United Kingdom of Great Britain and Northern Ireland,EURO,316060,18679330,947,186592
2/27/2022,GB,United Kingdom of Great Britain and Northern Ireland,EURO,251631,18930961,845,187437
3/6/2022,GB,United Kingdom of Great Britain and Northern Ireland,EURO,277241,19208202,796,188233
3/13/2022,GB,United Kingdom of Great Britain and Northern Ireland,EURO,437488,19645690,778,189011
3/20/2022,GB,United Kingdom of Great Britain and Northern Ireland,EURO,581248,20226938,951,189962
3/27/2022,GB,United Kingdom of Great Britain and Northern Ireland,EURO,606372,20833310,1176,191138
4/3/2022,GB,United Kingdom of Great Britain and Northern Ireland,EURO,478671,21311981,1272,192410
4/10/2022,GB,United Kingdom of Great Britain and Northern Ireland,EURO,299046,21611027,1426,193836
4/17/2022,GB,United Kingdom of Great Britain and Northern Ireland,EURO,209920,21820947,1340,195176
4/24/2022,GB,United Kingdom of Great Britain and Northern Ireland,EURO,146688,21967635,1137,196313
5/1/2022,GB,United Kingdom of Great Britain and Northern Ireland,EURO,94269,22061904,904,197217
5/8/2022,GB,United Kingdom of Great Britain and Northern Ireland,EURO,73460,22135364,712,197929
5/15/2022,GB,United Kingdom of Great Britain and Northern Ireland,EURO,60338,22195702,592,198521
5/22/2022,GB,United Kingdom of Great Britain and Northern Ireland,EURO,52075,22247777,441,198962
5/29/2022,GB,United Kingdom of Great Britain and Northern Ireland,EURO,42463,22290240,346,199308
6/5/2022,GB,United Kingdom of Great Britain and Northern Ireland,EURO,44731,22334971,266,199574
6/12/2022,GB,United Kingdom of Great Britain and Northern Ireland,EURO,74352,22409323,258,199832
6/19/2022,GB,United Kingdom of Great Britain and Northern Ireland,EURO,96164,22505487,299,200131
6/26/2022,GB,United Kingdom of Great Britain and Northern Ireland,EURO,130271,22635758,380,200511
7/3/2022,GB,United Kingdom of Great Britain and Northern Ireland,EURO,160214,22795972,513,201024
7/10/2022,GB,United Kingdom of Great Britain and Northern Ireland,EURO,195623,22991595,679,201703
7/17/2022,GB,United Kingdom of Great Britain and Northern Ireland,EURO,166429,23158024,873,202576
7/24/2022,GB,United Kingdom of Great Britain and Northern Ireland,EURO,110346,23268370,1067,203643
7/31/2022,GB,United Kingdom of Great Britain and Northern Ireland,EURO,74614,23342984,852,204495
8/7/2022,GB,United Kingdom of Great Britain and Northern Ireland,EURO,56953,23399937,649,205144
8/14/2022,GB,United Kingdom of Great Britain and Northern Ireland,EURO,45624,23445561,636,205780
8/21/2022,GB,United Kingdom of Great Britain and Northern Ireland,EURO,35449,23481010,530,206310
8/28/2022,GB,United Kingdom of Great Britain and Northern Ireland,EURO,29390,23510400,425,206735
9/4/2022,GB,United Kingdom of Great Britain and Northern Ireland,EURO,29213,23539613,383,207118
9/11/2022,GB,United Kingdom of Great Britain and Northern Ireland,EURO,28943,23568556,324,207442
9/18/2022,GB,United Kingdom of Great Britain and Northern Ireland,EURO,31812,23600368,305,207747
9/25/2022,GB,United Kingdom of Great Britain and Northern Ireland,EURO,42707,23643075,320,208067
10/2/2022,GB,United Kingdom of Great Britain and Northern Ireland,EURO,53755,23696830,417,208484
10/9/2022,GB,United Kingdom of Great Britain and Northern Ireland,EURO,67496,23764326,617,209101
10/16/2022,GB,United Kingdom of Great Britain and Northern Ireland,EURO,60442,23824768,751,209852
10/23/2022,GB,United Kingdom of Great Britain and Northern Ireland,EURO,52930,23877698,778,210630
10/30/2022,GB,United Kingdom of Great Britain and Northern Ireland,EURO,37668,23915366,725,211355
11/6/2022,GB,United Kingdom of Great Britain and Northern Ireland,EURO,28331,23943697,625,211980
11/13/2022,GB,United Kingdom of Great Britain and Northern Ireland,EURO,23756,23967453,471,212451
11/20/2022,GB,United Kingdom of Great Britain and Northern Ireland,EURO,21872,23989325,398,212849
11/27/2022,GB,United Kingdom of Great Britain and Northern Ireland,EURO,22911,24012236,387,213236
12/4/2022,GB,United Kingdom of Great Britain and Northern Ireland,EURO,26105,24038341,374,213610
12/11/2022,GB,United Kingdom of Great Britain and Northern Ireland,EURO,31048,24069389,450,214060
12/18/2022,GB,United Kingdom of Great Britain and Northern Ireland,EURO,41009,24110398,522,214582
12/25/2022,GB,United Kingdom of Great Britain and Northern Ireland,EURO,48639,24159037,763,215345
1/1/2023,GB,United Kingdom of Great Britain and Northern Ireland,EURO,41644,24200681,971,216316
1/8/2023,GB,United Kingdom of Great Britain and Northern Ireland,EURO,33390,24234071,951,217267
1/15/2023,GB,United Kingdom of Great Britain and Northern Ireland,EURO,19533,24253604,817,218084
1/22/2023,GB,United Kingdom of Great Britain and Northern Ireland,EURO,14136,24267740,679,218763
1/29/2023,GB,United Kingdom of Great Britain and Northern Ireland,EURO,16501,24284241,529,219292
2/5/2023,GB,United Kingdom of Great Britain and Northern Ireland,EURO,21190,24305431,493,219785
2/12/2023,GB,United Kingdom of Great Britain and Northern Ireland,EURO,23225,24328656,475,220260
2/19/2023,GB,United Kingdom of Great Britain and Northern Ireland,EURO,27956,24356612,495,220755
2/26/2023,GB,United Kingdom of Great Britain and Northern Ireland,EURO,27843,24384455,519,221274
3/5/2023,GB,United Kingdom of Great Britain and Northern Ireland,EURO,27238,24411693,582,221856
3/12/2023,GB,United Kingdom of Great Britain and Northern Ireland,EURO,29418,24441111,665,222521
3/19/2023,GB,United Kingdom of Great Britain and Northern Ireland,EURO,33341,24474452,713,223234
3/26/2023,GB,United Kingdom of Great Britain and Northern Ireland,EURO,31649,24506101,739,223973
4/2/2023,GB,United Kingdom of Great Britain and Northern Ireland,EURO,25172,24531273,691,224664
4/9/2023,GB,United Kingdom of Great Britain and Northern Ireland,EURO,16894,24548167,605,225269
4/16/2023,GB,United Kingdom of Great Britain and Northern Ireland,EURO,14917,24563084,550,225819
4/23/2023,GB,United Kingdom of Great Britain and Northern Ireland,EURO,12823,24575907,520,226339
4/30/2023,GB,United Kingdom of Great Britain and Northern Ireland,EURO,11492,24587399,406,226745
5/7/2023,GB,United Kingdom of Great Britain and Northern Ireland,EURO,11103,24598502,354,227099
5/14/2023,GB,United Kingdom of Great Britain and Northern Ireland,EURO,8978,24607480,320,227419
5/21/2023,GB,United Kingdom of Great Britain and Northern Ireland,EURO,7493,24614973,277,227696
5/28/2023,GB,United Kingdom of Great Britain and Northern Ireland,EURO,6759,24621732,236,227932
6/4/2023,GB,United Kingdom of Great Britain and Northern Ireland,EURO,5261,24626993,199,228131
6/11/2023,GB,United Kingdom of Great Britain and Northern Ireland,EURO,4895,24631888,171,228302
6/18/2023,GB,United Kingdom of Great Britain and Northern Ireland,EURO,3620,24635508,187,228489
6/25/2023,GB,United Kingdom of Great Britain and Northern Ireland,EURO,2804,24638312,115,228604
7/2/2023,GB,United Kingdom of Great Britain and Northern Ireland,EURO,2194,24640506,103,228707
7/9/2023,GB,United Kingdom of Great Britain and Northern Ireland,EURO,2455,24642961,75,228782
7/16/2023,GB,United Kingdom of Great Britain and Northern Ireland,EURO,3114,24646075,65,228847
7/23/2023,GB,United Kingdom of Great Britain and Northern Ireland,EURO,3618,24649693,65,228912
7/30/2023,GB,United Kingdom of Great Britain and Northern Ireland,EURO,4677,24654370,84,228996
8/6/2023,GB,United Kingdom of Great Britain and Northern Ireland,EURO,6313,24660683,103,229099
8/13/2023,GB,United Kingdom of Great Britain and Northern Ireland,EURO,7777,24668460,141,229240
8/20/2023,GB,United Kingdom of Great Britain and Northern Ireland,EURO,8546,24677006,206,229446
8/27/2023,GB,United Kingdom of Great Britain and Northern Ireland,EURO,8988,24685994,228,229674
9/3/2023,GB,United Kingdom of Great Britain and Northern Ireland,EURO,10471,24696465,197,229871
9/10/2023,GB,United Kingdom of Great Britain and Northern Ireland,EURO,13933,24710398,287,230158
9/17/2023,GB,United Kingdom of Great Britain and Northern Ireland,EURO,12273,24722671,303,230461
9/24/2023,GB,United Kingdom of Great Britain and Northern Ireland,EURO,13562,24736233,266,230727
10/1/2023,GB,United Kingdom of Great Britain and Northern Ireland,EURO,17422,24753655,289,231016
10/8/2023,GB,United Kingdom of Great Britain and Northern Ireland,EURO,17083,24770738,344,231360
10/15/2023,GB,United Kingdom of Great Britain and Northern Ireland,EURO,13260,24783998,364,231724
10/22/2023,GB,United Kingdom of Great Britain and Northern Ireland,EURO,9271,24793269,388,232112
10/29/2023,GB,United Kingdom of Great Britain and Northern Ireland,EURO,7325,24800594,0,232112
11/5/2023,GB,United Kingdom of Great Britain and Northern Ireland,EURO,6088,24806682,0,232112
11/12/2023,GB,United Kingdom of Great Britain and Northern Ireland,EURO,4139,24810821,0,232112
11/19/2023,GB,United Kingdom of Great Britain and Northern Ireland,EURO,1761,24812582,0,232112
11/26/2023,GB,United Kingdom of Great Britain and Northern Ireland,EURO,0,24812582,0,232112
12/3/2023,GB,United Kingdom of Great Britain and Northern Ireland,EURO,0,24812582,0,232112
12/10/2023,GB,United Kingdom of Great Britain and Northern Ireland,EURO,0,24812582,0,232112
12/17/2023,GB,United Kingdom of Great Britain and Northern Ireland,EURO,0,24812582,0,232112
12/24/2023,GB,United Kingdom of Great Britain and Northern Ireland,EURO,0,24812582,0,232112
1/5/2020,TL,Timor-Leste,SEARO,0,0,0,0
1/12/2020,TL,Timor-Leste,SEARO,0,0,0,0
1/19/2020,TL,Timor-Leste,SEARO,0,0,0,0
1/26/2020,TL,Timor-Leste,SEARO,0,0,0,0
2/2/2020,TL,Timor-Leste,SEARO,0,0,0,0
2/9/2020,TL,Timor-Leste,SEARO,0,0,0,0
2/16/2020,TL,Timor-Leste,SEARO,0,0,0,0
2/23/2020,TL,Timor-Leste,SEARO,0,0,0,0
3/1/2020,TL,Timor-Leste,SEARO,0,0,0,0
3/8/2020,TL,Timor-Leste,SEARO,0,0,0,0
3/15/2020,TL,Timor-Leste,SEARO,0,0,0,0
3/22/2020,TL,Timor-Leste,SEARO,1,1,0,0
3/29/2020,TL,Timor-Leste,SEARO,0,1,0,0
4/5/2020,TL,Timor-Leste,SEARO,0,1,0,0
4/12/2020,TL,Timor-Leste,SEARO,1,2,0,0
4/19/2020,TL,Timor-Leste,SEARO,17,19,0,0
4/26/2020,TL,Timor-Leste,SEARO,5,24,0,0
5/3/2020,TL,Timor-Leste,SEARO,0,24,0,0
5/10/2020,TL,Timor-Leste,SEARO,0,24,0,0
5/17/2020,TL,Timor-Leste,SEARO,0,24,0,0
5/24/2020,TL,Timor-Leste,SEARO,0,24,0,0
5/31/2020,TL,Timor-Leste,SEARO,0,24,0,0
6/7/2020,TL,Timor-Leste,SEARO,0,24,0,0
6/14/2020,TL,Timor-Leste,SEARO,0,24,0,0
6/21/2020,TL,Timor-Leste,SEARO,0,24,0,0
6/28/2020,TL,Timor-Leste,SEARO,0,24,0,0
7/5/2020,TL,Timor-Leste,SEARO,0,24,0,0
7/12/2020,TL,Timor-Leste,SEARO,0,24,0,0
7/19/2020,TL,Timor-Leste,SEARO,0,24,0,0
7/26/2020,TL,Timor-Leste,SEARO,0,24,0,0
8/2/2020,TL,Timor-Leste,SEARO,0,24,0,0
8/9/2020,TL,Timor-Leste,SEARO,1,25,0,0
8/16/2020,TL,Timor-Leste,SEARO,0,25,0,0
8/23/2020,TL,Timor-Leste,SEARO,1,26,0,0
8/30/2020,TL,Timor-Leste,SEARO,1,27,0,0
9/6/2020,TL,Timor-Leste,SEARO,0,27,0,0
9/13/2020,TL,Timor-Leste,SEARO,0,27,0,0
9/20/2020,TL,Timor-Leste,SEARO,0,27,0,0
9/27/2020,TL,Timor-Leste,SEARO,0,27,0,0
10/4/2020,TL,Timor-Leste,SEARO,1,28,0,0
10/11/2020,TL,Timor-Leste,SEARO,1,29,0,0
10/18/2020,TL,Timor-Leste,SEARO,0,29,0,0
10/25/2020,TL,Timor-Leste,SEARO,0,29,0,0
11/1/2020,TL,Timor-Leste,SEARO,1,30,0,0
11/8/2020,TL,Timor-Leste,SEARO,0,30,0,0
11/15/2020,TL,Timor-Leste,SEARO,0,30,0,0
11/22/2020,TL,Timor-Leste,SEARO,0,30,0,0
11/29/2020,TL,Timor-Leste,SEARO,0,30,0,0
12/6/2020,TL,Timor-Leste,SEARO,1,31,0,0
12/13/2020,TL,Timor-Leste,SEARO,0,31,0,0
12/20/2020,TL,Timor-Leste,SEARO,0,31,0,0
12/27/2020,TL,Timor-Leste,SEARO,10,41,0,0
1/3/2021,TL,Timor-Leste,SEARO,3,44,0,0
1/10/2021,TL,Timor-Leste,SEARO,5,49,0,0
1/17/2021,TL,Timor-Leste,SEARO,3,52,0,0
1/24/2021,TL,Timor-Leste,SEARO,15,67,0,0
1/31/2021,TL,Timor-Leste,SEARO,3,70,0,0
2/7/2021,TL,Timor-Leste,SEARO,10,80,0,0
2/14/2021,TL,Timor-Leste,SEARO,22,102,0,0
2/21/2021,TL,Timor-Leste,SEARO,1,103,0,0
2/28/2021,TL,Timor-Leste,SEARO,10,113,0,0
3/7/2021,TL,Timor-Leste,SEARO,9,122,0,0
3/14/2021,TL,Timor-Leste,SEARO,74,196,0,0
3/21/2021,TL,Timor-Leste,SEARO,130,326,0,0
3/28/2021,TL,Timor-Leste,SEARO,165,491,0,0
4/4/2021,TL,Timor-Leste,SEARO,223,714,0,0
4/11/2021,TL,Timor-Leste,SEARO,332,1046,1,1
4/18/2021,TL,Timor-Leste,SEARO,260,1306,1,2
4/25/2021,TL,Timor-Leste,SEARO,591,1897,1,3
5/2/2021,TL,Timor-Leste,SEARO,547,2444,1,4
5/9/2021,TL,Timor-Leste,SEARO,783,3227,1,5
5/16/2021,TL,Timor-Leste,SEARO,1231,4458,5,10
5/23/2021,TL,Timor-Leste,SEARO,1179,5637,3,13
5/30/2021,TL,Timor-Leste,SEARO,1260,6897,3,16
6/6/2021,TL,Timor-Leste,SEARO,843,7740,1,17
6/13/2021,TL,Timor-Leste,SEARO,545,8285,1,18
6/20/2021,TL,Timor-Leste,SEARO,422,8707,1,19
6/27/2021,TL,Timor-Leste,SEARO,328,9035,2,21
7/4/2021,TL,Timor-Leste,SEARO,441,9476,3,24
7/11/2021,TL,Timor-Leste,SEARO,347,9823,1,25
7/18/2021,TL,Timor-Leste,SEARO,305,10128,1,26
7/25/2021,TL,Timor-Leste,SEARO,220,10348,0,26
8/1/2021,TL,Timor-Leste,SEARO,618,10966,0,26
8/8/2021,TL,Timor-Leste,SEARO,563,11529,1,27
8/15/2021,TL,Timor-Leste,SEARO,1036,12565,3,30
8/22/2021,TL,Timor-Leste,SEARO,1651,14216,18,48
8/29/2021,TL,Timor-Leste,SEARO,2186,16402,14,62
9/5/2021,TL,Timor-Leste,SEARO,1216,17618,18,80
9/12/2021,TL,Timor-Leste,SEARO,897,18515,15,95
9/19/2021,TL,Timor-Leste,SEARO,518,19033,9,104
9/26/2021,TL,Timor-Leste,SEARO,349,19382,9,113
10/3/2021,TL,Timor-Leste,SEARO,200,19582,5,118
10/10/2021,TL,Timor-Leste,SEARO,91,19673,1,119
10/17/2021,TL,Timor-Leste,SEARO,41,19714,0,119
10/24/2021,TL,Timor-Leste,SEARO,56,19770,2,121
10/31/2021,TL,Timor-Leste,SEARO,20,19790,1,122
11/7/2021,TL,Timor-Leste,SEARO,9,19799,0,122
11/14/2021,TL,Timor-Leste,SEARO,10,19809,0,122
11/21/2021,TL,Timor-Leste,SEARO,10,19819,0,122
11/28/2021,TL,Timor-Leste,SEARO,3,19822,0,122
12/5/2021,TL,Timor-Leste,SEARO,6,19828,0,122
12/12/2021,TL,Timor-Leste,SEARO,1,19829,0,122
12/19/2021,TL,Timor-Leste,SEARO,4,19833,0,122
12/26/2021,TL,Timor-Leste,SEARO,0,19833,0,122
1/2/2022,TL,Timor-Leste,SEARO,6,19839,0,122
1/9/2022,TL,Timor-Leste,SEARO,17,19856,0,122
1/16/2022,TL,Timor-Leste,SEARO,7,19863,0,122
1/23/2022,TL,Timor-Leste,SEARO,5,19868,0,122
1/30/2022,TL,Timor-Leste,SEARO,69,19937,0,122
2/6/2022,TL,Timor-Leste,SEARO,466,20403,0,122
2/13/2022,TL,Timor-Leste,SEARO,1228,21631,2,124
2/20/2022,TL,Timor-Leste,SEARO,727,22358,1,125
2/27/2022,TL,Timor-Leste,SEARO,310,22668,3,128
3/6/2022,TL,Timor-Leste,SEARO,91,22759,1,129
3/13/2022,TL,Timor-Leste,SEARO,32,22791,0,129
3/20/2022,TL,Timor-Leste,SEARO,14,22805,1,130
3/27/2022,TL,Timor-Leste,SEARO,16,22821,0,130
4/3/2022,TL,Timor-Leste,SEARO,11,22832,0,130
4/10/2022,TL,Timor-Leste,SEARO,10,22842,0,130
4/17/2022,TL,Timor-Leste,SEARO,11,22853,0,130
4/24/2022,TL,Timor-Leste,SEARO,7,22860,0,130
5/1/2022,TL,Timor-Leste,SEARO,11,22871,0,130
5/8/2022,TL,Timor-Leste,SEARO,14,22885,0,130
5/15/2022,TL,Timor-Leste,SEARO,4,22889,1,131
5/22/2022,TL,Timor-Leste,SEARO,6,22895,0,131
5/29/2022,TL,Timor-Leste,SEARO,17,22912,0,131
6/5/2022,TL,Timor-Leste,SEARO,13,22925,0,131
6/12/2022,TL,Timor-Leste,SEARO,8,22933,2,133
6/19/2022,TL,Timor-Leste,SEARO,11,22944,0,133
6/26/2022,TL,Timor-Leste,SEARO,7,22951,0,133
7/3/2022,TL,Timor-Leste,SEARO,8,22959,0,133
7/10/2022,TL,Timor-Leste,SEARO,12,22971,0,133
7/17/2022,TL,Timor-Leste,SEARO,7,22978,0,133
7/24/2022,TL,Timor-Leste,SEARO,8,22986,0,133
7/31/2022,TL,Timor-Leste,SEARO,18,23004,0,133
8/7/2022,TL,Timor-Leste,SEARO,35,23039,1,134
8/14/2022,TL,Timor-Leste,SEARO,44,23083,1,135
8/21/2022,TL,Timor-Leste,SEARO,33,23116,0,135
8/28/2022,TL,Timor-Leste,SEARO,44,23160,2,137
9/4/2022,TL,Timor-Leste,SEARO,25,23185,1,138
9/11/2022,TL,Timor-Leste,SEARO,33,23218,0,138
9/18/2022,TL,Timor-Leste,SEARO,21,23239,0,138
9/25/2022,TL,Timor-Leste,SEARO,14,23253,0,138
10/2/2022,TL,Timor-Leste,SEARO,4,23257,0,138
10/9/2022,TL,Timor-Leste,SEARO,14,23271,0,138
10/16/2022,TL,Timor-Leste,SEARO,16,23287,0,138
10/23/2022,TL,Timor-Leste,SEARO,12,23299,0,138
10/30/2022,TL,Timor-Leste,SEARO,2,23301,0,138
11/6/2022,TL,Timor-Leste,SEARO,4,23305,0,138
11/13/2022,TL,Timor-Leste,SEARO,9,23314,0,138
11/20/2022,TL,Timor-Leste,SEARO,13,23327,0,138
11/27/2022,TL,Timor-Leste,SEARO,11,23338,0,138
12/4/2022,TL,Timor-Leste,SEARO,17,23355,0,138
12/11/2022,TL,Timor-Leste,SEARO,14,23369,0,138
12/18/2022,TL,Timor-Leste,SEARO,16,23385,0,138
12/25/2022,TL,Timor-Leste,SEARO,3,23388,0,138
1/1/2023,TL,Timor-Leste,SEARO,9,23397,0,138
1/8/2023,TL,Timor-Leste,SEARO,6,23403,0,138
1/15/2023,TL,Timor-Leste,SEARO,2,23405,0,138
1/22/2023,TL,Timor-Leste,SEARO,5,23410,0,138
1/29/2023,TL,Timor-Leste,SEARO,4,23414,0,138
2/5/2023,TL,Timor-Leste,SEARO,2,23416,0,138
2/12/2023,TL,Timor-Leste,SEARO,1,23417,0,138
2/19/2023,TL,Timor-Leste,SEARO,1,23418,0,138
2/26/2023,TL,Timor-Leste,SEARO,0,23418,0,138
3/5/2023,TL,Timor-Leste,SEARO,1,23419,0,138
3/12/2023,TL,Timor-Leste,SEARO,0,23419,0,138
3/19/2023,TL,Timor-Leste,SEARO,2,23421,0,138
3/26/2023,TL,Timor-Leste,SEARO,2,23423,0,138
4/2/2023,TL,Timor-Leste,SEARO,0,23423,0,138
4/9/2023,TL,Timor-Leste,SEARO,0,23423,0,138
4/16/2023,TL,Timor-Leste,SEARO,2,23425,0,138
4/23/2023,TL,Timor-Leste,SEARO,2,23427,0,138
4/30/2023,TL,Timor-Leste,SEARO,1,23428,0,138
5/7/2023,TL,Timor-Leste,SEARO,3,23431,0,138
5/14/2023,TL,Timor-Leste,SEARO,11,23442,0,138
5/21/2023,TL,Timor-Leste,SEARO,1,23443,0,138
5/28/2023,TL,Timor-Leste,SEARO,5,23448,0,138
6/4/2023,TL,Timor-Leste,SEARO,2,23450,0,138
6/11/2023,TL,Timor-Leste,SEARO,6,23456,0,138
6/18/2023,TL,Timor-Leste,SEARO,0,23456,0,138
6/25/2023,TL,Timor-Leste,SEARO,1,23457,0,138
7/2/2023,TL,Timor-Leste,SEARO,0,23457,0,138
7/9/2023,TL,Timor-Leste,SEARO,1,23458,0,138
7/16/2023,TL,Timor-Leste,SEARO,2,23460,0,138
7/23/2023,TL,Timor-Leste,SEARO,0,23460,0,138
7/30/2023,TL,Timor-Leste,SEARO,0,23460,0,138
8/6/2023,TL,Timor-Leste,SEARO,0,23460,0,138
8/13/2023,TL,Timor-Leste,SEARO,0,23460,0,138
8/20/2023,TL,Timor-Leste,SEARO,0,23460,0,138
8/27/2023,TL,Timor-Leste,SEARO,0,23460,0,138
9/3/2023,TL,Timor-Leste,SEARO,0,23460,0,138
9/10/2023,TL,Timor-Leste,SEARO,0,23460,0,138
9/17/2023,TL,Timor-Leste,SEARO,0,23460,0,138
9/24/2023,TL,Timor-Leste,SEARO,0,23460,0,138
10/1/2023,TL,Timor-Leste,SEARO,0,23460,0,138
10/8/2023,TL,Timor-Leste,SEARO,0,23460,0,138
10/15/2023,TL,Timor-Leste,SEARO,0,23460,0,138
10/22/2023,TL,Timor-Leste,SEARO,0,23460,0,138
10/29/2023,TL,Timor-Leste,SEARO,0,23460,0,138
11/5/2023,TL,Timor-Leste,SEARO,0,23460,0,138
11/12/2023,TL,Timor-Leste,SEARO,0,23460,0,138
11/19/2023,TL,Timor-Leste,SEARO,0,23460,0,138
11/26/2023,TL,Timor-Leste,SEARO,0,23460,0,138
12/3/2023,TL,Timor-Leste,SEARO,0,23460,0,138
12/10/2023,TL,Timor-Leste,SEARO,0,23460,0,138
12/17/2023,TL,Timor-Leste,SEARO,0,23460,0,138
12/24/2023,TL,Timor-Leste,SEARO,0,23460,0,138
1/5/2020,TG,Togo,AFRO,0,0,0,0
1/12/2020,TG,Togo,AFRO,0,0,0,0
1/19/2020,TG,Togo,AFRO,0,0,0,0
1/26/2020,TG,Togo,AFRO,0,0,0,0
2/2/2020,TG,Togo,AFRO,0,0,0,0
2/9/2020,TG,Togo,AFRO,0,0,0,0
2/16/2020,TG,Togo,AFRO,0,0,0,0
2/23/2020,TG,Togo,AFRO,0,0,0,0
3/1/2020,TG,Togo,AFRO,0,0,0,0
3/8/2020,TG,Togo,AFRO,1,1,0,0
3/15/2020,TG,Togo,AFRO,0,1,0,0
3/22/2020,TG,Togo,AFRO,14,15,0,0
3/29/2020,TG,Togo,AFRO,13,28,1,1
4/5/2020,TG,Togo,AFRO,13,41,2,3
4/12/2020,TG,Togo,AFRO,35,76,0,3
4/19/2020,TG,Togo,AFRO,8,84,2,5
4/26/2020,TG,Togo,AFRO,12,96,1,6
5/3/2020,TG,Togo,AFRO,27,123,3,9
5/10/2020,TG,Togo,AFRO,50,173,2,11
5/17/2020,TG,Togo,AFRO,125,298,0,11
5/24/2020,TG,Togo,AFRO,75,373,1,12
5/31/2020,TG,Togo,AFRO,60,433,1,13
6/7/2020,TG,Togo,AFRO,54,487,0,13
6/14/2020,TG,Togo,AFRO,38,525,0,13
6/21/2020,TG,Togo,AFRO,36,561,0,13
6/28/2020,TG,Togo,AFRO,54,615,1,14
7/5/2020,TG,Togo,AFRO,61,676,0,14
7/12/2020,TG,Togo,AFRO,42,718,1,15
7/19/2020,TG,Togo,AFRO,56,774,0,15
7/26/2020,TG,Togo,AFRO,79,853,2,17
8/2/2020,TG,Togo,AFRO,105,958,2,19
8/9/2020,TG,Togo,AFRO,88,1046,3,22
8/16/2020,TG,Togo,AFRO,85,1131,5,27
8/23/2020,TG,Togo,AFRO,144,1275,0,27
8/30/2020,TG,Togo,AFRO,115,1390,0,27
9/6/2020,TG,Togo,AFRO,84,1474,5,32
9/13/2020,TG,Togo,AFRO,81,1555,5,37
9/20/2020,TG,Togo,AFRO,104,1659,4,41
9/27/2020,TG,Togo,AFRO,77,1736,5,46
10/4/2020,TG,Togo,AFRO,104,1840,2,48
10/11/2020,TG,Togo,AFRO,95,1935,1,49
10/18/2020,TG,Togo,AFRO,114,2049,2,51
10/25/2020,TG,Togo,AFRO,138,2187,1,52
11/1/2020,TG,Togo,AFRO,144,2331,5,57
11/8/2020,TG,Togo,AFRO,152,2483,0,57
11/15/2020,TG,Togo,AFRO,168,2651,3,60
11/22/2020,TG,Togo,AFRO,178,2829,4,64
11/29/2020,TG,Togo,AFRO,117,2946,0,64
12/6/2020,TG,Togo,AFRO,139,3085,1,65
12/13/2020,TG,Togo,AFRO,136,3221,1,66
12/20/2020,TG,Togo,AFRO,175,3396,0,66
12/27/2020,TG,Togo,AFRO,159,3555,2,68
1/3/2021,TG,Togo,AFRO,128,3683,0,68
1/10/2021,TG,Togo,AFRO,249,3932,4,72
1/17/2021,TG,Togo,AFRO,340,4272,1,73
1/24/2021,TG,Togo,AFRO,364,4636,1,74
1/31/2021,TG,Togo,AFRO,405,5041,3,77
2/7/2021,TG,Togo,AFRO,395,5436,2,79
2/14/2021,TG,Togo,AFRO,387,5823,1,80
2/21/2021,TG,Togo,AFRO,445,6268,1,81
2/28/2021,TG,Togo,AFRO,583,6851,2,83
3/7/2021,TG,Togo,AFRO,670,7521,7,90
3/14/2021,TG,Togo,AFRO,549,8070,5,95
3/21/2021,TG,Togo,AFRO,769,8839,7,102
3/28/2021,TG,Togo,AFRO,988,9827,5,107
4/4/2021,TG,Togo,AFRO,1237,11064,3,110
4/11/2021,TG,Togo,AFRO,883,11947,6,116
4/18/2021,TG,Togo,AFRO,549,12496,3,119
4/25/2021,TG,Togo,AFRO,291,12787,2,121
5/2/2021,TG,Togo,AFRO,205,12992,2,123
5/9/2021,TG,Togo,AFRO,149,13141,1,124
5/16/2021,TG,Togo,AFRO,103,13244,1,125
5/23/2021,TG,Togo,AFRO,119,13363,0,125
5/30/2021,TG,Togo,AFRO,84,13447,0,125
6/6/2021,TG,Togo,AFRO,86,13533,0,125
6/13/2021,TG,Togo,AFRO,87,13620,1,126
6/20/2021,TG,Togo,AFRO,95,13715,1,127
6/27/2021,TG,Togo,AFRO,101,13816,1,128
7/4/2021,TG,Togo,AFRO,223,14039,2,130
7/11/2021,TG,Togo,AFRO,193,14232,3,133
7/18/2021,TG,Togo,AFRO,370,14602,4,137
7/25/2021,TG,Togo,AFRO,470,15072,6,143
8/1/2021,TG,Togo,AFRO,726,15798,9,152
8/8/2021,TG,Togo,AFRO,930,16728,5,157
8/15/2021,TG,Togo,AFRO,1118,17846,8,165
8/22/2021,TG,Togo,AFRO,1645,19491,7,172
8/29/2021,TG,Togo,AFRO,1546,21037,8,180
9/5/2021,TG,Togo,AFRO,1407,22444,14,194
9/12/2021,TG,Togo,AFRO,1174,23618,11,205
9/19/2021,TG,Togo,AFRO,901,24519,8,213
9/26/2021,TG,Togo,AFRO,644,25163,9,222
10/3/2021,TG,Togo,AFRO,372,25535,11,233
10/10/2021,TG,Togo,AFRO,225,25760,2,235
10/17/2021,TG,Togo,AFRO,126,25886,3,238
10/24/2021,TG,Togo,AFRO,103,25989,4,242
10/31/2021,TG,Togo,AFRO,79,26068,0,242
11/7/2021,TG,Togo,AFRO,46,26114,1,243
11/14/2021,TG,Togo,AFRO,38,26152,0,243
11/21/2021,TG,Togo,AFRO,53,26205,0,243
11/28/2021,TG,Togo,AFRO,38,26243,0,243
12/5/2021,TG,Togo,AFRO,48,26291,0,243
12/12/2021,TG,Togo,AFRO,98,26389,0,243
12/19/2021,TG,Togo,AFRO,213,26602,1,244
12/26/2021,TG,Togo,AFRO,1390,27992,2,246
1/2/2022,TG,Togo,AFRO,3173,31165,2,248
1/9/2022,TG,Togo,AFRO,2750,33915,5,253
1/16/2022,TG,Togo,AFRO,1936,35851,8,261
1/23/2022,TG,Togo,AFRO,429,36280,5,266
1/30/2022,TG,Togo,AFRO,207,36487,2,268
2/6/2022,TG,Togo,AFRO,70,36557,0,268
2/13/2022,TG,Togo,AFRO,77,36634,2,270
2/20/2022,TG,Togo,AFRO,90,36724,1,271
2/27/2022,TG,Togo,AFRO,74,36798,1,272
3/6/2022,TG,Togo,AFRO,23,36821,0,272
3/13/2022,TG,Togo,AFRO,29,36850,0,272
3/20/2022,TG,Togo,AFRO,28,36878,0,272
3/27/2022,TG,Togo,AFRO,33,36911,0,272
4/3/2022,TG,Togo,AFRO,32,36943,0,272
4/10/2022,TG,Togo,AFRO,14,36957,0,272
4/17/2022,TG,Togo,AFRO,6,36963,1,273
4/24/2022,TG,Togo,AFRO,14,36977,0,273
5/1/2022,TG,Togo,AFRO,12,36989,0,273
5/8/2022,TG,Togo,AFRO,11,37000,0,273
5/15/2022,TG,Togo,AFRO,23,37023,0,273
5/22/2022,TG,Togo,AFRO,21,37044,0,273
5/29/2022,TG,Togo,AFRO,35,37079,0,273
6/5/2022,TG,Togo,AFRO,47,37126,0,273
6/12/2022,TG,Togo,AFRO,63,37189,0,273
6/19/2022,TG,Togo,AFRO,58,37247,0,273
6/26/2022,TG,Togo,AFRO,81,37328,2,275
7/3/2022,TG,Togo,AFRO,140,37468,0,275
7/10/2022,TG,Togo,AFRO,140,37608,0,275
7/17/2022,TG,Togo,AFRO,190,37798,0,275
7/24/2022,TG,Togo,AFRO,158,37956,1,276
7/31/2022,TG,Togo,AFRO,128,38084,4,280
8/7/2022,TG,Togo,AFRO,108,38192,1,281
8/14/2022,TG,Togo,AFRO,93,38285,0,281
8/21/2022,TG,Togo,AFRO,70,38355,1,282
8/28/2022,TG,Togo,AFRO,82,38437,0,282
9/4/2022,TG,Togo,AFRO,102,38539,1,283
9/11/2022,TG,Togo,AFRO,100,38639,1,284
9/18/2022,TG,Togo,AFRO,128,38767,0,284
9/25/2022,TG,Togo,AFRO,196,38963,0,284
10/2/2022,TG,Togo,AFRO,123,39086,1,285
10/9/2022,TG,Togo,AFRO,103,39189,1,286
10/16/2022,TG,Togo,AFRO,63,39252,1,287
10/23/2022,TG,Togo,AFRO,32,39284,2,289
10/30/2022,TG,Togo,AFRO,14,39298,1,290
11/6/2022,TG,Togo,AFRO,13,39311,0,290
11/13/2022,TG,Togo,AFRO,8,39319,0,290
11/20/2022,TG,Togo,AFRO,4,39323,0,290
11/27/2022,TG,Togo,AFRO,3,39326,0,290
12/4/2022,TG,Togo,AFRO,6,39332,0,290
12/11/2022,TG,Togo,AFRO,5,39337,0,290
12/18/2022,TG,Togo,AFRO,2,39339,0,290
12/25/2022,TG,Togo,AFRO,2,39341,0,290
1/1/2023,TG,Togo,AFRO,3,39344,0,290
1/8/2023,TG,Togo,AFRO,5,39349,0,290
1/15/2023,TG,Togo,AFRO,2,39351,0,290
1/22/2023,TG,Togo,AFRO,2,39353,0,290
1/29/2023,TG,Togo,AFRO,1,39354,0,290
2/5/2023,TG,Togo,AFRO,2,39356,0,290
2/12/2023,TG,Togo,AFRO,6,39362,0,290
2/19/2023,TG,Togo,AFRO,5,39367,0,290
2/26/2023,TG,Togo,AFRO,8,39375,0,290
3/5/2023,TG,Togo,AFRO,17,39392,0,290
3/12/2023,TG,Togo,AFRO,15,39407,0,290
3/19/2023,TG,Togo,AFRO,14,39421,0,290
3/26/2023,TG,Togo,AFRO,20,39441,0,290
4/2/2023,TG,Togo,AFRO,17,39458,0,290
4/9/2023,TG,Togo,AFRO,10,39468,0,290
4/16/2023,TG,Togo,AFRO,3,39471,0,290
4/23/2023,TG,Togo,AFRO,5,39476,0,290
4/30/2023,TG,Togo,AFRO,10,39486,0,290
5/7/2023,TG,Togo,AFRO,4,39490,0,290
5/14/2023,TG,Togo,AFRO,1,39491,0,290
5/21/2023,TG,Togo,AFRO,5,39496,0,290
5/28/2023,TG,Togo,AFRO,3,39499,0,290
6/4/2023,TG,Togo,AFRO,0,39499,0,290
6/11/2023,TG,Togo,AFRO,1,39500,0,290
6/18/2023,TG,Togo,AFRO,3,39503,0,290
6/25/2023,TG,Togo,AFRO,1,39504,0,290
7/2/2023,TG,Togo,AFRO,2,39506,0,290
7/9/2023,TG,Togo,AFRO,0,39506,0,290
7/16/2023,TG,Togo,AFRO,1,39507,0,290
7/23/2023,TG,Togo,AFRO,3,39510,0,290
7/30/2023,TG,Togo,AFRO,0,39510,0,290
8/6/2023,TG,Togo,AFRO,1,39511,0,290
8/13/2023,TG,Togo,AFRO,2,39513,0,290
8/20/2023,TG,Togo,AFRO,0,39513,0,290
8/27/2023,TG,Togo,AFRO,1,39514,0,290
9/3/2023,TG,Togo,AFRO,0,39514,0,290
9/10/2023,TG,Togo,AFRO,0,39514,0,290
9/17/2023,TG,Togo,AFRO,2,39516,0,290
9/24/2023,TG,Togo,AFRO,2,39518,0,290
10/1/2023,TG,Togo,AFRO,4,39522,0,290
10/8/2023,TG,Togo,AFRO,2,39524,0,290
10/15/2023,TG,Togo,AFRO,1,39525,0,290
10/22/2023,TG,Togo,AFRO,2,39527,0,290
10/29/2023,TG,Togo,AFRO,0,39527,0,290
11/5/2023,TG,Togo,AFRO,0,39527,0,290
11/12/2023,TG,Togo,AFRO,0,39527,0,290
11/19/2023,TG,Togo,AFRO,0,39527,0,290
11/26/2023,TG,Togo,AFRO,0,39527,0,290
12/3/2023,TG,Togo,AFRO,0,39527,0,290
12/10/2023,TG,Togo,AFRO,0,39527,0,290
12/17/2023,TG,Togo,AFRO,0,39527,0,290
12/24/2023,TG,Togo,AFRO,0,39527,0,290
1/5/2020,TK,Tokelau,WPRO,0,0,0,0
1/12/2020,TK,Tokelau,WPRO,0,0,0,0
1/19/2020,TK,Tokelau,WPRO,0,0,0,0
1/26/2020,TK,Tokelau,WPRO,0,0,0,0
2/2/2020,TK,Tokelau,WPRO,0,0,0,0
2/9/2020,TK,Tokelau,WPRO,0,0,0,0
2/16/2020,TK,Tokelau,WPRO,0,0,0,0
2/23/2020,TK,Tokelau,WPRO,0,0,0,0
3/1/2020,TK,Tokelau,WPRO,0,0,0,0
3/8/2020,TK,Tokelau,WPRO,0,0,0,0
3/15/2020,TK,Tokelau,WPRO,0,0,0,0
3/22/2020,TK,Tokelau,WPRO,0,0,0,0
3/29/2020,TK,Tokelau,WPRO,0,0,0,0
4/5/2020,TK,Tokelau,WPRO,0,0,0,0
4/12/2020,TK,Tokelau,WPRO,0,0,0,0
4/19/2020,TK,Tokelau,WPRO,0,0,0,0
4/26/2020,TK,Tokelau,WPRO,0,0,0,0
5/3/2020,TK,Tokelau,WPRO,0,0,0,0
5/10/2020,TK,Tokelau,WPRO,0,0,0,0
5/17/2020,TK,Tokelau,WPRO,0,0,0,0
5/24/2020,TK,Tokelau,WPRO,0,0,0,0
5/31/2020,TK,Tokelau,WPRO,0,0,0,0
6/7/2020,TK,Tokelau,WPRO,0,0,0,0
6/14/2020,TK,Tokelau,WPRO,0,0,0,0
6/21/2020,TK,Tokelau,WPRO,0,0,0,0
6/28/2020,TK,Tokelau,WPRO,0,0,0,0
7/5/2020,TK,Tokelau,WPRO,0,0,0,0
7/12/2020,TK,Tokelau,WPRO,0,0,0,0
7/19/2020,TK,Tokelau,WPRO,0,0,0,0
7/26/2020,TK,Tokelau,WPRO,0,0,0,0
8/2/2020,TK,Tokelau,WPRO,0,0,0,0
8/9/2020,TK,Tokelau,WPRO,0,0,0,0
8/16/2020,TK,Tokelau,WPRO,0,0,0,0
8/23/2020,TK,Tokelau,WPRO,0,0,0,0
8/30/2020,TK,Tokelau,WPRO,0,0,0,0
9/6/2020,TK,Tokelau,WPRO,0,0,0,0
9/13/2020,TK,Tokelau,WPRO,0,0,0,0
9/20/2020,TK,Tokelau,WPRO,0,0,0,0
9/27/2020,TK,Tokelau,WPRO,0,0,0,0
10/4/2020,TK,Tokelau,WPRO,0,0,0,0
10/11/2020,TK,Tokelau,WPRO,0,0,0,0
10/18/2020,TK,Tokelau,WPRO,0,0,0,0
10/25/2020,TK,Tokelau,WPRO,0,0,0,0
11/1/2020,TK,Tokelau,WPRO,0,0,0,0
11/8/2020,TK,Tokelau,WPRO,0,0,0,0
11/15/2020,TK,Tokelau,WPRO,0,0,0,0
11/22/2020,TK,Tokelau,WPRO,0,0,0,0
11/29/2020,TK,Tokelau,WPRO,0,0,0,0
12/6/2020,TK,Tokelau,WPRO,0,0,0,0
12/13/2020,TK,Tokelau,WPRO,0,0,0,0
12/20/2020,TK,Tokelau,WPRO,0,0,0,0
12/27/2020,TK,Tokelau,WPRO,0,0,0,0
1/3/2021,TK,Tokelau,WPRO,0,0,0,0
1/10/2021,TK,Tokelau,WPRO,0,0,0,0
1/17/2021,TK,Tokelau,WPRO,0,0,0,0
1/24/2021,TK,Tokelau,WPRO,0,0,0,0
1/31/2021,TK,Tokelau,WPRO,0,0,0,0
2/7/2021,TK,Tokelau,WPRO,0,0,0,0
2/14/2021,TK,Tokelau,WPRO,0,0,0,0
2/21/2021,TK,Tokelau,WPRO,0,0,0,0
2/28/2021,TK,Tokelau,WPRO,0,0,0,0
3/7/2021,TK,Tokelau,WPRO,0,0,0,0
3/14/2021,TK,Tokelau,WPRO,0,0,0,0
3/21/2021,TK,Tokelau,WPRO,0,0,0,0
3/28/2021,TK,Tokelau,WPRO,0,0,0,0
4/4/2021,TK,Tokelau,WPRO,0,0,0,0
4/11/2021,TK,Tokelau,WPRO,0,0,0,0
4/18/2021,TK,Tokelau,WPRO,0,0,0,0
4/25/2021,TK,Tokelau,WPRO,0,0,0,0
5/2/2021,TK,Tokelau,WPRO,0,0,0,0
5/9/2021,TK,Tokelau,WPRO,0,0,0,0
5/16/2021,TK,Tokelau,WPRO,0,0,0,0
5/23/2021,TK,Tokelau,WPRO,0,0,0,0
5/30/2021,TK,Tokelau,WPRO,0,0,0,0
6/6/2021,TK,Tokelau,WPRO,0,0,0,0
6/13/2021,TK,Tokelau,WPRO,0,0,0,0
6/20/2021,TK,Tokelau,WPRO,0,0,0,0
6/27/2021,TK,Tokelau,WPRO,0,0,0,0
7/4/2021,TK,Tokelau,WPRO,0,0,0,0
7/11/2021,TK,Tokelau,WPRO,0,0,0,0
7/18/2021,TK,Tokelau,WPRO,0,0,0,0
7/25/2021,TK,Tokelau,WPRO,0,0,0,0
8/1/2021,TK,Tokelau,WPRO,0,0,0,0
8/8/2021,TK,Tokelau,WPRO,0,0,0,0
8/15/2021,TK,Tokelau,WPRO,0,0,0,0
8/22/2021,TK,Tokelau,WPRO,0,0,0,0
8/29/2021,TK,Tokelau,WPRO,0,0,0,0
9/5/2021,TK,Tokelau,WPRO,0,0,0,0
9/12/2021,TK,Tokelau,WPRO,0,0,0,0
9/19/2021,TK,Tokelau,WPRO,0,0,0,0
9/26/2021,TK,Tokelau,WPRO,0,0,0,0
10/3/2021,TK,Tokelau,WPRO,0,0,0,0
10/10/2021,TK,Tokelau,WPRO,0,0,0,0
10/17/2021,TK,Tokelau,WPRO,0,0,0,0
10/24/2021,TK,Tokelau,WPRO,0,0,0,0
10/31/2021,TK,Tokelau,WPRO,0,0,0,0
11/7/2021,TK,Tokelau,WPRO,0,0,0,0
11/14/2021,TK,Tokelau,WPRO,0,0,0,0
11/21/2021,TK,Tokelau,WPRO,0,0,0,0
11/28/2021,TK,Tokelau,WPRO,0,0,0,0
12/5/2021,TK,Tokelau,WPRO,0,0,0,0
12/12/2021,TK,Tokelau,WPRO,0,0,0,0
12/19/2021,TK,Tokelau,WPRO,0,0,0,0
12/26/2021,TK,Tokelau,WPRO,0,0,0,0
1/2/2022,TK,Tokelau,WPRO,0,0,0,0
1/9/2022,TK,Tokelau,WPRO,0,0,0,0
1/16/2022,TK,Tokelau,WPRO,0,0,0,0
1/23/2022,TK,Tokelau,WPRO,0,0,0,0
1/30/2022,TK,Tokelau,WPRO,0,0,0,0
2/6/2022,TK,Tokelau,WPRO,0,0,0,0
2/13/2022,TK,Tokelau,WPRO,0,0,0,0
2/20/2022,TK,Tokelau,WPRO,0,0,0,0
2/27/2022,TK,Tokelau,WPRO,0,0,0,0
3/6/2022,TK,Tokelau,WPRO,0,0,0,0
3/13/2022,TK,Tokelau,WPRO,0,0,0,0
3/20/2022,TK,Tokelau,WPRO,0,0,0,0
3/27/2022,TK,Tokelau,WPRO,0,0,0,0
4/3/2022,TK,Tokelau,WPRO,0,0,0,0
4/10/2022,TK,Tokelau,WPRO,0,0,0,0
4/17/2022,TK,Tokelau,WPRO,0,0,0,0
4/24/2022,TK,Tokelau,WPRO,0,0,0,0
5/1/2022,TK,Tokelau,WPRO,0,0,0,0
5/8/2022,TK,Tokelau,WPRO,0,0,0,0
5/15/2022,TK,Tokelau,WPRO,0,0,0,0
5/22/2022,TK,Tokelau,WPRO,0,0,0,0
5/29/2022,TK,Tokelau,WPRO,0,0,0,0
6/5/2022,TK,Tokelau,WPRO,0,0,0,0
6/12/2022,TK,Tokelau,WPRO,0,0,0,0
6/19/2022,TK,Tokelau,WPRO,0,0,0,0
6/26/2022,TK,Tokelau,WPRO,0,0,0,0
7/3/2022,TK,Tokelau,WPRO,0,0,0,0
7/10/2022,TK,Tokelau,WPRO,0,0,0,0
7/17/2022,TK,Tokelau,WPRO,0,0,0,0
7/24/2022,TK,Tokelau,WPRO,0,0,0,0
7/31/2022,TK,Tokelau,WPRO,0,0,0,0
8/7/2022,TK,Tokelau,WPRO,0,0,0,0
8/14/2022,TK,Tokelau,WPRO,0,0,0,0
8/21/2022,TK,Tokelau,WPRO,0,0,0,0
8/28/2022,TK,Tokelau,WPRO,0,0,0,0
9/4/2022,TK,Tokelau,WPRO,0,0,0,0
9/11/2022,TK,Tokelau,WPRO,0,0,0,0
9/18/2022,TK,Tokelau,WPRO,0,0,0,0
9/25/2022,TK,Tokelau,WPRO,0,0,0,0
10/2/2022,TK,Tokelau,WPRO,0,0,0,0
10/9/2022,TK,Tokelau,WPRO,0,0,0,0
10/16/2022,TK,Tokelau,WPRO,0,0,0,0
10/23/2022,TK,Tokelau,WPRO,0,0,0,0
10/30/2022,TK,Tokelau,WPRO,0,0,0,0
11/6/2022,TK,Tokelau,WPRO,0,0,0,0
11/13/2022,TK,Tokelau,WPRO,0,0,0,0
11/20/2022,TK,Tokelau,WPRO,0,0,0,0
11/27/2022,TK,Tokelau,WPRO,0,0,0,0
12/4/2022,TK,Tokelau,WPRO,0,0,0,0
12/11/2022,TK,Tokelau,WPRO,0,0,0,0
12/18/2022,TK,Tokelau,WPRO,5,5,0,0
12/25/2022,TK,Tokelau,WPRO,0,5,0,0
1/1/2023,TK,Tokelau,WPRO,0,5,0,0
1/8/2023,TK,Tokelau,WPRO,0,5,0,0
1/15/2023,TK,Tokelau,WPRO,0,5,0,0
1/22/2023,TK,Tokelau,WPRO,0,5,0,0
1/29/2023,TK,Tokelau,WPRO,0,5,0,0
2/5/2023,TK,Tokelau,WPRO,0,5,0,0
2/12/2023,TK,Tokelau,WPRO,0,5,0,0
2/19/2023,TK,Tokelau,WPRO,0,5,0,0
2/26/2023,TK,Tokelau,WPRO,0,5,0,0
3/5/2023,TK,Tokelau,WPRO,0,5,0,0
3/12/2023,TK,Tokelau,WPRO,0,5,0,0
3/19/2023,TK,Tokelau,WPRO,0,5,0,0
3/26/2023,TK,Tokelau,WPRO,0,5,0,0
4/2/2023,TK,Tokelau,WPRO,0,5,0,0
4/9/2023,TK,Tokelau,WPRO,0,5,0,0
4/16/2023,TK,Tokelau,WPRO,0,5,0,0
4/23/2023,TK,Tokelau,WPRO,0,5,0,0
4/30/2023,TK,Tokelau,WPRO,0,5,0,0
5/7/2023,TK,Tokelau,WPRO,0,5,0,0
5/14/2023,TK,Tokelau,WPRO,0,5,0,0
5/21/2023,TK,Tokelau,WPRO,0,5,0,0
5/28/2023,TK,Tokelau,WPRO,0,5,0,0
6/4/2023,TK,Tokelau,WPRO,0,5,0,0
6/11/2023,TK,Tokelau,WPRO,0,5,0,0
6/18/2023,TK,Tokelau,WPRO,0,5,0,0
6/25/2023,TK,Tokelau,WPRO,14,19,0,0
7/2/2023,TK,Tokelau,WPRO,4,23,0,0
7/9/2023,TK,Tokelau,WPRO,18,41,0,0
7/16/2023,TK,Tokelau,WPRO,39,80,0,0
7/23/2023,TK,Tokelau,WPRO,0,80,0,0
7/30/2023,TK,Tokelau,WPRO,0,80,0,0
8/6/2023,TK,Tokelau,WPRO,0,80,0,0
8/13/2023,TK,Tokelau,WPRO,0,80,0,0
8/20/2023,TK,Tokelau,WPRO,0,80,0,0
8/27/2023,TK,Tokelau,WPRO,0,80,0,0
9/3/2023,TK,Tokelau,WPRO,0,80,0,0
9/10/2023,TK,Tokelau,WPRO,0,80,0,0
9/17/2023,TK,Tokelau,WPRO,0,80,0,0
9/24/2023,TK,Tokelau,WPRO,0,80,0,0
10/1/2023,TK,Tokelau,WPRO,0,80,0,0
10/8/2023,TK,Tokelau,WPRO,0,80,0,0
10/15/2023,TK,Tokelau,WPRO,0,80,0,0
10/22/2023,TK,Tokelau,WPRO,0,80,0,0
10/29/2023,TK,Tokelau,WPRO,0,80,0,0
11/5/2023,TK,Tokelau,WPRO,0,80,0,0
11/12/2023,TK,Tokelau,WPRO,0,80,0,0
11/19/2023,TK,Tokelau,WPRO,0,80,0,0
11/26/2023,TK,Tokelau,WPRO,0,80,0,0
12/3/2023,TK,Tokelau,WPRO,0,80,0,0
12/10/2023,TK,Tokelau,WPRO,0,80,0,0
12/17/2023,TK,Tokelau,WPRO,0,80,0,0
12/24/2023,TK,Tokelau,WPRO,0,80,0,0
1/5/2020,TO,Tonga,WPRO,0,0,0,0
1/12/2020,TO,Tonga,WPRO,0,0,0,0
1/19/2020,TO,Tonga,WPRO,0,0,0,0
1/26/2020,TO,Tonga,WPRO,0,0,0,0
2/2/2020,TO,Tonga,WPRO,0,0,0,0
2/9/2020,TO,Tonga,WPRO,0,0,0,0
2/16/2020,TO,Tonga,WPRO,0,0,0,0
2/23/2020,TO,Tonga,WPRO,0,0,0,0
3/1/2020,TO,Tonga,WPRO,0,0,0,0
3/8/2020,TO,Tonga,WPRO,0,0,0,0
3/15/2020,TO,Tonga,WPRO,0,0,0,0
3/22/2020,TO,Tonga,WPRO,0,0,0,0
3/29/2020,TO,Tonga,WPRO,0,0,0,0
4/5/2020,TO,Tonga,WPRO,0,0,0,0
4/12/2020,TO,Tonga,WPRO,0,0,0,0
4/19/2020,TO,Tonga,WPRO,0,0,0,0
4/26/2020,TO,Tonga,WPRO,0,0,0,0
5/3/2020,TO,Tonga,WPRO,0,0,0,0
5/10/2020,TO,Tonga,WPRO,0,0,0,0
5/17/2020,TO,Tonga,WPRO,0,0,0,0
5/24/2020,TO,Tonga,WPRO,0,0,0,0
5/31/2020,TO,Tonga,WPRO,0,0,0,0
6/7/2020,TO,Tonga,WPRO,0,0,0,0
6/14/2020,TO,Tonga,WPRO,0,0,0,0
6/21/2020,TO,Tonga,WPRO,0,0,0,0
6/28/2020,TO,Tonga,WPRO,0,0,0,0
7/5/2020,TO,Tonga,WPRO,0,0,0,0
7/12/2020,TO,Tonga,WPRO,0,0,0,0
7/19/2020,TO,Tonga,WPRO,0,0,0,0
7/26/2020,TO,Tonga,WPRO,0,0,0,0
8/2/2020,TO,Tonga,WPRO,0,0,0,0
8/9/2020,TO,Tonga,WPRO,0,0,0,0
8/16/2020,TO,Tonga,WPRO,0,0,0,0
8/23/2020,TO,Tonga,WPRO,0,0,0,0
8/30/2020,TO,Tonga,WPRO,0,0,0,0
9/6/2020,TO,Tonga,WPRO,0,0,0,0
9/13/2020,TO,Tonga,WPRO,0,0,0,0
9/20/2020,TO,Tonga,WPRO,0,0,0,0
9/27/2020,TO,Tonga,WPRO,0,0,0,0
10/4/2020,TO,Tonga,WPRO,0,0,0,0
10/11/2020,TO,Tonga,WPRO,0,0,0,0
10/18/2020,TO,Tonga,WPRO,0,0,0,0
10/25/2020,TO,Tonga,WPRO,0,0,0,0
11/1/2020,TO,Tonga,WPRO,0,0,0,0
11/8/2020,TO,Tonga,WPRO,0,0,0,0
11/15/2020,TO,Tonga,WPRO,0,0,0,0
11/22/2020,TO,Tonga,WPRO,0,0,0,0
11/29/2020,TO,Tonga,WPRO,0,0,0,0
12/6/2020,TO,Tonga,WPRO,0,0,0,0
12/13/2020,TO,Tonga,WPRO,0,0,0,0
12/20/2020,TO,Tonga,WPRO,0,0,0,0
12/27/2020,TO,Tonga,WPRO,0,0,0,0
1/3/2021,TO,Tonga,WPRO,0,0,0,0
1/10/2021,TO,Tonga,WPRO,0,0,0,0
1/17/2021,TO,Tonga,WPRO,0,0,0,0
1/24/2021,TO,Tonga,WPRO,0,0,0,0
1/31/2021,TO,Tonga,WPRO,0,0,0,0
2/7/2021,TO,Tonga,WPRO,0,0,0,0
2/14/2021,TO,Tonga,WPRO,0,0,0,0
2/21/2021,TO,Tonga,WPRO,0,0,0,0
2/28/2021,TO,Tonga,WPRO,0,0,0,0
3/7/2021,TO,Tonga,WPRO,0,0,0,0
3/14/2021,TO,Tonga,WPRO,0,0,0,0
3/21/2021,TO,Tonga,WPRO,0,0,0,0
3/28/2021,TO,Tonga,WPRO,0,0,0,0
4/4/2021,TO,Tonga,WPRO,0,0,0,0
4/11/2021,TO,Tonga,WPRO,0,0,0,0
4/18/2021,TO,Tonga,WPRO,0,0,0,0
4/25/2021,TO,Tonga,WPRO,0,0,0,0
5/2/2021,TO,Tonga,WPRO,0,0,0,0
5/9/2021,TO,Tonga,WPRO,0,0,0,0
5/16/2021,TO,Tonga,WPRO,0,0,0,0
5/23/2021,TO,Tonga,WPRO,0,0,0,0
5/30/2021,TO,Tonga,WPRO,0,0,0,0
6/6/2021,TO,Tonga,WPRO,0,0,0,0
6/13/2021,TO,Tonga,WPRO,0,0,0,0
6/20/2021,TO,Tonga,WPRO,0,0,0,0
6/27/2021,TO,Tonga,WPRO,0,0,0,0
7/4/2021,TO,Tonga,WPRO,0,0,0,0
7/11/2021,TO,Tonga,WPRO,0,0,0,0
7/18/2021,TO,Tonga,WPRO,0,0,0,0
7/25/2021,TO,Tonga,WPRO,0,0,0,0
8/1/2021,TO,Tonga,WPRO,0,0,0,0
8/8/2021,TO,Tonga,WPRO,0,0,0,0
8/15/2021,TO,Tonga,WPRO,0,0,0,0
8/22/2021,TO,Tonga,WPRO,0,0,0,0
8/29/2021,TO,Tonga,WPRO,0,0,0,0
9/5/2021,TO,Tonga,WPRO,0,0,0,0
9/12/2021,TO,Tonga,WPRO,0,0,0,0
9/19/2021,TO,Tonga,WPRO,0,0,0,0
9/26/2021,TO,Tonga,WPRO,0,0,0,0
10/3/2021,TO,Tonga,WPRO,0,0,0,0
10/10/2021,TO,Tonga,WPRO,0,0,0,0
10/17/2021,TO,Tonga,WPRO,0,0,0,0
10/24/2021,TO,Tonga,WPRO,0,0,0,0
10/31/2021,TO,Tonga,WPRO,1,1,0,0
11/7/2021,TO,Tonga,WPRO,0,1,0,0
11/14/2021,TO,Tonga,WPRO,0,1,0,0
11/21/2021,TO,Tonga,WPRO,0,1,0,0
11/28/2021,TO,Tonga,WPRO,0,1,0,0
12/5/2021,TO,Tonga,WPRO,0,1,0,0
12/12/2021,TO,Tonga,WPRO,0,1,0,0
12/19/2021,TO,Tonga,WPRO,0,1,0,0
12/26/2021,TO,Tonga,WPRO,0,1,0,0
1/2/2022,TO,Tonga,WPRO,0,1,0,0
1/9/2022,TO,Tonga,WPRO,0,1,0,0
1/16/2022,TO,Tonga,WPRO,0,1,0,0
1/23/2022,TO,Tonga,WPRO,0,1,0,0
1/30/2022,TO,Tonga,WPRO,0,1,0,0
2/6/2022,TO,Tonga,WPRO,20,21,0,0
2/13/2022,TO,Tonga,WPRO,120,141,0,0
2/20/2022,TO,Tonga,WPRO,90,231,0,0
2/27/2022,TO,Tonga,WPRO,124,355,0,0
3/6/2022,TO,Tonga,WPRO,647,1002,0,0
3/13/2022,TO,Tonga,WPRO,861,1863,2,2
3/20/2022,TO,Tonga,WPRO,1555,3418,0,2
3/27/2022,TO,Tonga,WPRO,2173,5591,0,2
4/3/2022,TO,Tonga,WPRO,1536,7127,7,9
4/10/2022,TO,Tonga,WPRO,804,7931,0,9
4/17/2022,TO,Tonga,WPRO,1094,9025,2,11
4/24/2022,TO,Tonga,WPRO,528,9553,0,11
5/1/2022,TO,Tonga,WPRO,643,10196,0,11
5/8/2022,TO,Tonga,WPRO,569,10765,0,11
5/15/2022,TO,Tonga,WPRO,352,11117,0,11
5/22/2022,TO,Tonga,WPRO,371,11488,0,11
5/29/2022,TO,Tonga,WPRO,156,11644,1,12
6/5/2022,TO,Tonga,WPRO,125,11769,0,12
6/12/2022,TO,Tonga,WPRO,140,11909,0,12
6/19/2022,TO,Tonga,WPRO,170,12079,0,12
6/26/2022,TO,Tonga,WPRO,222,12301,0,12
7/3/2022,TO,Tonga,WPRO,0,12301,0,12
7/10/2022,TO,Tonga,WPRO,81,12382,0,12
7/17/2022,TO,Tonga,WPRO,57,12439,0,12
7/24/2022,TO,Tonga,WPRO,76,12515,0,12
7/31/2022,TO,Tonga,WPRO,39,12554,0,12
8/7/2022,TO,Tonga,WPRO,0,12554,0,12
8/14/2022,TO,Tonga,WPRO,851,13405,0,12
8/21/2022,TO,Tonga,WPRO,730,14135,0,12
8/28/2022,TO,Tonga,WPRO,1100,15235,0,12
9/4/2022,TO,Tonga,WPRO,947,16182,0,12
9/11/2022,TO,Tonga,WPRO,0,16182,0,12
9/18/2022,TO,Tonga,WPRO,0,16182,0,12
9/25/2022,TO,Tonga,WPRO,0,16182,0,12
10/2/2022,TO,Tonga,WPRO,0,16182,0,12
10/9/2022,TO,Tonga,WPRO,0,16182,0,12
10/16/2022,TO,Tonga,WPRO,0,16182,0,12
10/23/2022,TO,Tonga,WPRO,0,16182,0,12
10/30/2022,TO,Tonga,WPRO,0,16182,0,12
11/6/2022,TO,Tonga,WPRO,0,16182,0,12
11/13/2022,TO,Tonga,WPRO,0,16182,0,12
11/20/2022,TO,Tonga,WPRO,0,16182,0,12
11/27/2022,TO,Tonga,WPRO,29,16211,0,12
12/4/2022,TO,Tonga,WPRO,0,16211,0,12
12/11/2022,TO,Tonga,WPRO,0,16211,0,12
12/18/2022,TO,Tonga,WPRO,0,16211,0,12
12/25/2022,TO,Tonga,WPRO,201,16412,0,12
1/1/2023,TO,Tonga,WPRO,75,16487,0,12
1/8/2023,TO,Tonga,WPRO,103,16590,0,12
1/15/2023,TO,Tonga,WPRO,0,16590,0,12
1/22/2023,TO,Tonga,WPRO,82,16672,0,12
1/29/2023,TO,Tonga,WPRO,62,16734,0,12
2/5/2023,TO,Tonga,WPRO,45,16779,0,12
2/12/2023,TO,Tonga,WPRO,16,16795,0,12
2/19/2023,TO,Tonga,WPRO,6,16801,0,12
2/26/2023,TO,Tonga,WPRO,6,16807,0,12
3/5/2023,TO,Tonga,WPRO,3,16810,0,12
3/12/2023,TO,Tonga,WPRO,2,16812,0,12
3/19/2023,TO,Tonga,WPRO,1,16813,0,12
3/26/2023,TO,Tonga,WPRO,1,16814,0,12
4/2/2023,TO,Tonga,WPRO,0,16814,0,12
4/9/2023,TO,Tonga,WPRO,0,16814,0,12
4/16/2023,TO,Tonga,WPRO,0,16814,0,12
4/23/2023,TO,Tonga,WPRO,0,16814,0,12
4/30/2023,TO,Tonga,WPRO,0,16814,0,12
5/7/2023,TO,Tonga,WPRO,2,16816,0,12
5/14/2023,TO,Tonga,WPRO,1,16817,0,12
5/21/2023,TO,Tonga,WPRO,0,16817,0,12
5/28/2023,TO,Tonga,WPRO,0,16817,0,12
6/4/2023,TO,Tonga,WPRO,0,16817,0,12
6/11/2023,TO,Tonga,WPRO,0,16817,0,12
6/18/2023,TO,Tonga,WPRO,1,16818,0,12
6/25/2023,TO,Tonga,WPRO,1,16819,0,12
7/2/2023,TO,Tonga,WPRO,0,16819,0,12
7/9/2023,TO,Tonga,WPRO,0,16819,0,12
7/16/2023,TO,Tonga,WPRO,0,16819,0,12
7/23/2023,TO,Tonga,WPRO,0,16819,0,12
7/30/2023,TO,Tonga,WPRO,0,16819,0,12
8/6/2023,TO,Tonga,WPRO,0,16819,0,12
8/13/2023,TO,Tonga,WPRO,2,16821,0,12
8/20/2023,TO,Tonga,WPRO,0,16821,0,12
8/27/2023,TO,Tonga,WPRO,0,16821,0,12
9/3/2023,TO,Tonga,WPRO,0,16821,0,12
9/10/2023,TO,Tonga,WPRO,0,16821,0,12
9/17/2023,TO,Tonga,WPRO,4,16825,0,12
9/24/2023,TO,Tonga,WPRO,0,16825,0,12
10/1/2023,TO,Tonga,WPRO,0,16825,0,12
10/8/2023,TO,Tonga,WPRO,2,16827,0,12
10/15/2023,TO,Tonga,WPRO,12,16839,0,12
10/22/2023,TO,Tonga,WPRO,7,16846,0,12
10/29/2023,TO,Tonga,WPRO,14,16860,0,12
11/5/2023,TO,Tonga,WPRO,5,16865,0,12
11/12/2023,TO,Tonga,WPRO,11,16876,0,12
11/19/2023,TO,Tonga,WPRO,12,16888,0,12
11/26/2023,TO,Tonga,WPRO,0,16888,0,12
12/3/2023,TO,Tonga,WPRO,0,16888,0,12
12/10/2023,TO,Tonga,WPRO,0,16888,0,12
12/17/2023,TO,Tonga,WPRO,0,16888,0,12
12/24/2023,TO,Tonga,WPRO,0,16888,0,12
1/5/2020,TT,Trinidad and Tobago,AMRO,0,0,0,0
1/12/2020,TT,Trinidad and Tobago,AMRO,0,0,0,0
1/19/2020,TT,Trinidad and Tobago,AMRO,0,0,0,0
1/26/2020,TT,Trinidad and Tobago,AMRO,0,0,0,0
2/2/2020,TT,Trinidad and Tobago,AMRO,0,0,0,0
2/9/2020,TT,Trinidad and Tobago,AMRO,0,0,0,0
2/16/2020,TT,Trinidad and Tobago,AMRO,0,0,0,0
2/23/2020,TT,Trinidad and Tobago,AMRO,0,0,0,0
3/1/2020,TT,Trinidad and Tobago,AMRO,0,0,0,0
3/8/2020,TT,Trinidad and Tobago,AMRO,0,0,0,0
3/15/2020,TT,Trinidad and Tobago,AMRO,1,1,0,0
3/22/2020,TT,Trinidad and Tobago,AMRO,8,9,0,0
3/29/2020,TT,Trinidad and Tobago,AMRO,65,74,2,2
4/5/2020,TT,Trinidad and Tobago,AMRO,26,100,4,6
4/12/2020,TT,Trinidad and Tobago,AMRO,9,109,2,8
4/19/2020,TT,Trinidad and Tobago,AMRO,5,114,0,8
4/26/2020,TT,Trinidad and Tobago,AMRO,1,115,0,8
5/3/2020,TT,Trinidad and Tobago,AMRO,1,116,0,8
5/10/2020,TT,Trinidad and Tobago,AMRO,0,116,0,8
5/17/2020,TT,Trinidad and Tobago,AMRO,0,116,0,8
5/24/2020,TT,Trinidad and Tobago,AMRO,0,116,0,8
5/31/2020,TT,Trinidad and Tobago,AMRO,0,116,0,8
6/7/2020,TT,Trinidad and Tobago,AMRO,1,117,0,8
6/14/2020,TT,Trinidad and Tobago,AMRO,0,117,0,8
6/21/2020,TT,Trinidad and Tobago,AMRO,6,123,0,8
6/28/2020,TT,Trinidad and Tobago,AMRO,1,124,0,8
7/5/2020,TT,Trinidad and Tobago,AMRO,6,130,0,8
7/12/2020,TT,Trinidad and Tobago,AMRO,3,133,0,8
7/19/2020,TT,Trinidad and Tobago,AMRO,3,136,0,8
7/26/2020,TT,Trinidad and Tobago,AMRO,11,147,0,8
8/2/2020,TT,Trinidad and Tobago,AMRO,26,173,0,8
8/9/2020,TT,Trinidad and Tobago,AMRO,52,225,0,8
8/16/2020,TT,Trinidad and Tobago,AMRO,249,474,2,10
8/23/2020,TT,Trinidad and Tobago,AMRO,425,899,3,13
8/30/2020,TT,Trinidad and Tobago,AMRO,678,1577,6,19
9/6/2020,TT,Trinidad and Tobago,AMRO,565,2142,13,32
9/13/2020,TT,Trinidad and Tobago,AMRO,750,2892,18,50
9/20/2020,TT,Trinidad and Tobago,AMRO,847,3739,10,60
9/27/2020,TT,Trinidad and Tobago,AMRO,546,4285,10,70
10/4/2020,TT,Trinidad and Tobago,AMRO,424,4709,8,78
10/11/2020,TT,Trinidad and Tobago,AMRO,312,5021,11,89
10/18/2020,TT,Trinidad and Tobago,AMRO,220,5241,6,95
10/25/2020,TT,Trinidad and Tobago,AMRO,246,5487,9,104
11/1/2020,TT,Trinidad and Tobago,AMRO,181,5668,3,107
11/8/2020,TT,Trinidad and Tobago,AMRO,130,5798,4,111
11/15/2020,TT,Trinidad and Tobago,AMRO,182,5980,0,111
11/22/2020,TT,Trinidad and Tobago,AMRO,281,6261,2,113
11/29/2020,TT,Trinidad and Tobago,AMRO,325,6586,5,118
12/6/2020,TT,Trinidad and Tobago,AMRO,149,6735,3,121
12/13/2020,TT,Trinidad and Tobago,AMRO,117,6852,1,122
12/20/2020,TT,Trinidad and Tobago,AMRO,103,6955,1,123
12/27/2020,TT,Trinidad and Tobago,AMRO,142,7097,2,125
1/3/2021,TT,Trinidad and Tobago,AMRO,61,7158,2,127
1/10/2021,TT,Trinidad and Tobago,AMRO,61,7219,0,127
1/17/2021,TT,Trinidad and Tobago,AMRO,124,7343,3,130
1/24/2021,TT,Trinidad and Tobago,AMRO,113,7456,3,133
1/31/2021,TT,Trinidad and Tobago,AMRO,77,7533,1,134
2/7/2021,TT,Trinidad and Tobago,AMRO,74,7607,1,135
2/14/2021,TT,Trinidad and Tobago,AMRO,30,7637,2,137
2/21/2021,TT,Trinidad and Tobago,AMRO,29,7666,2,139
2/28/2021,TT,Trinidad and Tobago,AMRO,38,7704,0,139
3/7/2021,TT,Trinidad and Tobago,AMRO,25,7729,0,139
3/14/2021,TT,Trinidad and Tobago,AMRO,40,7769,1,140
3/21/2021,TT,Trinidad and Tobago,AMRO,52,7821,0,140
3/28/2021,TT,Trinidad and Tobago,AMRO,118,7939,1,141
4/4/2021,TT,Trinidad and Tobago,AMRO,177,8116,4,145
4/11/2021,TT,Trinidad and Tobago,AMRO,207,8323,0,145
4/18/2021,TT,Trinidad and Tobago,AMRO,419,8742,5,150
4/25/2021,TT,Trinidad and Tobago,AMRO,745,9487,7,157
5/2/2021,TT,Trinidad and Tobago,AMRO,1337,10824,12,169
5/9/2021,TT,Trinidad and Tobago,AMRO,1896,12720,27,196
5/16/2021,TT,Trinidad and Tobago,AMRO,2659,15379,69,265
5/23/2021,TT,Trinidad and Tobago,AMRO,3556,18935,83,348
5/30/2021,TT,Trinidad and Tobago,AMRO,3685,22620,110,458
6/6/2021,TT,Trinidad and Tobago,AMRO,3181,25801,98,556
6/13/2021,TT,Trinidad and Tobago,AMRO,2305,28106,88,644
6/20/2021,TT,Trinidad and Tobago,AMRO,2077,30183,69,713
6/27/2021,TT,Trinidad and Tobago,AMRO,1592,31775,78,791
7/4/2021,TT,Trinidad and Tobago,AMRO,1378,33153,75,866
7/11/2021,TT,Trinidad and Tobago,AMRO,1249,34402,64,930
7/18/2021,TT,Trinidad and Tobago,AMRO,1277,35679,52,982
7/25/2021,TT,Trinidad and Tobago,AMRO,1386,37065,44,1026
8/1/2021,TT,Trinidad and Tobago,AMRO,1492,38557,44,1070
8/8/2021,TT,Trinidad and Tobago,AMRO,1278,39835,53,1123
8/15/2021,TT,Trinidad and Tobago,AMRO,1693,41528,44,1167
8/22/2021,TT,Trinidad and Tobago,AMRO,1311,42839,48,1215
8/29/2021,TT,Trinidad and Tobago,AMRO,1160,43999,52,1267
9/5/2021,TT,Trinidad and Tobago,AMRO,1301,45300,51,1318
9/12/2021,TT,Trinidad and Tobago,AMRO,1435,46735,41,1359
9/19/2021,TT,Trinidad and Tobago,AMRO,1408,48143,46,1405
9/26/2021,TT,Trinidad and Tobago,AMRO,1545,49688,36,1441
10/3/2021,TT,Trinidad and Tobago,AMRO,1215,50903,48,1489
10/10/2021,TT,Trinidad and Tobago,AMRO,1360,52263,47,1536
10/17/2021,TT,Trinidad and Tobago,AMRO,1426,53689,48,1584
10/24/2021,TT,Trinidad and Tobago,AMRO,1514,55203,49,1633
10/31/2021,TT,Trinidad and Tobago,AMRO,1918,57121,49,1682
11/7/2021,TT,Trinidad and Tobago,AMRO,1460,58581,71,1753
11/14/2021,TT,Trinidad and Tobago,AMRO,2938,61519,75,1828
11/21/2021,TT,Trinidad and Tobago,AMRO,3374,64893,91,1919
11/28/2021,TT,Trinidad and Tobago,AMRO,4115,69008,142,2061
12/5/2021,TT,Trinidad and Tobago,AMRO,4751,73759,154,2215
12/12/2021,TT,Trinidad and Tobago,AMRO,5478,79237,146,2361
12/19/2021,TT,Trinidad and Tobago,AMRO,5556,84793,199,2560
12/26/2021,TT,Trinidad and Tobago,AMRO,4151,88944,158,2718
1/2/2022,TT,Trinidad and Tobago,AMRO,2955,91899,151,2869
1/9/2022,TT,Trinidad and Tobago,AMRO,4656,96555,178,3047
1/16/2022,TT,Trinidad and Tobago,AMRO,3225,99780,109,3156
1/23/2022,TT,Trinidad and Tobago,AMRO,6189,105969,130,3286
1/30/2022,TT,Trinidad and Tobago,AMRO,4772,110741,95,3381
2/6/2022,TT,Trinidad and Tobago,AMRO,3157,113898,67,3448
2/13/2022,TT,Trinidad and Tobago,AMRO,5328,119226,59,3507
2/20/2022,TT,Trinidad and Tobago,AMRO,3931,123157,55,3562
2/27/2022,TT,Trinidad and Tobago,AMRO,3777,126934,55,3617
3/6/2022,TT,Trinidad and Tobago,AMRO,3029,129963,35,3652
3/13/2022,TT,Trinidad and Tobago,AMRO,2420,132383,24,3676
3/20/2022,TT,Trinidad and Tobago,AMRO,2062,134445,28,3704
3/27/2022,TT,Trinidad and Tobago,AMRO,2116,136561,25,3729
4/3/2022,TT,Trinidad and Tobago,AMRO,1598,138159,25,3754
4/10/2022,TT,Trinidad and Tobago,AMRO,1814,139973,20,3774
4/17/2022,TT,Trinidad and Tobago,AMRO,1880,141853,24,3798
4/24/2022,TT,Trinidad and Tobago,AMRO,2031,143884,13,3811
5/1/2022,TT,Trinidad and Tobago,AMRO,3566,147450,13,3824
5/8/2022,TT,Trinidad and Tobago,AMRO,3031,150481,21,3845
5/15/2022,TT,Trinidad and Tobago,AMRO,2990,153471,21,3866
5/22/2022,TT,Trinidad and Tobago,AMRO,3892,157363,24,3890
5/29/2022,TT,Trinidad and Tobago,AMRO,3130,160493,13,3903
6/5/2022,TT,Trinidad and Tobago,AMRO,1948,162441,24,3927
6/12/2022,TT,Trinidad and Tobago,AMRO,1874,164315,29,3956
6/19/2022,TT,Trinidad and Tobago,AMRO,1285,165600,17,3973
6/26/2022,TT,Trinidad and Tobago,AMRO,976,166576,24,3997
7/3/2022,TT,Trinidad and Tobago,AMRO,724,167300,15,4012
7/10/2022,TT,Trinidad and Tobago,AMRO,739,168039,12,4024
7/17/2022,TT,Trinidad and Tobago,AMRO,989,169028,12,4036
7/24/2022,TT,Trinidad and Tobago,AMRO,902,169930,5,4041
7/31/2022,TT,Trinidad and Tobago,AMRO,1242,171172,7,4048
8/7/2022,TT,Trinidad and Tobago,AMRO,1404,172576,17,4065
8/14/2022,TT,Trinidad and Tobago,AMRO,1976,174552,6,4071
8/21/2022,TT,Trinidad and Tobago,AMRO,1916,176468,21,4092
8/28/2022,TT,Trinidad and Tobago,AMRO,1643,178111,31,4123
9/4/2022,TT,Trinidad and Tobago,AMRO,1346,179457,27,4150
9/11/2022,TT,Trinidad and Tobago,AMRO,1515,180972,16,4166
9/18/2022,TT,Trinidad and Tobago,AMRO,1071,182043,18,4184
9/25/2022,TT,Trinidad and Tobago,AMRO,554,182597,11,4195
10/2/2022,TT,Trinidad and Tobago,AMRO,584,183181,12,4207
10/9/2022,TT,Trinidad and Tobago,AMRO,643,183824,17,4224
10/16/2022,TT,Trinidad and Tobago,AMRO,437,184261,11,4235
10/23/2022,TT,Trinidad and Tobago,AMRO,263,184524,6,4241
10/30/2022,TT,Trinidad and Tobago,AMRO,189,184713,8,4249
11/6/2022,TT,Trinidad and Tobago,AMRO,141,184854,6,4255
11/13/2022,TT,Trinidad and Tobago,AMRO,95,184949,2,4257
11/20/2022,TT,Trinidad and Tobago,AMRO,145,185094,6,4263
11/27/2022,TT,Trinidad and Tobago,AMRO,143,185237,3,4266
12/4/2022,TT,Trinidad and Tobago,AMRO,140,185377,1,4267
12/11/2022,TT,Trinidad and Tobago,AMRO,151,185528,1,4268
12/18/2022,TT,Trinidad and Tobago,AMRO,180,185708,3,4271
12/25/2022,TT,Trinidad and Tobago,AMRO,174,185882,6,4277
1/1/2023,TT,Trinidad and Tobago,AMRO,151,186033,6,4283
1/8/2023,TT,Trinidad and Tobago,AMRO,246,186279,6,4289
1/15/2023,TT,Trinidad and Tobago,AMRO,406,186685,8,4297
1/22/2023,TT,Trinidad and Tobago,AMRO,519,187204,12,4309
1/29/2023,TT,Trinidad and Tobago,AMRO,381,187585,10,4319
2/5/2023,TT,Trinidad and Tobago,AMRO,323,187908,7,4326
2/12/2023,TT,Trinidad and Tobago,AMRO,291,188199,5,4331
2/19/2023,TT,Trinidad and Tobago,AMRO,312,188511,5,4336
2/26/2023,TT,Trinidad and Tobago,AMRO,226,188737,3,4339
3/5/2023,TT,Trinidad and Tobago,AMRO,559,189296,8,4347
3/12/2023,TT,Trinidad and Tobago,AMRO,622,189918,8,4355
3/19/2023,TT,Trinidad and Tobago,AMRO,367,190285,6,4361
3/26/2023,TT,Trinidad and Tobago,AMRO,450,190735,7,4368
4/2/2023,TT,Trinidad and Tobago,AMRO,272,191007,4,4372
4/9/2023,TT,Trinidad and Tobago,AMRO,0,191007,0,4372
4/16/2023,TT,Trinidad and Tobago,AMRO,250,191257,13,4385
4/23/2023,TT,Trinidad and Tobago,AMRO,93,191350,2,4387
4/30/2023,TT,Trinidad and Tobago,AMRO,0,191350,0,4387
5/7/2023,TT,Trinidad and Tobago,AMRO,146,191496,3,4390
5/14/2023,TT,Trinidad and Tobago,AMRO,0,191496,0,4390
5/21/2023,TT,Trinidad and Tobago,AMRO,0,191496,0,4390
5/28/2023,TT,Trinidad and Tobago,AMRO,0,191496,0,4390
6/4/2023,TT,Trinidad and Tobago,AMRO,0,191496,0,4390
6/11/2023,TT,Trinidad and Tobago,AMRO,0,191496,0,4390
6/18/2023,TT,Trinidad and Tobago,AMRO,0,191496,0,4390
6/25/2023,TT,Trinidad and Tobago,AMRO,0,191496,0,4390
7/2/2023,TT,Trinidad and Tobago,AMRO,0,191496,0,4390
7/9/2023,TT,Trinidad and Tobago,AMRO,0,191496,0,4390
7/16/2023,TT,Trinidad and Tobago,AMRO,0,191496,0,4390
7/23/2023,TT,Trinidad and Tobago,AMRO,0,191496,0,4390
7/30/2023,TT,Trinidad and Tobago,AMRO,0,191496,0,4390
8/6/2023,TT,Trinidad and Tobago,AMRO,0,191496,0,4390
8/13/2023,TT,Trinidad and Tobago,AMRO,0,191496,0,4390
8/20/2023,TT,Trinidad and Tobago,AMRO,0,191496,0,4390
8/27/2023,TT,Trinidad and Tobago,AMRO,0,191496,0,4390
9/3/2023,TT,Trinidad and Tobago,AMRO,0,191496,0,4390
9/10/2023,TT,Trinidad and Tobago,AMRO,0,191496,0,4390
9/17/2023,TT,Trinidad and Tobago,AMRO,0,191496,0,4390
9/24/2023,TT,Trinidad and Tobago,AMRO,0,191496,0,4390
10/1/2023,TT,Trinidad and Tobago,AMRO,0,191496,0,4390
10/8/2023,TT,Trinidad and Tobago,AMRO,0,191496,0,4390
10/15/2023,TT,Trinidad and Tobago,AMRO,0,191496,0,4390
10/22/2023,TT,Trinidad and Tobago,AMRO,0,191496,0,4390
10/29/2023,TT,Trinidad and Tobago,AMRO,0,191496,0,4390
11/5/2023,TT,Trinidad and Tobago,AMRO,0,191496,0,4390
11/12/2023,TT,Trinidad and Tobago,AMRO,0,191496,0,4390
11/19/2023,TT,Trinidad and Tobago,AMRO,0,191496,0,4390
11/26/2023,TT,Trinidad and Tobago,AMRO,0,191496,0,4390
12/3/2023,TT,Trinidad and Tobago,AMRO,0,191496,0,4390
12/10/2023,TT,Trinidad and Tobago,AMRO,0,191496,0,4390
12/17/2023,TT,Trinidad and Tobago,AMRO,0,191496,0,4390
12/24/2023,TT,Trinidad and Tobago,AMRO,0,191496,0,4390
1/5/2020,TN,Tunisia,EMRO,0,0,0,0
1/12/2020,TN,Tunisia,EMRO,0,0,0,0
1/19/2020,TN,Tunisia,EMRO,0,0,0,0
1/26/2020,TN,Tunisia,EMRO,0,0,0,0
2/2/2020,TN,Tunisia,EMRO,0,0,0,0
2/9/2020,TN,Tunisia,EMRO,0,0,0,0
2/16/2020,TN,Tunisia,EMRO,0,0,0,0
2/23/2020,TN,Tunisia,EMRO,0,0,0,0
3/1/2020,TN,Tunisia,EMRO,0,0,0,0
3/8/2020,TN,Tunisia,EMRO,1,1,0,0
3/15/2020,TN,Tunisia,EMRO,17,18,0,0
3/22/2020,TN,Tunisia,EMRO,42,60,1,1
3/29/2020,TN,Tunisia,EMRO,218,278,7,8
4/5/2020,TN,Tunisia,EMRO,275,553,11,19
4/12/2020,TN,Tunisia,EMRO,132,685,9,28
4/19/2020,TN,Tunisia,EMRO,181,866,9,37
4/26/2020,TN,Tunisia,EMRO,73,939,1,38
5/3/2020,TN,Tunisia,EMRO,70,1009,4,42
5/10/2020,TN,Tunisia,EMRO,21,1030,3,45
5/17/2020,TN,Tunisia,EMRO,5,1035,0,45
5/24/2020,TN,Tunisia,EMRO,13,1048,2,47
5/31/2020,TN,Tunisia,EMRO,28,1076,1,48
6/7/2020,TN,Tunisia,EMRO,11,1087,1,49
6/14/2020,TN,Tunisia,EMRO,7,1094,0,49
6/21/2020,TN,Tunisia,EMRO,62,1156,1,50
6/28/2020,TN,Tunisia,EMRO,12,1168,0,50
7/5/2020,TN,Tunisia,EMRO,18,1186,0,50
7/12/2020,TN,Tunisia,EMRO,59,1245,0,50
7/19/2020,TN,Tunisia,EMRO,103,1348,0,50
7/26/2020,TN,Tunisia,EMRO,95,1443,0,50
8/2/2020,TN,Tunisia,EMRO,109,1552,1,51
8/9/2020,TN,Tunisia,EMRO,126,1678,0,51
8/16/2020,TN,Tunisia,EMRO,345,2023,3,54
8/23/2020,TN,Tunisia,EMRO,715,2738,14,68
8/30/2020,TN,Tunisia,EMRO,834,3572,8,76
9/6/2020,TN,Tunisia,EMRO,1204,4776,17,93
9/13/2020,TN,Tunisia,EMRO,1859,6635,14,107
9/20/2020,TN,Tunisia,EMRO,3101,9736,48,155
9/27/2020,TN,Tunisia,EMRO,5442,15178,52,207
10/4/2020,TN,Tunisia,EMRO,5766,20944,69,276
10/11/2020,TN,Tunisia,EMRO,10315,31259,180,456
10/18/2020,TN,Tunisia,EMRO,9283,40542,170,626
10/25/2020,TN,Tunisia,EMRO,9863,50405,251,877
11/1/2020,TN,Tunisia,EMRO,9408,59813,440,1317
11/8/2020,TN,Tunisia,EMRO,9730,69543,531,1848
11/15/2020,TN,Tunisia,EMRO,9796,79339,475,2323
11/22/2020,TN,Tunisia,EMRO,8132,87471,429,2752
11/29/2020,TN,Tunisia,EMRO,7509,94980,401,3153
12/6/2020,TN,Tunisia,EMRO,8011,102991,373,3526
12/13/2020,TN,Tunisia,EMRO,7402,110393,310,3836
12/20/2020,TN,Tunisia,EMRO,8758,119151,290,4126
12/27/2020,TN,Tunisia,EMRO,11079,130230,300,4426
1/3/2021,TN,Tunisia,EMRO,11749,141979,339,4765
1/10/2021,TN,Tunisia,EMRO,15535,157514,388,5153
1/17/2021,TN,Tunisia,EMRO,19717,177231,463,5616
1/24/2021,TN,Tunisia,EMRO,18083,195314,538,6154
1/31/2021,TN,Tunisia,EMRO,12154,207468,526,6680
2/7/2021,TN,Tunisia,EMRO,8708,216176,482,7162
2/14/2021,TN,Tunisia,EMRO,6328,222504,346,7508
2/21/2021,TN,Tunisia,EMRO,5139,227643,247,7755
2/28/2021,TN,Tunisia,EMRO,4972,232615,219,7974
3/7/2021,TN,Tunisia,EMRO,4413,237028,193,8167
3/14/2021,TN,Tunisia,EMRO,4229,241257,192,8359
3/21/2021,TN,Tunisia,EMRO,4148,245405,167,8526
3/28/2021,TN,Tunisia,EMRO,4298,249703,179,8705
4/4/2021,TN,Tunisia,EMRO,8632,258335,226,8931
4/11/2021,TN,Tunisia,EMRO,11962,270297,304,9235
4/18/2021,TN,Tunisia,EMRO,13679,283976,482,9717
4/25/2021,TN,Tunisia,EMRO,14596,298572,514,10231
5/2/2021,TN,Tunisia,EMRO,12162,310734,577,10808
5/9/2021,TN,Tunisia,EMRO,8778,319512,542,11350
5/16/2021,TN,Tunisia,EMRO,6320,325832,429,11779
5/23/2021,TN,Tunisia,EMRO,8267,334099,403,12182
5/30/2021,TN,Tunisia,EMRO,9275,343374,392,12574
6/6/2021,TN,Tunisia,EMRO,10408,353782,374,12948
6/13/2021,TN,Tunisia,EMRO,13265,367047,488,13436
6/20/2021,TN,Tunisia,EMRO,14128,381175,524,13960
6/27/2021,TN,Tunisia,EMRO,22318,403493,619,14579
7/4/2021,TN,Tunisia,EMRO,35452,438945,682,15261
7/11/2021,TN,Tunisia,EMRO,52076,491021,983,16244
7/18/2021,TN,Tunisia,EMRO,49777,540798,1162,17406
7/25/2021,TN,Tunisia,EMRO,28491,569289,1194,18600
8/1/2021,TN,Tunisia,EMRO,23592,592881,1258,19858
8/8/2021,TN,Tunisia,EMRO,17779,610660,1073,20931
8/15/2021,TN,Tunisia,EMRO,13280,623940,896,21827
8/22/2021,TN,Tunisia,EMRO,16957,640897,710,22537
8/29/2021,TN,Tunisia,EMRO,19690,660587,832,23369
9/5/2021,TN,Tunisia,EMRO,13460,674047,448,23817
9/12/2021,TN,Tunisia,EMRO,10972,685019,388,24205
9/19/2021,TN,Tunisia,EMRO,14909,699928,285,24490
9/26/2021,TN,Tunisia,EMRO,4986,704914,242,24732
10/3/2021,TN,Tunisia,EMRO,3069,707983,189,24921
10/10/2021,TN,Tunisia,EMRO,1654,709637,96,25017
10/17/2021,TN,Tunisia,EMRO,1136,710773,68,25085
10/24/2021,TN,Tunisia,EMRO,920,711693,64,25149
10/31/2021,TN,Tunisia,EMRO,888,712581,89,25238
11/7/2021,TN,Tunisia,EMRO,673,713254,34,25272
11/14/2021,TN,Tunisia,EMRO,2383,715637,36,25308
11/21/2021,TN,Tunisia,EMRO,546,716183,32,25340
11/28/2021,TN,Tunisia,EMRO,980,717163,23,25363
12/5/2021,TN,Tunisia,EMRO,1115,718278,35,25398
12/12/2021,TN,Tunisia,EMRO,1156,719434,29,25427
12/19/2021,TN,Tunisia,EMRO,1419,720853,33,25460
12/26/2021,TN,Tunisia,EMRO,1942,722795,63,25523
1/2/2022,TN,Tunisia,EMRO,5048,727843,53,25576
1/9/2022,TN,Tunisia,EMRO,13416,741259,79,25655
1/16/2022,TN,Tunisia,EMRO,39487,780746,122,25777
1/23/2022,TN,Tunisia,EMRO,66015,846761,177,25954
1/30/2022,TN,Tunisia,EMRO,54346,901107,275,26229
2/6/2022,TN,Tunisia,EMRO,39116,940223,383,26612
2/13/2022,TN,Tunisia,EMRO,24734,964957,453,27065
2/20/2022,TN,Tunisia,EMRO,21379,986336,383,27448
2/27/2022,TN,Tunisia,EMRO,10752,997088,295,27743
3/6/2022,TN,Tunisia,EMRO,8079,1005167,179,27922
3/13/2022,TN,Tunisia,EMRO,24061,1029228,124,28046
3/20/2022,TN,Tunisia,EMRO,534,1029762,19,28065
3/27/2022,TN,Tunisia,EMRO,3969,1033731,100,28165
4/3/2022,TN,Tunisia,EMRO,2153,1035884,158,28323
4/10/2022,TN,Tunisia,EMRO,1474,1037358,102,28425
4/17/2022,TN,Tunisia,EMRO,1310,1038668,84,28509
4/24/2022,TN,Tunisia,EMRO,864,1039532,24,28533
5/1/2022,TN,Tunisia,EMRO,661,1040193,17,28550
5/8/2022,TN,Tunisia,EMRO,519,1040712,16,28566
5/15/2022,TN,Tunisia,EMRO,1077,1041789,62,28628
5/22/2022,TN,Tunisia,EMRO,0,1041789,0,28628
5/29/2022,TN,Tunisia,EMRO,573,1042362,4,28632
6/5/2022,TN,Tunisia,EMRO,510,1042872,9,28641
6/12/2022,TN,Tunisia,EMRO,668,1043540,7,28648
6/19/2022,TN,Tunisia,EMRO,3163,1046703,22,28670
6/26/2022,TN,Tunisia,EMRO,0,1046703,0,28670
7/3/2022,TN,Tunisia,EMRO,5477,1052180,21,28691
7/10/2022,TN,Tunisia,EMRO,13947,1066127,57,28748
7/17/2022,TN,Tunisia,EMRO,20903,1087030,75,28823
7/24/2022,TN,Tunisia,EMRO,27340,1114370,119,28942
7/31/2022,TN,Tunisia,EMRO,14323,1128693,99,29041
8/7/2022,TN,Tunisia,EMRO,5967,1134660,64,29105
8/14/2022,TN,Tunisia,EMRO,4581,1139241,48,29153
8/21/2022,TN,Tunisia,EMRO,2532,1141773,56,29209
8/28/2022,TN,Tunisia,EMRO,1394,1143167,24,29233
9/4/2022,TN,Tunisia,EMRO,695,1143862,1,29234
9/11/2022,TN,Tunisia,EMRO,962,1144824,4,29238
9/18/2022,TN,Tunisia,EMRO,339,1145163,5,29243
9/25/2022,TN,Tunisia,EMRO,182,1145345,3,29246
10/2/2022,TN,Tunisia,EMRO,341,1145686,3,29249
10/9/2022,TN,Tunisia,EMRO,143,1145829,5,29254
10/16/2022,TN,Tunisia,EMRO,101,1145930,0,29254
10/23/2022,TN,Tunisia,EMRO,114,1146044,3,29257
10/30/2022,TN,Tunisia,EMRO,108,1146152,0,29257
11/6/2022,TN,Tunisia,EMRO,441,1146593,2,29259
11/13/2022,TN,Tunisia,EMRO,109,1146702,4,29263
11/20/2022,TN,Tunisia,EMRO,97,1146799,3,29266
11/27/2022,TN,Tunisia,EMRO,192,1146991,2,29268
12/4/2022,TN,Tunisia,EMRO,81,1147072,0,29268
12/11/2022,TN,Tunisia,EMRO,73,1147145,1,29269
12/18/2022,TN,Tunisia,EMRO,137,1147282,3,29272
12/25/2022,TN,Tunisia,EMRO,195,1147477,7,29279
1/1/2023,TN,Tunisia,EMRO,94,1147571,5,29284
1/8/2023,TN,Tunisia,EMRO,74,1147645,1,29285
1/15/2023,TN,Tunisia,EMRO,2469,1150114,3,29288
1/22/2023,TN,Tunisia,EMRO,103,1150217,3,29291
1/29/2023,TN,Tunisia,EMRO,61,1150278,11,29302
2/5/2023,TN,Tunisia,EMRO,78,1150356,6,29308
2/12/2023,TN,Tunisia,EMRO,121,1150477,4,29312
2/19/2023,TN,Tunisia,EMRO,129,1150606,14,29326
2/26/2023,TN,Tunisia,EMRO,187,1150793,4,29330
3/5/2023,TN,Tunisia,EMRO,169,1150962,1,29331
3/12/2023,TN,Tunisia,EMRO,164,1151126,10,29341
3/19/2023,TN,Tunisia,EMRO,207,1151333,4,29345
3/26/2023,TN,Tunisia,EMRO,260,1151593,10,29355
4/2/2023,TN,Tunisia,EMRO,239,1151832,7,29362
4/9/2023,TN,Tunisia,EMRO,201,1152033,1,29363
4/16/2023,TN,Tunisia,EMRO,229,1152262,4,29367
4/23/2023,TN,Tunisia,EMRO,221,1152483,11,29378
4/30/2023,TN,Tunisia,EMRO,129,1152612,9,29387
5/7/2023,TN,Tunisia,EMRO,265,1152877,11,29398
5/14/2023,TN,Tunisia,EMRO,186,1153063,9,29407
5/21/2023,TN,Tunisia,EMRO,98,1153161,5,29412
5/28/2023,TN,Tunisia,EMRO,100,1153261,3,29415
6/4/2023,TN,Tunisia,EMRO,62,1153323,5,29420
6/11/2023,TN,Tunisia,EMRO,38,1153361,3,29423
6/18/2023,TN,Tunisia,EMRO,0,1153361,0,29423
6/25/2023,TN,Tunisia,EMRO,0,1153361,0,29423
7/2/2023,TN,Tunisia,EMRO,0,1153361,0,29423
7/9/2023,TN,Tunisia,EMRO,0,1153361,0,29423
7/16/2023,TN,Tunisia,EMRO,0,1153361,0,29423
7/23/2023,TN,Tunisia,EMRO,0,1153361,0,29423
7/30/2023,TN,Tunisia,EMRO,0,1153361,0,29423
8/6/2023,TN,Tunisia,EMRO,0,1153361,0,29423
8/13/2023,TN,Tunisia,EMRO,0,1153361,0,29423
8/20/2023,TN,Tunisia,EMRO,0,1153361,0,29423
8/27/2023,TN,Tunisia,EMRO,0,1153361,0,29423
9/3/2023,TN,Tunisia,EMRO,0,1153361,0,29423
9/10/2023,TN,Tunisia,EMRO,0,1153361,0,29423
9/17/2023,TN,Tunisia,EMRO,0,1153361,0,29423
9/24/2023,TN,Tunisia,EMRO,0,1153361,0,29423
10/1/2023,TN,Tunisia,EMRO,0,1153361,0,29423
10/8/2023,TN,Tunisia,EMRO,0,1153361,0,29423
10/15/2023,TN,Tunisia,EMRO,0,1153361,0,29423
10/22/2023,TN,Tunisia,EMRO,0,1153361,0,29423
10/29/2023,TN,Tunisia,EMRO,0,1153361,0,29423
11/5/2023,TN,Tunisia,EMRO,0,1153361,0,29423
11/12/2023,TN,Tunisia,EMRO,0,1153361,0,29423
11/19/2023,TN,Tunisia,EMRO,0,1153361,0,29423
11/26/2023,TN,Tunisia,EMRO,0,1153361,0,29423
12/3/2023,TN,Tunisia,EMRO,0,1153361,0,29423
12/10/2023,TN,Tunisia,EMRO,0,1153361,0,29423
12/17/2023,TN,Tunisia,EMRO,0,1153361,0,29423
12/24/2023,TN,Tunisia,EMRO,0,1153361,0,29423
1/5/2020,TR,T?rkiye,EURO,0,0,0,0
1/12/2020,TR,T?rkiye,EURO,0,0,0,0
1/19/2020,TR,T?rkiye,EURO,0,0,0,0
1/26/2020,TR,T?rkiye,EURO,0,0,0,0
2/2/2020,TR,T?rkiye,EURO,0,0,0,0
2/9/2020,TR,T?rkiye,EURO,0,0,0,0
2/16/2020,TR,T?rkiye,EURO,0,0,0,0
2/23/2020,TR,T?rkiye,EURO,0,0,0,0
3/1/2020,TR,T?rkiye,EURO,0,0,0,0
3/8/2020,TR,T?rkiye,EURO,0,0,0,0
3/15/2020,TR,T?rkiye,EURO,6,6,0,0
3/22/2020,TR,T?rkiye,EURO,941,947,21,21
3/29/2020,TR,T?rkiye,EURO,6455,7402,87,108
4/5/2020,TR,T?rkiye,EURO,16532,23934,393,501
4/12/2020,TR,T?rkiye,EURO,28233,52167,600,1101
4/19/2020,TR,T?rkiye,EURO,30162,82329,789,1890
4/26/2020,TR,T?rkiye,EURO,25444,107773,816,2706
5/3/2020,TR,T?rkiye,EURO,16602,124375,630,3336
5/10/2020,TR,T?rkiye,EURO,12740,137115,403,3739
5/17/2020,TR,T?rkiye,EURO,10952,148067,357,4096
5/24/2020,TR,T?rkiye,EURO,7619,155686,212,4308
5/31/2020,TR,T?rkiye,EURO,7417,163103,207,4515
6/7/2020,TR,T?rkiye,EURO,6115,169218,154,4669
6/14/2020,TR,T?rkiye,EURO,7459,176677,123,4792
6/21/2020,TR,T?rkiye,EURO,9816,186493,135,4927
6/28/2020,TR,T?rkiye,EURO,9390,195883,155,5082
7/5/2020,TR,T?rkiye,EURO,8727,204610,124,5206
7/12/2020,TR,T?rkiye,EURO,7371,211981,138,5344
7/19/2020,TR,T?rkiye,EURO,6736,218717,131,5475
7/26/2020,TR,T?rkiye,EURO,6456,225173,121,5596
8/2/2020,TR,T?rkiye,EURO,40346,265519,114,5710
8/9/2020,TR,T?rkiye,EURO,54863,320382,119,5829
8/16/2020,TR,T?rkiye,EURO,55605,375987,126,5955
8/23/2020,TR,T?rkiye,EURO,56025,432012,147,6102
8/30/2020,TR,T?rkiye,EURO,57142,489154,182,6284
9/6/2020,TR,T?rkiye,EURO,58274,547428,336,6620
9/13/2020,TR,T?rkiye,EURO,58517,605945,379,6999
9/20/2020,TR,T?rkiye,EURO,58823,664768,446,7445
9/27/2020,TR,T?rkiye,EURO,58728,723496,484,7929
10/4/2020,TR,T?rkiye,EURO,57158,780654,455,8384
10/11/2020,TR,T?rkiye,EURO,58127,838781,394,8778
10/18/2020,TR,T?rkiye,EURO,58757,897538,446,9224
10/25/2020,TR,T?rkiye,EURO,61216,958754,503,9727
11/1/2020,TR,T?rkiye,EURO,62693,1021447,525,10252
11/8/2020,TR,T?rkiye,EURO,63482,1084929,551,10803
11/15/2020,TR,T?rkiye,EURO,66426,1151355,615,11418
11/22/2020,TR,T?rkiye,EURO,76864,1228219,801,12219
11/29/2020,TR,T?rkiye,EURO,142929,1371148,1154,13373
12/6/2020,TR,T?rkiye,EURO,219546,1590694,1332,14705
12/13/2020,TR,T?rkiye,EURO,219115,1809809,1494,16199
12/20/2020,TR,T?rkiye,EURO,194476,2004285,1652,17851
12/27/2020,TR,T?rkiye,EURO,129088,2133373,1773,19624
1/3/2021,TR,T?rkiye,EURO,98662,2232035,1671,21295
1/10/2021,TR,T?rkiye,EURO,85083,2317118,1336,22631
1/17/2021,TR,T?rkiye,EURO,63547,2380665,1201,23832
1/24/2021,TR,T?rkiye,EURO,43663,2424328,1101,24933
1/31/2021,TR,T?rkiye,EURO,46573,2470901,932,25865
2/7/2021,TR,T?rkiye,EURO,53885,2524786,820,26685
2/14/2021,TR,T?rkiye,EURO,55110,2579896,692,27377
2/21/2021,TR,T?rkiye,EURO,51980,2631876,606,27983
2/28/2021,TR,T?rkiye,EURO,61288,2693164,520,28503
3/7/2021,TR,T?rkiye,EURO,76066,2769230,462,28965
3/14/2021,TR,T?rkiye,EURO,96782,2866012,456,29421
3/21/2021,TR,T?rkiye,EURO,126682,2992694,538,29959
3/28/2021,TR,T?rkiye,EURO,186421,3179115,964,30923
4/4/2021,TR,T?rkiye,EURO,265937,3445052,1155,32078
4/11/2021,TR,T?rkiye,EURO,353281,3798333,1624,33702
4/18/2021,TR,T?rkiye,EURO,414312,4212645,1906,35608
4/25/2021,TR,T?rkiye,EURO,378771,4591416,2403,38011
5/2/2021,TR,T?rkiye,EURO,257992,4849408,2493,40504
5/9/2021,TR,T?rkiye,EURO,166733,5016141,2242,42746
5/16/2021,TR,T?rkiye,EURO,90721,5106862,1791,44537
5/23/2021,TR,T?rkiye,EURO,71786,5178648,1534,46071
5/30/2021,TR,T?rkiye,EURO,57330,5235978,1200,47271
6/6/2021,TR,T?rkiye,EURO,46616,5282594,797,48068
6/13/2021,TR,T?rkiye,EURO,42841,5325435,600,48668
6/20/2021,TR,T?rkiye,EURO,39773,5365208,454,49122
6/27/2021,TR,T?rkiye,EURO,38936,5404144,402,49524
7/4/2021,TR,T?rkiye,EURO,36224,5440368,350,49874
7/11/2021,TR,T?rkiye,EURO,35926,5476294,326,50200
7/18/2021,TR,T?rkiye,EURO,45745,5522039,295,50495
7/25/2021,TR,T?rkiye,EURO,65339,5587378,371,50866
8/1/2021,TR,T?rkiye,EURO,139667,5727045,432,51298
8/8/2021,TR,T?rkiye,EURO,168796,5895841,723,52021
8/15/2021,TR,T?rkiye,EURO,163965,6059806,884,52905
8/22/2021,TR,T?rkiye,EURO,137235,6197041,1235,54140
8/29/2021,TR,T?rkiye,EURO,132508,6329549,1618,55758
9/5/2021,TR,T?rkiye,EURO,149114,6478663,1846,57604
9/12/2021,TR,T?rkiye,EURO,158236,6636899,1825,59429
9/19/2021,TR,T?rkiye,EURO,183962,6820861,1756,61185
9/26/2021,TR,T?rkiye,EURO,192778,7013639,1605,62790
10/3/2021,TR,T?rkiye,EURO,197277,7210916,1519,64309
10/10/2021,TR,T?rkiye,EURO,205266,7416182,1514,65823
10/17/2021,TR,T?rkiye,EURO,213981,7630163,1447,67270
10/24/2021,TR,T?rkiye,EURO,196850,7827013,1475,68745
10/31/2021,TR,T?rkiye,EURO,182027,8009040,1507,70252
11/7/2021,TR,T?rkiye,EURO,197335,8206375,1517,71769
11/14/2021,TR,T?rkiye,EURO,180167,8386542,1403,73172
11/21/2021,TR,T?rkiye,EURO,163835,8550377,1519,74691
11/28/2021,TR,T?rkiye,EURO,174023,8724400,1395,76086
12/5/2021,TR,T?rkiye,EURO,157360,8881760,1376,77462
12/12/2021,TR,T?rkiye,EURO,140463,9022223,1361,78823
12/19/2021,TR,T?rkiye,EURO,131986,9154209,1275,80098
12/26/2021,TR,T?rkiye,EURO,132777,9286986,1205,81303
1/2/2022,TR,T?rkiye,EURO,232295,9519281,1103,82406
1/9/2022,TR,T?rkiye,EURO,397444,9916725,1027,83433
1/16/2022,TR,T?rkiye,EURO,486339,10403064,1057,84490
1/23/2022,TR,T?rkiye,EURO,478562,10881626,1155,85645
1/30/2022,TR,T?rkiye,EURO,556850,11438476,1271,86916
2/6/2022,TR,T?rkiye,EURO,712091,12150567,1441,88357
2/13/2022,TR,T?rkiye,EURO,683967,12834534,1682,90039
2/20/2022,TR,T?rkiye,EURO,599596,13434130,1916,91955
2/27/2022,TR,T?rkiye,EURO,541259,13975389,1895,93850
3/6/2022,TR,T?rkiye,EURO,350828,14326217,1400,95250
3/13/2022,TR,T?rkiye,EURO,208022,14534239,1012,96262
3/20/2022,TR,T?rkiye,EURO,146597,14680836,860,97122
3/27/2022,TR,T?rkiye,EURO,108647,14789483,589,97711
4/3/2022,TR,T?rkiye,EURO,96227,14885710,412,98123
4/10/2022,TR,T?rkiye,EURO,67655,14953365,264,98387
4/17/2022,TR,T?rkiye,EURO,38304,14991669,190,98577
4/24/2022,TR,T?rkiye,EURO,24601,15016270,128,98705
5/1/2022,TR,T?rkiye,EURO,15823,15032093,97,98802
5/8/2022,TR,T?rkiye,EURO,9806,15041899,66,98868
5/15/2022,TR,T?rkiye,EURO,11269,15053168,53,98921
5/22/2022,TR,T?rkiye,EURO,9225,15062393,35,98956
5/29/2022,TR,T?rkiye,EURO,7607,15070000,30,98986
6/5/2022,TR,T?rkiye,EURO,7320,15077320,18,99004
6/12/2022,TR,T?rkiye,EURO,7555,15084875,23,99027
6/19/2022,TR,T?rkiye,EURO,10956,15095831,15,99042
6/26/2022,TR,T?rkiye,EURO,26635,15122466,13,99055
7/3/2022,TR,T?rkiye,EURO,57114,15179580,29,99084
7/10/2022,TR,T?rkiye,EURO,117096,15296676,31,99115
7/17/2022,TR,T?rkiye,EURO,226532,15523208,94,99209
7/24/2022,TR,T?rkiye,EURO,365422,15888630,158,99367
7/31/2022,TR,T?rkiye,EURO,406321,16294951,336,99703
8/7/2022,TR,T?rkiye,EURO,232254,16527205,381,100084
8/14/2022,TR,T?rkiye,EURO,143777,16670982,341,100425
8/21/2022,TR,T?rkiye,EURO,80022,16751004,228,100653
8/28/2022,TR,T?rkiye,EURO,45882,16796886,206,100859
9/4/2022,TR,T?rkiye,EURO,32191,16829077,141,101000
9/11/2022,TR,T?rkiye,EURO,22441,16851518,89,101089
9/18/2022,TR,T?rkiye,EURO,21411,16872929,73,101162
9/25/2022,TR,T?rkiye,EURO,22729,16895658,38,101200
10/2/2022,TR,T?rkiye,EURO,23116,16918774,24,101224
10/9/2022,TR,T?rkiye,EURO,18723,16937497,38,101262
10/16/2022,TR,T?rkiye,EURO,15482,16952979,25,101287
10/23/2022,TR,T?rkiye,EURO,11808,16964787,42,101329
10/30/2022,TR,T?rkiye,EURO,11083,16975870,25,101354
11/6/2022,TR,T?rkiye,EURO,13508,16989378,30,101384
11/13/2022,TR,T?rkiye,EURO,15299,17004677,35,101419
11/20/2022,TR,T?rkiye,EURO,0,17004677,0,101419
11/27/2022,TR,T?rkiye,EURO,0,17004677,0,101419
12/4/2022,TR,T?rkiye,EURO,0,17004677,0,101419
12/11/2022,TR,T?rkiye,EURO,0,17004677,0,101419
12/18/2022,TR,T?rkiye,EURO,0,17004677,0,101419
12/25/2022,TR,T?rkiye,EURO,0,17004677,0,101419
1/1/2023,TR,T?rkiye,EURO,0,17004677,0,101419
1/8/2023,TR,T?rkiye,EURO,0,17004677,0,101419
1/15/2023,TR,T?rkiye,EURO,0,17004677,0,101419
1/22/2023,TR,T?rkiye,EURO,0,17004677,0,101419
1/29/2023,TR,T?rkiye,EURO,0,17004677,0,101419
2/5/2023,TR,T?rkiye,EURO,0,17004677,0,101419
2/12/2023,TR,T?rkiye,EURO,0,17004677,0,101419
2/19/2023,TR,T?rkiye,EURO,0,17004677,0,101419
2/26/2023,TR,T?rkiye,EURO,0,17004677,0,101419
3/5/2023,TR,T?rkiye,EURO,0,17004677,0,101419
3/12/2023,TR,T?rkiye,EURO,0,17004677,0,101419
3/19/2023,TR,T?rkiye,EURO,0,17004677,0,101419
3/26/2023,TR,T?rkiye,EURO,0,17004677,0,101419
4/2/2023,TR,T?rkiye,EURO,0,17004677,0,101419
4/9/2023,TR,T?rkiye,EURO,0,17004677,0,101419
4/16/2023,TR,T?rkiye,EURO,0,17004677,0,101419
4/23/2023,TR,T?rkiye,EURO,0,17004677,0,101419
4/30/2023,TR,T?rkiye,EURO,0,17004677,0,101419
5/7/2023,TR,T?rkiye,EURO,0,17004677,0,101419
5/14/2023,TR,T?rkiye,EURO,0,17004677,0,101419
5/21/2023,TR,T?rkiye,EURO,0,17004677,0,101419
5/28/2023,TR,T?rkiye,EURO,0,17004677,0,101419
6/4/2023,TR,T?rkiye,EURO,0,17004677,0,101419
6/11/2023,TR,T?rkiye,EURO,0,17004677,0,101419
6/18/2023,TR,T?rkiye,EURO,0,17004677,0,101419
6/25/2023,TR,T?rkiye,EURO,0,17004677,0,101419
7/2/2023,TR,T?rkiye,EURO,0,17004677,0,101419
7/9/2023,TR,T?rkiye,EURO,0,17004677,0,101419
7/16/2023,TR,T?rkiye,EURO,0,17004677,0,101419
7/23/2023,TR,T?rkiye,EURO,0,17004677,0,101419
7/30/2023,TR,T?rkiye,EURO,0,17004677,0,101419
8/6/2023,TR,T?rkiye,EURO,0,17004677,0,101419
8/13/2023,TR,T?rkiye,EURO,0,17004677,0,101419
8/20/2023,TR,T?rkiye,EURO,0,17004677,0,101419
8/27/2023,TR,T?rkiye,EURO,0,17004677,0,101419
9/3/2023,TR,T?rkiye,EURO,0,17004677,0,101419
9/10/2023,TR,T?rkiye,EURO,0,17004677,0,101419
9/17/2023,TR,T?rkiye,EURO,0,17004677,0,101419
9/24/2023,TR,T?rkiye,EURO,0,17004677,0,101419
10/1/2023,TR,T?rkiye,EURO,0,17004677,0,101419
10/8/2023,TR,T?rkiye,EURO,0,17004677,0,101419
10/15/2023,TR,T?rkiye,EURO,0,17004677,0,101419
10/22/2023,TR,T?rkiye,EURO,0,17004677,0,101419
10/29/2023,TR,T?rkiye,EURO,0,17004677,0,101419
11/5/2023,TR,T?rkiye,EURO,0,17004677,0,101419
11/12/2023,TR,T?rkiye,EURO,0,17004677,0,101419
11/19/2023,TR,T?rkiye,EURO,0,17004677,0,101419
11/26/2023,TR,T?rkiye,EURO,0,17004677,0,101419
12/3/2023,TR,T?rkiye,EURO,0,17004677,0,101419
12/10/2023,TR,T?rkiye,EURO,0,17004677,0,101419
12/17/2023,TR,T?rkiye,EURO,0,17004677,0,101419
12/24/2023,TR,T?rkiye,EURO,0,17004677,0,101419
1/5/2020,TM,Turkmenistan,EURO,0,0,0,0
1/12/2020,TM,Turkmenistan,EURO,0,0,0,0
1/19/2020,TM,Turkmenistan,EURO,0,0,0,0
1/26/2020,TM,Turkmenistan,EURO,0,0,0,0
2/2/2020,TM,Turkmenistan,EURO,0,0,0,0
2/9/2020,TM,Turkmenistan,EURO,0,0,0,0
2/16/2020,TM,Turkmenistan,EURO,0,0,0,0
2/23/2020,TM,Turkmenistan,EURO,0,0,0,0
3/1/2020,TM,Turkmenistan,EURO,0,0,0,0
3/8/2020,TM,Turkmenistan,EURO,0,0,0,0
3/15/2020,TM,Turkmenistan,EURO,0,0,0,0
3/22/2020,TM,Turkmenistan,EURO,0,0,0,0
3/29/2020,TM,Turkmenistan,EURO,0,0,0,0
4/5/2020,TM,Turkmenistan,EURO,0,0,0,0
4/12/2020,TM,Turkmenistan,EURO,0,0,0,0
4/19/2020,TM,Turkmenistan,EURO,0,0,0,0
4/26/2020,TM,Turkmenistan,EURO,0,0,0,0
5/3/2020,TM,Turkmenistan,EURO,0,0,0,0
5/10/2020,TM,Turkmenistan,EURO,0,0,0,0
5/17/2020,TM,Turkmenistan,EURO,0,0,0,0
5/24/2020,TM,Turkmenistan,EURO,0,0,0,0
5/31/2020,TM,Turkmenistan,EURO,0,0,0,0
6/7/2020,TM,Turkmenistan,EURO,0,0,0,0
6/14/2020,TM,Turkmenistan,EURO,0,0,0,0
6/21/2020,TM,Turkmenistan,EURO,0,0,0,0
6/28/2020,TM,Turkmenistan,EURO,0,0,0,0
7/5/2020,TM,Turkmenistan,EURO,0,0,0,0
7/12/2020,TM,Turkmenistan,EURO,0,0,0,0
7/19/2020,TM,Turkmenistan,EURO,0,0,0,0
7/26/2020,TM,Turkmenistan,EURO,0,0,0,0
8/2/2020,TM,Turkmenistan,EURO,0,0,0,0
8/9/2020,TM,Turkmenistan,EURO,0,0,0,0
8/16/2020,TM,Turkmenistan,EURO,0,0,0,0
8/23/2020,TM,Turkmenistan,EURO,0,0,0,0
8/30/2020,TM,Turkmenistan,EURO,0,0,0,0
9/6/2020,TM,Turkmenistan,EURO,0,0,0,0
9/13/2020,TM,Turkmenistan,EURO,0,0,0,0
9/20/2020,TM,Turkmenistan,EURO,0,0,0,0
9/27/2020,TM,Turkmenistan,EURO,0,0,0,0
10/4/2020,TM,Turkmenistan,EURO,0,0,0,0
10/11/2020,TM,Turkmenistan,EURO,0,0,0,0
10/18/2020,TM,Turkmenistan,EURO,0,0,0,0
10/25/2020,TM,Turkmenistan,EURO,0,0,0,0
11/1/2020,TM,Turkmenistan,EURO,0,0,0,0
11/8/2020,TM,Turkmenistan,EURO,0,0,0,0
11/15/2020,TM,Turkmenistan,EURO,0,0,0,0
11/22/2020,TM,Turkmenistan,EURO,0,0,0,0
11/29/2020,TM,Turkmenistan,EURO,0,0,0,0
12/6/2020,TM,Turkmenistan,EURO,0,0,0,0
12/13/2020,TM,Turkmenistan,EURO,0,0,0,0
12/20/2020,TM,Turkmenistan,EURO,0,0,0,0
12/27/2020,TM,Turkmenistan,EURO,0,0,0,0
1/3/2021,TM,Turkmenistan,EURO,0,0,0,0
1/10/2021,TM,Turkmenistan,EURO,0,0,0,0
1/17/2021,TM,Turkmenistan,EURO,0,0,0,0
1/24/2021,TM,Turkmenistan,EURO,0,0,0,0
1/31/2021,TM,Turkmenistan,EURO,0,0,0,0
2/7/2021,TM,Turkmenistan,EURO,0,0,0,0
2/14/2021,TM,Turkmenistan,EURO,0,0,0,0
2/21/2021,TM,Turkmenistan,EURO,0,0,0,0
2/28/2021,TM,Turkmenistan,EURO,0,0,0,0
3/7/2021,TM,Turkmenistan,EURO,0,0,0,0
3/14/2021,TM,Turkmenistan,EURO,0,0,0,0
3/21/2021,TM,Turkmenistan,EURO,0,0,0,0
3/28/2021,TM,Turkmenistan,EURO,0,0,0,0
4/4/2021,TM,Turkmenistan,EURO,0,0,0,0
4/11/2021,TM,Turkmenistan,EURO,0,0,0,0
4/18/2021,TM,Turkmenistan,EURO,0,0,0,0
4/25/2021,TM,Turkmenistan,EURO,0,0,0,0
5/2/2021,TM,Turkmenistan,EURO,0,0,0,0
5/9/2021,TM,Turkmenistan,EURO,0,0,0,0
5/16/2021,TM,Turkmenistan,EURO,0,0,0,0
5/23/2021,TM,Turkmenistan,EURO,0,0,0,0
5/30/2021,TM,Turkmenistan,EURO,0,0,0,0
6/6/2021,TM,Turkmenistan,EURO,0,0,0,0
6/13/2021,TM,Turkmenistan,EURO,0,0,0,0
6/20/2021,TM,Turkmenistan,EURO,0,0,0,0
6/27/2021,TM,Turkmenistan,EURO,0,0,0,0
7/4/2021,TM,Turkmenistan,EURO,0,0,0,0
7/11/2021,TM,Turkmenistan,EURO,0,0,0,0
7/18/2021,TM,Turkmenistan,EURO,0,0,0,0
7/25/2021,TM,Turkmenistan,EURO,0,0,0,0
8/1/2021,TM,Turkmenistan,EURO,0,0,0,0
8/8/2021,TM,Turkmenistan,EURO,0,0,0,0
8/15/2021,TM,Turkmenistan,EURO,0,0,0,0
8/22/2021,TM,Turkmenistan,EURO,0,0,0,0
8/29/2021,TM,Turkmenistan,EURO,0,0,0,0
9/5/2021,TM,Turkmenistan,EURO,0,0,0,0
9/12/2021,TM,Turkmenistan,EURO,0,0,0,0
9/19/2021,TM,Turkmenistan,EURO,0,0,0,0
9/26/2021,TM,Turkmenistan,EURO,0,0,0,0
10/3/2021,TM,Turkmenistan,EURO,0,0,0,0
10/10/2021,TM,Turkmenistan,EURO,0,0,0,0
10/17/2021,TM,Turkmenistan,EURO,0,0,0,0
10/24/2021,TM,Turkmenistan,EURO,0,0,0,0
10/31/2021,TM,Turkmenistan,EURO,0,0,0,0
11/7/2021,TM,Turkmenistan,EURO,0,0,0,0
11/14/2021,TM,Turkmenistan,EURO,0,0,0,0
11/21/2021,TM,Turkmenistan,EURO,0,0,0,0
11/28/2021,TM,Turkmenistan,EURO,0,0,0,0
12/5/2021,TM,Turkmenistan,EURO,0,0,0,0
12/12/2021,TM,Turkmenistan,EURO,0,0,0,0
12/19/2021,TM,Turkmenistan,EURO,0,0,0,0
12/26/2021,TM,Turkmenistan,EURO,0,0,0,0
1/2/2022,TM,Turkmenistan,EURO,0,0,0,0
1/9/2022,TM,Turkmenistan,EURO,0,0,0,0
1/16/2022,TM,Turkmenistan,EURO,0,0,0,0
1/23/2022,TM,Turkmenistan,EURO,0,0,0,0
1/30/2022,TM,Turkmenistan,EURO,0,0,0,0
2/6/2022,TM,Turkmenistan,EURO,0,0,0,0
2/13/2022,TM,Turkmenistan,EURO,0,0,0,0
2/20/2022,TM,Turkmenistan,EURO,0,0,0,0
2/27/2022,TM,Turkmenistan,EURO,0,0,0,0
3/6/2022,TM,Turkmenistan,EURO,0,0,0,0
3/13/2022,TM,Turkmenistan,EURO,0,0,0,0
3/20/2022,TM,Turkmenistan,EURO,0,0,0,0
3/27/2022,TM,Turkmenistan,EURO,0,0,0,0
4/3/2022,TM,Turkmenistan,EURO,0,0,0,0
4/10/2022,TM,Turkmenistan,EURO,0,0,0,0
4/17/2022,TM,Turkmenistan,EURO,0,0,0,0
4/24/2022,TM,Turkmenistan,EURO,0,0,0,0
5/1/2022,TM,Turkmenistan,EURO,0,0,0,0
5/8/2022,TM,Turkmenistan,EURO,0,0,0,0
5/15/2022,TM,Turkmenistan,EURO,0,0,0,0
5/22/2022,TM,Turkmenistan,EURO,0,0,0,0
5/29/2022,TM,Turkmenistan,EURO,0,0,0,0
6/5/2022,TM,Turkmenistan,EURO,0,0,0,0
6/12/2022,TM,Turkmenistan,EURO,0,0,0,0
6/19/2022,TM,Turkmenistan,EURO,0,0,0,0
6/26/2022,TM,Turkmenistan,EURO,0,0,0,0
7/3/2022,TM,Turkmenistan,EURO,0,0,0,0
7/10/2022,TM,Turkmenistan,EURO,0,0,0,0
7/17/2022,TM,Turkmenistan,EURO,0,0,0,0
7/24/2022,TM,Turkmenistan,EURO,0,0,0,0
7/31/2022,TM,Turkmenistan,EURO,0,0,0,0
8/7/2022,TM,Turkmenistan,EURO,0,0,0,0
8/14/2022,TM,Turkmenistan,EURO,0,0,0,0
8/21/2022,TM,Turkmenistan,EURO,0,0,0,0
8/28/2022,TM,Turkmenistan,EURO,0,0,0,0
9/4/2022,TM,Turkmenistan,EURO,0,0,0,0
9/11/2022,TM,Turkmenistan,EURO,0,0,0,0
9/18/2022,TM,Turkmenistan,EURO,0,0,0,0
9/25/2022,TM,Turkmenistan,EURO,0,0,0,0
10/2/2022,TM,Turkmenistan,EURO,0,0,0,0
10/9/2022,TM,Turkmenistan,EURO,0,0,0,0
10/16/2022,TM,Turkmenistan,EURO,0,0,0,0
10/23/2022,TM,Turkmenistan,EURO,0,0,0,0
10/30/2022,TM,Turkmenistan,EURO,0,0,0,0
11/6/2022,TM,Turkmenistan,EURO,0,0,0,0
11/13/2022,TM,Turkmenistan,EURO,0,0,0,0
11/20/2022,TM,Turkmenistan,EURO,0,0,0,0
11/27/2022,TM,Turkmenistan,EURO,0,0,0,0
12/4/2022,TM,Turkmenistan,EURO,0,0,0,0
12/11/2022,TM,Turkmenistan,EURO,0,0,0,0
12/18/2022,TM,Turkmenistan,EURO,0,0,0,0
12/25/2022,TM,Turkmenistan,EURO,0,0,0,0
1/1/2023,TM,Turkmenistan,EURO,0,0,0,0
1/8/2023,TM,Turkmenistan,EURO,0,0,0,0
1/15/2023,TM,Turkmenistan,EURO,0,0,0,0
1/22/2023,TM,Turkmenistan,EURO,0,0,0,0
1/29/2023,TM,Turkmenistan,EURO,0,0,0,0
2/5/2023,TM,Turkmenistan,EURO,0,0,0,0
2/12/2023,TM,Turkmenistan,EURO,0,0,0,0
2/19/2023,TM,Turkmenistan,EURO,0,0,0,0
2/26/2023,TM,Turkmenistan,EURO,0,0,0,0
3/5/2023,TM,Turkmenistan,EURO,0,0,0,0
3/12/2023,TM,Turkmenistan,EURO,0,0,0,0
3/19/2023,TM,Turkmenistan,EURO,0,0,0,0
3/26/2023,TM,Turkmenistan,EURO,0,0,0,0
4/2/2023,TM,Turkmenistan,EURO,0,0,0,0
4/9/2023,TM,Turkmenistan,EURO,0,0,0,0
4/16/2023,TM,Turkmenistan,EURO,0,0,0,0
4/23/2023,TM,Turkmenistan,EURO,0,0,0,0
4/30/2023,TM,Turkmenistan,EURO,0,0,0,0
5/7/2023,TM,Turkmenistan,EURO,0,0,0,0
5/14/2023,TM,Turkmenistan,EURO,0,0,0,0
5/21/2023,TM,Turkmenistan,EURO,0,0,0,0
5/28/2023,TM,Turkmenistan,EURO,0,0,0,0
6/4/2023,TM,Turkmenistan,EURO,0,0,0,0
6/11/2023,TM,Turkmenistan,EURO,0,0,0,0
6/18/2023,TM,Turkmenistan,EURO,0,0,0,0
6/25/2023,TM,Turkmenistan,EURO,0,0,0,0
7/2/2023,TM,Turkmenistan,EURO,0,0,0,0
7/9/2023,TM,Turkmenistan,EURO,0,0,0,0
7/16/2023,TM,Turkmenistan,EURO,0,0,0,0
7/23/2023,TM,Turkmenistan,EURO,0,0,0,0
7/30/2023,TM,Turkmenistan,EURO,0,0,0,0
8/6/2023,TM,Turkmenistan,EURO,0,0,0,0
8/13/2023,TM,Turkmenistan,EURO,0,0,0,0
8/20/2023,TM,Turkmenistan,EURO,0,0,0,0
8/27/2023,TM,Turkmenistan,EURO,0,0,0,0
9/3/2023,TM,Turkmenistan,EURO,0,0,0,0
9/10/2023,TM,Turkmenistan,EURO,0,0,0,0
9/17/2023,TM,Turkmenistan,EURO,0,0,0,0
9/24/2023,TM,Turkmenistan,EURO,0,0,0,0
10/1/2023,TM,Turkmenistan,EURO,0,0,0,0
10/8/2023,TM,Turkmenistan,EURO,0,0,0,0
10/15/2023,TM,Turkmenistan,EURO,0,0,0,0
10/22/2023,TM,Turkmenistan,EURO,0,0,0,0
10/29/2023,TM,Turkmenistan,EURO,0,0,0,0
11/5/2023,TM,Turkmenistan,EURO,0,0,0,0
11/12/2023,TM,Turkmenistan,EURO,0,0,0,0
11/19/2023,TM,Turkmenistan,EURO,0,0,0,0
11/26/2023,TM,Turkmenistan,EURO,0,0,0,0
12/3/2023,TM,Turkmenistan,EURO,0,0,0,0
12/10/2023,TM,Turkmenistan,EURO,0,0,0,0
12/17/2023,TM,Turkmenistan,EURO,0,0,0,0
12/24/2023,TM,Turkmenistan,EURO,0,0,0,0
1/5/2020,TC,Turks and Caicos Islands,AMRO,0,0,0,0
1/12/2020,TC,Turks and Caicos Islands,AMRO,0,0,0,0
1/19/2020,TC,Turks and Caicos Islands,AMRO,0,0,0,0
1/26/2020,TC,Turks and Caicos Islands,AMRO,0,0,0,0
2/2/2020,TC,Turks and Caicos Islands,AMRO,0,0,0,0
2/9/2020,TC,Turks and Caicos Islands,AMRO,0,0,0,0
2/16/2020,TC,Turks and Caicos Islands,AMRO,0,0,0,0
2/23/2020,TC,Turks and Caicos Islands,AMRO,0,0,0,0
3/1/2020,TC,Turks and Caicos Islands,AMRO,0,0,0,0
3/8/2020,TC,Turks and Caicos Islands,AMRO,0,0,0,0
3/15/2020,TC,Turks and Caicos Islands,AMRO,0,0,0,0
3/22/2020,TC,Turks and Caicos Islands,AMRO,0,0,0,0
3/29/2020,TC,Turks and Caicos Islands,AMRO,2,2,0,0
4/5/2020,TC,Turks and Caicos Islands,AMRO,3,5,0,0
4/12/2020,TC,Turks and Caicos Islands,AMRO,3,8,1,1
4/19/2020,TC,Turks and Caicos Islands,AMRO,3,11,0,1
4/26/2020,TC,Turks and Caicos Islands,AMRO,0,11,0,1
5/3/2020,TC,Turks and Caicos Islands,AMRO,1,12,0,1
5/10/2020,TC,Turks and Caicos Islands,AMRO,0,12,0,1
5/17/2020,TC,Turks and Caicos Islands,AMRO,0,12,0,1
5/24/2020,TC,Turks and Caicos Islands,AMRO,0,12,0,1
5/31/2020,TC,Turks and Caicos Islands,AMRO,0,12,0,1
6/7/2020,TC,Turks and Caicos Islands,AMRO,0,12,0,1
6/14/2020,TC,Turks and Caicos Islands,AMRO,0,12,0,1
6/21/2020,TC,Turks and Caicos Islands,AMRO,0,12,0,1
6/28/2020,TC,Turks and Caicos Islands,AMRO,4,16,0,1
7/5/2020,TC,Turks and Caicos Islands,AMRO,29,45,1,2
7/12/2020,TC,Turks and Caicos Islands,AMRO,24,69,0,2
7/19/2020,TC,Turks and Caicos Islands,AMRO,6,75,0,2
7/26/2020,TC,Turks and Caicos Islands,AMRO,17,92,0,2
8/2/2020,TC,Turks and Caicos Islands,AMRO,22,114,0,2
8/9/2020,TC,Turks and Caicos Islands,AMRO,56,170,0,2
8/16/2020,TC,Turks and Caicos Islands,AMRO,104,274,0,2
8/23/2020,TC,Turks and Caicos Islands,AMRO,73,347,0,2
8/30/2020,TC,Turks and Caicos Islands,AMRO,143,490,1,3
9/6/2020,TC,Turks and Caicos Islands,AMRO,101,591,2,5
9/13/2020,TC,Turks and Caicos Islands,AMRO,50,641,0,5
9/20/2020,TC,Turks and Caicos Islands,AMRO,26,667,0,5
9/27/2020,TC,Turks and Caicos Islands,AMRO,13,680,0,5
10/4/2020,TC,Turks and Caicos Islands,AMRO,15,695,1,6
10/11/2020,TC,Turks and Caicos Islands,AMRO,0,695,0,6
10/18/2020,TC,Turks and Caicos Islands,AMRO,2,697,0,6
10/25/2020,TC,Turks and Caicos Islands,AMRO,2,699,0,6
11/1/2020,TC,Turks and Caicos Islands,AMRO,4,703,0,6
11/8/2020,TC,Turks and Caicos Islands,AMRO,4,707,0,6
11/15/2020,TC,Turks and Caicos Islands,AMRO,9,716,0,6
11/22/2020,TC,Turks and Caicos Islands,AMRO,24,740,0,6
11/29/2020,TC,Turks and Caicos Islands,AMRO,8,748,0,6
12/6/2020,TC,Turks and Caicos Islands,AMRO,7,755,0,6
12/13/2020,TC,Turks and Caicos Islands,AMRO,14,769,0,6
12/20/2020,TC,Turks and Caicos Islands,AMRO,20,789,0,6
12/27/2020,TC,Turks and Caicos Islands,AMRO,55,844,0,6
1/3/2021,TC,Turks and Caicos Islands,AMRO,64,908,0,6
1/10/2021,TC,Turks and Caicos Islands,AMRO,57,965,0,6
1/17/2021,TC,Turks and Caicos Islands,AMRO,114,1079,0,6
1/24/2021,TC,Turks and Caicos Islands,AMRO,165,1244,1,7
1/31/2021,TC,Turks and Caicos Islands,AMRO,215,1459,1,8
2/7/2021,TC,Turks and Caicos Islands,AMRO,195,1654,1,9
2/14/2021,TC,Turks and Caicos Islands,AMRO,179,1833,3,12
2/21/2021,TC,Turks and Caicos Islands,AMRO,165,1998,2,14
2/28/2021,TC,Turks and Caicos Islands,AMRO,101,2099,0,14
3/7/2021,TC,Turks and Caicos Islands,AMRO,73,2172,0,14
3/14/2021,TC,Turks and Caicos Islands,AMRO,28,2200,1,15
3/21/2021,TC,Turks and Caicos Islands,AMRO,90,2290,0,15
3/28/2021,TC,Turks and Caicos Islands,AMRO,35,2325,2,17
4/4/2021,TC,Turks and Caicos Islands,AMRO,19,2344,0,17
4/11/2021,TC,Turks and Caicos Islands,AMRO,0,2344,0,17
4/18/2021,TC,Turks and Caicos Islands,AMRO,25,2369,0,17
4/25/2021,TC,Turks and Caicos Islands,AMRO,7,2376,0,17
5/2/2021,TC,Turks and Caicos Islands,AMRO,14,2390,0,17
5/9/2021,TC,Turks and Caicos Islands,AMRO,12,2402,0,17
5/16/2021,TC,Turks and Caicos Islands,AMRO,2,2404,0,17
5/23/2021,TC,Turks and Caicos Islands,AMRO,4,2408,0,17
5/30/2021,TC,Turks and Caicos Islands,AMRO,4,2412,0,17
6/6/2021,TC,Turks and Caicos Islands,AMRO,8,2420,0,17
6/13/2021,TC,Turks and Caicos Islands,AMRO,1,2421,1,18
6/20/2021,TC,Turks and Caicos Islands,AMRO,2,2423,0,18
6/27/2021,TC,Turks and Caicos Islands,AMRO,1,2424,0,18
7/4/2021,TC,Turks and Caicos Islands,AMRO,1,2425,0,18
7/11/2021,TC,Turks and Caicos Islands,AMRO,5,2430,0,18
7/18/2021,TC,Turks and Caicos Islands,AMRO,16,2446,0,18
7/25/2021,TC,Turks and Caicos Islands,AMRO,16,2462,0,18
8/1/2021,TC,Turks and Caicos Islands,AMRO,22,2484,0,18
8/8/2021,TC,Turks and Caicos Islands,AMRO,30,2514,0,18
8/15/2021,TC,Turks and Caicos Islands,AMRO,48,2562,1,19
8/22/2021,TC,Turks and Caicos Islands,AMRO,45,2607,0,19
8/29/2021,TC,Turks and Caicos Islands,AMRO,30,2637,1,20
9/5/2021,TC,Turks and Caicos Islands,AMRO,55,2692,0,20
9/12/2021,TC,Turks and Caicos Islands,AMRO,61,2753,0,20
9/19/2021,TC,Turks and Caicos Islands,AMRO,47,2800,1,21
9/26/2021,TC,Turks and Caicos Islands,AMRO,30,2830,1,22
10/3/2021,TC,Turks and Caicos Islands,AMRO,29,2859,1,23
10/10/2021,TC,Turks and Caicos Islands,AMRO,31,2890,0,23
10/17/2021,TC,Turks and Caicos Islands,AMRO,32,2922,0,23
10/24/2021,TC,Turks and Caicos Islands,AMRO,29,2951,0,23
10/31/2021,TC,Turks and Caicos Islands,AMRO,29,2980,0,23
11/7/2021,TC,Turks and Caicos Islands,AMRO,31,3011,0,23
11/14/2021,TC,Turks and Caicos Islands,AMRO,20,3031,0,23
11/21/2021,TC,Turks and Caicos Islands,AMRO,45,3076,0,23
11/28/2021,TC,Turks and Caicos Islands,AMRO,20,3096,1,24
12/5/2021,TC,Turks and Caicos Islands,AMRO,7,3103,1,25
12/12/2021,TC,Turks and Caicos Islands,AMRO,27,3130,0,25
12/19/2021,TC,Turks and Caicos Islands,AMRO,33,3163,0,25
12/26/2021,TC,Turks and Caicos Islands,AMRO,72,3235,1,26
1/2/2022,TC,Turks and Caicos Islands,AMRO,173,3408,0,26
1/9/2022,TC,Turks and Caicos Islands,AMRO,472,3880,0,26
1/16/2022,TC,Turks and Caicos Islands,AMRO,1076,4956,4,30
1/23/2022,TC,Turks and Caicos Islands,AMRO,568,5524,3,33
1/30/2022,TC,Turks and Caicos Islands,AMRO,168,5692,1,34
2/6/2022,TC,Turks and Caicos Islands,AMRO,86,5778,1,35
2/13/2022,TC,Turks and Caicos Islands,AMRO,45,5823,0,35
2/20/2022,TC,Turks and Caicos Islands,AMRO,20,5843,1,36
2/27/2022,TC,Turks and Caicos Islands,AMRO,12,5855,0,36
3/6/2022,TC,Turks and Caicos Islands,AMRO,12,5867,0,36
3/13/2022,TC,Turks and Caicos Islands,AMRO,7,5874,0,36
3/20/2022,TC,Turks and Caicos Islands,AMRO,0,5874,0,36
3/27/2022,TC,Turks and Caicos Islands,AMRO,14,5888,0,36
4/3/2022,TC,Turks and Caicos Islands,AMRO,22,5910,0,36
4/10/2022,TC,Turks and Caicos Islands,AMRO,13,5923,0,36
4/17/2022,TC,Turks and Caicos Islands,AMRO,13,5936,0,36
4/24/2022,TC,Turks and Caicos Islands,AMRO,5,5941,0,36
5/1/2022,TC,Turks and Caicos Islands,AMRO,22,5963,0,36
5/8/2022,TC,Turks and Caicos Islands,AMRO,32,5995,0,36
5/15/2022,TC,Turks and Caicos Islands,AMRO,51,6046,0,36
5/22/2022,TC,Turks and Caicos Islands,AMRO,51,6097,0,36
5/29/2022,TC,Turks and Caicos Islands,AMRO,26,6123,0,36
6/5/2022,TC,Turks and Caicos Islands,AMRO,25,6148,0,36
6/12/2022,TC,Turks and Caicos Islands,AMRO,12,6160,0,36
6/19/2022,TC,Turks and Caicos Islands,AMRO,29,6189,0,36
6/26/2022,TC,Turks and Caicos Islands,AMRO,22,6211,0,36
7/3/2022,TC,Turks and Caicos Islands,AMRO,8,6219,0,36
7/10/2022,TC,Turks and Caicos Islands,AMRO,15,6234,0,36
7/17/2022,TC,Turks and Caicos Islands,AMRO,21,6255,0,36
7/24/2022,TC,Turks and Caicos Islands,AMRO,24,6279,0,36
7/31/2022,TC,Turks and Caicos Islands,AMRO,24,6303,0,36
8/7/2022,TC,Turks and Caicos Islands,AMRO,25,6328,0,36
8/14/2022,TC,Turks and Caicos Islands,AMRO,10,6338,0,36
8/21/2022,TC,Turks and Caicos Islands,AMRO,13,6351,0,36
8/28/2022,TC,Turks and Caicos Islands,AMRO,8,6359,0,36
9/4/2022,TC,Turks and Caicos Islands,AMRO,10,6369,0,36
9/11/2022,TC,Turks and Caicos Islands,AMRO,3,6372,0,36
9/18/2022,TC,Turks and Caicos Islands,AMRO,8,6380,0,36
9/25/2022,TC,Turks and Caicos Islands,AMRO,0,6380,0,36
10/2/2022,TC,Turks and Caicos Islands,AMRO,0,6380,0,36
10/9/2022,TC,Turks and Caicos Islands,AMRO,0,6380,0,36
10/16/2022,TC,Turks and Caicos Islands,AMRO,0,6380,0,36
10/23/2022,TC,Turks and Caicos Islands,AMRO,0,6380,0,36
10/30/2022,TC,Turks and Caicos Islands,AMRO,49,6429,0,36
11/6/2022,TC,Turks and Caicos Islands,AMRO,2,6431,0,36
11/13/2022,TC,Turks and Caicos Islands,AMRO,7,6438,0,36
11/20/2022,TC,Turks and Caicos Islands,AMRO,2,6440,0,36
11/27/2022,TC,Turks and Caicos Islands,AMRO,6,6446,0,36
12/4/2022,TC,Turks and Caicos Islands,AMRO,0,6446,0,36
12/11/2022,TC,Turks and Caicos Islands,AMRO,0,6446,0,36
12/18/2022,TC,Turks and Caicos Islands,AMRO,17,6463,0,36
12/25/2022,TC,Turks and Caicos Islands,AMRO,16,6479,0,36
1/1/2023,TC,Turks and Caicos Islands,AMRO,0,6479,0,36
1/8/2023,TC,Turks and Caicos Islands,AMRO,0,6479,0,36
1/15/2023,TC,Turks and Caicos Islands,AMRO,0,6479,0,36
1/22/2023,TC,Turks and Caicos Islands,AMRO,43,6522,2,38
1/29/2023,TC,Turks and Caicos Islands,AMRO,0,6522,0,38
2/5/2023,TC,Turks and Caicos Islands,AMRO,15,6537,0,38
2/12/2023,TC,Turks and Caicos Islands,AMRO,7,6544,0,38
2/19/2023,TC,Turks and Caicos Islands,AMRO,7,6551,0,38
2/26/2023,TC,Turks and Caicos Islands,AMRO,0,6551,0,38
3/5/2023,TC,Turks and Caicos Islands,AMRO,6,6557,0,38
3/12/2023,TC,Turks and Caicos Islands,AMRO,4,6561,0,38
3/19/2023,TC,Turks and Caicos Islands,AMRO,1,6562,0,38
3/26/2023,TC,Turks and Caicos Islands,AMRO,3,6565,0,38
4/2/2023,TC,Turks and Caicos Islands,AMRO,0,6565,0,38
4/9/2023,TC,Turks and Caicos Islands,AMRO,0,6565,0,38
4/16/2023,TC,Turks and Caicos Islands,AMRO,0,6565,0,38
4/23/2023,TC,Turks and Caicos Islands,AMRO,0,6565,0,38
4/30/2023,TC,Turks and Caicos Islands,AMRO,0,6565,0,38
5/7/2023,TC,Turks and Caicos Islands,AMRO,23,6588,0,38
5/14/2023,TC,Turks and Caicos Islands,AMRO,0,6588,0,38
5/21/2023,TC,Turks and Caicos Islands,AMRO,5,6593,0,38
5/28/2023,TC,Turks and Caicos Islands,AMRO,2,6595,0,38
6/4/2023,TC,Turks and Caicos Islands,AMRO,3,6598,0,38
6/11/2023,TC,Turks and Caicos Islands,AMRO,4,6602,0,38
6/18/2023,TC,Turks and Caicos Islands,AMRO,2,6604,0,38
6/25/2023,TC,Turks and Caicos Islands,AMRO,4,6608,1,39
7/2/2023,TC,Turks and Caicos Islands,AMRO,4,6612,0,39
7/9/2023,TC,Turks and Caicos Islands,AMRO,4,6616,0,39
7/16/2023,TC,Turks and Caicos Islands,AMRO,4,6620,0,39
7/23/2023,TC,Turks and Caicos Islands,AMRO,5,6625,0,39
7/30/2023,TC,Turks and Caicos Islands,AMRO,16,6641,0,39
8/6/2023,TC,Turks and Caicos Islands,AMRO,3,6644,0,39
8/13/2023,TC,Turks and Caicos Islands,AMRO,2,6646,0,39
8/20/2023,TC,Turks and Caicos Islands,AMRO,3,6649,0,39
8/27/2023,TC,Turks and Caicos Islands,AMRO,2,6651,0,39
9/3/2023,TC,Turks and Caicos Islands,AMRO,0,6651,0,39
9/10/2023,TC,Turks and Caicos Islands,AMRO,0,6651,0,39
9/17/2023,TC,Turks and Caicos Islands,AMRO,0,6651,0,39
9/24/2023,TC,Turks and Caicos Islands,AMRO,0,6651,0,39
10/1/2023,TC,Turks and Caicos Islands,AMRO,0,6651,1,40
10/8/2023,TC,Turks and Caicos Islands,AMRO,15,6666,0,40
10/15/2023,TC,Turks and Caicos Islands,AMRO,1,6667,0,40
10/22/2023,TC,Turks and Caicos Islands,AMRO,1,6668,0,40
10/29/2023,TC,Turks and Caicos Islands,AMRO,5,6673,0,40
11/5/2023,TC,Turks and Caicos Islands,AMRO,0,6673,0,40
11/12/2023,TC,Turks and Caicos Islands,AMRO,0,6673,0,40
11/19/2023,TC,Turks and Caicos Islands,AMRO,23,6696,0,40
11/26/2023,TC,Turks and Caicos Islands,AMRO,1,6697,0,40
12/3/2023,TC,Turks and Caicos Islands,AMRO,1,6698,0,40
12/10/2023,TC,Turks and Caicos Islands,AMRO,6,6704,0,40
12/17/2023,TC,Turks and Caicos Islands,AMRO,7,6711,0,40
12/24/2023,TC,Turks and Caicos Islands,AMRO,0,6711,0,40
1/5/2020,TV,Tuvalu,WPRO,0,0,0,0
1/12/2020,TV,Tuvalu,WPRO,0,0,0,0
1/19/2020,TV,Tuvalu,WPRO,0,0,0,0
1/26/2020,TV,Tuvalu,WPRO,0,0,0,0
2/2/2020,TV,Tuvalu,WPRO,0,0,0,0
2/9/2020,TV,Tuvalu,WPRO,0,0,0,0
2/16/2020,TV,Tuvalu,WPRO,0,0,0,0
2/23/2020,TV,Tuvalu,WPRO,0,0,0,0
3/1/2020,TV,Tuvalu,WPRO,0,0,0,0
3/8/2020,TV,Tuvalu,WPRO,0,0,0,0
3/15/2020,TV,Tuvalu,WPRO,0,0,0,0
3/22/2020,TV,Tuvalu,WPRO,0,0,0,0
3/29/2020,TV,Tuvalu,WPRO,0,0,0,0
4/5/2020,TV,Tuvalu,WPRO,0,0,0,0
4/12/2020,TV,Tuvalu,WPRO,0,0,0,0
4/19/2020,TV,Tuvalu,WPRO,0,0,0,0
4/26/2020,TV,Tuvalu,WPRO,0,0,0,0
5/3/2020,TV,Tuvalu,WPRO,0,0,0,0
5/10/2020,TV,Tuvalu,WPRO,0,0,0,0
5/17/2020,TV,Tuvalu,WPRO,0,0,0,0
5/24/2020,TV,Tuvalu,WPRO,0,0,0,0
5/31/2020,TV,Tuvalu,WPRO,0,0,0,0
6/7/2020,TV,Tuvalu,WPRO,0,0,0,0
6/14/2020,TV,Tuvalu,WPRO,0,0,0,0
6/21/2020,TV,Tuvalu,WPRO,0,0,0,0
6/28/2020,TV,Tuvalu,WPRO,0,0,0,0
7/5/2020,TV,Tuvalu,WPRO,0,0,0,0
7/12/2020,TV,Tuvalu,WPRO,0,0,0,0
7/19/2020,TV,Tuvalu,WPRO,0,0,0,0
7/26/2020,TV,Tuvalu,WPRO,0,0,0,0
8/2/2020,TV,Tuvalu,WPRO,0,0,0,0
8/9/2020,TV,Tuvalu,WPRO,0,0,0,0
8/16/2020,TV,Tuvalu,WPRO,0,0,0,0
8/23/2020,TV,Tuvalu,WPRO,0,0,0,0
8/30/2020,TV,Tuvalu,WPRO,0,0,0,0
9/6/2020,TV,Tuvalu,WPRO,0,0,0,0
9/13/2020,TV,Tuvalu,WPRO,0,0,0,0
9/20/2020,TV,Tuvalu,WPRO,0,0,0,0
9/27/2020,TV,Tuvalu,WPRO,0,0,0,0
10/4/2020,TV,Tuvalu,WPRO,0,0,0,0
10/11/2020,TV,Tuvalu,WPRO,0,0,0,0
10/18/2020,TV,Tuvalu,WPRO,0,0,0,0
10/25/2020,TV,Tuvalu,WPRO,0,0,0,0
11/1/2020,TV,Tuvalu,WPRO,0,0,0,0
11/8/2020,TV,Tuvalu,WPRO,0,0,0,0
11/15/2020,TV,Tuvalu,WPRO,0,0,0,0
11/22/2020,TV,Tuvalu,WPRO,0,0,0,0
11/29/2020,TV,Tuvalu,WPRO,0,0,0,0
12/6/2020,TV,Tuvalu,WPRO,0,0,0,0
12/13/2020,TV,Tuvalu,WPRO,0,0,0,0
12/20/2020,TV,Tuvalu,WPRO,0,0,0,0
12/27/2020,TV,Tuvalu,WPRO,0,0,0,0
1/3/2021,TV,Tuvalu,WPRO,0,0,0,0
1/10/2021,TV,Tuvalu,WPRO,0,0,0,0
1/17/2021,TV,Tuvalu,WPRO,0,0,0,0
1/24/2021,TV,Tuvalu,WPRO,0,0,0,0
1/31/2021,TV,Tuvalu,WPRO,0,0,0,0
2/7/2021,TV,Tuvalu,WPRO,0,0,0,0
2/14/2021,TV,Tuvalu,WPRO,0,0,0,0
2/21/2021,TV,Tuvalu,WPRO,0,0,0,0
2/28/2021,TV,Tuvalu,WPRO,0,0,0,0
3/7/2021,TV,Tuvalu,WPRO,0,0,0,0
3/14/2021,TV,Tuvalu,WPRO,0,0,0,0
3/21/2021,TV,Tuvalu,WPRO,0,0,0,0
3/28/2021,TV,Tuvalu,WPRO,0,0,0,0
4/4/2021,TV,Tuvalu,WPRO,0,0,0,0
4/11/2021,TV,Tuvalu,WPRO,0,0,0,0
4/18/2021,TV,Tuvalu,WPRO,0,0,0,0
4/25/2021,TV,Tuvalu,WPRO,0,0,0,0
5/2/2021,TV,Tuvalu,WPRO,0,0,0,0
5/9/2021,TV,Tuvalu,WPRO,0,0,0,0
5/16/2021,TV,Tuvalu,WPRO,0,0,0,0
5/23/2021,TV,Tuvalu,WPRO,0,0,0,0
5/30/2021,TV,Tuvalu,WPRO,0,0,0,0
6/6/2021,TV,Tuvalu,WPRO,0,0,0,0
6/13/2021,TV,Tuvalu,WPRO,0,0,0,0
6/20/2021,TV,Tuvalu,WPRO,0,0,0,0
6/27/2021,TV,Tuvalu,WPRO,0,0,0,0
7/4/2021,TV,Tuvalu,WPRO,0,0,0,0
7/11/2021,TV,Tuvalu,WPRO,0,0,0,0
7/18/2021,TV,Tuvalu,WPRO,0,0,0,0
7/25/2021,TV,Tuvalu,WPRO,0,0,0,0
8/1/2021,TV,Tuvalu,WPRO,0,0,0,0
8/8/2021,TV,Tuvalu,WPRO,0,0,0,0
8/15/2021,TV,Tuvalu,WPRO,0,0,0,0
8/22/2021,TV,Tuvalu,WPRO,0,0,0,0
8/29/2021,TV,Tuvalu,WPRO,0,0,0,0
9/5/2021,TV,Tuvalu,WPRO,0,0,0,0
9/12/2021,TV,Tuvalu,WPRO,0,0,0,0
9/19/2021,TV,Tuvalu,WPRO,0,0,0,0
9/26/2021,TV,Tuvalu,WPRO,0,0,0,0
10/3/2021,TV,Tuvalu,WPRO,0,0,0,0
10/10/2021,TV,Tuvalu,WPRO,0,0,0,0
10/17/2021,TV,Tuvalu,WPRO,0,0,0,0
10/24/2021,TV,Tuvalu,WPRO,0,0,0,0
10/31/2021,TV,Tuvalu,WPRO,0,0,0,0
11/7/2021,TV,Tuvalu,WPRO,0,0,0,0
11/14/2021,TV,Tuvalu,WPRO,0,0,0,0
11/21/2021,TV,Tuvalu,WPRO,0,0,0,0
11/28/2021,TV,Tuvalu,WPRO,0,0,0,0
12/5/2021,TV,Tuvalu,WPRO,0,0,0,0
12/12/2021,TV,Tuvalu,WPRO,0,0,0,0
12/19/2021,TV,Tuvalu,WPRO,0,0,0,0
12/26/2021,TV,Tuvalu,WPRO,0,0,0,0
1/2/2022,TV,Tuvalu,WPRO,0,0,0,0
1/9/2022,TV,Tuvalu,WPRO,0,0,0,0
1/16/2022,TV,Tuvalu,WPRO,0,0,0,0
1/23/2022,TV,Tuvalu,WPRO,0,0,0,0
1/30/2022,TV,Tuvalu,WPRO,0,0,0,0
2/6/2022,TV,Tuvalu,WPRO,0,0,0,0
2/13/2022,TV,Tuvalu,WPRO,0,0,0,0
2/20/2022,TV,Tuvalu,WPRO,0,0,0,0
2/27/2022,TV,Tuvalu,WPRO,0,0,0,0
3/6/2022,TV,Tuvalu,WPRO,0,0,0,0
3/13/2022,TV,Tuvalu,WPRO,0,0,0,0
3/20/2022,TV,Tuvalu,WPRO,0,0,0,0
3/27/2022,TV,Tuvalu,WPRO,0,0,0,0
4/3/2022,TV,Tuvalu,WPRO,0,0,0,0
4/10/2022,TV,Tuvalu,WPRO,0,0,0,0
4/17/2022,TV,Tuvalu,WPRO,0,0,0,0
4/24/2022,TV,Tuvalu,WPRO,0,0,0,0
5/1/2022,TV,Tuvalu,WPRO,0,0,0,0
5/8/2022,TV,Tuvalu,WPRO,0,0,0,0
5/15/2022,TV,Tuvalu,WPRO,0,0,0,0
5/22/2022,TV,Tuvalu,WPRO,3,3,0,0
5/29/2022,TV,Tuvalu,WPRO,0,3,0,0
6/5/2022,TV,Tuvalu,WPRO,0,3,0,0
6/12/2022,TV,Tuvalu,WPRO,0,3,0,0
6/19/2022,TV,Tuvalu,WPRO,0,3,0,0
6/26/2022,TV,Tuvalu,WPRO,0,3,0,0
7/3/2022,TV,Tuvalu,WPRO,0,3,0,0
7/10/2022,TV,Tuvalu,WPRO,5,8,0,0
7/17/2022,TV,Tuvalu,WPRO,0,8,0,0
7/24/2022,TV,Tuvalu,WPRO,0,8,0,0
7/31/2022,TV,Tuvalu,WPRO,0,8,0,0
8/7/2022,TV,Tuvalu,WPRO,0,8,0,0
8/14/2022,TV,Tuvalu,WPRO,0,8,0,0
8/21/2022,TV,Tuvalu,WPRO,0,8,0,0
8/28/2022,TV,Tuvalu,WPRO,12,20,0,0
9/4/2022,TV,Tuvalu,WPRO,0,20,0,0
9/11/2022,TV,Tuvalu,WPRO,0,20,0,0
9/18/2022,TV,Tuvalu,WPRO,0,20,0,0
9/25/2022,TV,Tuvalu,WPRO,0,20,0,0
10/2/2022,TV,Tuvalu,WPRO,0,20,0,0
10/9/2022,TV,Tuvalu,WPRO,3,23,0,0
10/16/2022,TV,Tuvalu,WPRO,0,23,0,0
10/23/2022,TV,Tuvalu,WPRO,0,23,0,0
10/30/2022,TV,Tuvalu,WPRO,0,23,0,0
11/6/2022,TV,Tuvalu,WPRO,140,163,0,0
11/13/2022,TV,Tuvalu,WPRO,1096,1259,0,0
11/20/2022,TV,Tuvalu,WPRO,998,2257,0,0
11/27/2022,TV,Tuvalu,WPRO,453,2710,0,0
12/4/2022,TV,Tuvalu,WPRO,69,2779,0,0
12/11/2022,TV,Tuvalu,WPRO,0,2779,0,0
12/18/2022,TV,Tuvalu,WPRO,0,2779,0,0
12/25/2022,TV,Tuvalu,WPRO,0,2779,0,0
1/1/2023,TV,Tuvalu,WPRO,0,2779,0,0
1/8/2023,TV,Tuvalu,WPRO,0,2779,0,0
1/15/2023,TV,Tuvalu,WPRO,0,2779,0,0
1/22/2023,TV,Tuvalu,WPRO,0,2779,0,0
1/29/2023,TV,Tuvalu,WPRO,0,2779,0,0
2/5/2023,TV,Tuvalu,WPRO,0,2779,0,0
2/12/2023,TV,Tuvalu,WPRO,0,2779,0,0
2/19/2023,TV,Tuvalu,WPRO,0,2779,0,0
2/26/2023,TV,Tuvalu,WPRO,0,2779,0,0
3/5/2023,TV,Tuvalu,WPRO,0,2779,0,0
3/12/2023,TV,Tuvalu,WPRO,0,2779,0,0
3/19/2023,TV,Tuvalu,WPRO,0,2779,0,0
3/26/2023,TV,Tuvalu,WPRO,0,2779,0,0
4/2/2023,TV,Tuvalu,WPRO,0,2779,0,0
4/9/2023,TV,Tuvalu,WPRO,0,2779,0,0
4/16/2023,TV,Tuvalu,WPRO,0,2779,0,0
4/23/2023,TV,Tuvalu,WPRO,0,2779,0,0
4/30/2023,TV,Tuvalu,WPRO,0,2779,0,0
5/7/2023,TV,Tuvalu,WPRO,0,2779,0,0
5/14/2023,TV,Tuvalu,WPRO,0,2779,0,0
5/21/2023,TV,Tuvalu,WPRO,0,2779,0,0
5/28/2023,TV,Tuvalu,WPRO,0,2779,0,0
6/4/2023,TV,Tuvalu,WPRO,0,2779,0,0
6/11/2023,TV,Tuvalu,WPRO,162,2941,0,0
6/18/2023,TV,Tuvalu,WPRO,2,2943,1,1
6/25/2023,TV,Tuvalu,WPRO,0,2943,0,1
7/2/2023,TV,Tuvalu,WPRO,0,2943,0,1
7/9/2023,TV,Tuvalu,WPRO,0,2943,0,1
7/16/2023,TV,Tuvalu,WPRO,0,2943,0,1
7/23/2023,TV,Tuvalu,WPRO,0,2943,0,1
7/30/2023,TV,Tuvalu,WPRO,0,2943,0,1
8/6/2023,TV,Tuvalu,WPRO,0,2943,0,1
8/13/2023,TV,Tuvalu,WPRO,0,2943,0,1
8/20/2023,TV,Tuvalu,WPRO,0,2943,0,1
8/27/2023,TV,Tuvalu,WPRO,0,2943,0,1
9/3/2023,TV,Tuvalu,WPRO,0,2943,0,1
9/10/2023,TV,Tuvalu,WPRO,0,2943,0,1
9/17/2023,TV,Tuvalu,WPRO,0,2943,0,1
9/24/2023,TV,Tuvalu,WPRO,0,2943,0,1
10/1/2023,TV,Tuvalu,WPRO,0,2943,0,1
10/8/2023,TV,Tuvalu,WPRO,0,2943,0,1
10/15/2023,TV,Tuvalu,WPRO,0,2943,0,1
10/22/2023,TV,Tuvalu,WPRO,0,2943,0,1
10/29/2023,TV,Tuvalu,WPRO,0,2943,0,1
11/5/2023,TV,Tuvalu,WPRO,0,2943,0,1
11/12/2023,TV,Tuvalu,WPRO,0,2943,0,1
11/19/2023,TV,Tuvalu,WPRO,0,2943,0,1
11/26/2023,TV,Tuvalu,WPRO,0,2943,0,1
12/3/2023,TV,Tuvalu,WPRO,0,2943,0,1
12/10/2023,TV,Tuvalu,WPRO,0,2943,0,1
12/17/2023,TV,Tuvalu,WPRO,0,2943,0,1
12/24/2023,TV,Tuvalu,WPRO,0,2943,0,1
1/5/2020,UG,Uganda,AFRO,0,0,0,0
1/12/2020,UG,Uganda,AFRO,0,0,0,0
1/19/2020,UG,Uganda,AFRO,0,0,0,0
1/26/2020,UG,Uganda,AFRO,0,0,0,0
2/2/2020,UG,Uganda,AFRO,0,0,0,0
2/9/2020,UG,Uganda,AFRO,0,0,0,0
2/16/2020,UG,Uganda,AFRO,0,0,0,0
2/23/2020,UG,Uganda,AFRO,0,0,0,0
3/1/2020,UG,Uganda,AFRO,0,0,0,0
3/8/2020,UG,Uganda,AFRO,0,0,0,0
3/15/2020,UG,Uganda,AFRO,0,0,0,0
3/22/2020,UG,Uganda,AFRO,1,1,0,0
3/29/2020,UG,Uganda,AFRO,26,27,0,0
4/5/2020,UG,Uganda,AFRO,16,43,0,0
4/12/2020,UG,Uganda,AFRO,5,48,0,0
4/19/2020,UG,Uganda,AFRO,2,50,0,0
4/26/2020,UG,Uganda,AFRO,1,51,0,0
5/3/2020,UG,Uganda,AFRO,3,54,0,0
5/10/2020,UG,Uganda,AFRO,7,61,0,0
5/17/2020,UG,Uganda,AFRO,37,98,0,0
5/24/2020,UG,Uganda,AFRO,100,198,0,0
5/31/2020,UG,Uganda,AFRO,212,410,0,0
6/7/2020,UG,Uganda,AFRO,196,606,0,0
6/14/2020,UG,Uganda,AFRO,88,694,0,0
6/21/2020,UG,Uganda,AFRO,74,768,0,0
6/28/2020,UG,Uganda,AFRO,89,857,0,0
7/5/2020,UG,Uganda,AFRO,80,937,0,0
7/12/2020,UG,Uganda,AFRO,86,1023,0,0
7/19/2020,UG,Uganda,AFRO,40,1063,0,0
7/26/2020,UG,Uganda,AFRO,52,1115,2,2
8/2/2020,UG,Uganda,AFRO,67,1182,2,4
8/9/2020,UG,Uganda,AFRO,101,1283,3,7
8/16/2020,UG,Uganda,AFRO,217,1500,11,18
8/23/2020,UG,Uganda,AFRO,763,2263,7,25
8/30/2020,UG,Uganda,AFRO,665,2928,11,36
9/6/2020,UG,Uganda,AFRO,739,3667,15,51
9/13/2020,UG,Uganda,AFRO,1132,4799,11,62
9/20/2020,UG,Uganda,AFRO,1488,6287,13,75
9/27/2020,UG,Uganda,AFRO,1243,7530,8,83
10/4/2020,UG,Uganda,AFRO,1278,8808,15,98
10/11/2020,UG,Uganda,AFRO,993,9801,12,110
10/18/2020,UG,Uganda,AFRO,789,10590,8,118
10/25/2020,UG,Uganda,AFRO,853,11443,11,129
11/1/2020,UG,Uganda,AFRO,1300,12743,11,140
11/8/2020,UG,Uganda,AFRO,1662,14405,27,167
11/15/2020,UG,Uganda,AFRO,1615,16020,13,180
11/22/2020,UG,Uganda,AFRO,1949,17969,23,203
11/29/2020,UG,Uganda,AFRO,2178,20147,23,226
12/6/2020,UG,Uganda,AFRO,2354,22501,15,241
12/13/2020,UG,Uganda,AFRO,5034,27535,17,258
12/20/2020,UG,Uganda,AFRO,3656,31191,19,277
12/27/2020,UG,Uganda,AFRO,2624,33815,21,298
1/3/2021,UG,Uganda,AFRO,2107,35922,7,305
1/10/2021,UG,Uganda,AFRO,1820,37742,6,311
1/17/2021,UG,Uganda,AFRO,677,38419,4,315
1/24/2021,UG,Uganda,AFRO,730,39149,4,319
1/31/2021,UG,Uganda,AFRO,430,39579,2,321
2/7/2021,UG,Uganda,AFRO,269,39848,3,324
2/14/2021,UG,Uganda,AFRO,208,40056,2,326
2/21/2021,UG,Uganda,AFRO,157,40213,4,330
2/28/2021,UG,Uganda,AFRO,144,40357,1,331
3/7/2021,UG,Uganda,AFRO,122,40479,0,331
3/14/2021,UG,Uganda,AFRO,102,40581,0,331
3/21/2021,UG,Uganda,AFRO,107,40688,1,332
3/28/2021,UG,Uganda,AFRO,132,40820,1,333
4/4/2021,UG,Uganda,AFRO,196,41016,1,334
4/11/2021,UG,Uganda,AFRO,158,41174,1,335
4/18/2021,UG,Uganda,AFRO,222,41396,3,338
4/25/2021,UG,Uganda,AFRO,321,41717,1,339
5/2/2021,UG,Uganda,AFRO,264,41981,4,343
5/9/2021,UG,Uganda,AFRO,405,42386,3,346
5/16/2021,UG,Uganda,AFRO,475,42861,3,349
5/23/2021,UG,Uganda,AFRO,1060,43921,4,353
5/30/2021,UG,Uganda,AFRO,3226,47147,9,362
6/6/2021,UG,Uganda,AFRO,6814,53961,21,383
6/13/2021,UG,Uganda,AFRO,9138,63099,51,434
6/20/2021,UG,Uganda,AFRO,9580,72679,246,680
6/27/2021,UG,Uganda,AFRO,6410,79089,276,956
7/4/2021,UG,Uganda,AFRO,5027,84116,1010,1966
7/11/2021,UG,Uganda,AFRO,3640,87756,163,2129
7/18/2021,UG,Uganda,AFRO,2900,90656,263,2392
7/25/2021,UG,Uganda,AFRO,2068,92724,187,2579
8/1/2021,UG,Uganda,AFRO,1701,94425,131,2710
8/8/2021,UG,Uganda,AFRO,1450,95875,98,2808
8/15/2021,UG,Uganda,AFRO,1249,97124,85,2893
8/22/2021,UG,Uganda,AFRO,21653,118777,67,2960
8/29/2021,UG,Uganda,AFRO,955,119732,33,2993
9/5/2021,UG,Uganda,AFRO,930,120662,60,3053
9/12/2021,UG,Uganda,AFRO,925,121587,46,3099
9/19/2021,UG,Uganda,AFRO,690,122277,30,3129
9/26/2021,UG,Uganda,AFRO,968,123245,19,3148
10/3/2021,UG,Uganda,AFRO,794,124039,16,3164
10/10/2021,UG,Uganda,AFRO,697,124736,13,3177
10/17/2021,UG,Uganda,AFRO,525,125261,8,3185
10/24/2021,UG,Uganda,AFRO,497,125758,15,3200
10/31/2021,UG,Uganda,AFRO,478,126236,15,3215
11/7/2021,UG,Uganda,AFRO,389,126625,13,3228
11/14/2021,UG,Uganda,AFRO,340,126965,11,3239
11/21/2021,UG,Uganda,AFRO,272,127237,10,3249
11/28/2021,UG,Uganda,AFRO,286,127523,3,3252
12/5/2021,UG,Uganda,AFRO,233,127756,4,3256
12/12/2021,UG,Uganda,AFRO,344,128100,13,3269
12/19/2021,UG,Uganda,AFRO,1219,129319,5,3274
12/26/2021,UG,Uganda,AFRO,5772,135091,6,3280
1/2/2022,UG,Uganda,AFRO,10939,146030,26,3306
1/9/2022,UG,Uganda,AFRO,8548,154578,51,3357
1/16/2022,UG,Uganda,AFRO,4165,158743,67,3424
1/23/2022,UG,Uganda,AFRO,1896,160639,64,3488
1/30/2022,UG,Uganda,AFRO,1200,161839,45,3533
2/6/2022,UG,Uganda,AFRO,536,162375,33,3566
2/13/2022,UG,Uganda,AFRO,447,162822,13,3579
2/20/2022,UG,Uganda,AFRO,294,163116,6,3585
2/27/2022,UG,Uganda,AFRO,217,163333,3,3588
3/6/2022,UG,Uganda,AFRO,107,163440,2,3590
3/13/2022,UG,Uganda,AFRO,144,163584,2,3592
3/20/2022,UG,Uganda,AFRO,105,163689,3,3595
3/27/2022,UG,Uganda,AFRO,116,163805,1,3596
4/3/2022,UG,Uganda,AFRO,80,163885,0,3596
4/10/2022,UG,Uganda,AFRO,47,163932,0,3596
4/17/2022,UG,Uganda,AFRO,62,163994,1,3597
4/24/2022,UG,Uganda,AFRO,60,164054,0,3597
5/1/2022,UG,Uganda,AFRO,50,164104,0,3597
5/8/2022,UG,Uganda,AFRO,45,164149,1,3598
5/15/2022,UG,Uganda,AFRO,66,164215,0,3598
5/22/2022,UG,Uganda,AFRO,116,164331,2,3600
5/29/2022,UG,Uganda,AFRO,81,164412,2,3602
6/5/2022,UG,Uganda,AFRO,267,164679,0,3602
6/12/2022,UG,Uganda,AFRO,572,165251,3,3605
6/19/2022,UG,Uganda,AFRO,683,165934,10,3615
6/26/2022,UG,Uganda,AFRO,532,166466,5,3620
7/3/2022,UG,Uganda,AFRO,527,166993,0,3620
7/10/2022,UG,Uganda,AFRO,415,167408,6,3626
7/17/2022,UG,Uganda,AFRO,382,167790,0,3626
7/24/2022,UG,Uganda,AFRO,244,168034,1,3627
7/31/2022,UG,Uganda,AFRO,304,168338,0,3627
8/7/2022,UG,Uganda,AFRO,163,168501,0,3627
8/14/2022,UG,Uganda,AFRO,154,168655,0,3627
8/21/2022,UG,Uganda,AFRO,111,168766,0,3627
8/28/2022,UG,Uganda,AFRO,125,168891,1,3628
9/4/2022,UG,Uganda,AFRO,46,168937,0,3628
9/11/2022,UG,Uganda,AFRO,56,168993,0,3628
9/18/2022,UG,Uganda,AFRO,58,169051,2,3630
9/25/2022,UG,Uganda,AFRO,55,169106,0,3630
10/2/2022,UG,Uganda,AFRO,93,169199,0,3630
10/9/2022,UG,Uganda,AFRO,82,169281,0,3630
10/16/2022,UG,Uganda,AFRO,0,169281,0,3630
10/23/2022,UG,Uganda,AFRO,94,169375,0,3630
10/30/2022,UG,Uganda,AFRO,3,169378,0,3630
11/6/2022,UG,Uganda,AFRO,108,169486,0,3630
11/13/2022,UG,Uganda,AFRO,82,169568,0,3630
11/20/2022,UG,Uganda,AFRO,70,169638,0,3630
11/27/2022,UG,Uganda,AFRO,77,169715,0,3630
12/4/2022,UG,Uganda,AFRO,89,169804,0,3630
12/11/2022,UG,Uganda,AFRO,86,169890,0,3630
12/18/2022,UG,Uganda,AFRO,0,169890,0,3630
12/25/2022,UG,Uganda,AFRO,0,169890,0,3630
1/1/2023,UG,Uganda,AFRO,224,170114,0,3630
1/8/2023,UG,Uganda,AFRO,70,170184,0,3630
1/15/2023,UG,Uganda,AFRO,49,170233,0,3630
1/22/2023,UG,Uganda,AFRO,72,170305,0,3630
1/29/2023,UG,Uganda,AFRO,0,170305,0,3630
2/5/2023,UG,Uganda,AFRO,64,170369,0,3630
2/12/2023,UG,Uganda,AFRO,14,170383,0,3630
2/19/2023,UG,Uganda,AFRO,26,170409,0,3630
2/26/2023,UG,Uganda,AFRO,40,170449,0,3630
3/5/2023,UG,Uganda,AFRO,14,170463,0,3630
3/12/2023,UG,Uganda,AFRO,12,170475,0,3630
3/19/2023,UG,Uganda,AFRO,16,170491,2,3632
3/26/2023,UG,Uganda,AFRO,19,170510,0,3632
4/2/2023,UG,Uganda,AFRO,5,170515,0,3632
4/9/2023,UG,Uganda,AFRO,24,170539,0,3632
4/16/2023,UG,Uganda,AFRO,13,170552,0,3632
4/23/2023,UG,Uganda,AFRO,50,170602,0,3632
4/30/2023,UG,Uganda,AFRO,69,170671,0,3632
5/7/2023,UG,Uganda,AFRO,104,170775,0,3632
5/14/2023,UG,Uganda,AFRO,0,170775,0,3632
5/21/2023,UG,Uganda,AFRO,0,170775,0,3632
5/28/2023,UG,Uganda,AFRO,0,170775,0,3632
6/4/2023,UG,Uganda,AFRO,549,171324,0,3632
6/11/2023,UG,Uganda,AFRO,0,171324,0,3632
6/18/2023,UG,Uganda,AFRO,0,171324,0,3632
6/25/2023,UG,Uganda,AFRO,0,171324,0,3632
7/2/2023,UG,Uganda,AFRO,405,171729,0,3632
7/9/2023,UG,Uganda,AFRO,0,171729,0,3632
7/16/2023,UG,Uganda,AFRO,0,171729,0,3632
7/23/2023,UG,Uganda,AFRO,0,171729,0,3632
7/30/2023,UG,Uganda,AFRO,0,171729,0,3632
8/6/2023,UG,Uganda,AFRO,100,171829,0,3632
8/13/2023,UG,Uganda,AFRO,6,171835,0,3632
8/20/2023,UG,Uganda,AFRO,6,171841,0,3632
8/27/2023,UG,Uganda,AFRO,2,171843,0,3632
9/3/2023,UG,Uganda,AFRO,2,171845,0,3632
9/10/2023,UG,Uganda,AFRO,7,171852,0,3632
9/17/2023,UG,Uganda,AFRO,5,171857,0,3632
9/24/2023,UG,Uganda,AFRO,6,171863,0,3632
10/1/2023,UG,Uganda,AFRO,6,171869,0,3632
10/8/2023,UG,Uganda,AFRO,2,171871,0,3632
10/15/2023,UG,Uganda,AFRO,12,171883,0,3632
10/22/2023,UG,Uganda,AFRO,5,171888,0,3632
10/29/2023,UG,Uganda,AFRO,0,171888,0,3632
11/5/2023,UG,Uganda,AFRO,0,171888,0,3632
11/12/2023,UG,Uganda,AFRO,0,171888,0,3632
11/19/2023,UG,Uganda,AFRO,0,171888,0,3632
11/26/2023,UG,Uganda,AFRO,0,171888,0,3632
12/3/2023,UG,Uganda,AFRO,0,171888,0,3632
12/10/2023,UG,Uganda,AFRO,0,171888,0,3632
12/17/2023,UG,Uganda,AFRO,0,171888,0,3632
12/24/2023,UG,Uganda,AFRO,0,171888,0,3632
1/5/2020,UA,Ukraine,EURO,0,0,0,0
1/12/2020,UA,Ukraine,EURO,0,0,0,0
1/19/2020,UA,Ukraine,EURO,0,0,0,0
1/26/2020,UA,Ukraine,EURO,0,0,0,0
2/2/2020,UA,Ukraine,EURO,0,0,0,0
2/9/2020,UA,Ukraine,EURO,0,0,0,0
2/16/2020,UA,Ukraine,EURO,0,0,0,0
2/23/2020,UA,Ukraine,EURO,0,0,0,0
3/1/2020,UA,Ukraine,EURO,0,0,0,0
3/8/2020,UA,Ukraine,EURO,0,0,0,0
3/15/2020,UA,Ukraine,EURO,18,18,2,2
3/22/2020,UA,Ukraine,EURO,107,125,3,5
3/29/2020,UA,Ukraine,EURO,390,515,8,13
4/5/2020,UA,Ukraine,EURO,765,1280,23,36
4/12/2020,UA,Ukraine,EURO,1685,2965,29,65
4/19/2020,UA,Ukraine,EURO,2473,5438,20,85
4/26/2020,UA,Ukraine,EURO,3011,8449,45,130
5/3/2020,UA,Ukraine,EURO,2946,11395,25,155
5/10/2020,UA,Ukraine,EURO,2985,14380,40,195
5/17/2020,UA,Ukraine,EURO,2612,16992,43,238
5/24/2020,UA,Ukraine,EURO,2338,19330,23,261
5/31/2020,UA,Ukraine,EURO,2436,21766,33,294
6/7/2020,UA,Ukraine,EURO,3135,24901,27,321
6/14/2020,UA,Ukraine,EURO,3937,28838,33,354
6/21/2020,UA,Ukraine,EURO,4884,33722,40,394
6/28/2020,UA,Ukraine,EURO,6184,39906,68,462
7/5/2020,UA,Ukraine,EURO,5188,45094,53,515
7/12/2020,UA,Ukraine,EURO,4945,50039,56,571
7/19/2020,UA,Ukraine,EURO,5084,55123,52,623
7/26/2020,UA,Ukraine,EURO,6046,61169,97,720
8/2/2020,UA,Ukraine,EURO,7012,68181,79,799
8/9/2020,UA,Ukraine,EURO,8131,76312,127,926
8/16/2020,UA,Ukraine,EURO,10024,86336,121,1047
8/23/2020,UA,Ukraine,EURO,13252,99588,102,1149
8/30/2020,UA,Ukraine,EURO,13822,113410,218,1367
9/6/2020,UA,Ukraine,EURO,17414,130824,202,1569
9/13/2020,UA,Ukraine,EURO,18911,149735,137,1706
9/20/2020,UA,Ukraine,EURO,21092,170827,326,2032
9/27/2020,UA,Ukraine,EURO,21299,192126,278,2310
10/4/2020,UA,Ukraine,EURO,27198,219324,278,2588
10/11/2020,UA,Ukraine,EURO,33814,253138,442,3030
10/18/2020,UA,Ukraine,EURO,35486,288624,405,3435
10/25/2020,UA,Ukraine,EURO,41583,330207,445,3880
11/1/2020,UA,Ukraine,EURO,48518,378725,923,4803
11/8/2020,UA,Ukraine,EURO,59561,438286,1192,5995
11/15/2020,UA,Ukraine,EURO,75319,513605,1130,7125
11/22/2020,UA,Ukraine,EURO,88651,602256,1379,8504
11/29/2020,UA,Ukraine,EURO,95555,697811,1252,9756
12/6/2020,UA,Ukraine,EURO,87403,785214,1406,11162
12/13/2020,UA,Ukraine,EURO,76767,861981,1514,12676
12/20/2020,UA,Ukraine,EURO,68736,930717,1620,14296
12/27/2020,UA,Ukraine,EURO,57391,988108,982,15278
1/3/2021,UA,Ukraine,EURO,49251,1037359,1254,16532
1/10/2021,UA,Ukraine,EURO,39656,1077015,732,17264
1/17/2021,UA,Ukraine,EURO,44402,1121417,1034,18298
1/24/2021,UA,Ukraine,EURO,30612,1152029,1055,19353
1/31/2021,UA,Ukraine,EURO,27158,1179187,844,20197
2/7/2021,UA,Ukraine,EURO,25508,1204695,876,21073
2/14/2021,UA,Ukraine,EURO,26498,1231193,748,21821
2/21/2021,UA,Ukraine,EURO,34188,1265381,764,22585
2/28/2021,UA,Ukraine,EURO,44472,1309853,895,23480
3/7/2021,UA,Ukraine,EURO,55376,1365229,1145,24625
3/14/2021,UA,Ukraine,EURO,60038,1425267,1238,25863
3/21/2021,UA,Ukraine,EURO,80339,1505606,1643,27506
3/28/2021,UA,Ukraine,EURO,104522,1610128,2057,29563
4/4/2021,UA,Ukraine,EURO,103479,1713607,2454,32017
4/11/2021,UA,Ukraine,EURO,105217,1818824,2714,34731
4/18/2021,UA,Ukraine,EURO,91911,1910735,2699,37430
4/25/2021,UA,Ukraine,EURO,77317,1988052,2518,39948
5/2/2021,UA,Ukraine,EURO,55605,2043657,2232,42180
5/9/2021,UA,Ukraine,EURO,36932,2080589,1872,44052
5/16/2021,UA,Ukraine,EURO,33146,2113735,1562,45614
5/23/2021,UA,Ukraine,EURO,27840,2141575,1262,46876
5/30/2021,UA,Ukraine,EURO,19626,2161201,1260,48136
6/6/2021,UA,Ukraine,EURO,11571,2172772,519,48655
6/13/2021,UA,Ukraine,EURO,9373,2182145,544,49199
6/20/2021,UA,Ukraine,EURO,5609,2187754,292,49491
6/27/2021,UA,Ukraine,EURO,4360,2192114,249,49740
7/4/2021,UA,Ukraine,EURO,3429,2195543,184,49924
7/11/2021,UA,Ukraine,EURO,3551,2199094,154,50078
7/18/2021,UA,Ukraine,EURO,3301,2202395,93,50171
7/25/2021,UA,Ukraine,EURO,4154,2206549,143,50314
8/1/2021,UA,Ukraine,EURO,4705,2211254,81,50395
8/8/2021,UA,Ukraine,EURO,5921,2217175,145,50540
8/15/2021,UA,Ukraine,EURO,6879,2224054,169,50709
8/22/2021,UA,Ukraine,EURO,9078,2233132,231,50940
8/29/2021,UA,Ukraine,EURO,9533,2242665,238,51178
9/5/2021,UA,Ukraine,EURO,13367,2256032,263,51441
9/12/2021,UA,Ukraine,EURO,19517,2275549,359,51800
9/19/2021,UA,Ukraine,EURO,32822,2308371,559,52359
9/26/2021,UA,Ukraine,EURO,44759,2353130,801,53160
10/3/2021,UA,Ukraine,EURO,64606,2417736,1169,54329
10/10/2021,UA,Ukraine,EURO,90079,2507815,1811,56140
10/17/2021,UA,Ukraine,EURO,94605,2602420,2109,58249
10/24/2021,UA,Ukraine,EURO,139344,2741764,3392,61641
10/31/2021,UA,Ukraine,EURO,152199,2893963,3825,65466
11/7/2021,UA,Ukraine,EURO,152263,3046226,4530,69996
11/14/2021,UA,Ukraine,EURO,139941,3186167,4591,74587
11/21/2021,UA,Ukraine,EURO,111965,3298132,4450,79037
11/28/2021,UA,Ukraine,EURO,87420,3385552,3814,82851
12/5/2021,UA,Ukraine,EURO,74128,3459680,3106,85957
12/12/2021,UA,Ukraine,EURO,61210,3520890,2695,88652
12/19/2021,UA,Ukraine,EURO,47521,3568411,2047,90699
12/26/2021,UA,Ukraine,EURO,37673,3606084,1834,92533
1/2/2022,UA,Ukraine,EURO,27983,3634067,1205,93738
1/9/2022,UA,Ukraine,EURO,28100,3662167,1024,94762
1/16/2022,UA,Ukraine,EURO,55088,3717255,1036,95798
1/23/2022,UA,Ukraine,EURO,110840,3828095,921,96719
1/30/2022,UA,Ukraine,EURO,194125,4022220,921,97640
2/6/2022,UA,Ukraine,EURO,242942,4265162,1189,98829
2/13/2022,UA,Ukraine,EURO,235256,4500418,1558,100387
2/20/2022,UA,Ukraine,EURO,191640,4692058,1695,102082
2/27/2022,UA,Ukraine,EURO,101143,4793201,1302,103384
3/6/2022,UA,Ukraine,EURO,39531,4832732,731,104115
3/13/2022,UA,Ukraine,EURO,31401,4864133,505,104620
3/20/2022,UA,Ukraine,EURO,30357,4894490,413,105033
3/27/2022,UA,Ukraine,EURO,22317,4916807,264,105297
4/3/2022,UA,Ukraine,EURO,14656,4931463,158,105455
4/10/2022,UA,Ukraine,EURO,11391,4942854,120,105575
4/17/2022,UA,Ukraine,EURO,8035,4950889,117,105692
4/24/2022,UA,Ukraine,EURO,5353,4956242,73,105765
5/1/2022,UA,Ukraine,EURO,4221,4960463,83,105848
5/8/2022,UA,Ukraine,EURO,3732,4964195,38,105886
5/15/2022,UA,Ukraine,EURO,2841,4967036,48,105934
5/22/2022,UA,Ukraine,EURO,2132,4969168,41,105975
5/29/2022,UA,Ukraine,EURO,1896,4971064,31,106006
6/5/2022,UA,Ukraine,EURO,1600,4972664,35,106041
6/12/2022,UA,Ukraine,EURO,1065,4973729,17,106058
6/19/2022,UA,Ukraine,EURO,1044,4974773,16,106074
6/26/2022,UA,Ukraine,EURO,981,4975754,18,106092
7/3/2022,UA,Ukraine,EURO,1106,4976860,15,106107
7/10/2022,UA,Ukraine,EURO,1056,4977916,19,106126
7/17/2022,UA,Ukraine,EURO,1431,4979347,9,106135
7/24/2022,UA,Ukraine,EURO,2098,4981445,14,106149
7/31/2022,UA,Ukraine,EURO,2786,4984231,14,106163
8/7/2022,UA,Ukraine,EURO,3893,4988124,16,106179
8/14/2022,UA,Ukraine,EURO,5439,4993563,37,106216
8/21/2022,UA,Ukraine,EURO,9113,5002676,23,106239
8/28/2022,UA,Ukraine,EURO,11437,5014113,38,106277
9/4/2022,UA,Ukraine,EURO,16155,5030268,44,106321
9/11/2022,UA,Ukraine,EURO,23864,5054132,70,106391
9/18/2022,UA,Ukraine,EURO,36683,5090815,90,106481
9/25/2022,UA,Ukraine,EURO,44137,5134952,161,106642
10/2/2022,UA,Ukraine,EURO,42802,5177754,202,106844
10/9/2022,UA,Ukraine,EURO,36413,5214167,208,107052
10/16/2022,UA,Ukraine,EURO,22914,5237081,203,107255
10/23/2022,UA,Ukraine,EURO,16908,5253989,189,107444
10/30/2022,UA,Ukraine,EURO,16378,5270367,179,107623
11/6/2022,UA,Ukraine,EURO,9587,5279954,114,107737
11/13/2022,UA,Ukraine,EURO,7317,5287271,103,107840
11/20/2022,UA,Ukraine,EURO,6757,5294028,102,107942
11/27/2022,UA,Ukraine,EURO,4991,5299019,80,108022
12/4/2022,UA,Ukraine,EURO,4810,5303829,54,108076
12/11/2022,UA,Ukraine,EURO,4286,5308115,56,108132
12/18/2022,UA,Ukraine,EURO,4358,5312473,70,108202
12/25/2022,UA,Ukraine,EURO,3203,5315676,47,108249
1/1/2023,UA,Ukraine,EURO,3411,5319087,46,108295
1/8/2023,UA,Ukraine,EURO,2970,5322057,61,108356
1/15/2023,UA,Ukraine,EURO,2710,5324767,58,108414
1/22/2023,UA,Ukraine,EURO,3099,5327866,42,108456
1/29/2023,UA,Ukraine,EURO,2973,5330839,43,108499
2/5/2023,UA,Ukraine,EURO,3708,5334547,68,108567
2/12/2023,UA,Ukraine,EURO,5283,5339830,44,108611
2/19/2023,UA,Ukraine,EURO,7344,5347174,60,108671
2/26/2023,UA,Ukraine,EURO,9792,5356966,63,108734
3/5/2023,UA,Ukraine,EURO,12757,5369723,67,108801
3/12/2023,UA,Ukraine,EURO,15372,5385095,92,108893
3/19/2023,UA,Ukraine,EURO,18619,5403714,101,108994
3/26/2023,UA,Ukraine,EURO,19975,5423689,118,109112
4/2/2023,UA,Ukraine,EURO,18982,5442671,113,109225
4/9/2023,UA,Ukraine,EURO,17083,5459754,123,109348
4/16/2023,UA,Ukraine,EURO,16595,5476349,111,109459
4/23/2023,UA,Ukraine,EURO,10845,5487194,105,109564
4/30/2023,UA,Ukraine,EURO,8898,5496092,82,109646
5/7/2023,UA,Ukraine,EURO,6612,5502704,61,109707
5/14/2023,UA,Ukraine,EURO,4739,5507443,44,109751
5/21/2023,UA,Ukraine,EURO,3323,5510766,37,109788
5/28/2023,UA,Ukraine,EURO,2999,5513765,42,109830
6/4/2023,UA,Ukraine,EURO,1965,5515730,24,109854
6/11/2023,UA,Ukraine,EURO,1551,5517281,15,109869
6/18/2023,UA,Ukraine,EURO,1308,5518589,20,109889
6/25/2023,UA,Ukraine,EURO,996,5519585,16,109905
7/2/2023,UA,Ukraine,EURO,898,5520483,13,109918
7/9/2023,UA,Ukraine,EURO,0,5520483,0,109918
7/16/2023,UA,Ukraine,EURO,0,5520483,0,109918
7/23/2023,UA,Ukraine,EURO,0,5520483,0,109918
7/30/2023,UA,Ukraine,EURO,0,5520483,0,109918
8/6/2023,UA,Ukraine,EURO,0,5520483,0,109918
8/13/2023,UA,Ukraine,EURO,0,5520483,0,109918
8/20/2023,UA,Ukraine,EURO,0,5520483,0,109918
8/27/2023,UA,Ukraine,EURO,0,5520483,0,109918
9/3/2023,UA,Ukraine,EURO,0,5520483,0,109918
9/10/2023,UA,Ukraine,EURO,0,5520483,0,109918
9/17/2023,UA,Ukraine,EURO,0,5520483,0,109918
9/24/2023,UA,Ukraine,EURO,0,5520483,0,109918
10/1/2023,UA,Ukraine,EURO,0,5520483,0,109918
10/8/2023,UA,Ukraine,EURO,0,5520483,0,109918
10/15/2023,UA,Ukraine,EURO,0,5520483,0,109918
10/22/2023,UA,Ukraine,EURO,0,5520483,0,109918
10/29/2023,UA,Ukraine,EURO,0,5520483,0,109918
11/5/2023,UA,Ukraine,EURO,0,5520483,0,109918
11/12/2023,UA,Ukraine,EURO,0,5520483,0,109918
11/19/2023,UA,Ukraine,EURO,0,5520483,0,109918
11/26/2023,UA,Ukraine,EURO,0,5520483,0,109918
12/3/2023,UA,Ukraine,EURO,0,5520483,0,109918
12/10/2023,UA,Ukraine,EURO,0,5520483,0,109918
12/17/2023,UA,Ukraine,EURO,0,5520483,0,109918
12/24/2023,UA,Ukraine,EURO,0,5520483,0,109918
1/5/2020,AE,United Arab Emirates,EMRO,0,0,0,0
1/12/2020,AE,United Arab Emirates,EMRO,0,0,0,0
1/19/2020,AE,United Arab Emirates,EMRO,0,0,0,0
1/26/2020,AE,United Arab Emirates,EMRO,0,0,0,0
2/2/2020,AE,United Arab Emirates,EMRO,5,5,0,0
2/9/2020,AE,United Arab Emirates,EMRO,2,7,0,0
2/16/2020,AE,United Arab Emirates,EMRO,1,8,0,0
2/23/2020,AE,United Arab Emirates,EMRO,5,13,0,0
3/1/2020,AE,United Arab Emirates,EMRO,6,19,0,0
3/8/2020,AE,United Arab Emirates,EMRO,26,45,0,0
3/15/2020,AE,United Arab Emirates,EMRO,41,86,0,0
3/22/2020,AE,United Arab Emirates,EMRO,67,153,2,2
3/29/2020,AE,United Arab Emirates,EMRO,315,468,0,2
4/5/2020,AE,United Arab Emirates,EMRO,1037,1505,8,10
4/12/2020,AE,United Arab Emirates,EMRO,2231,3736,10,20
4/19/2020,AE,United Arab Emirates,EMRO,2566,6302,17,37
4/26/2020,AE,United Arab Emirates,EMRO,3511,9813,34,71
5/3/2020,AE,United Arab Emirates,EMRO,3786,13599,48,119
5/10/2020,AE,United Arab Emirates,EMRO,3818,17417,66,185
5/17/2020,AE,United Arab Emirates,EMRO,5210,22627,29,214
5/24/2020,AE,United Arab Emirates,EMRO,6077,28704,30,244
5/31/2020,AE,United Arab Emirates,EMRO,5192,33896,18,262
6/7/2020,AE,United Arab Emirates,EMRO,4372,38268,13,275
6/14/2020,AE,United Arab Emirates,EMRO,3722,41990,13,288
6/21/2020,AE,United Arab Emirates,EMRO,2543,44533,13,301
6/28/2020,AE,United Arab Emirates,EMRO,2827,47360,10,311
7/5/2020,AE,United Arab Emirates,EMRO,3497,50857,10,321
7/12/2020,AE,United Arab Emirates,EMRO,3596,54453,10,331
7/19/2020,AE,United Arab Emirates,EMRO,2258,56711,7,338
7/26/2020,AE,United Arab Emirates,EMRO,1851,58562,5,343
8/2/2020,AE,United Arab Emirates,EMRO,2198,60760,8,351
8/9/2020,AE,United Arab Emirates,EMRO,1540,62300,5,356
8/16/2020,AE,United Arab Emirates,EMRO,1802,64102,5,361
8/23/2020,AE,United Arab Emirates,EMRO,2515,66617,11,372
8/30/2020,AE,United Arab Emirates,EMRO,2711,69328,7,379
9/6/2020,AE,United Arab Emirates,EMRO,4143,73471,9,388
9/13/2020,AE,United Arab Emirates,EMRO,5378,78849,11,399
9/20/2020,AE,United Arab Emirates,EMRO,5393,84242,5,404
9/27/2020,AE,United Arab Emirates,EMRO,6376,90618,7,411
10/4/2020,AE,United Arab Emirates,EMRO,7142,97760,15,426
10/11/2020,AE,United Arab Emirates,EMRO,7373,105133,17,443
10/18/2020,AE,United Arab Emirates,EMRO,9254,114387,16,459
10/25/2020,AE,United Arab Emirates,EMRO,9377,123764,16,475
11/1/2020,AE,United Arab Emirates,EMRO,8865,132629,20,495
11/8/2020,AE,United Arab Emirates,EMRO,8403,141032,19,514
11/15/2020,AE,United Arab Emirates,EMRO,8103,149135,14,528
11/22/2020,AE,United Arab Emirates,EMRO,8650,157785,20,548
11/29/2020,AE,United Arab Emirates,EMRO,8717,166502,21,569
12/6/2020,AE,United Arab Emirates,EMRO,8774,175276,20,589
12/13/2020,AE,United Arab Emirates,EMRO,8479,183755,20,609
12/20/2020,AE,United Arab Emirates,EMRO,8649,192404,25,634
12/27/2020,AE,United Arab Emirates,EMRO,8488,200892,21,655
1/3/2021,AE,United Arab Emirates,EMRO,10749,211641,19,674
1/10/2021,AE,United Arab Emirates,EMRO,16061,227702,28,702
1/17/2021,AE,United Arab Emirates,EMRO,22106,249808,38,740
1/24/2021,AE,United Arab Emirates,EMRO,24568,274376,43,783
1/31/2021,AE,United Arab Emirates,EMRO,26285,300661,55,838
2/7/2021,AE,United Arab Emirates,EMRO,22741,323402,76,914
2/14/2021,AE,United Arab Emirates,EMRO,22203,345605,87,1001
2/21/2021,AE,United Arab Emirates,EMRO,22570,368175,107,1108
2/28/2021,AE,United Arab Emirates,EMRO,20419,388594,105,1213
3/7/2021,AE,United Arab Emirates,EMRO,19642,408236,97,1310
3/14/2021,AE,United Arab Emirates,EMRO,16169,424405,78,1388
3/21/2021,AE,United Arab Emirates,EMRO,14233,438638,45,1433
3/28/2021,AE,United Arab Emirates,EMRO,14431,453069,44,1477
4/4/2021,AE,United Arab Emirates,EMRO,14954,468023,27,1504
4/11/2021,AE,United Arab Emirates,EMRO,13914,481937,25,1529
4/18/2021,AE,United Arab Emirates,EMRO,13287,495224,21,1550
4/25/2021,AE,United Arab Emirates,EMRO,13701,508925,19,1569
5/2/2021,AE,United Arab Emirates,EMRO,13023,521948,22,1591
5/9/2021,AE,United Arab Emirates,EMRO,12497,534445,19,1610
5/16/2021,AE,United Arab Emirates,EMRO,10486,544931,19,1629
5/23/2021,AE,United Arab Emirates,EMRO,9585,554516,19,1648
5/30/2021,AE,United Arab Emirates,EMRO,12747,567263,25,1673
6/6/2021,AE,United Arab Emirates,EMRO,13934,581197,23,1696
6/13/2021,AE,United Arab Emirates,EMRO,14820,596017,28,1724
6/20/2021,AE,United Arab Emirates,EMRO,14162,610179,28,1752
6/27/2021,AE,United Arab Emirates,EMRO,14635,624814,40,1792
7/4/2021,AE,United Arab Emirates,EMRO,13063,637877,39,1831
7/11/2021,AE,United Arab Emirates,EMRO,10825,648702,29,1860
7/18/2021,AE,United Arab Emirates,EMRO,10747,659449,36,1896
7/25/2021,AE,United Arab Emirates,EMRO,10659,670108,20,1916
8/1/2021,AE,United Arab Emirates,EMRO,10750,680858,33,1949
8/8/2021,AE,United Arab Emirates,EMRO,10696,691554,22,1971
8/15/2021,AE,United Arab Emirates,EMRO,9033,700587,26,1997
8/22/2021,AE,United Arab Emirates,EMRO,7715,708302,21,2018
8/29/2021,AE,United Arab Emirates,EMRO,7092,715394,18,2036
9/5/2021,AE,United Arab Emirates,EMRO,6898,722292,9,2045
9/12/2021,AE,United Arab Emirates,EMRO,5974,728266,17,2062
9/19/2021,AE,United Arab Emirates,EMRO,4033,732299,11,2073
9/26/2021,AE,United Arab Emirates,EMRO,2297,734596,16,2089
10/3/2021,AE,United Arab Emirates,EMRO,1928,736524,11,2100
10/10/2021,AE,United Arab Emirates,EMRO,1131,737655,13,2113
10/17/2021,AE,United Arab Emirates,EMRO,832,738487,5,2118
10/24/2021,AE,United Arab Emirates,EMRO,703,739190,11,2129
10/31/2021,AE,United Arab Emirates,EMRO,634,739824,7,2136
11/7/2021,AE,United Arab Emirates,EMRO,538,740362,3,2139
11/14/2021,AE,United Arab Emirates,EMRO,517,740879,4,2143
11/21/2021,AE,United Arab Emirates,EMRO,491,741370,1,2144
11/28/2021,AE,United Arab Emirates,EMRO,488,741858,1,2145
12/5/2021,AE,United Arab Emirates,EMRO,420,742278,3,2148
12/12/2021,AE,United Arab Emirates,EMRO,441,742719,3,2151
12/19/2021,AE,United Arab Emirates,EMRO,1133,743852,0,2151
12/26/2021,AE,United Arab Emirates,EMRO,5678,749530,5,2156
1/2/2022,AE,United Arab Emirates,EMRO,14963,764493,9,2165
1/9/2022,AE,United Arab Emirates,EMRO,18373,782866,8,2173
1/16/2022,AE,United Arab Emirates,EMRO,19315,802181,15,2188
1/23/2022,AE,United Arab Emirates,EMRO,20705,822886,23,2211
1/30/2022,AE,United Arab Emirates,EMRO,17853,840739,28,2239
2/6/2022,AE,United Arab Emirates,EMRO,14903,855642,23,2262
2/13/2022,AE,United Arab Emirates,EMRO,11329,866971,22,2284
2/20/2022,AE,United Arab Emirates,EMRO,6911,873882,9,2293
2/27/2022,AE,United Arab Emirates,EMRO,4864,878746,8,2301
3/6/2022,AE,United Arab Emirates,EMRO,3731,882477,0,2301
3/13/2022,AE,United Arab Emirates,EMRO,2612,885089,1,2302
3/20/2022,AE,United Arab Emirates,EMRO,2296,887385,0,2302
3/27/2022,AE,United Arab Emirates,EMRO,2412,889797,0,2302
4/3/2022,AE,United Arab Emirates,EMRO,2075,891872,0,2302
4/10/2022,AE,United Arab Emirates,EMRO,1666,893538,0,2302
4/17/2022,AE,United Arab Emirates,EMRO,1726,895264,0,2302
4/24/2022,AE,United Arab Emirates,EMRO,1628,896892,0,2302
5/1/2022,AE,United Arab Emirates,EMRO,1679,898571,0,2302
5/8/2022,AE,United Arab Emirates,EMRO,1455,900026,0,2302
5/15/2022,AE,United Arab Emirates,EMRO,2135,902161,0,2302
5/22/2022,AE,United Arab Emirates,EMRO,2305,904466,0,2302
5/29/2022,AE,United Arab Emirates,EMRO,2603,907069,0,2302
6/5/2022,AE,United Arab Emirates,EMRO,3269,910338,3,2305
6/12/2022,AE,United Arab Emirates,EMRO,5909,916247,0,2305
6/19/2022,AE,United Arab Emirates,EMRO,9651,925898,3,2308
6/26/2022,AE,United Arab Emirates,EMRO,11139,937037,3,2311
7/3/2022,AE,United Arab Emirates,EMRO,12347,949384,6,2317
7/10/2022,AE,United Arab Emirates,EMRO,11961,961345,6,2323
7/17/2022,AE,United Arab Emirates,EMRO,10662,972007,2,2325
7/24/2022,AE,United Arab Emirates,EMRO,9650,981657,6,2331
7/31/2022,AE,United Arab Emirates,EMRO,8743,990400,3,2334
8/7/2022,AE,United Arab Emirates,EMRO,7369,997769,3,2337
8/14/2022,AE,United Arab Emirates,EMRO,6160,1003929,2,2339
8/21/2022,AE,United Arab Emirates,EMRO,5187,1009116,2,2341
8/28/2022,AE,United Arab Emirates,EMRO,4215,1013331,0,2341
9/4/2022,AE,United Arab Emirates,EMRO,3414,1016745,0,2341
9/11/2022,AE,United Arab Emirates,EMRO,2880,1019625,1,2342
9/18/2022,AE,United Arab Emirates,EMRO,2913,1022538,0,2342
9/25/2022,AE,United Arab Emirates,EMRO,2675,1025213,1,2343
10/2/2022,AE,United Arab Emirates,EMRO,2720,1027933,2,2345
10/9/2022,AE,United Arab Emirates,EMRO,2545,1030478,1,2346
10/16/2022,AE,United Arab Emirates,EMRO,2044,1032522,0,2346
10/23/2022,AE,United Arab Emirates,EMRO,2262,1034784,2,2348
10/30/2022,AE,United Arab Emirates,EMRO,2239,1037023,0,2348
11/6/2022,AE,United Arab Emirates,EMRO,2067,1039090,0,2348
11/13/2022,AE,United Arab Emirates,EMRO,1731,1040821,0,2348
11/20/2022,AE,United Arab Emirates,EMRO,1519,1042340,0,2348
11/27/2022,AE,United Arab Emirates,EMRO,1458,1043798,0,2348
12/4/2022,AE,United Arab Emirates,EMRO,906,1044704,0,2348
12/11/2022,AE,United Arab Emirates,EMRO,719,1045423,0,2348
12/18/2022,AE,United Arab Emirates,EMRO,663,1046086,0,2348
12/25/2022,AE,United Arab Emirates,EMRO,463,1046549,0,2348
1/1/2023,AE,United Arab Emirates,EMRO,459,1047008,0,2348
1/8/2023,AE,United Arab Emirates,EMRO,456,1047464,0,2348
1/15/2023,AE,United Arab Emirates,EMRO,556,1048020,0,2348
1/22/2023,AE,United Arab Emirates,EMRO,603,1048623,0,2348
1/29/2023,AE,United Arab Emirates,EMRO,586,1049209,0,2348
2/5/2023,AE,United Arab Emirates,EMRO,520,1049729,0,2348
2/12/2023,AE,United Arab Emirates,EMRO,601,1050330,0,2348
2/19/2023,AE,United Arab Emirates,EMRO,631,1050961,1,2349
2/26/2023,AE,United Arab Emirates,EMRO,771,1051732,0,2349
3/5/2023,AE,United Arab Emirates,EMRO,787,1052519,0,2349
3/12/2023,AE,United Arab Emirates,EMRO,1067,1053586,0,2349
3/19/2023,AE,United Arab Emirates,EMRO,1287,1054873,0,2349
3/26/2023,AE,United Arab Emirates,EMRO,1612,1056485,0,2349
4/2/2023,AE,United Arab Emirates,EMRO,1515,1058000,0,2349
4/9/2023,AE,United Arab Emirates,EMRO,1468,1059468,0,2349
4/16/2023,AE,United Arab Emirates,EMRO,1149,1060617,0,2349
4/23/2023,AE,United Arab Emirates,EMRO,1040,1061657,0,2349
4/30/2023,AE,United Arab Emirates,EMRO,1143,1062800,0,2349
5/7/2023,AE,United Arab Emirates,EMRO,1437,1064237,0,2349
5/14/2023,AE,United Arab Emirates,EMRO,1370,1065607,0,2349
5/21/2023,AE,United Arab Emirates,EMRO,1034,1066641,0,2349
5/28/2023,AE,United Arab Emirates,EMRO,389,1067030,0,2349
6/4/2023,AE,United Arab Emirates,EMRO,0,1067030,0,2349
6/11/2023,AE,United Arab Emirates,EMRO,0,1067030,0,2349
6/18/2023,AE,United Arab Emirates,EMRO,0,1067030,0,2349
6/25/2023,AE,United Arab Emirates,EMRO,0,1067030,0,2349
7/2/2023,AE,United Arab Emirates,EMRO,0,1067030,0,2349
7/9/2023,AE,United Arab Emirates,EMRO,0,1067030,0,2349
7/16/2023,AE,United Arab Emirates,EMRO,0,1067030,0,2349
7/23/2023,AE,United Arab Emirates,EMRO,0,1067030,0,2349
7/30/2023,AE,United Arab Emirates,EMRO,0,1067030,0,2349
8/6/2023,AE,United Arab Emirates,EMRO,0,1067030,0,2349
8/13/2023,AE,United Arab Emirates,EMRO,0,1067030,0,2349
8/20/2023,AE,United Arab Emirates,EMRO,0,1067030,0,2349
8/27/2023,AE,United Arab Emirates,EMRO,0,1067030,0,2349
9/3/2023,AE,United Arab Emirates,EMRO,0,1067030,0,2349
9/10/2023,AE,United Arab Emirates,EMRO,0,1067030,0,2349
9/17/2023,AE,United Arab Emirates,EMRO,0,1067030,0,2349
9/24/2023,AE,United Arab Emirates,EMRO,0,1067030,0,2349
10/1/2023,AE,United Arab Emirates,EMRO,0,1067030,0,2349
10/8/2023,AE,United Arab Emirates,EMRO,0,1067030,0,2349
10/15/2023,AE,United Arab Emirates,EMRO,0,1067030,0,2349
10/22/2023,AE,United Arab Emirates,EMRO,0,1067030,0,2349
10/29/2023,AE,United Arab Emirates,EMRO,0,1067030,0,2349
11/5/2023,AE,United Arab Emirates,EMRO,0,1067030,0,2349
11/12/2023,AE,United Arab Emirates,EMRO,0,1067030,0,2349
11/19/2023,AE,United Arab Emirates,EMRO,0,1067030,0,2349
11/26/2023,AE,United Arab Emirates,EMRO,0,1067030,0,2349
12/3/2023,AE,United Arab Emirates,EMRO,0,1067030,0,2349
12/10/2023,AE,United Arab Emirates,EMRO,0,1067030,0,2349
12/17/2023,AE,United Arab Emirates,EMRO,0,1067030,0,2349
12/24/2023,AE,United Arab Emirates,EMRO,0,1067030,0,2349
1/5/2020,TZ,United Republic of Tanzania,AFRO,0,0,0,0
1/12/2020,TZ,United Republic of Tanzania,AFRO,0,0,0,0
1/19/2020,TZ,United Republic of Tanzania,AFRO,0,0,0,0
1/26/2020,TZ,United Republic of Tanzania,AFRO,0,0,0,0
2/2/2020,TZ,United Republic of Tanzania,AFRO,0,0,0,0
2/9/2020,TZ,United Republic of Tanzania,AFRO,0,0,0,0
2/16/2020,TZ,United Republic of Tanzania,AFRO,0,0,0,0
2/23/2020,TZ,United Republic of Tanzania,AFRO,0,0,0,0
3/1/2020,TZ,United Republic of Tanzania,AFRO,0,0,0,0
3/8/2020,TZ,United Republic of Tanzania,AFRO,0,0,0,0
3/15/2020,TZ,United Republic of Tanzania,AFRO,0,0,0,0
3/22/2020,TZ,United Republic of Tanzania,AFRO,6,6,0,0
3/29/2020,TZ,United Republic of Tanzania,AFRO,8,14,0,0
4/5/2020,TZ,United Republic of Tanzania,AFRO,6,20,1,1
4/12/2020,TZ,United Republic of Tanzania,AFRO,12,32,2,3
4/19/2020,TZ,United Republic of Tanzania,AFRO,116,148,2,5
4/26/2020,TZ,United Republic of Tanzania,AFRO,152,300,5,10
5/3/2020,TZ,United Republic of Tanzania,AFRO,180,480,8,18
5/10/2020,TZ,United Republic of Tanzania,AFRO,29,509,3,21
5/17/2020,TZ,United Republic of Tanzania,AFRO,0,509,0,21
5/24/2020,TZ,United Republic of Tanzania,AFRO,0,509,0,21
5/31/2020,TZ,United Republic of Tanzania,AFRO,0,509,0,21
6/7/2020,TZ,United Republic of Tanzania,AFRO,0,509,0,21
6/14/2020,TZ,United Republic of Tanzania,AFRO,0,509,0,21
6/21/2020,TZ,United Republic of Tanzania,AFRO,0,509,0,21
6/28/2020,TZ,United Republic of Tanzania,AFRO,0,509,0,21
7/5/2020,TZ,United Republic of Tanzania,AFRO,0,509,0,21
7/12/2020,TZ,United Republic of Tanzania,AFRO,0,509,0,21
7/19/2020,TZ,United Republic of Tanzania,AFRO,0,509,0,21
7/26/2020,TZ,United Republic of Tanzania,AFRO,0,509,0,21
8/2/2020,TZ,United Republic of Tanzania,AFRO,0,509,0,21
8/9/2020,TZ,United Republic of Tanzania,AFRO,0,509,0,21
8/16/2020,TZ,United Republic of Tanzania,AFRO,0,509,0,21
8/23/2020,TZ,United Republic of Tanzania,AFRO,0,509,0,21
8/30/2020,TZ,United Republic of Tanzania,AFRO,0,509,0,21
9/6/2020,TZ,United Republic of Tanzania,AFRO,0,509,0,21
9/13/2020,TZ,United Republic of Tanzania,AFRO,0,509,0,21
9/20/2020,TZ,United Republic of Tanzania,AFRO,0,509,0,21
9/27/2020,TZ,United Republic of Tanzania,AFRO,0,509,0,21
10/4/2020,TZ,United Republic of Tanzania,AFRO,0,509,0,21
10/11/2020,TZ,United Republic of Tanzania,AFRO,0,509,0,21
10/18/2020,TZ,United Republic of Tanzania,AFRO,0,509,0,21
10/25/2020,TZ,United Republic of Tanzania,AFRO,0,509,0,21
11/1/2020,TZ,United Republic of Tanzania,AFRO,0,509,0,21
11/8/2020,TZ,United Republic of Tanzania,AFRO,0,509,0,21
11/15/2020,TZ,United Republic of Tanzania,AFRO,0,509,0,21
11/22/2020,TZ,United Republic of Tanzania,AFRO,0,509,0,21
11/29/2020,TZ,United Republic of Tanzania,AFRO,0,509,0,21
12/6/2020,TZ,United Republic of Tanzania,AFRO,0,509,0,21
12/13/2020,TZ,United Republic of Tanzania,AFRO,0,509,0,21
12/20/2020,TZ,United Republic of Tanzania,AFRO,0,509,0,21
12/27/2020,TZ,United Republic of Tanzania,AFRO,0,509,0,21
1/3/2021,TZ,United Republic of Tanzania,AFRO,0,509,0,21
1/10/2021,TZ,United Republic of Tanzania,AFRO,0,509,0,21
1/17/2021,TZ,United Republic of Tanzania,AFRO,0,509,0,21
1/24/2021,TZ,United Republic of Tanzania,AFRO,0,509,0,21
1/31/2021,TZ,United Republic of Tanzania,AFRO,0,509,0,21
2/7/2021,TZ,United Republic of Tanzania,AFRO,0,509,0,21
2/14/2021,TZ,United Republic of Tanzania,AFRO,0,509,0,21
2/21/2021,TZ,United Republic of Tanzania,AFRO,0,509,0,21
2/28/2021,TZ,United Republic of Tanzania,AFRO,0,509,0,21
3/7/2021,TZ,United Republic of Tanzania,AFRO,0,509,0,21
3/14/2021,TZ,United Republic of Tanzania,AFRO,0,509,0,21
3/21/2021,TZ,United Republic of Tanzania,AFRO,0,509,0,21
3/28/2021,TZ,United Republic of Tanzania,AFRO,0,509,0,21
4/4/2021,TZ,United Republic of Tanzania,AFRO,0,509,0,21
4/11/2021,TZ,United Republic of Tanzania,AFRO,0,509,0,21
4/18/2021,TZ,United Republic of Tanzania,AFRO,0,509,0,21
4/25/2021,TZ,United Republic of Tanzania,AFRO,0,509,0,21
5/2/2021,TZ,United Republic of Tanzania,AFRO,0,509,0,21
5/9/2021,TZ,United Republic of Tanzania,AFRO,0,509,0,21
5/16/2021,TZ,United Republic of Tanzania,AFRO,0,509,0,21
5/23/2021,TZ,United Republic of Tanzania,AFRO,0,509,0,21
5/30/2021,TZ,United Republic of Tanzania,AFRO,0,509,0,21
6/6/2021,TZ,United Republic of Tanzania,AFRO,0,509,0,21
6/13/2021,TZ,United Republic of Tanzania,AFRO,0,509,0,21
6/20/2021,TZ,United Republic of Tanzania,AFRO,0,509,0,21
6/27/2021,TZ,United Republic of Tanzania,AFRO,0,509,0,21
7/4/2021,TZ,United Republic of Tanzania,AFRO,100,609,0,21
7/11/2021,TZ,United Republic of Tanzania,AFRO,0,609,0,21
7/18/2021,TZ,United Republic of Tanzania,AFRO,408,1017,0,21
7/25/2021,TZ,United Republic of Tanzania,AFRO,350,1367,29,50
8/1/2021,TZ,United Republic of Tanzania,AFRO,0,1367,0,50
8/8/2021,TZ,United Republic of Tanzania,AFRO,20607,21974,553,603
8/15/2021,TZ,United Republic of Tanzania,AFRO,1403,23377,28,631
8/22/2021,TZ,United Republic of Tanzania,AFRO,855,24232,27,658
8/29/2021,TZ,United Republic of Tanzania,AFRO,603,24835,20,678
9/5/2021,TZ,United Republic of Tanzania,AFRO,466,25301,17,695
9/12/2021,TZ,United Republic of Tanzania,AFRO,213,25514,9,704
9/19/2021,TZ,United Republic of Tanzania,AFRO,195,25709,11,715
9/26/2021,TZ,United Republic of Tanzania,AFRO,137,25846,4,719
10/3/2021,TZ,United Republic of Tanzania,AFRO,111,25957,4,723
10/10/2021,TZ,United Republic of Tanzania,AFRO,77,26034,1,724
10/17/2021,TZ,United Republic of Tanzania,AFRO,81,26115,1,725
10/24/2021,TZ,United Republic of Tanzania,AFRO,39,26154,0,725
10/31/2021,TZ,United Republic of Tanzania,AFRO,42,26196,0,725
11/7/2021,TZ,United Republic of Tanzania,AFRO,12,26208,0,725
11/14/2021,TZ,United Republic of Tanzania,AFRO,19,26227,2,727
11/21/2021,TZ,United Republic of Tanzania,AFRO,34,26261,3,730
11/28/2021,TZ,United Republic of Tanzania,AFRO,9,26270,0,730
12/5/2021,TZ,United Republic of Tanzania,AFRO,39,26309,4,734
12/12/2021,TZ,United Republic of Tanzania,AFRO,174,26483,0,734
12/19/2021,TZ,United Republic of Tanzania,AFRO,0,26483,0,734
12/26/2021,TZ,United Republic of Tanzania,AFRO,2823,29306,3,737
1/2/2022,TZ,United Republic of Tanzania,AFRO,1258,30564,3,740
1/9/2022,TZ,United Republic of Tanzania,AFRO,831,31395,5,745
1/16/2022,TZ,United Republic of Tanzania,AFRO,998,32393,8,753
1/23/2022,TZ,United Republic of Tanzania,AFRO,527,32920,25,778
1/30/2022,TZ,United Republic of Tanzania,AFRO,310,33230,11,789
2/6/2022,TZ,United Republic of Tanzania,AFRO,206,33436,3,792
2/13/2022,TZ,United Republic of Tanzania,AFRO,113,33549,4,796
2/20/2022,TZ,United Republic of Tanzania,AFRO,71,33620,2,798
2/27/2022,TZ,United Republic of Tanzania,AFRO,0,33620,0,798
3/6/2022,TZ,United Republic of Tanzania,AFRO,106,33726,2,800
3/13/2022,TZ,United Republic of Tanzania,AFRO,47,33773,0,800
3/20/2022,TZ,United Republic of Tanzania,AFRO,24,33797,0,800
3/27/2022,TZ,United Republic of Tanzania,AFRO,18,33815,0,800
4/3/2022,TZ,United Republic of Tanzania,AFRO,21,33836,3,803
4/10/2022,TZ,United Republic of Tanzania,AFRO,15,33851,0,803
4/17/2022,TZ,United Republic of Tanzania,AFRO,13,33864,0,803
4/24/2022,TZ,United Republic of Tanzania,AFRO,8,33872,0,803
5/1/2022,TZ,United Republic of Tanzania,AFRO,32,33904,0,803
5/8/2022,TZ,United Republic of Tanzania,AFRO,737,34641,37,840
5/15/2022,TZ,United Republic of Tanzania,AFRO,41,34682,0,840
5/22/2022,TZ,United Republic of Tanzania,AFRO,83,34765,0,840
5/29/2022,TZ,United Republic of Tanzania,AFRO,71,34836,0,840
6/5/2022,TZ,United Republic of Tanzania,AFRO,152,34988,0,840
6/12/2022,TZ,United Republic of Tanzania,AFRO,171,35159,0,840
6/19/2022,TZ,United Republic of Tanzania,AFRO,207,35366,1,841
6/26/2022,TZ,United Republic of Tanzania,AFRO,402,35768,0,841
7/3/2022,TZ,United Republic of Tanzania,AFRO,406,36174,0,841
7/10/2022,TZ,United Republic of Tanzania,AFRO,346,36520,0,841
7/17/2022,TZ,United Republic of Tanzania,AFRO,366,36886,0,841
7/24/2022,TZ,United Republic of Tanzania,AFRO,443,37329,0,841
7/31/2022,TZ,United Republic of Tanzania,AFRO,536,37865,0,841
8/7/2022,TZ,United Republic of Tanzania,AFRO,340,38205,0,841
8/14/2022,TZ,United Republic of Tanzania,AFRO,249,38454,0,841
8/21/2022,TZ,United Republic of Tanzania,AFRO,258,38712,0,841
8/28/2022,TZ,United Republic of Tanzania,AFRO,239,38951,4,845
9/4/2022,TZ,United Republic of Tanzania,AFRO,227,39178,0,845
9/11/2022,TZ,United Republic of Tanzania,AFRO,85,39263,0,845
9/18/2022,TZ,United Republic of Tanzania,AFRO,88,39351,0,845
9/25/2022,TZ,United Republic of Tanzania,AFRO,99,39450,0,845
10/2/2022,TZ,United Republic of Tanzania,AFRO,73,39523,0,845
10/9/2022,TZ,United Republic of Tanzania,AFRO,166,39689,0,845
10/16/2022,TZ,United Republic of Tanzania,AFRO,125,39814,0,845
10/23/2022,TZ,United Republic of Tanzania,AFRO,471,40285,0,845
10/30/2022,TZ,United Republic of Tanzania,AFRO,0,40285,0,845
11/6/2022,TZ,United Republic of Tanzania,AFRO,1134,41419,0,845
11/13/2022,TZ,United Republic of Tanzania,AFRO,243,41662,0,845
11/20/2022,TZ,United Republic of Tanzania,AFRO,0,41662,0,845
11/27/2022,TZ,United Republic of Tanzania,AFRO,185,41847,0,845
12/4/2022,TZ,United Republic of Tanzania,AFRO,150,41997,0,845
12/11/2022,TZ,United Republic of Tanzania,AFRO,114,42111,0,845
12/18/2022,TZ,United Republic of Tanzania,AFRO,117,42228,0,845
12/25/2022,TZ,United Republic of Tanzania,AFRO,123,42351,0,845
1/1/2023,TZ,United Republic of Tanzania,AFRO,45,42396,0,845
1/8/2023,TZ,United Republic of Tanzania,AFRO,71,42467,1,846
1/15/2023,TZ,United Republic of Tanzania,AFRO,63,42530,0,846
1/22/2023,TZ,United Republic of Tanzania,AFRO,70,42600,0,846
1/29/2023,TZ,United Republic of Tanzania,AFRO,64,42664,0,846
2/5/2023,TZ,United Republic of Tanzania,AFRO,53,42717,0,846
2/12/2023,TZ,United Republic of Tanzania,AFRO,58,42775,0,846
2/19/2023,TZ,United Republic of Tanzania,AFRO,48,42823,0,846
2/26/2023,TZ,United Republic of Tanzania,AFRO,23,42846,0,846
3/5/2023,TZ,United Republic of Tanzania,AFRO,60,42906,0,846
3/12/2023,TZ,United Republic of Tanzania,AFRO,21,42927,0,846
3/19/2023,TZ,United Republic of Tanzania,AFRO,15,42942,0,846
3/26/2023,TZ,United Republic of Tanzania,AFRO,17,42959,0,846
4/2/2023,TZ,United Republic of Tanzania,AFRO,14,42973,0,846
4/9/2023,TZ,United Republic of Tanzania,AFRO,25,42998,0,846
4/16/2023,TZ,United Republic of Tanzania,AFRO,25,43023,0,846
4/23/2023,TZ,United Republic of Tanzania,AFRO,25,43048,0,846
4/30/2023,TZ,United Republic of Tanzania,AFRO,30,43078,0,846
5/7/2023,TZ,United Republic of Tanzania,AFRO,0,43078,0,846
5/14/2023,TZ,United Republic of Tanzania,AFRO,0,43078,0,846
5/21/2023,TZ,United Republic of Tanzania,AFRO,0,43078,0,846
5/28/2023,TZ,United Republic of Tanzania,AFRO,0,43078,0,846
6/4/2023,TZ,United Republic of Tanzania,AFRO,0,43078,0,846
6/11/2023,TZ,United Republic of Tanzania,AFRO,0,43078,0,846
6/18/2023,TZ,United Republic of Tanzania,AFRO,0,43078,0,846
6/25/2023,TZ,United Republic of Tanzania,AFRO,0,43078,0,846
7/2/2023,TZ,United Republic of Tanzania,AFRO,0,43078,0,846
7/9/2023,TZ,United Republic of Tanzania,AFRO,0,43078,0,846
7/16/2023,TZ,United Republic of Tanzania,AFRO,0,43078,0,846
7/23/2023,TZ,United Republic of Tanzania,AFRO,0,43078,0,846
7/30/2023,TZ,United Republic of Tanzania,AFRO,0,43078,0,846
8/6/2023,TZ,United Republic of Tanzania,AFRO,0,43078,0,846
8/13/2023,TZ,United Republic of Tanzania,AFRO,0,43078,0,846
8/20/2023,TZ,United Republic of Tanzania,AFRO,0,43078,0,846
8/27/2023,TZ,United Republic of Tanzania,AFRO,0,43078,0,846
9/3/2023,TZ,United Republic of Tanzania,AFRO,0,43078,0,846
9/10/2023,TZ,United Republic of Tanzania,AFRO,0,43078,0,846
9/17/2023,TZ,United Republic of Tanzania,AFRO,0,43078,0,846
9/24/2023,TZ,United Republic of Tanzania,AFRO,0,43078,0,846
10/1/2023,TZ,United Republic of Tanzania,AFRO,0,43078,0,846
10/8/2023,TZ,United Republic of Tanzania,AFRO,6,43084,0,846
10/15/2023,TZ,United Republic of Tanzania,AFRO,24,43108,0,846
10/22/2023,TZ,United Republic of Tanzania,AFRO,2,43110,0,846
10/29/2023,TZ,United Republic of Tanzania,AFRO,5,43115,0,846
11/5/2023,TZ,United Republic of Tanzania,AFRO,2,43117,0,846
11/12/2023,TZ,United Republic of Tanzania,AFRO,0,43117,0,846
11/19/2023,TZ,United Republic of Tanzania,AFRO,10,43127,0,846
11/26/2023,TZ,United Republic of Tanzania,AFRO,31,43158,0,846
12/3/2023,TZ,United Republic of Tanzania,AFRO,33,43191,0,846
12/10/2023,TZ,United Republic of Tanzania,AFRO,32,43223,0,846
12/17/2023,TZ,United Republic of Tanzania,AFRO,0,43223,0,846
12/24/2023,TZ,United Republic of Tanzania,AFRO,0,43223,0,846
1/5/2020,US,United States of America,AMRO,0,0,0,0
1/12/2020,US,United States of America,AMRO,0,0,0,0
1/19/2020,US,United States of America,AMRO,0,0,0,0
1/26/2020,US,United States of America,AMRO,7,7,0,0
2/2/2020,US,United States of America,AMRO,2,9,0,0
2/9/2020,US,United States of America,AMRO,11,20,0,0
2/16/2020,US,United States of America,AMRO,4,24,0,0
2/23/2020,US,United States of America,AMRO,16,40,0,0
3/1/2020,US,United States of America,AMRO,33,73,1,1
3/8/2020,US,United States of America,AMRO,391,464,18,19
3/15/2020,US,United States of America,AMRO,3465,3929,50,69
3/22/2020,US,United States of America,AMRO,27486,31415,305,374
3/29/2020,US,United States of America,AMRO,94894,126309,1732,2106
4/5/2020,US,United States of America,AMRO,176151,302460,6642,8748
4/12/2020,US,United States of America,AMRO,219172,521632,13889,22637
4/19/2020,US,United States of America,AMRO,196150,717782,15898,38535
4/26/2020,US,United States of America,AMRO,205165,922947,14899,53434
5/3/2020,US,United States of America,AMRO,198436,1121383,13635,67069
5/10/2020,US,United States of America,AMRO,182246,1303629,12758,79827
5/17/2020,US,United States of America,AMRO,169032,1472661,10130,89957
5/24/2020,US,United States of America,AMRO,166325,1638986,8558,98515
5/31/2020,US,United States of America,AMRO,146436,1785422,6810,105325
6/7/2020,US,United States of America,AMRO,149780,1935202,5987,111312
6/14/2020,US,United States of America,AMRO,151876,2087078,5370,116682
6/21/2020,US,United States of America,AMRO,180021,2267099,4455,121137
6/28/2020,US,United States of America,AMRO,258278,2525377,6081,127218
7/5/2020,US,United States of America,AMRO,342166,2867543,4451,131669
7/12/2020,US,United States of America,AMRO,392205,3259748,5529,137198
7/19/2020,US,United States of America,AMRO,466267,3726015,6666,143864
7/26/2020,US,United States of America,AMRO,467901,4193916,7726,151590
8/2/2020,US,United States of America,AMRO,431250,4625166,8146,159736
8/9/2020,US,United States of America,AMRO,375909,5001075,7799,167535
8/16/2020,US,United States of America,AMRO,362662,5363737,7404,174939
8/23/2020,US,United States of America,AMRO,315788,5679525,6677,181616
8/30/2020,US,United States of America,AMRO,294946,5974471,6343,187959
9/6/2020,US,United States of America,AMRO,295253,6269724,5705,193664
9/13/2020,US,United States of America,AMRO,245621,6515345,4977,198641
9/20/2020,US,United States of America,AMRO,280977,6796322,5176,203817
9/27/2020,US,United States of America,AMRO,304774,7101096,4776,208593
10/4/2020,US,United States of America,AMRO,298348,7399444,4687,213280
10/11/2020,US,United States of America,AMRO,334249,7733693,4615,217895
10/18/2020,US,United States of America,AMRO,387634,8121327,4801,222696
10/25/2020,US,United States of America,AMRO,449438,8570765,5723,228419
11/1/2020,US,United States of America,AMRO,559394,9130159,6096,234515
11/8/2020,US,United States of America,AMRO,790094,9920253,7204,241719
11/15/2020,US,United States of America,AMRO,1004845,10925098,8717,250436
11/22/2020,US,United States of America,AMRO,1175483,12100581,10820,261256
11/29/2020,US,United States of America,AMRO,1162401,13262982,11950,273206
12/6/2020,US,United States of America,AMRO,1280932,14543914,14801,288007
12/13/2020,US,United States of America,AMRO,1468482,16012396,17714,305721
12/20/2020,US,United States of America,AMRO,1517928,17530324,18866,324587
12/27/2020,US,United States of America,AMRO,1360122,18890446,18333,342920
1/3/2021,US,United States of America,AMRO,1380995,20271441,19650,362570
1/10/2021,US,United States of America,AMRO,1667151,21938592,21497,384067
1/17/2021,US,United States of America,AMRO,1589955,23528547,23312,407379
1/24/2021,US,United States of America,AMRO,1265861,24794408,22495,429874
1/31/2021,US,United States of America,AMRO,1068625,25863033,22249,452123
2/7/2021,US,United States of America,AMRO,857250,26720283,20100,472223
2/14/2021,US,United States of America,AMRO,670572,27390855,19838,492061
2/21/2021,US,United States of America,AMRO,473485,27864340,14432,506493
2/28/2021,US,United States of America,AMRO,465751,28330091,13360,519853
3/7/2021,US,United States of America,AMRO,420739,28750830,10446,530299
3/14/2021,US,United States of America,AMRO,384000,29134830,8559,538858
3/21/2021,US,United States of America,AMRO,379551,29514381,6264,545122
3/28/2021,US,United States of America,AMRO,417818,29932199,6111,551233
4/4/2021,US,United States of America,AMRO,449960,30382159,5352,556585
4/11/2021,US,United States of America,AMRO,455950,30838109,4903,561488
4/18/2021,US,United States of America,AMRO,467217,31305326,4875,566363
4/25/2021,US,United States of America,AMRO,406095,31711421,4721,571084
5/2/2021,US,United States of America,AMRO,338407,32049828,4493,575577
5/9/2021,US,United States of America,AMRO,292324,32342152,4451,580028
5/16/2021,US,United States of America,AMRO,233350,32575502,3973,584001
5/23/2021,US,United States of America,AMRO,181609,32757111,3624,587625
5/30/2021,US,United States of America,AMRO,147811,32904922,3534,591159
6/6/2021,US,United States of America,AMRO,99112,33004034,2675,593834
6/13/2021,US,United States of America,AMRO,99565,33103599,2624,596458
6/20/2021,US,United States of America,AMRO,80627,33184226,1762,598220
6/27/2021,US,United States of America,AMRO,87637,33271863,2101,600321
7/4/2021,US,United States of America,AMRO,97037,33368900,1717,602038
7/11/2021,US,United States of America,AMRO,286510,33655410,1509,603547
7/18/2021,US,United States of America,AMRO,222579,33877989,1931,605478
7/25/2021,US,United States of America,AMRO,359027,34237016,2084,607562
8/1/2021,US,United States of America,AMRO,547086,34784102,2927,610489
8/8/2021,US,United States of America,AMRO,743056,35527158,4453,614942
8/15/2021,US,United States of America,AMRO,886464,36413622,5637,620579
8/22/2021,US,United States of America,AMRO,1019966,37433588,8055,628634
8/29/2021,US,United States of America,AMRO,1094890,38528478,10183,638817
9/5/2021,US,United States of America,AMRO,1144251,39672729,11709,650526
9/12/2021,US,United States of America,AMRO,1022570,40695299,12085,662611
9/19/2021,US,United States of America,AMRO,1037454,41732753,13590,676201
9/26/2021,US,United States of America,AMRO,852294,42585047,13384,689585
10/3/2021,US,United States of America,AMRO,755688,43340735,12992,702577
10/10/2021,US,United States of America,AMRO,681984,44022719,11684,714261
10/17/2021,US,United States of America,AMRO,582237,44604956,10462,724723
10/24/2021,US,United States of America,AMRO,508543,45113499,11091,735814
10/31/2021,US,United States of America,AMRO,526186,45639685,8915,744729
11/7/2021,US,United States of America,AMRO,510211,46149896,7407,752136
11/14/2021,US,United States of America,AMRO,557180,46707076,7529,759665
11/21/2021,US,United States of America,AMRO,676876,47383952,10276,769941
11/28/2021,US,United States of America,AMRO,592394,47976346,5690,775631
12/5/2021,US,United States of America,AMRO,751017,48727363,8304,783935
12/12/2021,US,United States of America,AMRO,834969,49562332,8586,792521
12/19/2021,US,United States of America,AMRO,899109,50461441,9065,801586
12/26/2021,US,United States of America,AMRO,1417419,51878860,11001,812587
1/2/2022,US,United States of America,AMRO,2712038,54590898,9146,821733
1/9/2022,US,United States of America,AMRO,4682897,59273795,11716,833449
1/16/2022,US,United States of America,AMRO,5650933,64924728,14380,847829
1/23/2022,US,United States of America,AMRO,5042888,69967616,16308,864137
1/30/2022,US,United States of America,AMRO,3789262,73756878,18403,882540
2/6/2022,US,United States of America,AMRO,2188710,75945588,18654,901194
2/13/2022,US,United States of America,AMRO,1222112,77167700,17550,918744
2/20/2022,US,United States of America,AMRO,708156,77875856,15372,934116
2/27/2022,US,United States of America,AMRO,458272,78334128,13046,947162
3/6/2022,US,United States of America,AMRO,332509,78666637,9678,956840
3/13/2022,US,United States of America,AMRO,234332,78900969,8606,965446
3/20/2022,US,United States of America,AMRO,208740,79109709,3245,968691
3/27/2022,US,United States of America,AMRO,193469,79303178,4991,973682
4/3/2022,US,United States of America,AMRO,194464,79497642,4172,977854
4/10/2022,US,United States of America,AMRO,201192,79698834,3467,981321
4/17/2022,US,United States of America,AMRO,247939,79946773,3123,984444
4/24/2022,US,United States of America,AMRO,300721,80247494,2443,986887
5/1/2022,US,United States of America,AMRO,378549,80626043,2242,989129
5/8/2022,US,United States of America,AMRO,465658,81091701,2641,991770
5/15/2022,US,United States of America,AMRO,604955,81696656,1966,993736
5/22/2022,US,United States of America,AMRO,734495,82431151,2081,995817
5/29/2022,US,United States of America,AMRO,740720,83171871,2629,998446
6/5/2022,US,United States of America,AMRO,675627,83847498,1979,1000425
6/12/2022,US,United States of America,AMRO,741044,84588542,2284,1002709
6/19/2022,US,United States of America,AMRO,672256,85260798,2202,1004911
6/26/2022,US,United States of America,AMRO,709637,85970435,2501,1007412
7/3/2022,US,United States of America,AMRO,773772,86744207,2642,1010054
7/10/2022,US,United States of America,AMRO,743769,87487976,2454,1012508
7/17/2022,US,United States of America,AMRO,888229,88376205,2785,1015293
7/24/2022,US,United States of America,AMRO,908695,89284900,3187,1018480
7/31/2022,US,United States of America,AMRO,947983,90232883,3113,1021593
8/7/2022,US,United States of America,AMRO,788051,91020934,3261,1024854
8/14/2022,US,United States of America,AMRO,701618,91722552,3442,1028296
8/21/2022,US,United States of America,AMRO,644925,92367477,3231,1031527
8/28/2022,US,United States of America,AMRO,610329,92977806,3221,1034748
9/4/2022,US,United States of America,AMRO,580363,93558169,3090,1037838
9/11/2022,US,United States of America,AMRO,449509,94007678,2625,1040463
9/18/2022,US,United States of America,AMRO,406901,94414579,2899,1043362
9/25/2022,US,United States of America,AMRO,368725,94783304,2705,1046067
10/2/2022,US,United States of America,AMRO,321234,95104538,2982,1049049
10/9/2022,US,United States of America,AMRO,280584,95385122,2560,1051609
10/16/2022,US,United States of America,AMRO,251280,95636402,2274,1053883
10/23/2022,US,United States of America,AMRO,283734,95920136,2955,1056838
10/30/2022,US,United States of America,AMRO,255156,96175292,3081,1059919
11/6/2022,US,United States of America,AMRO,267304,96442596,2463,1062382
11/13/2022,US,United States of America,AMRO,282897,96725493,2290,1064672
11/20/2022,US,United States of America,AMRO,274984,97000477,2202,1066874
11/27/2022,US,United States of America,AMRO,300171,97300648,2619,1069493
12/4/2022,US,United States of America,AMRO,302599,97603247,1763,1071256
12/11/2022,US,United States of America,AMRO,462223,98065470,3035,1074291
12/18/2022,US,United States of America,AMRO,446014,98511484,2652,1076943
12/25/2022,US,United States of America,AMRO,508009,99019493,3033,1079976
1/1/2023,US,United States of America,AMRO,392203,99411696,2480,1082456
1/8/2023,US,United States of America,AMRO,471714,99883410,2764,1085220
1/15/2023,US,United States of America,AMRO,448092,100331502,4407,1089627
1/22/2023,US,United States of America,AMRO,308025,100639527,3664,1093291
1/29/2023,US,United States of America,AMRO,294867,100934394,3743,1097034
2/5/2023,US,United States of America,AMRO,285402,101219796,3452,1100486
2/12/2023,US,United States of America,AMRO,278228,101498024,3440,1103926
2/19/2023,US,United States of America,AMRO,254372,101752396,2857,1106783
2/26/2023,US,United States of America,AMRO,267168,102019564,2362,1109145
3/5/2023,US,United States of America,AMRO,227828,102247392,2197,1111342
3/12/2023,US,United States of America,AMRO,170593,102417985,1887,1113229
3/19/2023,US,United States of America,AMRO,126613,102544598,1741,1114970
3/26/2023,US,United States of America,AMRO,152968,102697566,2084,1117054
4/2/2023,US,United States of America,AMRO,176358,102873924,1746,1118800
4/9/2023,US,United States of America,AMRO,103472,102977396,1729,1120529
4/16/2023,US,United States of America,AMRO,104057,103081453,1290,1121819
4/23/2023,US,United States of America,AMRO,98467,103179920,1198,1123017
4/30/2023,US,United States of America,AMRO,86484,103266404,1046,1124063
5/7/2023,US,United States of America,AMRO,77165,103343569,1146,1125209
5/14/2023,US,United States of America,AMRO,93260,103436829,1943,1127152
5/21/2023,US,United States of America,AMRO,0,103436829,755,1127907
5/28/2023,US,United States of America,AMRO,0,103436829,735,1128642
6/4/2023,US,United States of America,AMRO,0,103436829,683,1129325
6/11/2023,US,United States of America,AMRO,0,103436829,628,1129953
6/18/2023,US,United States of America,AMRO,0,103436829,604,1130557
6/25/2023,US,United States of America,AMRO,0,103436829,573,1131130
7/2/2023,US,United States of America,AMRO,0,103436829,536,1131666
7/9/2023,US,United States of America,AMRO,0,103436829,482,1132148
7/16/2023,US,United States of America,AMRO,0,103436829,505,1132653
7/23/2023,US,United States of America,AMRO,0,103436829,531,1133184
7/30/2023,US,United States of America,AMRO,0,103436829,536,1133720
8/6/2023,US,United States of America,AMRO,0,103436829,661,1134381
8/13/2023,US,United States of America,AMRO,0,103436829,741,1135122
8/20/2023,US,United States of America,AMRO,0,103436829,896,1136018
8/27/2023,US,United States of America,AMRO,0,103436829,1019,1137037
9/3/2023,US,United States of America,AMRO,0,103436829,1146,1138183
9/10/2023,US,United States of America,AMRO,0,103436829,1259,1139442
9/17/2023,US,United States of America,AMRO,0,103436829,1324,1140766
9/24/2023,US,United States of America,AMRO,0,103436829,1311,1142077
10/1/2023,US,United States of America,AMRO,0,103436829,1254,1143331
10/8/2023,US,United States of America,AMRO,0,103436829,972,1144303
10/15/2023,US,United States of America,AMRO,0,103436829,574,1144877
10/22/2023,US,United States of America,AMRO,0,103436829,0,1144877
10/29/2023,US,United States of America,AMRO,0,103436829,0,1144877
11/5/2023,US,United States of America,AMRO,0,103436829,0,1144877
11/12/2023,US,United States of America,AMRO,0,103436829,0,1144877
11/19/2023,US,United States of America,AMRO,0,103436829,0,1144877
11/26/2023,US,United States of America,AMRO,0,103436829,0,1144877
12/3/2023,US,United States of America,AMRO,0,103436829,0,1144877
12/10/2023,US,United States of America,AMRO,0,103436829,0,1144877
12/17/2023,US,United States of America,AMRO,0,103436829,0,1144877
12/24/2023,US,United States of America,AMRO,0,103436829,0,1144877
1/5/2020,VI,United States Virgin Islands,AMRO,0,0,0,0
1/12/2020,VI,United States Virgin Islands,AMRO,0,0,0,0
1/19/2020,VI,United States Virgin Islands,AMRO,0,0,0,0
1/26/2020,VI,United States Virgin Islands,AMRO,0,0,0,0
2/2/2020,VI,United States Virgin Islands,AMRO,0,0,0,0
2/9/2020,VI,United States Virgin Islands,AMRO,0,0,0,0
2/16/2020,VI,United States Virgin Islands,AMRO,0,0,0,0
2/23/2020,VI,United States Virgin Islands,AMRO,0,0,0,0
3/1/2020,VI,United States Virgin Islands,AMRO,0,0,0,0
3/8/2020,VI,United States Virgin Islands,AMRO,0,0,0,0
3/15/2020,VI,United States Virgin Islands,AMRO,0,0,0,0
3/22/2020,VI,United States Virgin Islands,AMRO,6,6,0,0
3/29/2020,VI,United States Virgin Islands,AMRO,11,17,0,0
4/5/2020,VI,United States Virgin Islands,AMRO,23,40,0,0
4/12/2020,VI,United States Virgin Islands,AMRO,11,51,1,1
4/19/2020,VI,United States Virgin Islands,AMRO,2,53,2,3
4/26/2020,VI,United States Virgin Islands,AMRO,2,55,0,3
5/3/2020,VI,United States Virgin Islands,AMRO,11,66,1,4
5/10/2020,VI,United States Virgin Islands,AMRO,2,68,0,4
5/17/2020,VI,United States Virgin Islands,AMRO,1,69,2,6
5/24/2020,VI,United States Virgin Islands,AMRO,0,69,0,6
5/31/2020,VI,United States Virgin Islands,AMRO,0,69,0,6
6/7/2020,VI,United States Virgin Islands,AMRO,2,71,0,6
6/14/2020,VI,United States Virgin Islands,AMRO,1,72,0,6
6/21/2020,VI,United States Virgin Islands,AMRO,2,74,0,6
6/28/2020,VI,United States Virgin Islands,AMRO,7,81,0,6
7/5/2020,VI,United States Virgin Islands,AMRO,30,111,0,6
7/12/2020,VI,United States Virgin Islands,AMRO,56,167,0,6
7/19/2020,VI,United States Virgin Islands,AMRO,116,283,0,6
7/26/2020,VI,United States Virgin Islands,AMRO,69,352,1,7
8/2/2020,VI,United States Virgin Islands,AMRO,69,421,1,8
8/9/2020,VI,United States Virgin Islands,AMRO,107,528,1,9
8/16/2020,VI,United States Virgin Islands,AMRO,206,734,0,9
8/23/2020,VI,United States Virgin Islands,AMRO,198,932,1,10
8/30/2020,VI,United States Virgin Islands,AMRO,186,1118,4,14
9/6/2020,VI,United States Virgin Islands,AMRO,49,1167,2,16
9/13/2020,VI,United States Virgin Islands,AMRO,44,1211,3,19
9/20/2020,VI,United States Virgin Islands,AMRO,31,1242,0,19
9/27/2020,VI,United States Virgin Islands,AMRO,54,1296,0,19
10/4/2020,VI,United States Virgin Islands,AMRO,30,1326,1,20
10/11/2020,VI,United States Virgin Islands,AMRO,-2,1324,0,20
10/18/2020,VI,United States Virgin Islands,AMRO,5,1329,1,21
10/25/2020,VI,United States Virgin Islands,AMRO,17,1346,0,21
11/1/2020,VI,United States Virgin Islands,AMRO,30,1376,0,21
11/8/2020,VI,United States Virgin Islands,AMRO,14,1390,2,23
11/15/2020,VI,United States Virgin Islands,AMRO,44,1434,0,23
11/22/2020,VI,United States Virgin Islands,AMRO,57,1491,0,23
11/29/2020,VI,United States Virgin Islands,AMRO,47,1538,0,23
12/6/2020,VI,United States Virgin Islands,AMRO,95,1633,0,23
12/13/2020,VI,United States Virgin Islands,AMRO,158,1791,0,23
12/20/2020,VI,United States Virgin Islands,AMRO,119,1910,0,23
12/27/2020,VI,United States Virgin Islands,AMRO,69,1979,0,23
1/3/2021,VI,United States Virgin Islands,AMRO,57,2036,0,23
1/10/2021,VI,United States Virgin Islands,AMRO,107,2143,1,24
1/17/2021,VI,United States Virgin Islands,AMRO,109,2252,0,24
1/24/2021,VI,United States Virgin Islands,AMRO,83,2335,0,24
1/31/2021,VI,United States Virgin Islands,AMRO,63,2398,0,24
2/7/2021,VI,United States Virgin Islands,AMRO,51,2449,0,24
2/14/2021,VI,United States Virgin Islands,AMRO,75,2524,1,25
2/21/2021,VI,United States Virgin Islands,AMRO,51,2575,0,25
2/28/2021,VI,United States Virgin Islands,AMRO,71,2646,0,25
3/7/2021,VI,United States Virgin Islands,AMRO,68,2714,0,25
3/14/2021,VI,United States Virgin Islands,AMRO,53,2767,0,25
3/21/2021,VI,United States Virgin Islands,AMRO,47,2814,0,25
3/28/2021,VI,United States Virgin Islands,AMRO,87,2901,1,26
4/4/2021,VI,United States Virgin Islands,AMRO,30,2931,0,26
4/11/2021,VI,United States Virgin Islands,AMRO,40,2971,0,26
4/18/2021,VI,United States Virgin Islands,AMRO,68,3039,1,27
4/25/2021,VI,United States Virgin Islands,AMRO,41,3080,0,27
5/2/2021,VI,United States Virgin Islands,AMRO,45,3125,0,27
5/9/2021,VI,United States Virgin Islands,AMRO,85,3210,0,27
5/16/2021,VI,United States Virgin Islands,AMRO,57,3267,0,27
5/23/2021,VI,United States Virgin Islands,AMRO,79,3346,0,27
5/30/2021,VI,United States Virgin Islands,AMRO,119,3465,0,27
6/6/2021,VI,United States Virgin Islands,AMRO,95,3560,1,28
6/13/2021,VI,United States Virgin Islands,AMRO,130,3690,0,28
6/20/2021,VI,United States Virgin Islands,AMRO,78,3768,2,30
6/27/2021,VI,United States Virgin Islands,AMRO,71,3839,0,30
7/4/2021,VI,United States Virgin Islands,AMRO,63,3902,0,30
7/11/2021,VI,United States Virgin Islands,AMRO,103,4005,2,32
7/18/2021,VI,United States Virgin Islands,AMRO,155,4160,0,32
7/25/2021,VI,United States Virgin Islands,AMRO,176,4336,3,35
8/1/2021,VI,United States Virgin Islands,AMRO,293,4629,2,37
8/8/2021,VI,United States Virgin Islands,AMRO,278,4907,3,40
8/15/2021,VI,United States Virgin Islands,AMRO,335,5242,1,41
8/22/2021,VI,United States Virgin Islands,AMRO,352,5594,4,45
8/29/2021,VI,United States Virgin Islands,AMRO,180,5774,8,53
9/5/2021,VI,United States Virgin Islands,AMRO,199,5973,7,60
9/12/2021,VI,United States Virgin Islands,AMRO,241,6214,4,64
9/19/2021,VI,United States Virgin Islands,AMRO,225,6439,3,67
9/26/2021,VI,United States Virgin Islands,AMRO,192,6631,2,69
10/3/2021,VI,United States Virgin Islands,AMRO,155,6786,2,71
10/10/2021,VI,United States Virgin Islands,AMRO,164,6950,2,73
10/17/2021,VI,United States Virgin Islands,AMRO,95,7045,5,78
10/24/2021,VI,United States Virgin Islands,AMRO,81,7126,0,78
10/31/2021,VI,United States Virgin Islands,AMRO,78,7204,3,81
11/7/2021,VI,United States Virgin Islands,AMRO,71,7275,2,83
11/14/2021,VI,United States Virgin Islands,AMRO,69,7344,1,84
11/21/2021,VI,United States Virgin Islands,AMRO,95,7439,1,85
11/28/2021,VI,United States Virgin Islands,AMRO,51,7490,0,85
12/5/2021,VI,United States Virgin Islands,AMRO,40,7530,2,87
12/12/2021,VI,United States Virgin Islands,AMRO,68,7598,0,87
12/19/2021,VI,United States Virgin Islands,AMRO,42,7640,1,88
12/26/2021,VI,United States Virgin Islands,AMRO,367,8007,0,88
1/2/2022,VI,United States Virgin Islands,AMRO,2099,10106,1,89
1/9/2022,VI,United States Virgin Islands,AMRO,2032,12138,0,89
1/16/2022,VI,United States Virgin Islands,AMRO,1383,13521,2,91
1/23/2022,VI,United States Virgin Islands,AMRO,780,14301,4,95
1/30/2022,VI,United States Virgin Islands,AMRO,545,14846,4,99
2/6/2022,VI,United States Virgin Islands,AMRO,142,14988,3,102
2/13/2022,VI,United States Virgin Islands,AMRO,183,15171,3,105
2/20/2022,VI,United States Virgin Islands,AMRO,112,15283,3,108
2/27/2022,VI,United States Virgin Islands,AMRO,112,15395,1,109
3/6/2022,VI,United States Virgin Islands,AMRO,31,15426,0,109
3/13/2022,VI,United States Virgin Islands,AMRO,130,15556,0,109
3/20/2022,VI,United States Virgin Islands,AMRO,22,15578,1,110
3/27/2022,VI,United States Virgin Islands,AMRO,33,15611,0,110
4/3/2022,VI,United States Virgin Islands,AMRO,45,15656,1,111
4/10/2022,VI,United States Virgin Islands,AMRO,108,15764,0,111
4/17/2022,VI,United States Virgin Islands,AMRO,118,15882,0,111
4/24/2022,VI,United States Virgin Islands,AMRO,209,16091,0,111
5/1/2022,VI,United States Virgin Islands,AMRO,258,16349,0,111
5/8/2022,VI,United States Virgin Islands,AMRO,818,17167,2,113
5/15/2022,VI,United States Virgin Islands,AMRO,870,18037,0,113
5/22/2022,VI,United States Virgin Islands,AMRO,817,18854,0,113
5/29/2022,VI,United States Virgin Islands,AMRO,678,19532,0,113
6/5/2022,VI,United States Virgin Islands,AMRO,551,20083,0,113
6/12/2022,VI,United States Virgin Islands,AMRO,328,20411,2,115
6/19/2022,VI,United States Virgin Islands,AMRO,195,20606,2,117
6/26/2022,VI,United States Virgin Islands,AMRO,183,20789,1,118
7/3/2022,VI,United States Virgin Islands,AMRO,171,20960,0,118
7/10/2022,VI,United States Virgin Islands,AMRO,143,21103,1,119
7/17/2022,VI,United States Virgin Islands,AMRO,223,21326,1,120
7/24/2022,VI,United States Virgin Islands,AMRO,243,21569,0,120
7/31/2022,VI,United States Virgin Islands,AMRO,206,21775,0,120
8/7/2022,VI,United States Virgin Islands,AMRO,182,21957,1,121
8/14/2022,VI,United States Virgin Islands,AMRO,178,22135,1,122
8/21/2022,VI,United States Virgin Islands,AMRO,165,22300,0,122
8/28/2022,VI,United States Virgin Islands,AMRO,181,22481,0,122
9/4/2022,VI,United States Virgin Islands,AMRO,290,22771,0,122
9/11/2022,VI,United States Virgin Islands,AMRO,140,22911,0,122
9/18/2022,VI,United States Virgin Islands,AMRO,120,23031,1,123
9/25/2022,VI,United States Virgin Islands,AMRO,89,23120,0,123
10/2/2022,VI,United States Virgin Islands,AMRO,34,23154,0,123
10/9/2022,VI,United States Virgin Islands,AMRO,53,23207,0,123
10/16/2022,VI,United States Virgin Islands,AMRO,33,23240,0,123
10/23/2022,VI,United States Virgin Islands,AMRO,43,23283,0,123
10/30/2022,VI,United States Virgin Islands,AMRO,50,23333,1,124
11/6/2022,VI,United States Virgin Islands,AMRO,69,23402,0,124
11/13/2022,VI,United States Virgin Islands,AMRO,43,23445,0,124
11/20/2022,VI,United States Virgin Islands,AMRO,24,23469,0,124
11/27/2022,VI,United States Virgin Islands,AMRO,26,23495,0,124
12/4/2022,VI,United States Virgin Islands,AMRO,50,23545,1,125
12/11/2022,VI,United States Virgin Islands,AMRO,88,23633,1,126
12/18/2022,VI,United States Virgin Islands,AMRO,46,23679,0,126
12/25/2022,VI,United States Virgin Islands,AMRO,55,23734,1,127
1/1/2023,VI,United States Virgin Islands,AMRO,47,23781,0,127
1/8/2023,VI,United States Virgin Islands,AMRO,50,23831,0,127
1/15/2023,VI,United States Virgin Islands,AMRO,201,24032,1,128
1/22/2023,VI,United States Virgin Islands,AMRO,237,24269,1,129
1/29/2023,VI,United States Virgin Islands,AMRO,206,24475,0,129
2/5/2023,VI,United States Virgin Islands,AMRO,109,24584,0,129
2/12/2023,VI,United States Virgin Islands,AMRO,88,24672,0,129
2/19/2023,VI,United States Virgin Islands,AMRO,33,24705,1,130
2/26/2023,VI,United States Virgin Islands,AMRO,51,24756,0,130
3/5/2023,VI,United States Virgin Islands,AMRO,24,24780,0,130
3/12/2023,VI,United States Virgin Islands,AMRO,33,24813,0,130
3/19/2023,VI,United States Virgin Islands,AMRO,18,24831,0,130
3/26/2023,VI,United States Virgin Islands,AMRO,7,24838,0,130
4/2/2023,VI,United States Virgin Islands,AMRO,25,24863,0,130
4/9/2023,VI,United States Virgin Islands,AMRO,23,24886,0,130
4/16/2023,VI,United States Virgin Islands,AMRO,12,24898,0,130
4/23/2023,VI,United States Virgin Islands,AMRO,9,24907,0,130
4/30/2023,VI,United States Virgin Islands,AMRO,12,24919,0,130
5/7/2023,VI,United States Virgin Islands,AMRO,17,24936,1,131
5/14/2023,VI,United States Virgin Islands,AMRO,58,24994,0,131
5/21/2023,VI,United States Virgin Islands,AMRO,52,25046,0,131
5/28/2023,VI,United States Virgin Islands,AMRO,40,25086,0,131
6/4/2023,VI,United States Virgin Islands,AMRO,36,25122,0,131
6/11/2023,VI,United States Virgin Islands,AMRO,60,25182,0,131
6/18/2023,VI,United States Virgin Islands,AMRO,29,25211,0,131
6/25/2023,VI,United States Virgin Islands,AMRO,34,25245,0,131
7/2/2023,VI,United States Virgin Islands,AMRO,25,25270,1,132
7/9/2023,VI,United States Virgin Islands,AMRO,23,25293,0,132
7/16/2023,VI,United States Virgin Islands,AMRO,5,25298,0,132
7/23/2023,VI,United States Virgin Islands,AMRO,27,25325,0,132
7/30/2023,VI,United States Virgin Islands,AMRO,64,25389,0,132
8/6/2023,VI,United States Virgin Islands,AMRO,0,25389,0,132
8/13/2023,VI,United States Virgin Islands,AMRO,0,25389,0,132
8/20/2023,VI,United States Virgin Islands,AMRO,0,25389,0,132
8/27/2023,VI,United States Virgin Islands,AMRO,0,25389,0,132
9/3/2023,VI,United States Virgin Islands,AMRO,0,25389,0,132
9/10/2023,VI,United States Virgin Islands,AMRO,0,25389,0,132
9/17/2023,VI,United States Virgin Islands,AMRO,0,25389,0,132
9/24/2023,VI,United States Virgin Islands,AMRO,0,25389,0,132
10/1/2023,VI,United States Virgin Islands,AMRO,0,25389,0,132
10/8/2023,VI,United States Virgin Islands,AMRO,0,25389,0,132
10/15/2023,VI,United States Virgin Islands,AMRO,0,25389,0,132
10/22/2023,VI,United States Virgin Islands,AMRO,0,25389,0,132
10/29/2023,VI,United States Virgin Islands,AMRO,0,25389,0,132
11/5/2023,VI,United States Virgin Islands,AMRO,0,25389,0,132
11/12/2023,VI,United States Virgin Islands,AMRO,0,25389,0,132
11/19/2023,VI,United States Virgin Islands,AMRO,0,25389,0,132
11/26/2023,VI,United States Virgin Islands,AMRO,0,25389,0,132
12/3/2023,VI,United States Virgin Islands,AMRO,0,25389,0,132
12/10/2023,VI,United States Virgin Islands,AMRO,0,25389,0,132
12/17/2023,VI,United States Virgin Islands,AMRO,0,25389,0,132
12/24/2023,VI,United States Virgin Islands,AMRO,0,25389,0,132
1/5/2020,UY,Uruguay,AMRO,0,0,0,0
1/12/2020,UY,Uruguay,AMRO,0,0,0,0
1/19/2020,UY,Uruguay,AMRO,0,0,0,0
1/26/2020,UY,Uruguay,AMRO,0,0,0,0
2/2/2020,UY,Uruguay,AMRO,0,0,0,0
2/9/2020,UY,Uruguay,AMRO,0,0,0,0
2/16/2020,UY,Uruguay,AMRO,0,0,0,0
2/23/2020,UY,Uruguay,AMRO,0,0,0,0
3/1/2020,UY,Uruguay,AMRO,0,0,0,0
3/8/2020,UY,Uruguay,AMRO,0,0,0,0
3/15/2020,UY,Uruguay,AMRO,4,4,0,0
3/22/2020,UY,Uruguay,AMRO,90,94,0,0
3/29/2020,UY,Uruguay,AMRO,180,274,0,0
4/5/2020,UY,Uruguay,AMRO,112,386,4,4
4/12/2020,UY,Uruguay,AMRO,108,494,3,7
4/19/2020,UY,Uruguay,AMRO,14,508,2,9
4/26/2020,UY,Uruguay,AMRO,55,563,3,12
5/3/2020,UY,Uruguay,AMRO,85,648,5,17
5/10/2020,UY,Uruguay,AMRO,46,694,0,17
5/17/2020,UY,Uruguay,AMRO,38,732,2,19
5/24/2020,UY,Uruguay,AMRO,21,753,1,20
5/31/2020,UY,Uruguay,AMRO,63,816,2,22
6/7/2020,UY,Uruguay,AMRO,18,834,1,23
6/14/2020,UY,Uruguay,AMRO,13,847,0,23
6/21/2020,UY,Uruguay,AMRO,6,853,1,24
6/28/2020,UY,Uruguay,AMRO,66,919,2,26
7/5/2020,UY,Uruguay,AMRO,33,952,2,28
7/12/2020,UY,Uruguay,AMRO,33,985,1,29
7/19/2020,UY,Uruguay,AMRO,52,1037,3,32
7/26/2020,UY,Uruguay,AMRO,129,1166,2,34
8/2/2020,UY,Uruguay,AMRO,99,1265,1,35
8/9/2020,UY,Uruguay,AMRO,60,1325,2,37
8/16/2020,UY,Uruguay,AMRO,96,1421,1,38
8/23/2020,UY,Uruguay,AMRO,95,1516,4,42
8/30/2020,UY,Uruguay,AMRO,40,1556,1,43
9/6/2020,UY,Uruguay,AMRO,97,1653,2,45
9/13/2020,UY,Uruguay,AMRO,120,1773,0,45
9/20/2020,UY,Uruguay,AMRO,117,1890,1,46
9/27/2020,UY,Uruguay,AMRO,77,1967,1,47
10/4/2020,UY,Uruguay,AMRO,130,2097,1,48
10/11/2020,UY,Uruguay,AMRO,154,2251,1,49
10/18/2020,UY,Uruguay,AMRO,199,2450,2,51
10/25/2020,UY,Uruguay,AMRO,309,2759,2,53
11/1/2020,UY,Uruguay,AMRO,323,3082,5,58
11/8/2020,UY,Uruguay,AMRO,288,3370,3,61
11/15/2020,UY,Uruguay,AMRO,513,3883,3,64
11/22/2020,UY,Uruguay,AMRO,594,4477,5,69
11/29/2020,UY,Uruguay,AMRO,826,5303,5,74
12/6/2020,UY,Uruguay,AMRO,1428,6731,6,80
12/13/2020,UY,Uruguay,AMRO,2118,8849,10,90
12/20/2020,UY,Uruguay,AMRO,3101,11950,19,109
12/27/2020,UY,Uruguay,AMRO,3898,15848,34,143
1/3/2021,UY,Uruguay,AMRO,3905,19753,50,193
1/10/2021,UY,Uruguay,AMRO,4586,24339,47,240
1/17/2021,UY,Uruguay,AMRO,6607,30946,51,291
1/24/2021,UY,Uruguay,AMRO,5224,36170,73,364
1/31/2021,UY,Uruguay,AMRO,4359,40529,61,425
2/7/2021,UY,Uruguay,AMRO,3774,44303,53,478
2/14/2021,UY,Uruguay,AMRO,3525,47828,49,527
2/21/2021,UY,Uruguay,AMRO,3549,51377,36,563
2/28/2021,UY,Uruguay,AMRO,5165,56542,38,601
3/7/2021,UY,Uruguay,AMRO,5387,61929,36,637
3/14/2021,UY,Uruguay,AMRO,7145,69074,52,689
3/21/2021,UY,Uruguay,AMRO,9327,78401,71,760
3/28/2021,UY,Uruguay,AMRO,13942,92343,115,875
4/4/2021,UY,Uruguay,AMRO,19225,111568,166,1041
4/11/2021,UY,Uruguay,AMRO,26378,137946,322,1363
4/18/2021,UY,Uruguay,AMRO,21623,159569,425,1788
4/25/2021,UY,Uruguay,AMRO,19968,179537,439,2227
5/2/2021,UY,Uruguay,AMRO,18891,198428,389,2616
5/9/2021,UY,Uruguay,AMRO,17718,216146,416,3032
5/16/2021,UY,Uruguay,AMRO,19060,235206,337,3369
5/23/2021,UY,Uruguay,AMRO,23334,258540,391,3760
5/30/2021,UY,Uruguay,AMRO,23658,282198,358,4118
6/6/2021,UY,Uruguay,AMRO,26292,308490,398,4516
6/13/2021,UY,Uruguay,AMRO,24994,333484,390,4906
6/20/2021,UY,Uruguay,AMRO,17894,351378,301,5207
6/27/2021,UY,Uruguay,AMRO,12202,363580,240,5447
7/4/2021,UY,Uruguay,AMRO,7837,371417,195,5642
7/11/2021,UY,Uruguay,AMRO,4485,375902,148,5790
7/18/2021,UY,Uruguay,AMRO,2578,378480,81,5871
7/25/2021,UY,Uruguay,AMRO,1671,380151,48,5919
8/1/2021,UY,Uruguay,AMRO,1213,381364,40,5959
8/8/2021,UY,Uruguay,AMRO,931,382295,27,5986
8/15/2021,UY,Uruguay,AMRO,806,383101,12,5998
8/22/2021,UY,Uruguay,AMRO,802,383903,17,6015
8/29/2021,UY,Uruguay,AMRO,628,384531,11,6026
9/5/2021,UY,Uruguay,AMRO,892,385423,8,6034
9/12/2021,UY,Uruguay,AMRO,987,386410,3,6037
9/19/2021,UY,Uruguay,AMRO,1039,387449,9,6046
9/26/2021,UY,Uruguay,AMRO,864,388313,5,6051
10/3/2021,UY,Uruguay,AMRO,712,389025,5,6056
10/10/2021,UY,Uruguay,AMRO,792,389817,6,6062
10/17/2021,UY,Uruguay,AMRO,945,390762,4,6066
10/24/2021,UY,Uruguay,AMRO,1128,391890,4,6070
10/31/2021,UY,Uruguay,AMRO,1564,393454,7,6077
11/7/2021,UY,Uruguay,AMRO,1460,394914,7,6084
11/14/2021,UY,Uruguay,AMRO,1261,396175,15,6099
11/21/2021,UY,Uruguay,AMRO,1374,397549,11,6110
11/28/2021,UY,Uruguay,AMRO,1341,398890,14,6124
12/5/2021,UY,Uruguay,AMRO,1652,400542,8,6132
12/12/2021,UY,Uruguay,AMRO,1607,402149,9,6141
12/19/2021,UY,Uruguay,AMRO,1750,403899,9,6150
12/26/2021,UY,Uruguay,AMRO,2840,406739,12,6162
1/2/2022,UY,Uruguay,AMRO,6644,413383,8,6170
1/9/2022,UY,Uruguay,AMRO,23679,437062,18,6188
1/16/2022,UY,Uruguay,AMRO,53564,490626,26,6214
1/23/2022,UY,Uruguay,AMRO,78411,569037,70,6284
1/30/2022,UY,Uruguay,AMRO,75594,644631,127,6411
2/6/2022,UY,Uruguay,AMRO,66243,710874,195,6606
2/13/2022,UY,Uruguay,AMRO,55086,765960,123,6729
2/20/2022,UY,Uruguay,AMRO,42052,808012,125,6854
2/27/2022,UY,Uruguay,AMRO,27334,835346,95,6949
3/6/2022,UY,Uruguay,AMRO,15895,851241,82,7031
3/13/2022,UY,Uruguay,AMRO,10912,862153,52,7083
3/20/2022,UY,Uruguay,AMRO,10785,872938,44,7127
3/27/2022,UY,Uruguay,AMRO,9441,882379,22,7149
4/3/2022,UY,Uruguay,AMRO,6260,888639,12,7161
4/10/2022,UY,Uruguay,AMRO,4370,893009,20,7181
4/17/2022,UY,Uruguay,AMRO,2442,895451,12,7193
4/24/2022,UY,Uruguay,AMRO,2416,897867,10,7203
5/1/2022,UY,Uruguay,AMRO,1856,899723,7,7210
5/8/2022,UY,Uruguay,AMRO,2817,902540,3,7213
5/15/2022,UY,Uruguay,AMRO,5538,908078,2,7215
5/22/2022,UY,Uruguay,AMRO,8310,916388,12,7227
5/29/2022,UY,Uruguay,AMRO,9389,925777,11,7238
6/5/2022,UY,Uruguay,AMRO,9184,934961,24,7262
6/12/2022,UY,Uruguay,AMRO,8916,943877,28,7290
6/19/2022,UY,Uruguay,AMRO,8071,951948,22,7312
6/26/2022,UY,Uruguay,AMRO,5681,957629,19,7331
7/3/2022,UY,Uruguay,AMRO,4622,962251,20,7351
7/10/2022,UY,Uruguay,AMRO,3119,965370,22,7373
7/17/2022,UY,Uruguay,AMRO,2438,967808,14,7387
7/24/2022,UY,Uruguay,AMRO,1995,969803,16,7403
7/31/2022,UY,Uruguay,AMRO,1925,971728,12,7415
8/7/2022,UY,Uruguay,AMRO,1692,973420,8,7423
8/14/2022,UY,Uruguay,AMRO,1844,975264,6,7429
8/21/2022,UY,Uruguay,AMRO,2041,977305,9,7438
8/28/2022,UY,Uruguay,AMRO,1855,979160,7,7445
9/4/2022,UY,Uruguay,AMRO,2026,981186,10,7455
9/11/2022,UY,Uruguay,AMRO,1660,982846,7,7462
9/18/2022,UY,Uruguay,AMRO,1306,984152,11,7473
9/25/2022,UY,Uruguay,AMRO,1270,985422,12,7485
10/2/2022,UY,Uruguay,AMRO,1024,986446,10,7495
10/9/2022,UY,Uruguay,AMRO,1117,987563,6,7501
10/16/2022,UY,Uruguay,AMRO,964,988527,9,7510
10/23/2022,UY,Uruguay,AMRO,1102,989629,5,7515
10/30/2022,UY,Uruguay,AMRO,931,990560,3,7518
11/6/2022,UY,Uruguay,AMRO,659,991219,8,7526
11/13/2022,UY,Uruguay,AMRO,816,992035,3,7529
11/20/2022,UY,Uruguay,AMRO,852,992887,1,7530
11/27/2022,UY,Uruguay,AMRO,988,993875,7,7537
12/4/2022,UY,Uruguay,AMRO,1527,995402,4,7541
12/11/2022,UY,Uruguay,AMRO,2645,998047,7,7548
12/18/2022,UY,Uruguay,AMRO,4941,1002988,4,7552
12/25/2022,UY,Uruguay,AMRO,9000,1011988,10,7562
1/1/2023,UY,Uruguay,AMRO,8173,1020161,8,7570
1/8/2023,UY,Uruguay,AMRO,5649,1025810,16,7586
1/15/2023,UY,Uruguay,AMRO,3754,1029564,11,7597
1/22/2023,UY,Uruguay,AMRO,2017,1031581,4,7601
1/29/2023,UY,Uruguay,AMRO,1129,1032710,8,7609
2/5/2023,UY,Uruguay,AMRO,555,1033265,5,7614
2/12/2023,UY,Uruguay,AMRO,501,1033766,3,7617
2/19/2023,UY,Uruguay,AMRO,280,1034046,0,7617
2/26/2023,UY,Uruguay,AMRO,257,1034303,0,7617
3/5/2023,UY,Uruguay,AMRO,0,1034303,0,7617
3/12/2023,UY,Uruguay,AMRO,743,1035046,2,7619
3/19/2023,UY,Uruguay,AMRO,0,1035046,0,7619
3/26/2023,UY,Uruguay,AMRO,1113,1036159,2,7621
4/2/2023,UY,Uruguay,AMRO,0,1036159,0,7621
4/9/2023,UY,Uruguay,AMRO,0,1036159,0,7621
4/16/2023,UY,Uruguay,AMRO,936,1037095,0,7621
4/23/2023,UY,Uruguay,AMRO,798,1037893,4,7625
4/30/2023,UY,Uruguay,AMRO,0,1037893,0,7625
5/7/2023,UY,Uruguay,AMRO,0,1037893,0,7625
5/14/2023,UY,Uruguay,AMRO,0,1037893,0,7625
5/21/2023,UY,Uruguay,AMRO,0,1037893,0,7625
5/28/2023,UY,Uruguay,AMRO,98,1037991,0,7625
6/4/2023,UY,Uruguay,AMRO,58,1038049,0,7625
6/11/2023,UY,Uruguay,AMRO,61,1038110,1,7626
6/18/2023,UY,Uruguay,AMRO,45,1038155,0,7626
6/25/2023,UY,Uruguay,AMRO,34,1038189,0,7626
7/2/2023,UY,Uruguay,AMRO,49,1038238,0,7626
7/9/2023,UY,Uruguay,AMRO,38,1038276,0,7626
7/16/2023,UY,Uruguay,AMRO,27,1038303,0,7626
7/23/2023,UY,Uruguay,AMRO,23,1038326,0,7626
7/30/2023,UY,Uruguay,AMRO,20,1038346,0,7626
8/6/2023,UY,Uruguay,AMRO,48,1038394,0,7626
8/13/2023,UY,Uruguay,AMRO,41,1038435,0,7626
8/20/2023,UY,Uruguay,AMRO,69,1038504,0,7626
8/27/2023,UY,Uruguay,AMRO,85,1038589,0,7626
9/3/2023,UY,Uruguay,AMRO,120,1038709,0,7626
9/10/2023,UY,Uruguay,AMRO,149,1038858,0,7626
9/17/2023,UY,Uruguay,AMRO,220,1039078,1,7627
9/24/2023,UY,Uruguay,AMRO,263,1039341,0,7627
10/1/2023,UY,Uruguay,AMRO,207,1039548,7,7634
10/8/2023,UY,Uruguay,AMRO,199,1039747,7,7641
10/15/2023,UY,Uruguay,AMRO,211,1039958,5,7646
10/22/2023,UY,Uruguay,AMRO,224,1040182,3,7649
10/29/2023,UY,Uruguay,AMRO,191,1040373,5,7654
11/5/2023,UY,Uruguay,AMRO,115,1040488,1,7655
11/12/2023,UY,Uruguay,AMRO,108,1040596,1,7656
11/19/2023,UY,Uruguay,AMRO,144,1040740,2,7658
11/26/2023,UY,Uruguay,AMRO,128,1040868,2,7660
12/3/2023,UY,Uruguay,AMRO,129,1040997,0,7660
12/10/2023,UY,Uruguay,AMRO,114,1041111,0,7660
12/17/2023,UY,Uruguay,AMRO,0,1041111,0,7660
12/24/2023,UY,Uruguay,AMRO,0,1041111,0,7660
1/5/2020,UZ,Uzbekistan,EURO,0,0,0,0
1/12/2020,UZ,Uzbekistan,EURO,0,0,0,0
1/19/2020,UZ,Uzbekistan,EURO,0,0,0,0
1/26/2020,UZ,Uzbekistan,EURO,0,0,0,0
2/2/2020,UZ,Uzbekistan,EURO,0,0,0,0
2/9/2020,UZ,Uzbekistan,EURO,0,0,0,0
2/16/2020,UZ,Uzbekistan,EURO,0,0,0,0
2/23/2020,UZ,Uzbekistan,EURO,0,0,0,0
3/1/2020,UZ,Uzbekistan,EURO,0,0,0,0
3/8/2020,UZ,Uzbekistan,EURO,0,0,0,0
3/15/2020,UZ,Uzbekistan,EURO,0,0,0,0
3/22/2020,UZ,Uzbekistan,EURO,0,0,0,0
3/29/2020,UZ,Uzbekistan,EURO,0,0,0,0
4/5/2020,UZ,Uzbekistan,EURO,0,0,0,0
4/12/2020,UZ,Uzbekistan,EURO,0,0,0,0
4/19/2020,UZ,Uzbekistan,EURO,0,0,0,0
4/26/2020,UZ,Uzbekistan,EURO,0,0,0,0
5/3/2020,UZ,Uzbekistan,EURO,0,0,0,0
5/10/2020,UZ,Uzbekistan,EURO,0,0,0,0
5/17/2020,UZ,Uzbekistan,EURO,0,0,0,0
5/24/2020,UZ,Uzbekistan,EURO,0,0,0,0
5/31/2020,UZ,Uzbekistan,EURO,0,0,0,0
6/7/2020,UZ,Uzbekistan,EURO,0,0,0,0
6/14/2020,UZ,Uzbekistan,EURO,0,0,0,0
6/21/2020,UZ,Uzbekistan,EURO,0,0,0,0
6/28/2020,UZ,Uzbekistan,EURO,0,0,0,0
7/5/2020,UZ,Uzbekistan,EURO,0,0,0,0
7/12/2020,UZ,Uzbekistan,EURO,0,0,0,0
7/19/2020,UZ,Uzbekistan,EURO,0,0,0,0
7/26/2020,UZ,Uzbekistan,EURO,0,0,0,0
8/2/2020,UZ,Uzbekistan,EURO,0,0,0,0
8/9/2020,UZ,Uzbekistan,EURO,0,0,0,0
8/16/2020,UZ,Uzbekistan,EURO,0,0,0,0
8/23/2020,UZ,Uzbekistan,EURO,0,0,0,0
8/30/2020,UZ,Uzbekistan,EURO,0,0,0,0
9/6/2020,UZ,Uzbekistan,EURO,0,0,0,0
9/13/2020,UZ,Uzbekistan,EURO,0,0,0,0
9/20/2020,UZ,Uzbekistan,EURO,0,0,0,0
9/27/2020,UZ,Uzbekistan,EURO,0,0,0,0
10/4/2020,UZ,Uzbekistan,EURO,0,0,0,0
10/11/2020,UZ,Uzbekistan,EURO,4,4,0,0
10/18/2020,UZ,Uzbekistan,EURO,5,9,0,0
10/25/2020,UZ,Uzbekistan,EURO,0,9,0,0
11/1/2020,UZ,Uzbekistan,EURO,0,9,0,0
11/8/2020,UZ,Uzbekistan,EURO,0,9,0,0
11/15/2020,UZ,Uzbekistan,EURO,0,9,0,0
11/22/2020,UZ,Uzbekistan,EURO,0,9,0,0
11/29/2020,UZ,Uzbekistan,EURO,0,9,0,0
12/6/2020,UZ,Uzbekistan,EURO,0,9,0,0
12/13/2020,UZ,Uzbekistan,EURO,0,9,0,0
12/20/2020,UZ,Uzbekistan,EURO,0,9,0,0
12/27/2020,UZ,Uzbekistan,EURO,0,9,0,0
1/3/2021,UZ,Uzbekistan,EURO,0,9,0,0
1/10/2021,UZ,Uzbekistan,EURO,0,9,0,0
1/17/2021,UZ,Uzbekistan,EURO,0,9,0,0
1/24/2021,UZ,Uzbekistan,EURO,0,9,0,0
1/31/2021,UZ,Uzbekistan,EURO,0,9,0,0
2/7/2021,UZ,Uzbekistan,EURO,0,9,0,0
2/14/2021,UZ,Uzbekistan,EURO,0,9,0,0
2/21/2021,UZ,Uzbekistan,EURO,0,9,0,0
2/28/2021,UZ,Uzbekistan,EURO,0,9,0,0
3/7/2021,UZ,Uzbekistan,EURO,0,9,0,0
3/14/2021,UZ,Uzbekistan,EURO,0,9,0,0
3/21/2021,UZ,Uzbekistan,EURO,0,9,0,0
3/28/2021,UZ,Uzbekistan,EURO,1123,1132,4,4
4/4/2021,UZ,Uzbekistan,EURO,1271,2403,5,9
4/11/2021,UZ,Uzbekistan,EURO,1312,3715,3,12
4/18/2021,UZ,Uzbekistan,EURO,1868,5583,4,16
4/25/2021,UZ,Uzbekistan,EURO,2373,7956,7,23
5/2/2021,UZ,Uzbekistan,EURO,2651,10607,8,31
5/9/2021,UZ,Uzbekistan,EURO,2753,13360,9,40
5/16/2021,UZ,Uzbekistan,EURO,2134,15494,8,48
5/23/2021,UZ,Uzbekistan,EURO,1764,17258,10,58
5/30/2021,UZ,Uzbekistan,EURO,1678,18936,10,68
6/6/2021,UZ,Uzbekistan,EURO,1629,20565,6,74
6/13/2021,UZ,Uzbekistan,EURO,1849,22414,12,86
6/20/2021,UZ,Uzbekistan,EURO,2639,25053,10,96
6/27/2021,UZ,Uzbekistan,EURO,3240,28293,13,109
7/4/2021,UZ,Uzbekistan,EURO,3380,31673,20,129
7/11/2021,UZ,Uzbekistan,EURO,3349,35022,23,152
7/18/2021,UZ,Uzbekistan,EURO,3552,38574,27,179
7/25/2021,UZ,Uzbekistan,EURO,5022,43596,37,216
8/1/2021,UZ,Uzbekistan,EURO,6084,49680,47,263
8/8/2021,UZ,Uzbekistan,EURO,6412,56092,48,311
8/15/2021,UZ,Uzbekistan,EURO,6406,62498,48,359
8/22/2021,UZ,Uzbekistan,EURO,5958,68456,47,406
8/29/2021,UZ,Uzbekistan,EURO,5763,74219,47,453
9/5/2021,UZ,Uzbekistan,EURO,4872,79091,45,498
9/12/2021,UZ,Uzbekistan,EURO,4379,83470,39,537
9/19/2021,UZ,Uzbekistan,EURO,4048,87518,33,570
9/26/2021,UZ,Uzbekistan,EURO,3555,91073,33,603
10/3/2021,UZ,Uzbekistan,EURO,3222,94295,24,627
10/10/2021,UZ,Uzbekistan,EURO,2922,97217,22,649
10/17/2021,UZ,Uzbekistan,EURO,2675,99892,19,668
10/24/2021,UZ,Uzbekistan,EURO,2616,102508,16,684
10/31/2021,UZ,Uzbekistan,EURO,2316,104824,19,703
11/7/2021,UZ,Uzbekistan,EURO,1915,106739,15,718
11/14/2021,UZ,Uzbekistan,EURO,1746,108485,18,736
11/21/2021,UZ,Uzbekistan,EURO,1489,109974,21,757
11/28/2021,UZ,Uzbekistan,EURO,1489,111463,21,778
12/5/2021,UZ,Uzbekistan,EURO,1491,112954,22,800
12/12/2021,UZ,Uzbekistan,EURO,1402,114356,19,819
12/19/2021,UZ,Uzbekistan,EURO,1310,115666,21,840
12/26/2021,UZ,Uzbekistan,EURO,1119,116785,20,860
1/2/2022,UZ,Uzbekistan,EURO,799,117584,4,864
1/9/2022,UZ,Uzbekistan,EURO,1548,119132,12,876
1/16/2022,UZ,Uzbekistan,EURO,5392,124524,21,897
1/23/2022,UZ,Uzbekistan,EURO,8941,133465,24,921
1/30/2022,UZ,Uzbekistan,EURO,7945,141410,22,943
2/6/2022,UZ,Uzbekistan,EURO,6620,148030,22,965
2/13/2022,UZ,Uzbekistan,EURO,4133,152163,18,983
2/20/2022,UZ,Uzbekistan,EURO,1666,153829,17,1000
2/27/2022,UZ,Uzbekistan,EURO,978,154807,14,1014
3/6/2022,UZ,Uzbekistan,EURO,562,155369,2,1016
3/13/2022,UZ,Uzbekistan,EURO,293,155662,0,1016
3/20/2022,UZ,Uzbekistan,EURO,248,155910,0,1016
3/27/2022,UZ,Uzbekistan,EURO,171,156081,0,1016
4/3/2022,UZ,Uzbekistan,EURO,209,156290,0,1016
4/10/2022,UZ,Uzbekistan,EURO,200,156490,0,1016
4/17/2022,UZ,Uzbekistan,EURO,225,156715,0,1016
4/24/2022,UZ,Uzbekistan,EURO,190,156905,0,1016
5/1/2022,UZ,Uzbekistan,EURO,124,157029,0,1016
5/8/2022,UZ,Uzbekistan,EURO,109,157138,0,1016
5/15/2022,UZ,Uzbekistan,EURO,82,157220,0,1016
5/22/2022,UZ,Uzbekistan,EURO,122,157342,0,1016
5/29/2022,UZ,Uzbekistan,EURO,85,157427,0,1016
6/5/2022,UZ,Uzbekistan,EURO,110,157537,0,1016
6/12/2022,UZ,Uzbekistan,EURO,137,157674,0,1016
6/19/2022,UZ,Uzbekistan,EURO,454,158128,0,1016
6/26/2022,UZ,Uzbekistan,EURO,752,158880,0,1016
7/3/2022,UZ,Uzbekistan,EURO,644,159524,0,1016
7/10/2022,UZ,Uzbekistan,EURO,616,160140,0,1016
7/17/2022,UZ,Uzbekistan,EURO,567,160707,0,1016
7/24/2022,UZ,Uzbekistan,EURO,442,161149,0,1016
7/31/2022,UZ,Uzbekistan,EURO,384,161533,0,1016
8/7/2022,UZ,Uzbekistan,EURO,229,161762,0,1016
8/14/2022,UZ,Uzbekistan,EURO,202,161964,0,1016
8/21/2022,UZ,Uzbekistan,EURO,115,162079,0,1016
8/28/2022,UZ,Uzbekistan,EURO,101,162180,0,1016
9/4/2022,UZ,Uzbekistan,EURO,85,162265,0,1016
9/11/2022,UZ,Uzbekistan,EURO,107,162372,0,1016
9/18/2022,UZ,Uzbekistan,EURO,90,162462,0,1016
9/25/2022,UZ,Uzbekistan,EURO,100,162562,0,1016
10/2/2022,UZ,Uzbekistan,EURO,85,162647,0,1016
10/9/2022,UZ,Uzbekistan,EURO,89,162736,0,1016
10/16/2022,UZ,Uzbekistan,EURO,87,162823,0,1016
10/23/2022,UZ,Uzbekistan,EURO,70,162893,0,1016
10/30/2022,UZ,Uzbekistan,EURO,148,163041,0,1016
11/6/2022,UZ,Uzbekistan,EURO,179,163220,0,1016
11/13/2022,UZ,Uzbekistan,EURO,220,163440,0,1016
11/20/2022,UZ,Uzbekistan,EURO,461,163901,0,1016
11/27/2022,UZ,Uzbekistan,EURO,740,164641,0,1016
12/4/2022,UZ,Uzbekistan,EURO,1056,165697,0,1016
12/11/2022,UZ,Uzbekistan,EURO,906,166603,0,1016
12/18/2022,UZ,Uzbekistan,EURO,689,167292,0,1016
12/25/2022,UZ,Uzbekistan,EURO,0,167292,0,1016
1/1/2023,UZ,Uzbekistan,EURO,0,167292,0,1016
1/8/2023,UZ,Uzbekistan,EURO,291,167583,0,1016
1/15/2023,UZ,Uzbekistan,EURO,229,167812,0,1016
1/22/2023,UZ,Uzbekistan,EURO,167,167979,0,1016
1/29/2023,UZ,Uzbekistan,EURO,135,168114,0,1016
2/5/2023,UZ,Uzbekistan,EURO,113,168227,0,1016
2/12/2023,UZ,Uzbekistan,EURO,123,168350,0,1016
2/19/2023,UZ,Uzbekistan,EURO,128,168478,0,1016
2/26/2023,UZ,Uzbekistan,EURO,129,168607,0,1016
3/5/2023,UZ,Uzbekistan,EURO,173,168780,0,1016
3/12/2023,UZ,Uzbekistan,EURO,180,168960,0,1016
3/19/2023,UZ,Uzbekistan,EURO,0,168960,0,1016
3/26/2023,UZ,Uzbekistan,EURO,169,169129,0,1016
4/2/2023,UZ,Uzbekistan,EURO,246,169375,0,1016
4/9/2023,UZ,Uzbekistan,EURO,212,169587,0,1016
4/16/2023,UZ,Uzbekistan,EURO,235,169822,0,1016
4/23/2023,UZ,Uzbekistan,EURO,0,169822,0,1016
4/30/2023,UZ,Uzbekistan,EURO,273,170095,0,1016
5/7/2023,UZ,Uzbekistan,EURO,305,170400,0,1016
5/14/2023,UZ,Uzbekistan,EURO,231,170631,0,1016
5/21/2023,UZ,Uzbekistan,EURO,260,170891,0,1016
5/28/2023,UZ,Uzbekistan,EURO,0,170891,0,1016
6/4/2023,UZ,Uzbekistan,EURO,0,170891,0,1016
6/11/2023,UZ,Uzbekistan,EURO,194,171085,0,1016
6/18/2023,UZ,Uzbekistan,EURO,182,171267,0,1016
6/25/2023,UZ,Uzbekistan,EURO,150,171417,0,1016
7/2/2023,UZ,Uzbekistan,EURO,108,171525,0,1016
7/9/2023,UZ,Uzbekistan,EURO,157,171682,0,1016
7/16/2023,UZ,Uzbekistan,EURO,160,171842,0,1016
7/23/2023,UZ,Uzbekistan,EURO,125,171967,0,1016
7/30/2023,UZ,Uzbekistan,EURO,186,172153,0,1016
8/6/2023,UZ,Uzbekistan,EURO,176,172329,0,1016
8/13/2023,UZ,Uzbekistan,EURO,0,172329,0,1016
8/20/2023,UZ,Uzbekistan,EURO,324,172653,0,1016
8/27/2023,UZ,Uzbekistan,EURO,360,173013,0,1016
9/3/2023,UZ,Uzbekistan,EURO,321,173334,0,1016
9/10/2023,UZ,Uzbekistan,EURO,404,173738,0,1016
9/17/2023,UZ,Uzbekistan,EURO,385,174123,0,1016
9/24/2023,UZ,Uzbekistan,EURO,0,174123,0,1016
10/1/2023,UZ,Uzbekistan,EURO,276,174399,0,1016
10/8/2023,UZ,Uzbekistan,EURO,0,174399,0,1016
10/15/2023,UZ,Uzbekistan,EURO,176,174575,0,1016
10/22/2023,UZ,Uzbekistan,EURO,0,174575,0,1016
10/29/2023,UZ,Uzbekistan,EURO,0,174575,0,1016
11/5/2023,UZ,Uzbekistan,EURO,0,174575,0,1016
11/12/2023,UZ,Uzbekistan,EURO,0,174575,0,1016
11/19/2023,UZ,Uzbekistan,EURO,0,174575,0,1016
11/26/2023,UZ,Uzbekistan,EURO,0,174575,0,1016
12/3/2023,UZ,Uzbekistan,EURO,0,174575,0,1016
12/10/2023,UZ,Uzbekistan,EURO,184,174759,0,1016
12/17/2023,UZ,Uzbekistan,EURO,83,174842,0,1016
12/24/2023,UZ,Uzbekistan,EURO,0,174842,0,1016
1/5/2020,VU,Vanuatu,WPRO,0,0,0,0
1/12/2020,VU,Vanuatu,WPRO,0,0,0,0
1/19/2020,VU,Vanuatu,WPRO,0,0,0,0
1/26/2020,VU,Vanuatu,WPRO,0,0,0,0
2/2/2020,VU,Vanuatu,WPRO,0,0,0,0
2/9/2020,VU,Vanuatu,WPRO,0,0,0,0
2/16/2020,VU,Vanuatu,WPRO,0,0,0,0
2/23/2020,VU,Vanuatu,WPRO,0,0,0,0
3/1/2020,VU,Vanuatu,WPRO,0,0,0,0
3/8/2020,VU,Vanuatu,WPRO,0,0,0,0
3/15/2020,VU,Vanuatu,WPRO,0,0,0,0
3/22/2020,VU,Vanuatu,WPRO,0,0,0,0
3/29/2020,VU,Vanuatu,WPRO,0,0,0,0
4/5/2020,VU,Vanuatu,WPRO,0,0,0,0
4/12/2020,VU,Vanuatu,WPRO,0,0,0,0
4/19/2020,VU,Vanuatu,WPRO,0,0,0,0
4/26/2020,VU,Vanuatu,WPRO,0,0,0,0
5/3/2020,VU,Vanuatu,WPRO,0,0,0,0
5/10/2020,VU,Vanuatu,WPRO,0,0,0,0
5/17/2020,VU,Vanuatu,WPRO,0,0,0,0
5/24/2020,VU,Vanuatu,WPRO,0,0,0,0
5/31/2020,VU,Vanuatu,WPRO,0,0,0,0
6/7/2020,VU,Vanuatu,WPRO,0,0,0,0
6/14/2020,VU,Vanuatu,WPRO,0,0,0,0
6/21/2020,VU,Vanuatu,WPRO,0,0,0,0
6/28/2020,VU,Vanuatu,WPRO,0,0,0,0
7/5/2020,VU,Vanuatu,WPRO,0,0,0,0
7/12/2020,VU,Vanuatu,WPRO,0,0,0,0
7/19/2020,VU,Vanuatu,WPRO,0,0,0,0
7/26/2020,VU,Vanuatu,WPRO,0,0,0,0
8/2/2020,VU,Vanuatu,WPRO,0,0,0,0
8/9/2020,VU,Vanuatu,WPRO,0,0,0,0
8/16/2020,VU,Vanuatu,WPRO,0,0,0,0
8/23/2020,VU,Vanuatu,WPRO,0,0,0,0
8/30/2020,VU,Vanuatu,WPRO,0,0,0,0
9/6/2020,VU,Vanuatu,WPRO,0,0,0,0
9/13/2020,VU,Vanuatu,WPRO,0,0,0,0
9/20/2020,VU,Vanuatu,WPRO,0,0,0,0
9/27/2020,VU,Vanuatu,WPRO,0,0,0,0
10/4/2020,VU,Vanuatu,WPRO,0,0,0,0
10/11/2020,VU,Vanuatu,WPRO,0,0,0,0
10/18/2020,VU,Vanuatu,WPRO,0,0,0,0
10/25/2020,VU,Vanuatu,WPRO,0,0,0,0
11/1/2020,VU,Vanuatu,WPRO,0,0,0,0
11/8/2020,VU,Vanuatu,WPRO,0,0,0,0
11/15/2020,VU,Vanuatu,WPRO,1,1,0,0
11/22/2020,VU,Vanuatu,WPRO,0,1,0,0
11/29/2020,VU,Vanuatu,WPRO,0,1,0,0
12/6/2020,VU,Vanuatu,WPRO,0,1,0,0
12/13/2020,VU,Vanuatu,WPRO,0,1,0,0
12/20/2020,VU,Vanuatu,WPRO,0,1,0,0
12/27/2020,VU,Vanuatu,WPRO,0,1,0,0
1/3/2021,VU,Vanuatu,WPRO,0,1,0,0
1/10/2021,VU,Vanuatu,WPRO,0,1,0,0
1/17/2021,VU,Vanuatu,WPRO,0,1,0,0
1/24/2021,VU,Vanuatu,WPRO,0,1,0,0
1/31/2021,VU,Vanuatu,WPRO,0,1,0,0
2/7/2021,VU,Vanuatu,WPRO,0,1,0,0
2/14/2021,VU,Vanuatu,WPRO,0,1,0,0
2/21/2021,VU,Vanuatu,WPRO,0,1,0,0
2/28/2021,VU,Vanuatu,WPRO,0,1,0,0
3/7/2021,VU,Vanuatu,WPRO,2,3,0,0
3/14/2021,VU,Vanuatu,WPRO,0,3,0,0
3/21/2021,VU,Vanuatu,WPRO,0,3,0,0
3/28/2021,VU,Vanuatu,WPRO,0,3,0,0
4/4/2021,VU,Vanuatu,WPRO,0,3,0,0
4/11/2021,VU,Vanuatu,WPRO,0,3,0,0
4/18/2021,VU,Vanuatu,WPRO,0,3,0,0
4/25/2021,VU,Vanuatu,WPRO,0,3,0,0
5/2/2021,VU,Vanuatu,WPRO,0,3,0,0
5/9/2021,VU,Vanuatu,WPRO,0,3,0,0
5/16/2021,VU,Vanuatu,WPRO,0,3,0,0
5/23/2021,VU,Vanuatu,WPRO,0,3,0,0
5/30/2021,VU,Vanuatu,WPRO,0,3,0,0
6/6/2021,VU,Vanuatu,WPRO,0,3,0,0
6/13/2021,VU,Vanuatu,WPRO,0,3,0,0
6/20/2021,VU,Vanuatu,WPRO,0,3,0,0
6/27/2021,VU,Vanuatu,WPRO,0,3,0,0
7/4/2021,VU,Vanuatu,WPRO,0,3,0,0
7/11/2021,VU,Vanuatu,WPRO,0,3,0,0
7/18/2021,VU,Vanuatu,WPRO,0,3,0,0
7/25/2021,VU,Vanuatu,WPRO,0,3,0,0
8/1/2021,VU,Vanuatu,WPRO,0,3,0,0
8/8/2021,VU,Vanuatu,WPRO,0,3,0,0
8/15/2021,VU,Vanuatu,WPRO,0,3,0,0
8/22/2021,VU,Vanuatu,WPRO,0,3,0,0
8/29/2021,VU,Vanuatu,WPRO,0,3,0,0
9/5/2021,VU,Vanuatu,WPRO,0,3,0,0
9/12/2021,VU,Vanuatu,WPRO,0,3,0,0
9/19/2021,VU,Vanuatu,WPRO,0,3,0,0
9/26/2021,VU,Vanuatu,WPRO,0,3,0,0
10/3/2021,VU,Vanuatu,WPRO,0,3,0,0
10/10/2021,VU,Vanuatu,WPRO,0,3,0,0
10/17/2021,VU,Vanuatu,WPRO,0,3,0,0
10/24/2021,VU,Vanuatu,WPRO,0,3,0,0
10/31/2021,VU,Vanuatu,WPRO,2,5,0,0
11/7/2021,VU,Vanuatu,WPRO,0,5,0,0
11/14/2021,VU,Vanuatu,WPRO,0,5,0,0
11/21/2021,VU,Vanuatu,WPRO,0,5,0,0
11/28/2021,VU,Vanuatu,WPRO,0,5,0,0
12/5/2021,VU,Vanuatu,WPRO,0,5,0,0
12/12/2021,VU,Vanuatu,WPRO,1,6,0,0
12/19/2021,VU,Vanuatu,WPRO,1,7,0,0
12/26/2021,VU,Vanuatu,WPRO,0,7,0,0
1/2/2022,VU,Vanuatu,WPRO,0,7,0,0
1/9/2022,VU,Vanuatu,WPRO,0,7,0,0
1/16/2022,VU,Vanuatu,WPRO,0,7,0,0
1/23/2022,VU,Vanuatu,WPRO,0,7,0,0
1/30/2022,VU,Vanuatu,WPRO,0,7,0,0
2/6/2022,VU,Vanuatu,WPRO,0,7,0,0
2/13/2022,VU,Vanuatu,WPRO,0,7,0,0
2/20/2022,VU,Vanuatu,WPRO,8,15,0,0
2/27/2022,VU,Vanuatu,WPRO,3,18,0,0
3/6/2022,VU,Vanuatu,WPRO,1,19,0,0
3/13/2022,VU,Vanuatu,WPRO,227,246,0,0
3/20/2022,VU,Vanuatu,WPRO,698,944,0,0
3/27/2022,VU,Vanuatu,WPRO,1591,2535,0,0
4/3/2022,VU,Vanuatu,WPRO,1579,4114,2,2
4/10/2022,VU,Vanuatu,WPRO,1373,5487,2,4
4/17/2022,VU,Vanuatu,WPRO,142,5629,2,6
4/24/2022,VU,Vanuatu,WPRO,1233,6862,6,12
5/1/2022,VU,Vanuatu,WPRO,651,7513,1,13
5/8/2022,VU,Vanuatu,WPRO,394,7907,1,14
5/15/2022,VU,Vanuatu,WPRO,555,8462,0,14
5/22/2022,VU,Vanuatu,WPRO,204,8666,0,14
5/29/2022,VU,Vanuatu,WPRO,346,9012,0,14
6/5/2022,VU,Vanuatu,WPRO,1105,10117,0,14
6/12/2022,VU,Vanuatu,WPRO,521,10638,0,14
6/19/2022,VU,Vanuatu,WPRO,293,10931,0,14
6/26/2022,VU,Vanuatu,WPRO,250,11181,0,14
7/3/2022,VU,Vanuatu,WPRO,92,11273,0,14
7/10/2022,VU,Vanuatu,WPRO,315,11588,0,14
7/17/2022,VU,Vanuatu,WPRO,132,11720,0,14
7/24/2022,VU,Vanuatu,WPRO,0,11720,0,14
7/31/2022,VU,Vanuatu,WPRO,5,11725,0,14
8/7/2022,VU,Vanuatu,WPRO,6,11731,0,14
8/14/2022,VU,Vanuatu,WPRO,3,11734,0,14
8/21/2022,VU,Vanuatu,WPRO,36,11770,0,14
8/28/2022,VU,Vanuatu,WPRO,10,11780,0,14
9/4/2022,VU,Vanuatu,WPRO,83,11863,0,14
9/11/2022,VU,Vanuatu,WPRO,36,11899,0,14
9/18/2022,VU,Vanuatu,WPRO,51,11950,0,14
9/25/2022,VU,Vanuatu,WPRO,0,11950,0,14
10/2/2022,VU,Vanuatu,WPRO,24,11974,0,14
10/9/2022,VU,Vanuatu,WPRO,2,11976,0,14
10/16/2022,VU,Vanuatu,WPRO,0,11976,0,14
10/23/2022,VU,Vanuatu,WPRO,5,11981,0,14
10/30/2022,VU,Vanuatu,WPRO,0,11981,0,14
11/6/2022,VU,Vanuatu,WPRO,0,11981,0,14
11/13/2022,VU,Vanuatu,WPRO,0,11981,0,14
11/20/2022,VU,Vanuatu,WPRO,0,11981,0,14
11/27/2022,VU,Vanuatu,WPRO,0,11981,0,14
12/4/2022,VU,Vanuatu,WPRO,30,12011,0,14
12/11/2022,VU,Vanuatu,WPRO,0,12011,0,14
12/18/2022,VU,Vanuatu,WPRO,0,12011,0,14
12/25/2022,VU,Vanuatu,WPRO,2,12013,0,14
1/1/2023,VU,Vanuatu,WPRO,1,12014,0,14
1/8/2023,VU,Vanuatu,WPRO,0,12014,0,14
1/15/2023,VU,Vanuatu,WPRO,0,12014,0,14
1/22/2023,VU,Vanuatu,WPRO,0,12014,0,14
1/29/2023,VU,Vanuatu,WPRO,0,12014,0,14
2/5/2023,VU,Vanuatu,WPRO,0,12014,0,14
2/12/2023,VU,Vanuatu,WPRO,0,12014,0,14
2/19/2023,VU,Vanuatu,WPRO,0,12014,0,14
2/26/2023,VU,Vanuatu,WPRO,0,12014,0,14
3/5/2023,VU,Vanuatu,WPRO,0,12014,0,14
3/12/2023,VU,Vanuatu,WPRO,0,12014,0,14
3/19/2023,VU,Vanuatu,WPRO,0,12014,0,14
3/26/2023,VU,Vanuatu,WPRO,0,12014,0,14
4/2/2023,VU,Vanuatu,WPRO,0,12014,0,14
4/9/2023,VU,Vanuatu,WPRO,0,12014,0,14
4/16/2023,VU,Vanuatu,WPRO,0,12014,0,14
4/23/2023,VU,Vanuatu,WPRO,2,12016,0,14
4/30/2023,VU,Vanuatu,WPRO,0,12016,0,14
5/7/2023,VU,Vanuatu,WPRO,0,12016,0,14
5/14/2023,VU,Vanuatu,WPRO,0,12016,0,14
5/21/2023,VU,Vanuatu,WPRO,0,12016,0,14
5/28/2023,VU,Vanuatu,WPRO,0,12016,0,14
6/4/2023,VU,Vanuatu,WPRO,3,12019,0,14
6/11/2023,VU,Vanuatu,WPRO,0,12019,0,14
6/18/2023,VU,Vanuatu,WPRO,0,12019,0,14
6/25/2023,VU,Vanuatu,WPRO,0,12019,0,14
7/2/2023,VU,Vanuatu,WPRO,0,12019,0,14
7/9/2023,VU,Vanuatu,WPRO,0,12019,0,14
7/16/2023,VU,Vanuatu,WPRO,0,12019,0,14
7/23/2023,VU,Vanuatu,WPRO,0,12019,0,14
7/30/2023,VU,Vanuatu,WPRO,0,12019,0,14
8/6/2023,VU,Vanuatu,WPRO,0,12019,0,14
8/13/2023,VU,Vanuatu,WPRO,0,12019,0,14
8/20/2023,VU,Vanuatu,WPRO,0,12019,0,14
8/27/2023,VU,Vanuatu,WPRO,0,12019,0,14
9/3/2023,VU,Vanuatu,WPRO,0,12019,0,14
9/10/2023,VU,Vanuatu,WPRO,0,12019,0,14
9/17/2023,VU,Vanuatu,WPRO,0,12019,0,14
9/24/2023,VU,Vanuatu,WPRO,0,12019,0,14
10/1/2023,VU,Vanuatu,WPRO,0,12019,0,14
10/8/2023,VU,Vanuatu,WPRO,0,12019,0,14
10/15/2023,VU,Vanuatu,WPRO,0,12019,0,14
10/22/2023,VU,Vanuatu,WPRO,0,12019,0,14
10/29/2023,VU,Vanuatu,WPRO,0,12019,0,14
11/5/2023,VU,Vanuatu,WPRO,0,12019,0,14
11/12/2023,VU,Vanuatu,WPRO,0,12019,0,14
11/19/2023,VU,Vanuatu,WPRO,0,12019,0,14
11/26/2023,VU,Vanuatu,WPRO,0,12019,0,14
12/3/2023,VU,Vanuatu,WPRO,0,12019,0,14
12/10/2023,VU,Vanuatu,WPRO,0,12019,0,14
12/17/2023,VU,Vanuatu,WPRO,0,12019,0,14
12/24/2023,VU,Vanuatu,WPRO,0,12019,0,14
1/5/2020,VE,Venezuela (Bolivarian Republic of),AMRO,0,0,0,0
1/12/2020,VE,Venezuela (Bolivarian Republic of),AMRO,0,0,0,0
1/19/2020,VE,Venezuela (Bolivarian Republic of),AMRO,0,0,0,0
1/26/2020,VE,Venezuela (Bolivarian Republic of),AMRO,0,0,0,0
2/2/2020,VE,Venezuela (Bolivarian Republic of),AMRO,0,0,0,0
2/9/2020,VE,Venezuela (Bolivarian Republic of),AMRO,0,0,0,0
2/16/2020,VE,Venezuela (Bolivarian Republic of),AMRO,0,0,0,0
2/23/2020,VE,Venezuela (Bolivarian Republic of),AMRO,0,0,0,0
3/1/2020,VE,Venezuela (Bolivarian Republic of),AMRO,0,0,0,0
3/8/2020,VE,Venezuela (Bolivarian Republic of),AMRO,0,0,0,0
3/15/2020,VE,Venezuela (Bolivarian Republic of),AMRO,21,21,0,0
3/22/2020,VE,Venezuela (Bolivarian Republic of),AMRO,19,40,0,0
3/29/2020,VE,Venezuela (Bolivarian Republic of),AMRO,73,113,2,2
4/5/2020,VE,Venezuela (Bolivarian Republic of),AMRO,31,144,1,3
4/12/2020,VE,Venezuela (Bolivarian Republic of),AMRO,27,171,6,9
4/19/2020,VE,Venezuela (Bolivarian Republic of),AMRO,33,204,0,9
4/26/2020,VE,Venezuela (Bolivarian Republic of),AMRO,114,318,1,10
5/3/2020,VE,Venezuela (Bolivarian Republic of),AMRO,27,345,0,10
5/10/2020,VE,Venezuela (Bolivarian Republic of),AMRO,43,388,0,10
5/17/2020,VE,Venezuela (Bolivarian Republic of),AMRO,116,504,0,10
5/24/2020,VE,Venezuela (Bolivarian Republic of),AMRO,440,944,0,10
5/31/2020,VE,Venezuela (Bolivarian Republic of),AMRO,426,1370,4,14
6/7/2020,VE,Venezuela (Bolivarian Republic of),AMRO,775,2145,6,20
6/14/2020,VE,Venezuela (Bolivarian Republic of),AMRO,734,2879,3,23
6/21/2020,VE,Venezuela (Bolivarian Republic of),AMRO,712,3591,7,30
6/28/2020,VE,Venezuela (Bolivarian Republic of),AMRO,1188,4779,11,41
7/5/2020,VE,Venezuela (Bolivarian Republic of),AMRO,1758,6537,18,59
7/12/2020,VE,Venezuela (Bolivarian Republic of),AMRO,2266,8803,24,83
7/19/2020,VE,Venezuela (Bolivarian Republic of),AMRO,2388,11191,24,107
7/26/2020,VE,Venezuela (Bolivarian Republic of),AMRO,3072,14263,27,134
8/2/2020,VE,Venezuela (Bolivarian Republic of),AMRO,4311,18574,30,164
8/9/2020,VE,Venezuela (Bolivarian Republic of),AMRO,5592,24166,44,208
8/16/2020,VE,Venezuela (Bolivarian Republic of),AMRO,7215,31381,58,266
8/23/2020,VE,Venezuela (Bolivarian Republic of),AMRO,6807,38188,51,317
8/30/2020,VE,Venezuela (Bolivarian Republic of),AMRO,5691,43879,41,358
9/6/2020,VE,Venezuela (Bolivarian Republic of),AMRO,7094,50973,54,412
9/13/2020,VE,Venezuela (Bolivarian Republic of),AMRO,7690,58663,56,468
9/20/2020,VE,Venezuela (Bolivarian Republic of),AMRO,6511,65174,62,530
9/27/2020,VE,Venezuela (Bolivarian Republic of),AMRO,6099,71273,61,591
10/4/2020,VE,Venezuela (Bolivarian Republic of),AMRO,5547,76820,52,643
10/11/2020,VE,Venezuela (Bolivarian Republic of),AMRO,4876,81696,41,684
10/18/2020,VE,Venezuela (Bolivarian Republic of),AMRO,4062,85758,41,725
10/25/2020,VE,Venezuela (Bolivarian Republic of),AMRO,2658,88416,34,759
11/1/2020,VE,Venezuela (Bolivarian Republic of),AMRO,3173,91589,34,793
11/8/2020,VE,Venezuela (Bolivarian Republic of),AMRO,2716,94305,28,821
11/15/2020,VE,Venezuela (Bolivarian Republic of),AMRO,2136,96441,23,844
11/22/2020,VE,Venezuela (Bolivarian Republic of),AMRO,2576,99017,22,866
11/29/2020,VE,Venezuela (Bolivarian Republic of),AMRO,2507,101524,22,888
12/6/2020,VE,Venezuela (Bolivarian Republic of),AMRO,2353,103877,25,913
12/13/2020,VE,Venezuela (Bolivarian Republic of),AMRO,2838,106715,31,944
12/20/2020,VE,Venezuela (Bolivarian Republic of),AMRO,2680,109395,35,979
12/27/2020,VE,Venezuela (Bolivarian Republic of),AMRO,2208,111603,31,1010
1/3/2021,VE,Venezuela (Bolivarian Republic of),AMRO,1959,113562,18,1028
1/10/2021,VE,Venezuela (Bolivarian Republic of),AMRO,2105,115667,28,1056
1/17/2021,VE,Venezuela (Bolivarian Republic of),AMRO,3189,118856,39,1095
1/24/2021,VE,Venezuela (Bolivarian Republic of),AMRO,3939,122795,41,1136
1/31/2021,VE,Venezuela (Bolivarian Republic of),AMRO,2981,125776,41,1177
2/7/2021,VE,Venezuela (Bolivarian Republic of),AMRO,3455,129231,46,1223
2/14/2021,VE,Venezuela (Bolivarian Republic of),AMRO,3028,132259,44,1267
2/21/2021,VE,Venezuela (Bolivarian Republic of),AMRO,2855,135114,41,1308
2/28/2021,VE,Venezuela (Bolivarian Republic of),AMRO,3181,138295,30,1338
3/7/2021,VE,Venezuela (Bolivarian Republic of),AMRO,3061,141356,33,1371
3/14/2021,VE,Venezuela (Bolivarian Republic of),AMRO,3430,144786,51,1422
3/21/2021,VE,Venezuela (Bolivarian Republic of),AMRO,4359,149145,53,1475
3/28/2021,VE,Venezuela (Bolivarian Republic of),AMRO,5760,154905,68,1543
4/4/2021,VE,Venezuela (Bolivarian Republic of),AMRO,7825,162730,86,1629
4/11/2021,VE,Venezuela (Bolivarian Republic of),AMRO,9731,172461,110,1739
4/18/2021,VE,Venezuela (Bolivarian Republic of),AMRO,8148,180609,131,1870
4/25/2021,VE,Venezuela (Bolivarian Republic of),AMRO,8772,189381,139,2009
5/2/2021,VE,Venezuela (Bolivarian Republic of),AMRO,8302,197683,127,2136
5/9/2021,VE,Venezuela (Bolivarian Republic of),AMRO,7498,205181,127,2263
5/16/2021,VE,Venezuela (Bolivarian Republic of),AMRO,7817,212998,103,2366
5/23/2021,VE,Venezuela (Bolivarian Republic of),AMRO,8044,221042,117,2483
5/30/2021,VE,Venezuela (Bolivarian Republic of),AMRO,9105,230147,112,2595
6/6/2021,VE,Venezuela (Bolivarian Republic of),AMRO,9105,239252,103,2698
6/13/2021,VE,Venezuela (Bolivarian Republic of),AMRO,9568,248820,99,2797
6/20/2021,VE,Venezuela (Bolivarian Republic of),AMRO,9320,258140,128,2925
6/27/2021,VE,Venezuela (Bolivarian Republic of),AMRO,8812,266952,113,3038
7/4/2021,VE,Venezuela (Bolivarian Republic of),AMRO,8253,275205,116,3154
7/11/2021,VE,Venezuela (Bolivarian Republic of),AMRO,7735,282940,110,3264
7/18/2021,VE,Venezuela (Bolivarian Republic of),AMRO,7584,290524,86,3350
7/25/2021,VE,Venezuela (Bolivarian Republic of),AMRO,7258,297782,108,3458
8/1/2021,VE,Venezuela (Bolivarian Republic of),AMRO,6944,304726,118,3576
8/8/2021,VE,Venezuela (Bolivarian Republic of),AMRO,6234,310960,106,3682
8/15/2021,VE,Venezuela (Bolivarian Republic of),AMRO,6374,317334,99,3781
8/22/2021,VE,Venezuela (Bolivarian Republic of),AMRO,6192,323526,90,3871
8/29/2021,VE,Venezuela (Bolivarian Republic of),AMRO,7586,331112,99,3970
9/5/2021,VE,Venezuela (Bolivarian Republic of),AMRO,7188,338300,102,4072
9/12/2021,VE,Venezuela (Bolivarian Republic of),AMRO,7260,345560,107,4179
9/19/2021,VE,Venezuela (Bolivarian Republic of),AMRO,7841,353401,96,4275
9/26/2021,VE,Venezuela (Bolivarian Republic of),AMRO,7448,360849,104,4379
10/3/2021,VE,Venezuela (Bolivarian Republic of),AMRO,9519,370368,104,4483
10/10/2021,VE,Venezuela (Bolivarian Republic of),AMRO,10488,380856,109,4592
10/17/2021,VE,Venezuela (Bolivarian Republic of),AMRO,9189,390045,101,4693
10/24/2021,VE,Venezuela (Bolivarian Republic of),AMRO,8566,398611,97,4790
10/31/2021,VE,Venezuela (Bolivarian Republic of),AMRO,6834,405445,84,4874
11/7/2021,VE,Venezuela (Bolivarian Republic of),AMRO,6129,411574,72,4946
11/14/2021,VE,Venezuela (Bolivarian Republic of),AMRO,6424,417998,64,5010
11/21/2021,VE,Venezuela (Bolivarian Republic of),AMRO,5635,423633,56,5066
11/28/2021,VE,Venezuela (Bolivarian Republic of),AMRO,5727,429360,58,5124
12/5/2021,VE,Venezuela (Bolivarian Republic of),AMRO,4300,433660,53,5177
12/12/2021,VE,Venezuela (Bolivarian Republic of),AMRO,3453,437113,52,5229
12/19/2021,VE,Venezuela (Bolivarian Republic of),AMRO,3671,440784,43,5272
12/26/2021,VE,Venezuela (Bolivarian Republic of),AMRO,2215,442999,40,5312
1/2/2022,VE,Venezuela (Bolivarian Republic of),AMRO,1636,444635,16,5328
1/9/2022,VE,Venezuela (Bolivarian Republic of),AMRO,1792,446427,20,5348
1/16/2022,VE,Venezuela (Bolivarian Republic of),AMRO,6003,452430,28,5376
1/23/2022,VE,Venezuela (Bolivarian Republic of),AMRO,13033,465463,23,5399
1/30/2022,VE,Venezuela (Bolivarian Republic of),AMRO,13548,479011,31,5430
2/6/2022,VE,Venezuela (Bolivarian Republic of),AMRO,13667,492678,44,5474
2/13/2022,VE,Venezuela (Bolivarian Republic of),AMRO,10484,503162,55,5529
2/20/2022,VE,Venezuela (Bolivarian Republic of),AMRO,6785,509947,62,5591
2/27/2022,VE,Venezuela (Bolivarian Republic of),AMRO,3480,513427,37,5628
3/6/2022,VE,Venezuela (Bolivarian Republic of),AMRO,2809,516236,17,5645
3/13/2022,VE,Venezuela (Bolivarian Republic of),AMRO,1763,517999,11,5656
3/20/2022,VE,Venezuela (Bolivarian Republic of),AMRO,1421,519420,10,5666
3/27/2022,VE,Venezuela (Bolivarian Republic of),AMRO,618,520038,8,5674
4/3/2022,VE,Venezuela (Bolivarian Republic of),AMRO,589,520627,10,5684
4/10/2022,VE,Venezuela (Bolivarian Republic of),AMRO,698,521325,8,5692
4/17/2022,VE,Venezuela (Bolivarian Republic of),AMRO,621,521946,8,5700
4/24/2022,VE,Venezuela (Bolivarian Republic of),AMRO,142,522088,5,5705
5/1/2022,VE,Venezuela (Bolivarian Republic of),AMRO,217,522305,3,5708
5/8/2022,VE,Venezuela (Bolivarian Republic of),AMRO,320,522625,1,5709
5/15/2022,VE,Venezuela (Bolivarian Republic of),AMRO,296,522921,2,5711
5/22/2022,VE,Venezuela (Bolivarian Republic of),AMRO,317,523238,5,5716
5/29/2022,VE,Venezuela (Bolivarian Republic of),AMRO,302,523540,4,5720
6/5/2022,VE,Venezuela (Bolivarian Republic of),AMRO,257,523797,2,5722
6/12/2022,VE,Venezuela (Bolivarian Republic of),AMRO,355,524152,1,5723
6/19/2022,VE,Venezuela (Bolivarian Republic of),AMRO,566,524718,1,5724
6/26/2022,VE,Venezuela (Bolivarian Republic of),AMRO,821,525539,2,5726
7/3/2022,VE,Venezuela (Bolivarian Republic of),AMRO,915,526454,8,5734
7/10/2022,VE,Venezuela (Bolivarian Republic of),AMRO,1335,527789,5,5739
7/17/2022,VE,Venezuela (Bolivarian Republic of),AMRO,1595,529384,6,5745
7/24/2022,VE,Venezuela (Bolivarian Republic of),AMRO,2579,531963,10,5755
7/31/2022,VE,Venezuela (Bolivarian Republic of),AMRO,2943,534906,6,5761
8/7/2022,VE,Venezuela (Bolivarian Republic of),AMRO,2936,537842,6,5767
8/14/2022,VE,Venezuela (Bolivarian Republic of),AMRO,1887,539729,6,5773
8/21/2022,VE,Venezuela (Bolivarian Republic of),AMRO,1458,541187,13,5786
8/28/2022,VE,Venezuela (Bolivarian Republic of),AMRO,852,542039,8,5794
9/4/2022,VE,Venezuela (Bolivarian Republic of),AMRO,665,542704,3,5797
9/11/2022,VE,Venezuela (Bolivarian Republic of),AMRO,890,543594,8,5805
9/18/2022,VE,Venezuela (Bolivarian Republic of),AMRO,496,544090,4,5809
9/25/2022,VE,Venezuela (Bolivarian Republic of),AMRO,315,544405,5,5814
10/2/2022,VE,Venezuela (Bolivarian Republic of),AMRO,398,544803,0,5814
10/9/2022,VE,Venezuela (Bolivarian Republic of),AMRO,129,544932,4,5818
10/16/2022,VE,Venezuela (Bolivarian Republic of),AMRO,261,545193,1,5819
10/23/2022,VE,Venezuela (Bolivarian Republic of),AMRO,330,545523,1,5820
10/30/2022,VE,Venezuela (Bolivarian Republic of),AMRO,280,545803,0,5820
11/6/2022,VE,Venezuela (Bolivarian Republic of),AMRO,244,546047,1,5821
11/13/2022,VE,Venezuela (Bolivarian Republic of),AMRO,215,546262,3,5824
11/20/2022,VE,Venezuela (Bolivarian Republic of),AMRO,471,546733,1,5825
11/27/2022,VE,Venezuela (Bolivarian Republic of),AMRO,471,547204,2,5827
12/4/2022,VE,Venezuela (Bolivarian Republic of),AMRO,493,547697,2,5829
12/11/2022,VE,Venezuela (Bolivarian Republic of),AMRO,536,548233,0,5829
12/18/2022,VE,Venezuela (Bolivarian Republic of),AMRO,732,548965,1,5830
12/25/2022,VE,Venezuela (Bolivarian Republic of),AMRO,879,549844,0,5830
1/1/2023,VE,Venezuela (Bolivarian Republic of),AMRO,678,550522,2,5832
1/8/2023,VE,Venezuela (Bolivarian Republic of),AMRO,194,550716,0,5832
1/15/2023,VE,Venezuela (Bolivarian Republic of),AMRO,165,550881,2,5834
1/22/2023,VE,Venezuela (Bolivarian Republic of),AMRO,323,551204,6,5840
1/29/2023,VE,Venezuela (Bolivarian Republic of),AMRO,195,551399,5,5845
2/5/2023,VE,Venezuela (Bolivarian Republic of),AMRO,188,551587,0,5845
2/12/2023,VE,Venezuela (Bolivarian Republic of),AMRO,106,551693,6,5851
2/19/2023,VE,Venezuela (Bolivarian Republic of),AMRO,215,551908,1,5852
2/26/2023,VE,Venezuela (Bolivarian Republic of),AMRO,49,551957,0,5852
3/5/2023,VE,Venezuela (Bolivarian Republic of),AMRO,77,552034,2,5854
3/12/2023,VE,Venezuela (Bolivarian Republic of),AMRO,128,552162,0,5854
3/19/2023,VE,Venezuela (Bolivarian Republic of),AMRO,88,552250,0,5854
3/26/2023,VE,Venezuela (Bolivarian Republic of),AMRO,47,552297,0,5854
4/2/2023,VE,Venezuela (Bolivarian Republic of),AMRO,101,552398,0,5854
4/9/2023,VE,Venezuela (Bolivarian Republic of),AMRO,0,552398,0,5854
4/16/2023,VE,Venezuela (Bolivarian Republic of),AMRO,31,552429,2,5856
4/23/2023,VE,Venezuela (Bolivarian Republic of),AMRO,126,552555,0,5856
4/30/2023,VE,Venezuela (Bolivarian Republic of),AMRO,23,552578,0,5856
5/7/2023,VE,Venezuela (Bolivarian Republic of),AMRO,117,552695,0,5856
5/14/2023,VE,Venezuela (Bolivarian Republic of),AMRO,0,552695,0,5856
5/21/2023,VE,Venezuela (Bolivarian Republic of),AMRO,0,552695,0,5856
5/28/2023,VE,Venezuela (Bolivarian Republic of),AMRO,0,552695,0,5856
6/4/2023,VE,Venezuela (Bolivarian Republic of),AMRO,0,552695,0,5856
6/11/2023,VE,Venezuela (Bolivarian Republic of),AMRO,0,552695,0,5856
6/18/2023,VE,Venezuela (Bolivarian Republic of),AMRO,0,552695,0,5856
6/25/2023,VE,Venezuela (Bolivarian Republic of),AMRO,0,552695,0,5856
7/2/2023,VE,Venezuela (Bolivarian Republic of),AMRO,0,552695,0,5856
7/9/2023,VE,Venezuela (Bolivarian Republic of),AMRO,0,552695,0,5856
7/16/2023,VE,Venezuela (Bolivarian Republic of),AMRO,0,552695,0,5856
7/23/2023,VE,Venezuela (Bolivarian Republic of),AMRO,0,552695,0,5856
7/30/2023,VE,Venezuela (Bolivarian Republic of),AMRO,0,552695,0,5856
8/6/2023,VE,Venezuela (Bolivarian Republic of),AMRO,0,552695,0,5856
8/13/2023,VE,Venezuela (Bolivarian Republic of),AMRO,0,552695,0,5856
8/20/2023,VE,Venezuela (Bolivarian Republic of),AMRO,0,552695,0,5856
8/27/2023,VE,Venezuela (Bolivarian Republic of),AMRO,0,552695,0,5856
9/3/2023,VE,Venezuela (Bolivarian Republic of),AMRO,0,552695,0,5856
9/10/2023,VE,Venezuela (Bolivarian Republic of),AMRO,0,552695,0,5856
9/17/2023,VE,Venezuela (Bolivarian Republic of),AMRO,0,552695,0,5856
9/24/2023,VE,Venezuela (Bolivarian Republic of),AMRO,0,552695,0,5856
10/1/2023,VE,Venezuela (Bolivarian Republic of),AMRO,0,552695,0,5856
10/8/2023,VE,Venezuela (Bolivarian Republic of),AMRO,0,552695,0,5856
10/15/2023,VE,Venezuela (Bolivarian Republic of),AMRO,0,552695,0,5856
10/22/2023,VE,Venezuela (Bolivarian Republic of),AMRO,0,552695,0,5856
10/29/2023,VE,Venezuela (Bolivarian Republic of),AMRO,0,552695,0,5856
11/5/2023,VE,Venezuela (Bolivarian Republic of),AMRO,0,552695,0,5856
11/12/2023,VE,Venezuela (Bolivarian Republic of),AMRO,0,552695,0,5856
11/19/2023,VE,Venezuela (Bolivarian Republic of),AMRO,0,552695,0,5856
11/26/2023,VE,Venezuela (Bolivarian Republic of),AMRO,0,552695,0,5856
12/3/2023,VE,Venezuela (Bolivarian Republic of),AMRO,0,552695,0,5856
12/10/2023,VE,Venezuela (Bolivarian Republic of),AMRO,0,552695,0,5856
12/17/2023,VE,Venezuela (Bolivarian Republic of),AMRO,0,552695,0,5856
12/24/2023,VE,Venezuela (Bolivarian Republic of),AMRO,0,552695,0,5856
1/5/2020,VN,Viet Nam,WPRO,0,0,0,0
1/12/2020,VN,Viet Nam,WPRO,0,0,0,0
1/19/2020,VN,Viet Nam,WPRO,0,0,0,0
1/26/2020,VN,Viet Nam,WPRO,2,2,0,0
2/2/2020,VN,Viet Nam,WPRO,4,6,0,0
2/9/2020,VN,Viet Nam,WPRO,7,13,0,0
2/16/2020,VN,Viet Nam,WPRO,3,16,0,0
2/23/2020,VN,Viet Nam,WPRO,0,16,0,0
3/1/2020,VN,Viet Nam,WPRO,0,16,0,0
3/8/2020,VN,Viet Nam,WPRO,4,20,0,0
3/15/2020,VN,Viet Nam,WPRO,33,53,0,0
3/22/2020,VN,Viet Nam,WPRO,41,94,0,0
3/29/2020,VN,Viet Nam,WPRO,80,174,0,0
4/5/2020,VN,Viet Nam,WPRO,66,240,0,0
4/12/2020,VN,Viet Nam,WPRO,18,258,0,0
4/19/2020,VN,Viet Nam,WPRO,10,268,0,0
4/26/2020,VN,Viet Nam,WPRO,2,270,0,0
5/3/2020,VN,Viet Nam,WPRO,0,270,0,0
5/10/2020,VN,Viet Nam,WPRO,18,288,0,0
5/17/2020,VN,Viet Nam,WPRO,30,318,0,0
5/24/2020,VN,Viet Nam,WPRO,7,325,0,0
5/31/2020,VN,Viet Nam,WPRO,3,328,0,0
6/7/2020,VN,Viet Nam,WPRO,1,329,0,0
6/14/2020,VN,Viet Nam,WPRO,5,334,0,0
6/21/2020,VN,Viet Nam,WPRO,15,349,0,0
6/28/2020,VN,Viet Nam,WPRO,6,355,0,0
7/5/2020,VN,Viet Nam,WPRO,0,355,0,0
7/12/2020,VN,Viet Nam,WPRO,15,370,0,0
7/19/2020,VN,Viet Nam,WPRO,12,382,0,0
7/26/2020,VN,Viet Nam,WPRO,36,418,0,0
8/2/2020,VN,Viet Nam,WPRO,172,590,3,3
8/9/2020,VN,Viet Nam,WPRO,222,812,7,10
8/16/2020,VN,Viet Nam,WPRO,139,951,13,23
8/23/2020,VN,Viet Nam,WPRO,63,1014,3,26
8/30/2020,VN,Viet Nam,WPRO,26,1040,6,32
9/6/2020,VN,Viet Nam,WPRO,9,1049,3,35
9/13/2020,VN,Viet Nam,WPRO,11,1060,0,35
9/20/2020,VN,Viet Nam,WPRO,8,1068,0,35
9/27/2020,VN,Viet Nam,WPRO,1,1069,0,35
10/4/2020,VN,Viet Nam,WPRO,27,1096,0,35
10/11/2020,VN,Viet Nam,WPRO,11,1107,0,35
10/18/2020,VN,Viet Nam,WPRO,19,1126,0,35
10/25/2020,VN,Viet Nam,WPRO,34,1160,0,35
11/1/2020,VN,Viet Nam,WPRO,20,1180,0,35
11/8/2020,VN,Viet Nam,WPRO,33,1213,0,35
11/15/2020,VN,Viet Nam,WPRO,52,1265,0,35
11/22/2020,VN,Viet Nam,WPRO,41,1306,0,35
11/29/2020,VN,Viet Nam,WPRO,35,1341,0,35
12/6/2020,VN,Viet Nam,WPRO,24,1365,0,35
12/13/2020,VN,Viet Nam,WPRO,30,1395,0,35
12/20/2020,VN,Viet Nam,WPRO,16,1411,0,35
12/27/2020,VN,Viet Nam,WPRO,29,1440,0,35
1/3/2021,VN,Viet Nam,WPRO,54,1494,0,35
1/10/2021,VN,Viet Nam,WPRO,20,1514,0,35
1/17/2021,VN,Viet Nam,WPRO,23,1537,0,35
1/24/2021,VN,Viet Nam,WPRO,11,1548,0,35
1/31/2021,VN,Viet Nam,WPRO,271,1819,0,35
2/7/2021,VN,Viet Nam,WPRO,186,2005,0,35
2/14/2021,VN,Viet Nam,WPRO,224,2229,0,35
2/21/2021,VN,Viet Nam,WPRO,154,2383,0,35
2/28/2021,VN,Viet Nam,WPRO,65,2448,0,35
3/7/2021,VN,Viet Nam,WPRO,64,2512,0,35
3/14/2021,VN,Viet Nam,WPRO,42,2554,0,35
3/21/2021,VN,Viet Nam,WPRO,18,2572,0,35
3/28/2021,VN,Viet Nam,WPRO,19,2591,0,35
4/4/2021,VN,Viet Nam,WPRO,40,2631,0,35
4/11/2021,VN,Viet Nam,WPRO,65,2696,0,35
4/18/2021,VN,Viet Nam,WPRO,89,2785,0,35
4/25/2021,VN,Viet Nam,WPRO,61,2846,0,35
5/2/2021,VN,Viet Nam,WPRO,116,2962,0,35
5/9/2021,VN,Viet Nam,WPRO,450,3412,0,35
5/16/2021,VN,Viet Nam,WPRO,800,4212,2,37
5/23/2021,VN,Viet Nam,WPRO,1063,5275,5,42
5/30/2021,VN,Viet Nam,WPRO,1893,7168,5,47
6/6/2021,VN,Viet Nam,WPRO,1623,8791,6,53
6/13/2021,VN,Viet Nam,WPRO,1839,10630,7,60
6/20/2021,VN,Viet Nam,WPRO,2628,13258,7,67
6/27/2021,VN,Viet Nam,WPRO,2482,15740,13,80
7/4/2021,VN,Viet Nam,WPRO,4521,20261,19,99
7/11/2021,VN,Viet Nam,WPRO,10217,30478,63,162
7/18/2021,VN,Viet Nam,WPRO,25367,55845,92,254
7/25/2021,VN,Viet Nam,WPRO,45328,101173,116,370
8/1/2021,VN,Viet Nam,WPRO,56334,157507,936,1306
8/8/2021,VN,Viet Nam,WPRO,58053,215560,2091,3397
8/15/2021,VN,Viet Nam,WPRO,59484,275044,2377,5774
8/22/2021,VN,Viet Nam,WPRO,73015,348059,2503,8277
8/29/2021,VN,Viet Nam,WPRO,87206,435265,2472,10749
9/5/2021,VN,Viet Nam,WPRO,89042,524307,2325,13074
9/12/2021,VN,Viet Nam,WPRO,89068,613375,2205,15279
9/19/2021,VN,Viet Nam,WPRO,73688,687063,1811,17090
9/26/2021,VN,Viet Nam,WPRO,69626,756689,1494,18584
10/3/2021,VN,Viet Nam,WPRO,51889,808578,1131,19715
10/10/2021,VN,Viet Nam,WPRO,31084,839662,840,20555
10/17/2021,VN,Viet Nam,WPRO,24391,864053,639,21194
10/24/2021,VN,Viet Nam,WPRO,24887,888940,479,21673
10/31/2021,VN,Viet Nam,WPRO,32182,921122,410,22083
11/7/2021,VN,Viet Nam,WPRO,47562,968684,448,22531
11/14/2021,VN,Viet Nam,WPRO,57838,1026522,551,23082
11/21/2021,VN,Viet Nam,WPRO,67992,1094514,679,23761
11/28/2021,VN,Viet Nam,WPRO,115826,1210340,1121,24882
12/5/2021,VN,Viet Nam,WPRO,98752,1309092,1378,26260
12/12/2021,VN,Viet Nam,WPRO,103959,1413051,1579,27839
12/19/2021,VN,Viet Nam,WPRO,127427,1540478,1727,29566
12/26/2021,VN,Viet Nam,WPRO,111195,1651673,1648,31214
1/2/2022,VN,Viet Nam,WPRO,111367,1763040,1617,32831
1/9/2022,VN,Viet Nam,WPRO,136535,1899575,1488,34319
1/16/2022,VN,Viet Nam,WPRO,123971,2023546,1290,35609
1/23/2022,VN,Viet Nam,WPRO,117876,2141422,1110,36719
1/30/2022,VN,Viet Nam,WPRO,121631,2263053,949,37668
2/6/2022,VN,Viet Nam,WPRO,78918,2341971,656,38324
2/13/2022,VN,Viet Nam,WPRO,168889,2510860,622,38946
2/20/2022,VN,Viet Nam,WPRO,276633,2787493,555,39501
2/27/2022,VN,Viet Nam,WPRO,533512,3321005,643,40144
3/6/2022,VN,Viet Nam,WPRO,1113695,4434700,669,40813
3/13/2022,VN,Viet Nam,WPRO,1677948,6112648,572,41385
3/20/2022,VN,Viet Nam,WPRO,1845400,7958048,495,41880
3/27/2022,VN,Viet Nam,WPRO,1053425,9011473,426,42306
4/3/2022,VN,Viet Nam,WPRO,806855,9818328,294,42600
4/10/2022,VN,Viet Nam,WPRO,379908,10198236,213,42813
4/17/2022,VN,Viet Nam,WPRO,234311,10432547,131,42944
4/24/2022,VN,Viet Nam,WPRO,130955,10563502,69,43013
5/1/2022,VN,Viet Nam,WPRO,90024,10653526,29,43042
5/8/2022,VN,Viet Nam,WPRO,22658,10676184,14,43056
5/15/2022,VN,Viet Nam,WPRO,20446,10696630,9,43065
5/22/2022,VN,Viet Nam,WPRO,12257,10708887,10,43075
5/29/2022,VN,Viet Nam,WPRO,8364,10717251,3,43078
6/5/2022,VN,Viet Nam,WPRO,7988,10725239,3,43081
6/12/2022,VN,Viet Nam,WPRO,6573,10731812,2,43083
6/19/2022,VN,Viet Nam,WPRO,5828,10737640,0,43083
6/26/2022,VN,Viet Nam,WPRO,5808,10743448,1,43084
7/3/2022,VN,Viet Nam,WPRO,4679,10748127,4,43088
7/10/2022,VN,Viet Nam,WPRO,6221,10754348,1,43089
7/17/2022,VN,Viet Nam,WPRO,5502,10759850,2,43091
7/24/2022,VN,Viet Nam,WPRO,7350,10767200,1,43092
7/31/2022,VN,Viet Nam,WPRO,7479,10774679,1,43093
8/7/2022,VN,Viet Nam,WPRO,571458,11346137,1,43094
8/14/2022,VN,Viet Nam,WPRO,18218,11364355,4,43098
8/21/2022,VN,Viet Nam,WPRO,17903,11382258,8,43106
8/28/2022,VN,Viet Nam,WPRO,19339,11401597,7,43113
9/4/2022,VN,Viet Nam,WPRO,15906,11417503,9,43122
9/11/2022,VN,Viet Nam,WPRO,20467,11437970,8,43130
9/18/2022,VN,Viet Nam,WPRO,18588,11456558,11,43141
9/25/2022,VN,Viet Nam,WPRO,14782,11471340,5,43146
10/2/2022,VN,Viet Nam,WPRO,8688,11480028,5,43151
10/9/2022,VN,Viet Nam,WPRO,5333,11485361,2,43153
10/16/2022,VN,Viet Nam,WPRO,6912,11492273,2,43155
10/23/2022,VN,Viet Nam,WPRO,4556,11496829,4,43159
10/30/2022,VN,Viet Nam,WPRO,5340,11502169,4,43163
11/6/2022,VN,Viet Nam,WPRO,3439,11505608,3,43166
11/13/2022,VN,Viet Nam,WPRO,2839,11508447,0,43166
11/20/2022,VN,Viet Nam,WPRO,2731,11511178,3,43169
11/27/2022,VN,Viet Nam,WPRO,2996,11514174,1,43170
12/4/2022,VN,Viet Nam,WPRO,3343,11517517,7,43177
12/11/2022,VN,Viet Nam,WPRO,2928,11520445,2,43179
12/18/2022,VN,Viet Nam,WPRO,2305,11522750,1,43180
12/25/2022,VN,Viet Nam,WPRO,1452,11524202,4,43184
1/1/2023,VN,Viet Nam,WPRO,1029,11525231,2,43186
1/8/2023,VN,Viet Nam,WPRO,480,11525711,0,43186
1/15/2023,VN,Viet Nam,WPRO,407,11526118,0,43186
1/22/2023,VN,Viet Nam,WPRO,200,11526318,0,43186
1/29/2023,VN,Viet Nam,WPRO,77,11526395,0,43186
2/5/2023,VN,Viet Nam,WPRO,171,11526566,0,43186
2/12/2023,VN,Viet Nam,WPRO,85,11526651,0,43186
2/19/2023,VN,Viet Nam,WPRO,155,11526806,0,43186
2/26/2023,VN,Viet Nam,WPRO,85,11526891,0,43186
3/5/2023,VN,Viet Nam,WPRO,59,11526950,0,43186
3/12/2023,VN,Viet Nam,WPRO,83,11527033,0,43186
3/19/2023,VN,Viet Nam,WPRO,83,11527116,0,43186
3/26/2023,VN,Viet Nam,WPRO,87,11527203,0,43186
4/2/2023,VN,Viet Nam,WPRO,113,11527316,0,43186
4/9/2023,VN,Viet Nam,WPRO,385,11527701,0,43186
4/16/2023,VN,Viet Nam,WPRO,2655,11530356,0,43186
4/23/2023,VN,Viet Nam,WPRO,12704,11543060,1,43187
4/30/2023,VN,Viet Nam,WPRO,16802,11559862,4,43191
5/7/2023,VN,Viet Nam,WPRO,14069,11573931,5,43196
5/14/2023,VN,Viet Nam,WPRO,15636,11589567,5,43201
5/21/2023,VN,Viet Nam,WPRO,12192,11601759,2,43203
5/28/2023,VN,Viet Nam,WPRO,7778,11609537,3,43206
6/4/2023,VN,Viet Nam,WPRO,5046,11614583,0,43206
6/11/2023,VN,Viet Nam,WPRO,2914,11617497,0,43206
6/18/2023,VN,Viet Nam,WPRO,1770,11619267,0,43206
6/25/2023,VN,Viet Nam,WPRO,780,11620047,0,43206
7/2/2023,VN,Viet Nam,WPRO,549,11620596,0,43206
7/9/2023,VN,Viet Nam,WPRO,437,11621033,0,43206
7/16/2023,VN,Viet Nam,WPRO,287,11621320,0,43206
7/23/2023,VN,Viet Nam,WPRO,279,11621599,0,43206
7/30/2023,VN,Viet Nam,WPRO,199,11621798,0,43206
8/6/2023,VN,Viet Nam,WPRO,180,11621978,0,43206
8/13/2023,VN,Viet Nam,WPRO,226,11622204,0,43206
8/20/2023,VN,Viet Nam,WPRO,200,11622404,0,43206
8/27/2023,VN,Viet Nam,WPRO,279,11622683,0,43206
9/3/2023,VN,Viet Nam,WPRO,229,11622912,0,43206
9/10/2023,VN,Viet Nam,WPRO,270,11623182,0,43206
9/17/2023,VN,Viet Nam,WPRO,190,11623372,0,43206
9/24/2023,VN,Viet Nam,WPRO,199,11623571,0,43206
10/1/2023,VN,Viet Nam,WPRO,127,11623698,0,43206
10/8/2023,VN,Viet Nam,WPRO,147,11623845,0,43206
10/15/2023,VN,Viet Nam,WPRO,142,11623987,0,43206
10/22/2023,VN,Viet Nam,WPRO,13,11624000,0,43206
10/29/2023,VN,Viet Nam,WPRO,0,11624000,0,43206
11/5/2023,VN,Viet Nam,WPRO,0,11624000,0,43206
11/12/2023,VN,Viet Nam,WPRO,0,11624000,0,43206
11/19/2023,VN,Viet Nam,WPRO,0,11624000,0,43206
11/26/2023,VN,Viet Nam,WPRO,0,11624000,0,43206
12/3/2023,VN,Viet Nam,WPRO,0,11624000,0,43206
12/10/2023,VN,Viet Nam,WPRO,0,11624000,0,43206
12/17/2023,VN,Viet Nam,WPRO,0,11624000,0,43206
12/24/2023,VN,Viet Nam,WPRO,0,11624000,0,43206
1/5/2020,WF,Wallis and Futuna,WPRO,0,0,0,0
1/12/2020,WF,Wallis and Futuna,WPRO,0,0,0,0
1/19/2020,WF,Wallis and Futuna,WPRO,0,0,0,0
1/26/2020,WF,Wallis and Futuna,WPRO,0,0,0,0
2/2/2020,WF,Wallis and Futuna,WPRO,0,0,0,0
2/9/2020,WF,Wallis and Futuna,WPRO,0,0,0,0
2/16/2020,WF,Wallis and Futuna,WPRO,0,0,0,0
2/23/2020,WF,Wallis and Futuna,WPRO,0,0,0,0
3/1/2020,WF,Wallis and Futuna,WPRO,0,0,0,0
3/8/2020,WF,Wallis and Futuna,WPRO,0,0,0,0
3/15/2020,WF,Wallis and Futuna,WPRO,0,0,0,0
3/22/2020,WF,Wallis and Futuna,WPRO,0,0,0,0
3/29/2020,WF,Wallis and Futuna,WPRO,0,0,0,0
4/5/2020,WF,Wallis and Futuna,WPRO,0,0,0,0
4/12/2020,WF,Wallis and Futuna,WPRO,0,0,0,0
4/19/2020,WF,Wallis and Futuna,WPRO,0,0,0,0
4/26/2020,WF,Wallis and Futuna,WPRO,0,0,0,0
5/3/2020,WF,Wallis and Futuna,WPRO,0,0,0,0
5/10/2020,WF,Wallis and Futuna,WPRO,0,0,0,0
5/17/2020,WF,Wallis and Futuna,WPRO,0,0,0,0
5/24/2020,WF,Wallis and Futuna,WPRO,0,0,0,0
5/31/2020,WF,Wallis and Futuna,WPRO,0,0,0,0
6/7/2020,WF,Wallis and Futuna,WPRO,0,0,0,0
6/14/2020,WF,Wallis and Futuna,WPRO,0,0,0,0
6/21/2020,WF,Wallis and Futuna,WPRO,0,0,0,0
6/28/2020,WF,Wallis and Futuna,WPRO,0,0,0,0
7/5/2020,WF,Wallis and Futuna,WPRO,0,0,0,0
7/12/2020,WF,Wallis and Futuna,WPRO,0,0,0,0
7/19/2020,WF,Wallis and Futuna,WPRO,0,0,0,0
7/26/2020,WF,Wallis and Futuna,WPRO,0,0,0,0
8/2/2020,WF,Wallis and Futuna,WPRO,0,0,0,0
8/9/2020,WF,Wallis and Futuna,WPRO,0,0,0,0
8/16/2020,WF,Wallis and Futuna,WPRO,0,0,0,0
8/23/2020,WF,Wallis and Futuna,WPRO,0,0,0,0
8/30/2020,WF,Wallis and Futuna,WPRO,0,0,0,0
9/6/2020,WF,Wallis and Futuna,WPRO,0,0,0,0
9/13/2020,WF,Wallis and Futuna,WPRO,0,0,0,0
9/20/2020,WF,Wallis and Futuna,WPRO,0,0,0,0
9/27/2020,WF,Wallis and Futuna,WPRO,0,0,0,0
10/4/2020,WF,Wallis and Futuna,WPRO,0,0,0,0
10/11/2020,WF,Wallis and Futuna,WPRO,0,0,0,0
10/18/2020,WF,Wallis and Futuna,WPRO,0,0,0,0
10/25/2020,WF,Wallis and Futuna,WPRO,1,1,0,0
11/1/2020,WF,Wallis and Futuna,WPRO,0,1,0,0
11/8/2020,WF,Wallis and Futuna,WPRO,0,1,0,0
11/15/2020,WF,Wallis and Futuna,WPRO,0,1,0,0
11/22/2020,WF,Wallis and Futuna,WPRO,1,2,0,0
11/29/2020,WF,Wallis and Futuna,WPRO,1,3,0,0
12/6/2020,WF,Wallis and Futuna,WPRO,0,3,0,0
12/13/2020,WF,Wallis and Futuna,WPRO,0,3,0,0
12/20/2020,WF,Wallis and Futuna,WPRO,1,4,0,0
12/27/2020,WF,Wallis and Futuna,WPRO,0,4,0,0
1/3/2021,WF,Wallis and Futuna,WPRO,0,4,0,0
1/10/2021,WF,Wallis and Futuna,WPRO,0,4,0,0
1/17/2021,WF,Wallis and Futuna,WPRO,0,4,0,0
1/24/2021,WF,Wallis and Futuna,WPRO,0,4,0,0
1/31/2021,WF,Wallis and Futuna,WPRO,1,5,0,0
2/7/2021,WF,Wallis and Futuna,WPRO,0,5,0,0
2/14/2021,WF,Wallis and Futuna,WPRO,4,9,0,0
2/21/2021,WF,Wallis and Futuna,WPRO,0,9,0,0
2/28/2021,WF,Wallis and Futuna,WPRO,0,9,0,0
3/7/2021,WF,Wallis and Futuna,WPRO,1,10,0,0
3/14/2021,WF,Wallis and Futuna,WPRO,166,176,0,0
3/21/2021,WF,Wallis and Futuna,WPRO,135,311,0,0
3/28/2021,WF,Wallis and Futuna,WPRO,65,376,0,0
4/4/2021,WF,Wallis and Futuna,WPRO,49,425,0,0
4/11/2021,WF,Wallis and Futuna,WPRO,16,441,0,0
4/18/2021,WF,Wallis and Futuna,WPRO,6,447,0,0
4/25/2021,WF,Wallis and Futuna,WPRO,2,449,0,0
5/2/2021,WF,Wallis and Futuna,WPRO,4,453,0,0
5/9/2021,WF,Wallis and Futuna,WPRO,0,453,0,0
5/16/2021,WF,Wallis and Futuna,WPRO,0,453,0,0
5/23/2021,WF,Wallis and Futuna,WPRO,0,453,0,0
5/30/2021,WF,Wallis and Futuna,WPRO,0,453,7,7
6/6/2021,WF,Wallis and Futuna,WPRO,0,453,0,7
6/13/2021,WF,Wallis and Futuna,WPRO,0,453,0,7
6/20/2021,WF,Wallis and Futuna,WPRO,0,453,0,7
6/27/2021,WF,Wallis and Futuna,WPRO,0,453,0,7
7/4/2021,WF,Wallis and Futuna,WPRO,0,453,0,7
7/11/2021,WF,Wallis and Futuna,WPRO,0,453,0,7
7/18/2021,WF,Wallis and Futuna,WPRO,0,453,0,7
7/25/2021,WF,Wallis and Futuna,WPRO,0,453,0,7
8/1/2021,WF,Wallis and Futuna,WPRO,0,453,0,7
8/8/2021,WF,Wallis and Futuna,WPRO,0,453,0,7
8/15/2021,WF,Wallis and Futuna,WPRO,0,453,0,7
8/22/2021,WF,Wallis and Futuna,WPRO,0,453,0,7
8/29/2021,WF,Wallis and Futuna,WPRO,0,453,0,7
9/5/2021,WF,Wallis and Futuna,WPRO,0,453,0,7
9/12/2021,WF,Wallis and Futuna,WPRO,0,453,0,7
9/19/2021,WF,Wallis and Futuna,WPRO,0,453,0,7
9/26/2021,WF,Wallis and Futuna,WPRO,0,453,0,7
10/3/2021,WF,Wallis and Futuna,WPRO,0,453,0,7
10/10/2021,WF,Wallis and Futuna,WPRO,0,453,0,7
10/17/2021,WF,Wallis and Futuna,WPRO,0,453,0,7
10/24/2021,WF,Wallis and Futuna,WPRO,0,453,0,7
10/31/2021,WF,Wallis and Futuna,WPRO,0,453,0,7
11/7/2021,WF,Wallis and Futuna,WPRO,0,453,0,7
11/14/2021,WF,Wallis and Futuna,WPRO,0,453,0,7
11/21/2021,WF,Wallis and Futuna,WPRO,0,453,0,7
11/28/2021,WF,Wallis and Futuna,WPRO,0,453,0,7
12/5/2021,WF,Wallis and Futuna,WPRO,0,453,0,7
12/12/2021,WF,Wallis and Futuna,WPRO,0,453,0,7
12/19/2021,WF,Wallis and Futuna,WPRO,0,453,0,7
12/26/2021,WF,Wallis and Futuna,WPRO,0,453,0,7
1/2/2022,WF,Wallis and Futuna,WPRO,0,453,0,7
1/9/2022,WF,Wallis and Futuna,WPRO,0,453,0,7
1/16/2022,WF,Wallis and Futuna,WPRO,0,453,0,7
1/23/2022,WF,Wallis and Futuna,WPRO,0,453,0,7
1/30/2022,WF,Wallis and Futuna,WPRO,0,453,0,7
2/6/2022,WF,Wallis and Futuna,WPRO,0,453,0,7
2/13/2022,WF,Wallis and Futuna,WPRO,0,453,0,7
2/20/2022,WF,Wallis and Futuna,WPRO,0,453,0,7
2/27/2022,WF,Wallis and Futuna,WPRO,0,453,0,7
3/6/2022,WF,Wallis and Futuna,WPRO,0,453,0,7
3/13/2022,WF,Wallis and Futuna,WPRO,0,453,0,7
3/20/2022,WF,Wallis and Futuna,WPRO,0,453,0,7
3/27/2022,WF,Wallis and Futuna,WPRO,0,453,0,7
4/3/2022,WF,Wallis and Futuna,WPRO,0,453,0,7
4/10/2022,WF,Wallis and Futuna,WPRO,0,453,0,7
4/17/2022,WF,Wallis and Futuna,WPRO,1,454,0,7
4/24/2022,WF,Wallis and Futuna,WPRO,0,454,0,7
5/1/2022,WF,Wallis and Futuna,WPRO,0,454,0,7
5/8/2022,WF,Wallis and Futuna,WPRO,0,454,0,7
5/15/2022,WF,Wallis and Futuna,WPRO,0,454,0,7
5/22/2022,WF,Wallis and Futuna,WPRO,0,454,0,7
5/29/2022,WF,Wallis and Futuna,WPRO,0,454,0,7
6/5/2022,WF,Wallis and Futuna,WPRO,0,454,0,7
6/12/2022,WF,Wallis and Futuna,WPRO,0,454,0,7
6/19/2022,WF,Wallis and Futuna,WPRO,0,454,0,7
6/26/2022,WF,Wallis and Futuna,WPRO,0,454,0,7
7/3/2022,WF,Wallis and Futuna,WPRO,0,454,0,7
7/10/2022,WF,Wallis and Futuna,WPRO,2,456,0,7
7/17/2022,WF,Wallis and Futuna,WPRO,0,456,0,7
7/24/2022,WF,Wallis and Futuna,WPRO,131,587,0,7
7/31/2022,WF,Wallis and Futuna,WPRO,174,761,0,7
8/7/2022,WF,Wallis and Futuna,WPRO,0,761,0,7
8/14/2022,WF,Wallis and Futuna,WPRO,0,761,0,7
8/21/2022,WF,Wallis and Futuna,WPRO,0,761,0,7
8/28/2022,WF,Wallis and Futuna,WPRO,0,761,0,7
9/4/2022,WF,Wallis and Futuna,WPRO,0,761,0,7
9/11/2022,WF,Wallis and Futuna,WPRO,0,761,0,7
9/18/2022,WF,Wallis and Futuna,WPRO,0,761,0,7
9/25/2022,WF,Wallis and Futuna,WPRO,0,761,0,7
10/2/2022,WF,Wallis and Futuna,WPRO,0,761,0,7
10/9/2022,WF,Wallis and Futuna,WPRO,0,761,0,7
10/16/2022,WF,Wallis and Futuna,WPRO,2654,3415,0,7
10/23/2022,WF,Wallis and Futuna,WPRO,0,3415,0,7
10/30/2022,WF,Wallis and Futuna,WPRO,0,3415,0,7
11/6/2022,WF,Wallis and Futuna,WPRO,0,3415,0,7
11/13/2022,WF,Wallis and Futuna,WPRO,0,3415,0,7
11/20/2022,WF,Wallis and Futuna,WPRO,0,3415,0,7
11/27/2022,WF,Wallis and Futuna,WPRO,0,3415,0,7
12/4/2022,WF,Wallis and Futuna,WPRO,0,3415,0,7
12/11/2022,WF,Wallis and Futuna,WPRO,0,3415,0,7
12/18/2022,WF,Wallis and Futuna,WPRO,0,3415,0,7
12/25/2022,WF,Wallis and Futuna,WPRO,0,3415,0,7
1/1/2023,WF,Wallis and Futuna,WPRO,12,3427,0,7
1/8/2023,WF,Wallis and Futuna,WPRO,0,3427,0,7
1/15/2023,WF,Wallis and Futuna,WPRO,0,3427,0,7
1/22/2023,WF,Wallis and Futuna,WPRO,0,3427,0,7
1/29/2023,WF,Wallis and Futuna,WPRO,0,3427,0,7
2/5/2023,WF,Wallis and Futuna,WPRO,0,3427,0,7
2/12/2023,WF,Wallis and Futuna,WPRO,0,3427,0,7
2/19/2023,WF,Wallis and Futuna,WPRO,0,3427,0,7
2/26/2023,WF,Wallis and Futuna,WPRO,0,3427,0,7
3/5/2023,WF,Wallis and Futuna,WPRO,0,3427,0,7
3/12/2023,WF,Wallis and Futuna,WPRO,0,3427,0,7
3/19/2023,WF,Wallis and Futuna,WPRO,0,3427,0,7
3/26/2023,WF,Wallis and Futuna,WPRO,0,3427,0,7
4/2/2023,WF,Wallis and Futuna,WPRO,0,3427,0,7
4/9/2023,WF,Wallis and Futuna,WPRO,0,3427,0,7
4/16/2023,WF,Wallis and Futuna,WPRO,0,3427,0,7
4/23/2023,WF,Wallis and Futuna,WPRO,0,3427,0,7
4/30/2023,WF,Wallis and Futuna,WPRO,0,3427,0,7
5/7/2023,WF,Wallis and Futuna,WPRO,0,3427,0,7
5/14/2023,WF,Wallis and Futuna,WPRO,0,3427,0,7
5/21/2023,WF,Wallis and Futuna,WPRO,81,3508,0,7
5/28/2023,WF,Wallis and Futuna,WPRO,0,3508,0,7
6/4/2023,WF,Wallis and Futuna,WPRO,42,3550,1,8
6/11/2023,WF,Wallis and Futuna,WPRO,0,3550,0,8
6/18/2023,WF,Wallis and Futuna,WPRO,0,3550,0,8
6/25/2023,WF,Wallis and Futuna,WPRO,0,3550,0,8
7/2/2023,WF,Wallis and Futuna,WPRO,0,3550,0,8
7/9/2023,WF,Wallis and Futuna,WPRO,0,3550,0,8
7/16/2023,WF,Wallis and Futuna,WPRO,0,3550,0,8
7/23/2023,WF,Wallis and Futuna,WPRO,0,3550,0,8
7/30/2023,WF,Wallis and Futuna,WPRO,0,3550,0,8
8/6/2023,WF,Wallis and Futuna,WPRO,0,3550,0,8
8/13/2023,WF,Wallis and Futuna,WPRO,0,3550,0,8
8/20/2023,WF,Wallis and Futuna,WPRO,0,3550,0,8
8/27/2023,WF,Wallis and Futuna,WPRO,0,3550,0,8
9/3/2023,WF,Wallis and Futuna,WPRO,0,3550,0,8
9/10/2023,WF,Wallis and Futuna,WPRO,0,3550,0,8
9/17/2023,WF,Wallis and Futuna,WPRO,0,3550,0,8
9/24/2023,WF,Wallis and Futuna,WPRO,0,3550,0,8
10/1/2023,WF,Wallis and Futuna,WPRO,0,3550,0,8
10/8/2023,WF,Wallis and Futuna,WPRO,0,3550,0,8
10/15/2023,WF,Wallis and Futuna,WPRO,0,3550,0,8
10/22/2023,WF,Wallis and Futuna,WPRO,0,3550,0,8
10/29/2023,WF,Wallis and Futuna,WPRO,0,3550,0,8
11/5/2023,WF,Wallis and Futuna,WPRO,0,3550,0,8
11/12/2023,WF,Wallis and Futuna,WPRO,0,3550,0,8
11/19/2023,WF,Wallis and Futuna,WPRO,0,3550,0,8
11/26/2023,WF,Wallis and Futuna,WPRO,0,3550,0,8
12/3/2023,WF,Wallis and Futuna,WPRO,0,3550,0,8
12/10/2023,WF,Wallis and Futuna,WPRO,0,3550,0,8
12/17/2023,WF,Wallis and Futuna,WPRO,0,3550,0,8
12/24/2023,WF,Wallis and Futuna,WPRO,0,3550,0,8
1/5/2020,YE,Yemen,EMRO,0,0,0,0
1/12/2020,YE,Yemen,EMRO,0,0,0,0
1/19/2020,YE,Yemen,EMRO,0,0,0,0
1/26/2020,YE,Yemen,EMRO,0,0,0,0
2/2/2020,YE,Yemen,EMRO,0,0,0,0
2/9/2020,YE,Yemen,EMRO,0,0,0,0
2/16/2020,YE,Yemen,EMRO,0,0,0,0
2/23/2020,YE,Yemen,EMRO,0,0,0,0
3/1/2020,YE,Yemen,EMRO,0,0,0,0
3/8/2020,YE,Yemen,EMRO,0,0,0,0
3/15/2020,YE,Yemen,EMRO,0,0,0,0
3/22/2020,YE,Yemen,EMRO,0,0,0,0
3/29/2020,YE,Yemen,EMRO,0,0,0,0
4/5/2020,YE,Yemen,EMRO,0,0,0,0
4/12/2020,YE,Yemen,EMRO,1,1,0,0
4/19/2020,YE,Yemen,EMRO,0,1,0,0
4/26/2020,YE,Yemen,EMRO,0,1,0,0
5/3/2020,YE,Yemen,EMRO,9,10,2,2
5/10/2020,YE,Yemen,EMRO,24,34,6,8
5/17/2020,YE,Yemen,EMRO,88,122,10,18
5/24/2020,YE,Yemen,EMRO,90,212,21,39
5/31/2020,YE,Yemen,EMRO,98,310,38,77
6/7/2020,YE,Yemen,EMRO,172,482,34,111
6/14/2020,YE,Yemen,EMRO,223,705,49,160
6/21/2020,YE,Yemen,EMRO,217,922,94,254
6/28/2020,YE,Yemen,EMRO,181,1103,42,296
7/5/2020,YE,Yemen,EMRO,145,1248,41,337
7/12/2020,YE,Yemen,EMRO,141,1389,28,365
7/19/2020,YE,Yemen,EMRO,196,1585,79,444
7/26/2020,YE,Yemen,EMRO,93,1678,31,475
8/2/2020,YE,Yemen,EMRO,56,1734,20,495
8/9/2020,YE,Yemen,EMRO,67,1801,18,513
8/16/2020,YE,Yemen,EMRO,61,1862,16,529
8/23/2020,YE,Yemen,EMRO,49,1911,18,547
8/30/2020,YE,Yemen,EMRO,39,1950,17,564
9/6/2020,YE,Yemen,EMRO,37,1987,9,573
9/13/2020,YE,Yemen,EMRO,26,2013,10,583
9/20/2020,YE,Yemen,EMRO,17,2030,3,586
9/27/2020,YE,Yemen,EMRO,4,2034,2,588
10/4/2020,YE,Yemen,EMRO,11,2045,2,590
10/11/2020,YE,Yemen,EMRO,10,2055,6,596
10/18/2020,YE,Yemen,EMRO,4,2059,1,597
10/25/2020,YE,Yemen,EMRO,5,2064,3,600
11/1/2020,YE,Yemen,EMRO,3,2067,0,600
11/8/2020,YE,Yemen,EMRO,3,2070,2,602
11/15/2020,YE,Yemen,EMRO,2,2072,1,603
11/22/2020,YE,Yemen,EMRO,1,2073,2,605
11/29/2020,YE,Yemen,EMRO,5,2078,0,605
12/6/2020,YE,Yemen,EMRO,4,2082,2,607
12/13/2020,YE,Yemen,EMRO,5,2087,0,607
12/20/2020,YE,Yemen,EMRO,4,2091,0,607
12/27/2020,YE,Yemen,EMRO,5,2096,0,607
1/3/2021,YE,Yemen,EMRO,9,2105,4,611
1/10/2021,YE,Yemen,EMRO,3,2108,0,611
1/17/2021,YE,Yemen,EMRO,8,2116,2,613
1/24/2021,YE,Yemen,EMRO,6,2122,3,616
1/31/2021,YE,Yemen,EMRO,2,2124,0,616
2/7/2021,YE,Yemen,EMRO,7,2131,0,616
2/14/2021,YE,Yemen,EMRO,9,2140,1,617
2/21/2021,YE,Yemen,EMRO,21,2161,2,619
2/28/2021,YE,Yemen,EMRO,112,2273,13,632
3/7/2021,YE,Yemen,EMRO,175,2448,19,651
3/14/2021,YE,Yemen,EMRO,327,2775,33,684
3/21/2021,YE,Yemen,EMRO,507,3282,54,738
3/28/2021,YE,Yemen,EMRO,691,3973,95,833
4/4/2021,YE,Yemen,EMRO,728,4701,100,933
4/11/2021,YE,Yemen,EMRO,579,5280,99,1032
4/18/2021,YE,Yemen,EMRO,494,5774,88,1120
4/25/2021,YE,Yemen,EMRO,335,6109,56,1176
5/2/2021,YE,Yemen,EMRO,220,6329,54,1230
5/9/2021,YE,Yemen,EMRO,137,6466,41,1271
5/16/2021,YE,Yemen,EMRO,76,6542,15,1286
5/23/2021,YE,Yemen,EMRO,111,6653,19,1305
5/30/2021,YE,Yemen,EMRO,78,6731,14,1319
6/6/2021,YE,Yemen,EMRO,49,6780,6,1325
6/13/2021,YE,Yemen,EMRO,77,6857,22,1347
6/20/2021,YE,Yemen,EMRO,20,6877,6,1353
6/27/2021,YE,Yemen,EMRO,29,6906,5,1358
7/4/2021,YE,Yemen,EMRO,20,6926,3,1361
7/11/2021,YE,Yemen,EMRO,15,6941,5,1366
7/18/2021,YE,Yemen,EMRO,36,6977,2,1368
7/25/2021,YE,Yemen,EMRO,31,7008,5,1373
8/1/2021,YE,Yemen,EMRO,53,7061,2,1375
8/8/2021,YE,Yemen,EMRO,96,7157,9,1384
8/15/2021,YE,Yemen,EMRO,116,7273,17,1401
8/22/2021,YE,Yemen,EMRO,214,7487,15,1416
8/29/2021,YE,Yemen,EMRO,264,7751,34,1450
9/5/2021,YE,Yemen,EMRO,305,8056,69,1519
9/12/2021,YE,Yemen,EMRO,302,8358,50,1569
9/19/2021,YE,Yemen,EMRO,272,8630,69,1638
9/26/2021,YE,Yemen,EMRO,261,8891,44,1682
10/3/2021,YE,Yemen,EMRO,248,9139,52,1734
10/10/2021,YE,Yemen,EMRO,206,9345,41,1775
10/17/2021,YE,Yemen,EMRO,167,9512,27,1802
10/24/2021,YE,Yemen,EMRO,150,9662,36,1838
10/31/2021,YE,Yemen,EMRO,117,9779,42,1880
11/7/2021,YE,Yemen,EMRO,79,9858,27,1907
11/14/2021,YE,Yemen,EMRO,60,9918,16,1923
11/21/2021,YE,Yemen,EMRO,37,9955,15,1938
11/28/2021,YE,Yemen,EMRO,26,9981,7,1945
12/5/2021,YE,Yemen,EMRO,40,10021,8,1953
12/12/2021,YE,Yemen,EMRO,42,10063,15,1968
12/19/2021,YE,Yemen,EMRO,34,10097,8,1976
12/26/2021,YE,Yemen,EMRO,14,10111,7,1983
1/2/2022,YE,Yemen,EMRO,16,10127,1,1984
1/9/2022,YE,Yemen,EMRO,51,10178,2,1986
1/16/2022,YE,Yemen,EMRO,140,10318,2,1988
1/23/2022,YE,Yemen,EMRO,267,10585,7,1995
1/30/2022,YE,Yemen,EMRO,413,10998,12,2007
2/6/2022,YE,Yemen,EMRO,251,11249,19,2026
2/13/2022,YE,Yemen,EMRO,415,11664,76,2102
2/20/2022,YE,Yemen,EMRO,67,11731,18,2120
2/27/2022,YE,Yemen,EMRO,29,11760,13,2133
3/6/2022,YE,Yemen,EMRO,15,11775,2,2135
3/13/2022,YE,Yemen,EMRO,9,11784,4,2139
3/20/2022,YE,Yemen,EMRO,15,11799,1,2140
3/27/2022,YE,Yemen,EMRO,4,11803,2,2142
4/3/2022,YE,Yemen,EMRO,3,11806,1,2143
4/10/2022,YE,Yemen,EMRO,7,11813,4,2147
4/17/2022,YE,Yemen,EMRO,4,11817,1,2148
4/24/2022,YE,Yemen,EMRO,1,11818,0,2148
5/1/2022,YE,Yemen,EMRO,1,11819,1,2149
5/8/2022,YE,Yemen,EMRO,0,11819,0,2149
5/15/2022,YE,Yemen,EMRO,0,11819,0,2149
5/22/2022,YE,Yemen,EMRO,0,11819,0,2149
5/29/2022,YE,Yemen,EMRO,3,11822,0,2149
6/5/2022,YE,Yemen,EMRO,0,11822,0,2149
6/12/2022,YE,Yemen,EMRO,0,11822,0,2149
6/19/2022,YE,Yemen,EMRO,1,11823,0,2149
6/26/2022,YE,Yemen,EMRO,1,11824,0,2149
7/3/2022,YE,Yemen,EMRO,0,11824,0,2149
7/10/2022,YE,Yemen,EMRO,8,11832,0,2149
7/17/2022,YE,Yemen,EMRO,16,11848,0,2149
7/24/2022,YE,Yemen,EMRO,1,11849,0,2149
7/31/2022,YE,Yemen,EMRO,28,11877,2,2151
8/7/2022,YE,Yemen,EMRO,18,11895,1,2152
8/14/2022,YE,Yemen,EMRO,8,11903,0,2152
8/21/2022,YE,Yemen,EMRO,12,11915,1,2153
8/28/2022,YE,Yemen,EMRO,10,11925,2,2155
9/4/2022,YE,Yemen,EMRO,1,11926,0,2155
9/11/2022,YE,Yemen,EMRO,6,11932,0,2155
9/18/2022,YE,Yemen,EMRO,0,11932,0,2155
9/25/2022,YE,Yemen,EMRO,3,11935,2,2157
10/2/2022,YE,Yemen,EMRO,0,11935,0,2157
10/9/2022,YE,Yemen,EMRO,4,11939,1,2158
10/16/2022,YE,Yemen,EMRO,0,11939,0,2158
10/23/2022,YE,Yemen,EMRO,0,11939,0,2158
10/30/2022,YE,Yemen,EMRO,0,11939,0,2158
11/6/2022,YE,Yemen,EMRO,6,11945,1,2159
11/13/2022,YE,Yemen,EMRO,0,11945,0,2159
11/20/2022,YE,Yemen,EMRO,0,11945,0,2159
11/27/2022,YE,Yemen,EMRO,0,11945,0,2159
12/4/2022,YE,Yemen,EMRO,0,11945,0,2159
12/11/2022,YE,Yemen,EMRO,0,11945,0,2159
12/18/2022,YE,Yemen,EMRO,0,11945,0,2159
12/25/2022,YE,Yemen,EMRO,0,11945,0,2159
1/1/2023,YE,Yemen,EMRO,0,11945,0,2159
1/8/2023,YE,Yemen,EMRO,0,11945,0,2159
1/15/2023,YE,Yemen,EMRO,0,11945,0,2159
1/22/2023,YE,Yemen,EMRO,0,11945,0,2159
1/29/2023,YE,Yemen,EMRO,0,11945,0,2159
2/5/2023,YE,Yemen,EMRO,0,11945,0,2159
2/12/2023,YE,Yemen,EMRO,0,11945,0,2159
2/19/2023,YE,Yemen,EMRO,0,11945,0,2159
2/26/2023,YE,Yemen,EMRO,0,11945,0,2159
3/5/2023,YE,Yemen,EMRO,0,11945,0,2159
3/12/2023,YE,Yemen,EMRO,0,11945,0,2159
3/19/2023,YE,Yemen,EMRO,0,11945,0,2159
3/26/2023,YE,Yemen,EMRO,0,11945,0,2159
4/2/2023,YE,Yemen,EMRO,0,11945,0,2159
4/9/2023,YE,Yemen,EMRO,0,11945,0,2159
4/16/2023,YE,Yemen,EMRO,0,11945,0,2159
4/23/2023,YE,Yemen,EMRO,0,11945,0,2159
4/30/2023,YE,Yemen,EMRO,0,11945,0,2159
5/7/2023,YE,Yemen,EMRO,0,11945,0,2159
5/14/2023,YE,Yemen,EMRO,0,11945,0,2159
5/21/2023,YE,Yemen,EMRO,0,11945,0,2159
5/28/2023,YE,Yemen,EMRO,0,11945,0,2159
6/4/2023,YE,Yemen,EMRO,0,11945,0,2159
6/11/2023,YE,Yemen,EMRO,0,11945,0,2159
6/18/2023,YE,Yemen,EMRO,0,11945,0,2159
6/25/2023,YE,Yemen,EMRO,0,11945,0,2159
7/2/2023,YE,Yemen,EMRO,0,11945,0,2159
7/9/2023,YE,Yemen,EMRO,0,11945,0,2159
7/16/2023,YE,Yemen,EMRO,0,11945,0,2159
7/23/2023,YE,Yemen,EMRO,0,11945,0,2159
7/30/2023,YE,Yemen,EMRO,0,11945,0,2159
8/6/2023,YE,Yemen,EMRO,0,11945,0,2159
8/13/2023,YE,Yemen,EMRO,0,11945,0,2159
8/20/2023,YE,Yemen,EMRO,0,11945,0,2159
8/27/2023,YE,Yemen,EMRO,0,11945,0,2159
9/3/2023,YE,Yemen,EMRO,0,11945,0,2159
9/10/2023,YE,Yemen,EMRO,0,11945,0,2159
9/17/2023,YE,Yemen,EMRO,0,11945,0,2159
9/24/2023,YE,Yemen,EMRO,0,11945,0,2159
10/1/2023,YE,Yemen,EMRO,0,11945,0,2159
10/8/2023,YE,Yemen,EMRO,0,11945,0,2159
10/15/2023,YE,Yemen,EMRO,0,11945,0,2159
10/22/2023,YE,Yemen,EMRO,0,11945,0,2159
10/29/2023,YE,Yemen,EMRO,0,11945,0,2159
11/5/2023,YE,Yemen,EMRO,0,11945,0,2159
11/12/2023,YE,Yemen,EMRO,0,11945,0,2159
11/19/2023,YE,Yemen,EMRO,0,11945,0,2159
11/26/2023,YE,Yemen,EMRO,0,11945,0,2159
12/3/2023,YE,Yemen,EMRO,0,11945,0,2159
12/10/2023,YE,Yemen,EMRO,0,11945,0,2159
12/17/2023,YE,Yemen,EMRO,0,11945,0,2159
12/24/2023,YE,Yemen,EMRO,0,11945,0,2159
1/5/2020,ZM,Zambia,AFRO,0,0,0,0
1/12/2020,ZM,Zambia,AFRO,0,0,0,0
1/19/2020,ZM,Zambia,AFRO,0,0,0,0
1/26/2020,ZM,Zambia,AFRO,0,0,0,0
2/2/2020,ZM,Zambia,AFRO,0,0,0,0
2/9/2020,ZM,Zambia,AFRO,0,0,0,0
2/16/2020,ZM,Zambia,AFRO,0,0,0,0
2/23/2020,ZM,Zambia,AFRO,0,0,0,0
3/1/2020,ZM,Zambia,AFRO,0,0,0,0
3/8/2020,ZM,Zambia,AFRO,0,0,0,0
3/15/2020,ZM,Zambia,AFRO,0,0,0,0
3/22/2020,ZM,Zambia,AFRO,2,2,0,0
3/29/2020,ZM,Zambia,AFRO,26,28,0,0
4/5/2020,ZM,Zambia,AFRO,11,39,3,3
4/12/2020,ZM,Zambia,AFRO,1,40,1,4
4/19/2020,ZM,Zambia,AFRO,17,57,0,4
4/26/2020,ZM,Zambia,AFRO,27,84,1,5
5/3/2020,ZM,Zambia,AFRO,35,119,0,5
5/10/2020,ZM,Zambia,AFRO,133,252,4,9
5/17/2020,ZM,Zambia,AFRO,427,679,0,9
5/24/2020,ZM,Zambia,AFRO,241,920,0,9
5/31/2020,ZM,Zambia,AFRO,137,1057,0,9
6/7/2020,ZM,Zambia,AFRO,97,1154,0,9
6/14/2020,ZM,Zambia,AFRO,203,1357,0,9
6/21/2020,ZM,Zambia,AFRO,81,1438,1,10
6/28/2020,ZM,Zambia,AFRO,107,1545,14,24
7/5/2020,ZM,Zambia,AFRO,237,1782,14,38
7/12/2020,ZM,Zambia,AFRO,352,2134,21,59
7/19/2020,ZM,Zambia,AFRO,846,2980,62,121
7/26/2020,ZM,Zambia,AFRO,1348,4328,19,140
8/2/2020,ZM,Zambia,AFRO,1900,6228,26,166
8/9/2020,ZM,Zambia,AFRO,1675,7903,38,204
8/16/2020,ZM,Zambia,AFRO,1283,9186,57,261
8/23/2020,ZM,Zambia,AFRO,1645,10831,19,280
8/30/2020,ZM,Zambia,AFRO,1071,11902,5,285
9/6/2020,ZM,Zambia,AFRO,807,12709,8,293
9/13/2020,ZM,Zambia,AFRO,757,13466,20,313
9/20/2020,ZM,Zambia,AFRO,604,14070,18,331
9/27/2020,ZM,Zambia,AFRO,542,14612,2,333
10/4/2020,ZM,Zambia,AFRO,362,14974,1,334
10/11/2020,ZM,Zambia,AFRO,441,15415,3,337
10/18/2020,ZM,Zambia,AFRO,374,15789,9,346
10/25/2020,ZM,Zambia,AFRO,328,16117,2,348
11/1/2020,ZM,Zambia,AFRO,315,16432,1,349
11/8/2020,ZM,Zambia,AFRO,476,16908,0,349
11/15/2020,ZM,Zambia,AFRO,189,17097,1,350
11/22/2020,ZM,Zambia,AFRO,297,17394,6,356
11/29/2020,ZM,Zambia,AFRO,195,17589,1,357
12/6/2020,ZM,Zambia,AFRO,309,17898,7,364
12/13/2020,ZM,Zambia,AFRO,319,18217,2,366
12/20/2020,ZM,Zambia,AFRO,403,18620,7,373
12/27/2020,ZM,Zambia,AFRO,1051,19671,9,382
1/3/2021,ZM,Zambia,AFRO,1559,21230,10,392
1/10/2021,ZM,Zambia,AFRO,5337,26567,72,464
1/17/2021,ZM,Zambia,AFRO,9507,36074,73,537
1/24/2021,ZM,Zambia,AFRO,8518,44592,90,627
1/31/2021,ZM,Zambia,AFRO,8760,53352,118,745
2/7/2021,ZM,Zambia,AFRO,8075,61427,94,839
2/14/2021,ZM,Zambia,AFRO,7027,68454,101,940
2/21/2021,ZM,Zambia,AFRO,5440,73894,76,1016
2/28/2021,ZM,Zambia,AFRO,4308,78202,65,1081
3/7/2021,ZM,Zambia,AFRO,3809,82011,35,1116
3/14/2021,ZM,Zambia,AFRO,2463,84474,37,1153
3/21/2021,ZM,Zambia,AFRO,1799,86273,25,1178
3/28/2021,ZM,Zambia,AFRO,1454,87727,20,1198
4/4/2021,ZM,Zambia,AFRO,1073,88800,17,1215
4/11/2021,ZM,Zambia,AFRO,1118,89918,11,1226
4/18/2021,ZM,Zambia,AFRO,926,90844,8,1234
4/25/2021,ZM,Zambia,AFRO,473,91317,11,1245
5/2/2021,ZM,Zambia,AFRO,353,91670,6,1251
5/9/2021,ZM,Zambia,AFRO,387,92057,6,1257
5/16/2021,ZM,Zambia,AFRO,352,92409,3,1260
5/23/2021,ZM,Zambia,AFRO,697,93106,7,1267
5/30/2021,ZM,Zambia,AFRO,1645,94751,9,1276
6/6/2021,ZM,Zambia,AFRO,4789,99540,27,1303
6/13/2021,ZM,Zambia,AFRO,10792,110332,62,1365
6/20/2021,ZM,Zambia,AFRO,16641,126973,230,1595
6/27/2021,ZM,Zambia,AFRO,19058,146031,372,1967
7/4/2021,ZM,Zambia,AFRO,16456,162487,430,2397
7/11/2021,ZM,Zambia,AFRO,12302,174789,378,2775
7/18/2021,ZM,Zambia,AFRO,9883,184672,277,3052
7/25/2021,ZM,Zambia,AFRO,6855,191527,198,3250
8/1/2021,ZM,Zambia,AFRO,4289,195816,139,3389
8/8/2021,ZM,Zambia,AFRO,3846,199662,85,3474
8/15/2021,ZM,Zambia,AFRO,2416,202078,47,3521
8/22/2021,ZM,Zambia,AFRO,2259,204337,52,3573
8/29/2021,ZM,Zambia,AFRO,1556,205893,18,3591
9/5/2021,ZM,Zambia,AFRO,1135,207028,23,3614
9/12/2021,ZM,Zambia,AFRO,808,207836,15,3629
9/19/2021,ZM,Zambia,AFRO,586,208422,9,3638
9/26/2021,ZM,Zambia,AFRO,407,208829,7,3645
10/3/2021,ZM,Zambia,AFRO,313,209142,4,3649
10/10/2021,ZM,Zambia,AFRO,194,209336,4,3653
10/17/2021,ZM,Zambia,AFRO,169,209505,5,3658
10/24/2021,ZM,Zambia,AFRO,124,209629,1,3659
10/31/2021,ZM,Zambia,AFRO,93,209722,2,3661
11/7/2021,ZM,Zambia,AFRO,147,209869,2,3663
11/14/2021,ZM,Zambia,AFRO,102,209971,1,3664
11/21/2021,ZM,Zambia,AFRO,86,210057,3,3667
11/28/2021,ZM,Zambia,AFRO,81,210138,0,3667
12/5/2021,ZM,Zambia,AFRO,156,210294,0,3667
12/12/2021,ZM,Zambia,AFRO,665,210959,2,3669
12/19/2021,ZM,Zambia,AFRO,4513,215472,9,3678
12/26/2021,ZM,Zambia,AFRO,16109,231581,19,3697
1/2/2022,ZM,Zambia,AFRO,26367,257948,43,3740
1/9/2022,ZM,Zambia,AFRO,23628,281576,58,3798
1/16/2022,ZM,Zambia,AFRO,13452,295028,54,3852
1/23/2022,ZM,Zambia,AFRO,6175,301203,38,3890
1/30/2022,ZM,Zambia,AFRO,3453,304656,24,3914
2/6/2022,ZM,Zambia,AFRO,2121,306777,16,3930
2/13/2022,ZM,Zambia,AFRO,2516,309293,7,3937
2/20/2022,ZM,Zambia,AFRO,1723,311016,6,3943
2/27/2022,ZM,Zambia,AFRO,1595,312611,8,3951
3/6/2022,ZM,Zambia,AFRO,1133,313744,7,3958
3/13/2022,ZM,Zambia,AFRO,1404,315148,2,3960
3/20/2022,ZM,Zambia,AFRO,744,315892,3,3963
3/27/2022,ZM,Zambia,AFRO,609,316501,3,3966
4/3/2022,ZM,Zambia,AFRO,530,317031,1,3967
4/10/2022,ZM,Zambia,AFRO,452,317483,0,3967
4/17/2022,ZM,Zambia,AFRO,984,318467,6,3973
4/24/2022,ZM,Zambia,AFRO,517,318984,1,3974
5/1/2022,ZM,Zambia,AFRO,610,319594,2,3976
5/8/2022,ZM,Zambia,AFRO,442,320036,4,3980
5/15/2022,ZM,Zambia,AFRO,445,320481,3,3983
5/22/2022,ZM,Zambia,AFRO,568,321049,1,3984
5/29/2022,ZM,Zambia,AFRO,454,321503,1,3985
6/5/2022,ZM,Zambia,AFRO,786,322289,4,3989
6/12/2022,ZM,Zambia,AFRO,630,322919,0,3989
6/19/2022,ZM,Zambia,AFRO,1106,324025,3,3992
6/26/2022,ZM,Zambia,AFRO,1223,325248,11,4003
7/3/2022,ZM,Zambia,AFRO,100,325348,0,4003
7/10/2022,ZM,Zambia,AFRO,1446,326794,5,4008
7/17/2022,ZM,Zambia,AFRO,1200,327994,1,4009
7/24/2022,ZM,Zambia,AFRO,556,328550,4,4013
7/31/2022,ZM,Zambia,AFRO,933,329483,2,4015
8/7/2022,ZM,Zambia,AFRO,1026,330509,0,4015
8/14/2022,ZM,Zambia,AFRO,1505,332014,1,4016
8/21/2022,ZM,Zambia,AFRO,250,332264,0,4016
8/28/2022,ZM,Zambia,AFRO,263,332527,0,4016
9/4/2022,ZM,Zambia,AFRO,295,332822,0,4016
9/11/2022,ZM,Zambia,AFRO,0,332822,0,4016
9/18/2022,ZM,Zambia,AFRO,407,333229,1,4017
9/25/2022,ZM,Zambia,AFRO,158,333387,0,4017
10/2/2022,ZM,Zambia,AFRO,162,333549,0,4017
10/9/2022,ZM,Zambia,AFRO,6,333555,0,4017
10/16/2022,ZM,Zambia,AFRO,69,333624,0,4017
10/23/2022,ZM,Zambia,AFRO,20,333644,0,4017
10/30/2022,ZM,Zambia,AFRO,25,333669,0,4017
11/6/2022,ZM,Zambia,AFRO,16,333685,0,4017
11/13/2022,ZM,Zambia,AFRO,0,333685,0,4017
11/20/2022,ZM,Zambia,AFRO,1,333686,0,4017
11/27/2022,ZM,Zambia,AFRO,35,333721,2,4019
12/4/2022,ZM,Zambia,AFRO,25,333746,0,4019
12/11/2022,ZM,Zambia,AFRO,0,333746,0,4019
12/18/2022,ZM,Zambia,AFRO,0,333746,0,4019
12/25/2022,ZM,Zambia,AFRO,320,334066,3,4022
1/1/2023,ZM,Zambia,AFRO,512,334578,2,4024
1/8/2023,ZM,Zambia,AFRO,0,334578,0,4024
1/15/2023,ZM,Zambia,AFRO,2062,336640,10,4034
1/22/2023,ZM,Zambia,AFRO,1140,337780,3,4037
1/29/2023,ZM,Zambia,AFRO,1963,339743,4,4041
2/5/2023,ZM,Zambia,AFRO,1201,340944,7,4048
2/12/2023,ZM,Zambia,AFRO,746,341690,1,4049
2/19/2023,ZM,Zambia,AFRO,627,342317,2,4051
2/26/2023,ZM,Zambia,AFRO,390,342707,3,4054
3/5/2023,ZM,Zambia,AFRO,247,342954,3,4057
3/12/2023,ZM,Zambia,AFRO,181,343135,0,4057
3/19/2023,ZM,Zambia,AFRO,115,343250,0,4057
3/26/2023,ZM,Zambia,AFRO,165,343415,0,4057
4/2/2023,ZM,Zambia,AFRO,151,343566,0,4057
4/9/2023,ZM,Zambia,AFRO,187,343753,1,4058
4/16/2023,ZM,Zambia,AFRO,50,343803,0,4058
4/23/2023,ZM,Zambia,AFRO,0,343803,0,4058
4/30/2023,ZM,Zambia,AFRO,107,343910,0,4058
5/7/2023,ZM,Zambia,AFRO,1,343911,0,4058
5/14/2023,ZM,Zambia,AFRO,84,343995,0,4058
5/21/2023,ZM,Zambia,AFRO,0,343995,0,4058
5/28/2023,ZM,Zambia,AFRO,0,343995,0,4058
6/4/2023,ZM,Zambia,AFRO,1063,345058,0,4058
6/11/2023,ZM,Zambia,AFRO,0,345058,0,4058
6/18/2023,ZM,Zambia,AFRO,903,345961,2,4060
6/25/2023,ZM,Zambia,AFRO,1061,347022,2,4062
7/2/2023,ZM,Zambia,AFRO,530,347552,1,4063
7/9/2023,ZM,Zambia,AFRO,1007,348559,1,4064
7/16/2023,ZM,Zambia,AFRO,450,349009,4,4068
7/23/2023,ZM,Zambia,AFRO,278,349287,1,4069
7/30/2023,ZM,Zambia,AFRO,0,349287,0,4069
8/6/2023,ZM,Zambia,AFRO,0,349287,0,4069
8/13/2023,ZM,Zambia,AFRO,0,349287,0,4069
8/20/2023,ZM,Zambia,AFRO,0,349287,0,4069
8/27/2023,ZM,Zambia,AFRO,0,349287,0,4069
9/3/2023,ZM,Zambia,AFRO,0,349287,0,4069
9/10/2023,ZM,Zambia,AFRO,0,349287,0,4069
9/17/2023,ZM,Zambia,AFRO,0,349287,0,4069
9/24/2023,ZM,Zambia,AFRO,0,349287,0,4069
10/1/2023,ZM,Zambia,AFRO,0,349287,0,4069
10/8/2023,ZM,Zambia,AFRO,1,349288,0,4069
10/15/2023,ZM,Zambia,AFRO,3,349291,0,4069
10/22/2023,ZM,Zambia,AFRO,3,349294,0,4069
10/29/2023,ZM,Zambia,AFRO,3,349297,0,4069
11/5/2023,ZM,Zambia,AFRO,4,349301,0,4069
11/12/2023,ZM,Zambia,AFRO,0,349301,0,4069
11/19/2023,ZM,Zambia,AFRO,1,349302,0,4069
11/26/2023,ZM,Zambia,AFRO,0,349302,0,4069
12/3/2023,ZM,Zambia,AFRO,2,349304,0,4069
12/10/2023,ZM,Zambia,AFRO,0,349304,0,4069
12/17/2023,ZM,Zambia,AFRO,0,349304,0,4069
12/24/2023,ZM,Zambia,AFRO,0,349304,0,4069
1/5/2020,ZW,Zimbabwe,AFRO,0,0,0,0
1/12/2020,ZW,Zimbabwe,AFRO,0,0,0,0
1/19/2020,ZW,Zimbabwe,AFRO,0,0,0,0
1/26/2020,ZW,Zimbabwe,AFRO,0,0,0,0
2/2/2020,ZW,Zimbabwe,AFRO,0,0,0,0
2/9/2020,ZW,Zimbabwe,AFRO,0,0,0,0
2/16/2020,ZW,Zimbabwe,AFRO,0,0,0,0
2/23/2020,ZW,Zimbabwe,AFRO,0,0,0,0
3/1/2020,ZW,Zimbabwe,AFRO,0,0,0,0
3/8/2020,ZW,Zimbabwe,AFRO,0,0,5,5
3/15/2020,ZW,Zimbabwe,AFRO,0,0,0,5
3/22/2020,ZW,Zimbabwe,AFRO,2,2,0,5
3/29/2020,ZW,Zimbabwe,AFRO,5,7,1,6
4/5/2020,ZW,Zimbabwe,AFRO,2,9,0,6
4/12/2020,ZW,Zimbabwe,AFRO,7,16,1,7
4/19/2020,ZW,Zimbabwe,AFRO,10,26,0,7
4/26/2020,ZW,Zimbabwe,AFRO,6,32,1,8
5/3/2020,ZW,Zimbabwe,AFRO,3,35,0,8
5/10/2020,ZW,Zimbabwe,AFRO,2,37,0,8
5/17/2020,ZW,Zimbabwe,AFRO,7,44,0,8
5/24/2020,ZW,Zimbabwe,AFRO,24,68,0,8
5/31/2020,ZW,Zimbabwe,AFRO,105,173,0,8
6/7/2020,ZW,Zimbabwe,AFRO,106,279,0,8
6/14/2020,ZW,Zimbabwe,AFRO,77,356,0,8
6/21/2020,ZW,Zimbabwe,AFRO,130,486,2,10
6/28/2020,ZW,Zimbabwe,AFRO,81,567,0,10
7/5/2020,ZW,Zimbabwe,AFRO,131,698,2,12
7/12/2020,ZW,Zimbabwe,AFRO,284,982,10,22
7/19/2020,ZW,Zimbabwe,AFRO,496,1478,7,29
7/26/2020,ZW,Zimbabwe,AFRO,956,2434,9,38
8/2/2020,ZW,Zimbabwe,AFRO,1225,3659,35,73
8/9/2020,ZW,Zimbabwe,AFRO,916,4575,33,106
8/16/2020,ZW,Zimbabwe,AFRO,601,5176,28,134
8/23/2020,ZW,Zimbabwe,AFRO,717,5893,21,155
8/30/2020,ZW,Zimbabwe,AFRO,513,6406,43,198
9/6/2020,ZW,Zimbabwe,AFRO,431,6837,10,208
9/13/2020,ZW,Zimbabwe,AFRO,671,7508,17,225
9/20/2020,ZW,Zimbabwe,AFRO,164,7672,1,226
9/27/2020,ZW,Zimbabwe,AFRO,131,7803,2,228
10/4/2020,ZW,Zimbabwe,AFRO,82,7885,1,229
10/11/2020,ZW,Zimbabwe,AFRO,125,8010,2,231
10/18/2020,ZW,Zimbabwe,AFRO,100,8110,1,232
10/25/2020,ZW,Zimbabwe,AFRO,159,8269,5,237
11/1/2020,ZW,Zimbabwe,AFRO,98,8367,7,244
11/8/2020,ZW,Zimbabwe,AFRO,131,8498,8,252
11/15/2020,ZW,Zimbabwe,AFRO,288,8786,6,258
11/22/2020,ZW,Zimbabwe,AFRO,386,9172,7,265
11/29/2020,ZW,Zimbabwe,AFRO,650,9822,10,275
12/6/2020,ZW,Zimbabwe,AFRO,795,10617,16,291
12/13/2020,ZW,Zimbabwe,AFRO,602,11219,16,307
12/20/2020,ZW,Zimbabwe,AFRO,932,12151,11,318
12/27/2020,ZW,Zimbabwe,AFRO,812,12963,23,341
1/3/2021,ZW,Zimbabwe,AFRO,1528,14491,36,377
1/10/2021,ZW,Zimbabwe,AFRO,6008,20499,106,483
1/17/2021,ZW,Zimbabwe,AFRO,6382,26881,200,683
1/24/2021,ZW,Zimbabwe,AFRO,4126,31007,291,974
1/31/2021,ZW,Zimbabwe,AFRO,2264,33271,219,1193
2/7/2021,ZW,Zimbabwe,AFRO,1216,34487,123,1316
2/14/2021,ZW,Zimbabwe,AFRO,617,35104,82,1398
2/21/2021,ZW,Zimbabwe,AFRO,664,35768,34,1432
2/28/2021,ZW,Zimbabwe,AFRO,290,36058,31,1463
3/7/2021,ZW,Zimbabwe,AFRO,202,36260,22,1485
3/14/2021,ZW,Zimbabwe,AFRO,211,36471,16,1501
3/21/2021,ZW,Zimbabwe,AFRO,191,36662,9,1510
3/28/2021,ZW,Zimbabwe,AFRO,156,36818,9,1519
4/4/2021,ZW,Zimbabwe,AFRO,93,36911,5,1524
4/11/2021,ZW,Zimbabwe,AFRO,362,37273,14,1538
4/18/2021,ZW,Zimbabwe,AFRO,426,37699,14,1552
4/25/2021,ZW,Zimbabwe,AFRO,365,38064,4,1556
5/2/2021,ZW,Zimbabwe,AFRO,196,38260,12,1568
5/9/2021,ZW,Zimbabwe,AFRO,154,38414,8,1576
5/16/2021,ZW,Zimbabwe,AFRO,140,38554,6,1582
5/23/2021,ZW,Zimbabwe,AFRO,125,38679,4,1586
5/30/2021,ZW,Zimbabwe,AFRO,254,38933,8,1594
6/6/2021,ZW,Zimbabwe,AFRO,235,39168,11,1605
6/13/2021,ZW,Zimbabwe,AFRO,684,39852,27,1632
6/20/2021,ZW,Zimbabwe,AFRO,1776,41628,34,1666
6/27/2021,ZW,Zimbabwe,AFRO,4390,46018,59,1725
7/4/2021,ZW,Zimbabwe,AFRO,7647,53665,134,1859
7/11/2021,ZW,Zimbabwe,AFRO,13188,66853,267,2126
7/18/2021,ZW,Zimbabwe,AFRO,15760,82613,462,2588
7/25/2021,ZW,Zimbabwe,AFRO,14664,97277,462,3050
8/1/2021,ZW,Zimbabwe,AFRO,11583,108860,482,3532
8/8/2021,ZW,Zimbabwe,AFRO,7030,115890,294,3826
8/15/2021,ZW,Zimbabwe,AFRO,3963,119853,264,4090
8/22/2021,ZW,Zimbabwe,AFRO,2634,122487,146,4236
8/29/2021,ZW,Zimbabwe,AFRO,1880,124367,154,4390
9/5/2021,ZW,Zimbabwe,AFRO,1058,125425,76,4466
9/12/2021,ZW,Zimbabwe,AFRO,795,126220,70,4536
9/19/2021,ZW,Zimbabwe,AFRO,1519,127739,27,4563
9/26/2021,ZW,Zimbabwe,AFRO,1766,129505,40,4603
10/3/2021,ZW,Zimbabwe,AFRO,1589,131094,22,4625
10/10/2021,ZW,Zimbabwe,AFRO,668,131762,11,4636
10/17/2021,ZW,Zimbabwe,AFRO,571,132333,21,4657
10/24/2021,ZW,Zimbabwe,AFRO,292,132625,11,4668
10/31/2021,ZW,Zimbabwe,AFRO,329,132954,9,4677
11/7/2021,ZW,Zimbabwe,AFRO,214,133168,8,4685
11/14/2021,ZW,Zimbabwe,AFRO,260,133428,11,4696
11/21/2021,ZW,Zimbabwe,AFRO,210,133638,3,4699
11/28/2021,ZW,Zimbabwe,AFRO,313,133951,6,4705
12/5/2021,ZW,Zimbabwe,AFRO,4572,138523,4,4709
12/12/2021,ZW,Zimbabwe,AFRO,26479,165002,26,4735
12/19/2021,ZW,Zimbabwe,AFRO,26671,191673,47,4782
12/26/2021,ZW,Zimbabwe,AFRO,12073,203746,103,4885
1/2/2022,ZW,Zimbabwe,AFRO,10468,214214,132,5017
1/9/2022,ZW,Zimbabwe,AFRO,7704,221918,131,5148
1/16/2022,ZW,Zimbabwe,AFRO,4016,225934,95,5243
1/23/2022,ZW,Zimbabwe,AFRO,2245,228179,49,5292
1/30/2022,ZW,Zimbabwe,AFRO,1236,229415,41,5333
2/6/2022,ZW,Zimbabwe,AFRO,987,230402,29,5362
2/13/2022,ZW,Zimbabwe,AFRO,897,231299,12,5374
2/20/2022,ZW,Zimbabwe,AFRO,1925,233224,12,5386
2/27/2022,ZW,Zimbabwe,AFRO,2579,235803,7,5393
3/6/2022,ZW,Zimbabwe,AFRO,3216,239019,4,5397
3/13/2022,ZW,Zimbabwe,AFRO,3338,242357,17,5414
3/20/2022,ZW,Zimbabwe,AFRO,2095,244452,12,5426
3/27/2022,ZW,Zimbabwe,AFRO,1315,245767,11,5437
4/3/2022,ZW,Zimbabwe,AFRO,714,246481,9,5446
4/10/2022,ZW,Zimbabwe,AFRO,477,246958,11,5457
4/17/2022,ZW,Zimbabwe,AFRO,303,247261,5,5462
4/24/2022,ZW,Zimbabwe,AFRO,263,247524,6,5468
5/1/2022,ZW,Zimbabwe,AFRO,318,247842,1,5469
5/8/2022,ZW,Zimbabwe,AFRO,427,248269,4,5473
5/15/2022,ZW,Zimbabwe,AFRO,937,249206,9,5482
5/22/2022,ZW,Zimbabwe,AFRO,1436,250642,12,5494
5/29/2022,ZW,Zimbabwe,AFRO,1450,252092,6,5500
6/5/2022,ZW,Zimbabwe,AFRO,1246,253338,10,5510
6/12/2022,ZW,Zimbabwe,AFRO,760,254098,11,5521
6/19/2022,ZW,Zimbabwe,AFRO,703,254801,13,5534
6/26/2022,ZW,Zimbabwe,AFRO,554,255355,15,5549
7/3/2022,ZW,Zimbabwe,AFRO,355,255710,9,5558
7/10/2022,ZW,Zimbabwe,AFRO,229,255939,6,5564
7/17/2022,ZW,Zimbabwe,AFRO,144,256083,2,5566
7/24/2022,ZW,Zimbabwe,AFRO,171,256254,6,5572
7/31/2022,ZW,Zimbabwe,AFRO,124,256378,5,5577
8/7/2022,ZW,Zimbabwe,AFRO,99,256477,7,5584
8/14/2022,ZW,Zimbabwe,AFRO,62,256539,4,5588
8/21/2022,ZW,Zimbabwe,AFRO,85,256624,4,5592
8/28/2022,ZW,Zimbabwe,AFRO,75,256699,1,5593
9/4/2022,ZW,Zimbabwe,AFRO,56,256755,3,5596
9/11/2022,ZW,Zimbabwe,AFRO,115,256870,0,5596
9/18/2022,ZW,Zimbabwe,AFRO,126,256996,2,5598
9/25/2022,ZW,Zimbabwe,AFRO,344,257340,1,5599
10/2/2022,ZW,Zimbabwe,AFRO,177,257517,3,5602
10/9/2022,ZW,Zimbabwe,AFRO,138,257655,2,5604
10/16/2022,ZW,Zimbabwe,AFRO,238,257893,2,5606
10/23/2022,ZW,Zimbabwe,AFRO,12,257905,2,5608
10/30/2022,ZW,Zimbabwe,AFRO,132,258037,2,5610
11/6/2022,ZW,Zimbabwe,AFRO,132,258169,0,5610
11/13/2022,ZW,Zimbabwe,AFRO,179,258348,0,5610
11/20/2022,ZW,Zimbabwe,AFRO,295,258643,1,5611
11/27/2022,ZW,Zimbabwe,AFRO,311,258954,5,5616
12/4/2022,ZW,Zimbabwe,AFRO,396,259350,6,5622
12/11/2022,ZW,Zimbabwe,AFRO,6,259356,0,5622
12/18/2022,ZW,Zimbabwe,AFRO,203,259559,3,5625
12/25/2022,ZW,Zimbabwe,AFRO,385,259944,10,5635
1/1/2023,ZW,Zimbabwe,AFRO,202,260146,4,5639
1/8/2023,ZW,Zimbabwe,AFRO,303,260449,0,5639
1/15/2023,ZW,Zimbabwe,AFRO,0,260449,0,5639
1/22/2023,ZW,Zimbabwe,AFRO,1104,261553,13,5652
1/29/2023,ZW,Zimbabwe,AFRO,749,262302,6,5658
2/5/2023,ZW,Zimbabwe,AFRO,752,263054,1,5659
2/12/2023,ZW,Zimbabwe,AFRO,553,263607,3,5662
2/19/2023,ZW,Zimbabwe,AFRO,295,263902,1,5663
2/26/2023,ZW,Zimbabwe,AFRO,206,264108,5,5668
3/5/2023,ZW,Zimbabwe,AFRO,162,264270,3,5671
3/12/2023,ZW,Zimbabwe,AFRO,115,264385,1,5672
3/19/2023,ZW,Zimbabwe,AFRO,63,264448,6,5678
3/26/2023,ZW,Zimbabwe,AFRO,61,264509,1,5679
4/2/2023,ZW,Zimbabwe,AFRO,40,264549,2,5681
4/9/2023,ZW,Zimbabwe,AFRO,33,264582,3,5684
4/16/2023,ZW,Zimbabwe,AFRO,28,264610,0,5684
4/23/2023,ZW,Zimbabwe,AFRO,27,264637,1,5685
4/30/2023,ZW,Zimbabwe,AFRO,46,264683,1,5686
5/7/2023,ZW,Zimbabwe,AFRO,83,264766,2,5688
5/14/2023,ZW,Zimbabwe,AFRO,75,264841,2,5690
5/21/2023,ZW,Zimbabwe,AFRO,95,264936,1,5691
5/28/2023,ZW,Zimbabwe,AFRO,87,265023,2,5693
6/4/2023,ZW,Zimbabwe,AFRO,129,265152,2,5695
6/11/2023,ZW,Zimbabwe,AFRO,9,265161,0,5695
6/18/2023,ZW,Zimbabwe,AFRO,128,265289,7,5702
6/25/2023,ZW,Zimbabwe,AFRO,124,265413,5,5707
7/2/2023,ZW,Zimbabwe,AFRO,111,265524,0,5707
7/9/2023,ZW,Zimbabwe,AFRO,80,265604,2,5709
7/16/2023,ZW,Zimbabwe,AFRO,62,265666,2,5711
7/23/2023,ZW,Zimbabwe,AFRO,28,265694,0,5711
7/30/2023,ZW,Zimbabwe,AFRO,-1,265693,1,5712
8/6/2023,ZW,Zimbabwe,AFRO,23,265716,1,5713
8/13/2023,ZW,Zimbabwe,AFRO,0,265716,0,5713
8/20/2023,ZW,Zimbabwe,AFRO,5,265721,2,5715
8/27/2023,ZW,Zimbabwe,AFRO,10,265731,2,5717
9/3/2023,ZW,Zimbabwe,AFRO,6,265737,0,5717
9/10/2023,ZW,Zimbabwe,AFRO,5,265742,1,5718
9/17/2023,ZW,Zimbabwe,AFRO,6,265748,0,5718
9/24/2023,ZW,Zimbabwe,AFRO,5,265753,0,5718
10/1/2023,ZW,Zimbabwe,AFRO,12,265765,0,5718
10/8/2023,ZW,Zimbabwe,AFRO,6,265771,0,5718
10/15/2023,ZW,Zimbabwe,AFRO,37,265808,1,5719
10/22/2023,ZW,Zimbabwe,AFRO,13,265821,1,5720
10/29/2023,ZW,Zimbabwe,AFRO,26,265847,1,5721
11/5/2023,ZW,Zimbabwe,AFRO,33,265880,1,5722
11/12/2023,ZW,Zimbabwe,AFRO,23,265903,4,5726
11/19/2023,ZW,Zimbabwe,AFRO,24,265927,1,5727
11/26/2023,ZW,Zimbabwe,AFRO,48,265975,3,5730
12/3/2023,ZW,Zimbabwe,AFRO,0,265975,0,5730
12/10/2023,ZW,Zimbabwe,AFRO,0,265975,0,5730
12/17/2023,ZW,Zimbabwe,AFRO,0,265975,0,5730
12/24/2023,ZW,Zimbabwe,AFRO,0,265975,0,5730
